
Branching_global:
1.00004
1.0040400000000038
1.007990000000008
1.011240000000012
0.979360000000016

Autocorrelation:
25.000499996641732
0.24802441648667847
0.12565578237010816
0.08946704009037845
-0.047947874417247925

Average_Activity:
0.0
0.0
0.0
0.0
0.0
0.0
0.0
0.0
0.0
0.0
0.0
0.0
0.0
0.0
0.0
0.0
0.0
0.0
0.0
0.0
0.0
0.0
0.0
0.0
0.0
0.0
0.0
0.0
0.0
0.0
0.0
0.0
0.0
0.0
0.0
0.0
0.0
0.0
0.0
0.0
0.0
0.0
0.0
0.0
0.0
0.0
0.0
0.0
0.0
0.0
0.25
0.0
0.0
0.0
0.0
0.0
0.0
0.0
0.0
0.0
0.0
0.0
0.0
0.0
0.0
0.0
0.75
0.0
0.0
0.0
0.0
0.0
0.0
0.0
0.0
3.0
4.0
4.5
8.25
1.75
0.75
1.5
1.25
0.25
0.0
2.0
6.25
7.5
9.25
10.5
13.0
21.0
30.75
22.0
12.75
11.5
8.0
8.5
11.5
12.75
12.75
14.5
13.25
12.25
25.5
28.25
25.25
29.25
26.25
30.25
20.5
14.25
7.0
16.5
23.5
22.0
16.5
20.5
24.5
10.0
1.0
0.0
0.0
0.0
0.0

Average_Alpha:
0.25001
0.25005
0.2500900000000001
0.2501300000000001
0.25017000000000017
0.25021000000000015
0.2502500000000003
0.25029000000000023
0.25033000000000033
0.2503700000000003
0.2504100000000004
0.2504500000000004
0.25049000000000055
0.2505300000000005
0.25057000000000057
0.2506100000000005
0.25065000000000065
0.25069000000000063
0.25073000000000073
0.2507700000000007
0.2508100000000008
0.25085000000000074
0.2508900000000009
0.2509300000000009
0.25097000000000097
0.25101000000000095
0.25105000000000105
0.25109000000000103
0.25113000000000113
0.2511700000000011
0.2512100000000012
0.2512500000000012
0.2512900000000013
0.2513300000000013
0.25137000000000137
0.25141000000000135
0.25145000000000145
0.25149000000000143
0.2515300000000016
0.2515700000000015
0.2516100000000016
0.2516500000000016
0.2516900000000017
0.2517300000000017
0.2517700000000018
0.25181000000000175
0.25185000000000185
0.2518900000000018
0.25193000000000193
0.2519700000000019
0.252000000000002
0.252040000000002
0.2520800000000021
0.25212000000000206
0.25216000000000216
0.25220000000000214
0.2522400000000023
0.2522800000000022
0.2523200000000023
0.2523600000000023
0.2524000000000024
0.2524400000000024
0.25248000000000254
0.25252000000000246
0.2525600000000026
0.25260000000000254
0.25261000000000267
0.2526500000000026
0.25269000000000275
0.25273000000000273
0.2527700000000028
0.2528100000000028
0.2528500000000029
0.2528900000000029
0.252930000000003
0.25285000000000296
0.25273000000000306
0.25259000000000303
0.25230000000000313
0.2522700000000031
0.2522800000000032
0.25226000000000315
0.2522500000000033
0.2522800000000033
0.2523200000000034
0.25228000000000333
0.25207000000000346
0.2518100000000034
0.25148000000000353
0.25110000000000354
0.2506200000000036
0.24982000000000362
0.24863000000000368
0.2477900000000037
0.24732000000000373
0.24690000000000378
0.2466200000000038
0.24632000000000387
0.2459000000000039
0.24543000000000392
0.244960000000004
0.24442000000000405
0.2439300000000041
0.2434800000000041
0.24250000000000416
0.24141000000000418
0.24044000000000423
0.23931000000000427
0.23830000000000431
0.23713000000000434
0.2363500000000044
0.23582000000000441
0.23558000000000448
0.23496000000000453
0.23406000000000454
0.23322000000000456
0.23260000000000464
0.23182000000000466
0.23088000000000472
0.23052000000000472
0.23052000000000478
0.23056000000000484
0.23060000000000486
0.23064000000000487
0.23068000000000494

Avalanche_Distribution:
1
3
86
15
2324
