
Branching_global:
1.000000004
1.0000004020000108
1.000000802000022
1.0000011970000326
1.0000015970000435
1.0000020000000542
1.0000023960000652
1.000002794000076
1.0000031940000873
1.0000035850000977
1.000003995000109
1.0000043930001195
1.0000047950001307
1.000005191000141
1.0000055920001523
1.0000059920001632
1.0000063890001742
1.0000067880001848
1.000007196000196
1.0000075970002067
1.0000079920002176
1.0000083930002284
1.0000087890002396
1.00000919200025
1.0000095920002614
1.000009993000272
1.0000103920002832
1.0000107900002937
1.0000111880003049
1.0000115870003152
1.0000119960003266
1.0000123920003372
1.0000127910003485
1.000013189000359
1.00001358200037
1.0000139920003808
1.000014390000392
1.0000147900004026
1.000015195000414
1.0000155890004243
1.0000159910004356
1.000016388000446
1.0000167890004572
1.000017100000468
1.0000175010004793
1.0000178910004898
1.000018298000501
1.0000187330005117
1.0000191240005227
1.0000194930005333
1.0000198960005446
1.0000202990005551
1.0000206870005663
1.0000210920005768
1.0000214990005882
1.0000218930005988
1.00002228700061
1.0000226900006204
1.0000231160006317
1.0000234930006424
1.0000238730006537
1.000024315000664
1.0000247020006754
1.000025095000686
1.0000255020006972
1.0000258890007077
1.0000262890007188
1.0000266860007294
1.0000270800007407
1.0000275050007514
1.0000278920007624
1.000028281000773
1.0000286870007842
1.000029104000795
1.0000295000008057
1.0000298700008163
1.0000303170008278
1.0000306850008382
1.0000310970008495
1.0000314870008602
1.0000318760008713
1.0000322690008816
1.000032716000893
1.0000330850009036
1.000033485000915
1.0000338860009252
1.0000342990009368
1.0000346890009473
1.0000350750009583
1.000035495000969
1.0000358790009802
1.0000363070009908
1.000036685001002
1.0000370770010125
1.0000374680010238
1.0000378890010344
1.0000382790010456
1.0000386840010562
1.0000390900010674
1.000039508001078

Autocorrelation:
249999.99369269525
2487.562622007319
1246.8832588931366
835.4223652667389
626.1745593211076
500.000486440735
417.3627590861029
357.91029699708895
313.0875296385886
278.9405202940657
250.3133842873005
227.63536747258857
208.55106782776525
192.64160437719207
178.82739069531027
166.88968103601286
156.51951279135022
147.31929386666783
138.96658848894745
131.6314033549944
125.12562171739968
119.14740489512127
113.77908376752349
108.79074943297393
104.2540417785618
100.07054631032968
96.22836496732242
92.6789034079118
89.38197772081725
86.30411377263718
83.36161810259996
80.69772181858478
78.18046816074798
75.82125765933066
73.62735707165619
71.46990914596454
69.4932013721897
67.6137503556497
65.81162028565849
64.14829477588123
62.53567433175271
61.020757063824135
59.56330735862681
58.48003056161274
57.14009045710731
55.894523397142606
54.651280008262844
53.382231311354424
52.29081440262534
51.300965429178056
50.26185768962155
49.26400916886807
48.340035582130454
47.41183949449587
46.51429006468116
45.67719906392896
44.869705033983855
44.072777329895956
43.26057841452655
42.56636951896339
41.88882457471394
41.12737528857118
40.483050911163915
39.849074322149264
39.213109701503754
38.62694260534832
38.03922237822952
37.473331170180195
36.928120848843335
36.35752499970617
35.8530732325563
35.35992762278915
34.859494408469864
34.36003726691425
33.898804156456436
33.47890551041432
32.98529310680861
32.58971207768205
32.15794195911912
31.75963782190271
31.372063953495445
30.989993712009493
30.56658303624274
30.225676744668295
29.864617443119347
29.511211579995816
29.155868162051565
28.828081440574625
28.51083421453701
28.17348133799937
27.871956076597016
27.543397309094793
27.25959697621323
26.971397660999372
26.689940924494916
26.393383754634907
26.124483713344556
25.850980109902277
25.582489577046896
25.31182865709496

Average_Activity:
0.0
0.0
0.0
0.0
0.0
0.0
0.0
0.0
0.0
0.0
0.0
0.0
0.0
0.0
0.0
0.0
0.0
0.0
0.0
0.25
0.0
0.0
0.0
0.0
0.0
0.0
0.0
0.0
0.0
0.0
0.0
0.0
0.0
0.0
0.0
0.0
0.0
0.0
0.0
0.0
0.0
0.0
0.0
0.0
0.0
0.0
0.0
0.0
0.0
0.0
0.0
0.0
0.0
0.0
0.0
0.0
0.0
0.0
0.0
0.0
0.0
0.0
0.0
0.0
0.0
0.0
0.0
0.0
0.0
0.0
0.25
0.0
0.0
0.0
0.0
0.0
0.0
0.0
0.0
0.0
0.0
0.0
0.0
0.0
0.0
0.0
0.0
0.0
0.0
0.0
0.0
0.0
0.0
0.0
0.0
0.0
0.0
0.0
0.0
0.0
0.0
0.0
0.0
0.0
0.0
0.0
0.0
0.0
0.0
0.0
0.0
0.0
0.0
0.0
0.0
0.0
0.0
0.0
0.0
0.0
0.0
0.0
0.0
0.0
0.0
0.0
0.0
0.0
0.0
0.0
0.0
0.0
0.0
0.0
0.0
0.0
0.0
0.0
0.0
0.0
0.0
0.0
0.0
0.0
0.0
0.0
0.0
0.0
0.0
0.0
0.0
0.0
0.0
0.0
0.0
0.0
0.0
0.0
0.0
0.0
0.0
0.0
0.25
0.0
0.0
0.0
0.0
0.0
0.0
0.0
0.0
0.0
0.0
0.0
0.0
0.0
0.0
0.0
0.0
0.0
0.0
0.0
0.0
0.0
0.0
0.0
0.0
0.0
0.0
0.0
0.0
0.0
0.0
0.0
0.0
0.0
0.0
0.0
0.0
0.0
0.0
0.0
0.0
0.0
0.0
0.0
0.0
0.0
0.0
0.0
0.0
0.0
0.0
0.0
0.0
0.0
0.0
0.0
0.0
0.0
0.0
0.0
0.0
0.0
0.0
0.0
0.0
0.0
0.0
0.0
0.0
0.0
0.0
0.0
0.0
0.0
0.0
0.0
0.0
0.0
0.0
0.0
0.0
0.0
0.0
0.0
0.0
0.0
0.0
0.0
0.0
0.0
0.0
0.0
0.0
0.0
0.0
0.0
0.0
0.0
0.0
0.0
0.0
0.0
0.0
0.0
0.0
0.0
0.0
0.0
0.0
0.0
0.0
0.0
0.0
0.0
0.0
0.0
0.0
0.0
0.0
0.0
0.0
0.0
0.0
0.0
0.0
0.0
0.0
0.0
0.0
0.0
0.0
0.0
0.0
0.0
0.0
0.0
0.0
0.0
0.0
0.0
0.0
0.0
0.0
0.0
0.0
0.0
0.0
0.0
0.0
0.0
0.0
0.0
0.0
0.0
0.0
0.0
0.0
0.0
0.0
0.0
0.0
0.0
0.0
0.0
0.0
0.0
0.0
0.0
0.0
0.0
0.0
0.0
0.0
0.0
0.0
0.0
0.0
0.0
0.0
0.0
0.0
0.0
0.0
0.0
0.0
0.0
0.0
0.0
0.0
0.0
0.0
0.0
0.0
0.0
0.0
0.0
0.0
0.0
0.0
0.0
0.0
0.0
0.0
0.0
0.0
0.0
0.0
0.0
0.0
0.0
0.0
0.0
0.0
0.0
0.0
0.0
0.0
0.0
0.0
0.0
0.0
0.0
0.0
0.0
0.0
0.0
0.0
0.0
0.0
0.0
0.0
0.0
0.0
0.0
0.0
0.0
0.0
0.0
0.0
0.0
0.0
0.0
0.0
0.0
0.0
0.0
0.0
0.0
0.0
0.0
0.0
0.0
0.0
0.0
0.0
0.0
0.0
0.0
0.0
0.0
0.0
0.0
0.0
0.0
0.0
0.0
0.0
0.0
0.0
0.0
0.0
0.0
0.0
0.0
0.0
0.0
0.0
0.0
0.0
0.0
0.0
0.0
0.0
0.0
0.0
0.0
0.0
0.0
0.0
0.0
0.0
0.0
0.0
0.0
0.0
0.0
0.0
0.0
0.0
0.0
0.0
0.0
0.0
0.0
0.0
0.0
0.0
0.0
0.0
0.0
0.0
0.0
0.0
0.0
0.0
0.0
0.0
0.0
0.0
0.0
0.0
0.0
0.0
0.0
0.0
0.0
0.0
0.0
0.0
0.0
0.0
0.0
0.0
0.0
0.0
0.0
0.0
0.0
0.0
0.0
0.0
0.0
0.0
0.0
0.0
0.0
0.0
0.0
0.0
0.0
0.0
0.0
0.0
0.0
0.0
0.0
0.0
0.0
0.0
0.0
0.0
0.0
0.0
0.0
0.0
0.0
0.0
0.0
0.0
0.0
0.0
0.0
0.0
0.0
0.0
0.0
0.0
0.0
0.0
0.0
0.0
0.0
0.0
0.0
0.0
0.0
0.0
0.0
0.0
0.0
0.0
0.0
0.0
0.0
0.0
0.0
0.0
0.0
0.0
0.0
0.0
0.0
0.0
0.0
0.0
0.0
0.0
0.0
0.0
0.0
0.0
0.0
0.0
0.0
0.0
0.0
0.0
0.0
0.0
0.0
0.0
0.0
0.0
0.0
0.0
0.0
0.0
0.0
0.0
0.0
0.0
0.0
0.0
0.0
0.0
0.0
0.0
0.0
0.0
0.0
0.0
0.0
0.0
0.0
0.0
0.0
0.0
0.0
0.0
0.0
0.0
0.0
0.0
0.0
0.0
0.0
0.0
0.0
0.0
0.0
0.0
0.0
0.0
0.0
0.0
0.0
0.0
0.0
0.0
0.0
0.0
0.0
0.0
0.0
0.0
0.0
0.0
0.0
0.0
0.0
0.0
0.0
0.0
0.0
0.0
0.0
0.0
0.0
0.0
0.0
0.0
0.0
0.0
0.0
0.0
0.0
0.0
0.0
0.0
0.0
0.0
0.0
0.0
0.0
0.0
0.0
0.0
0.0
0.0
0.0
0.0
0.0
0.0
0.0
0.0
0.0
0.0
0.0
0.0
0.0
0.0
0.0
0.0
0.0
0.0
0.0
0.0
0.0
0.0
0.0
0.0
0.0
0.0
0.0
0.0
0.0
0.0
0.0
0.0
0.0
0.0
0.0
0.0
0.0
0.0
0.0
0.0
0.0
0.0
0.0
0.0
0.0
0.0
0.0
0.0
0.0
0.0
0.0
0.0
0.0
0.0
0.0
0.0
0.0
0.0
0.0
0.0
0.0
0.0
0.0
0.0
0.0
0.0
0.0
0.0
0.0
0.0
0.0
0.0
0.0
0.0
0.0
0.0
0.0
0.0
0.0
0.0
0.0
0.0
0.0
0.0
0.0
0.0
0.0
0.0
0.0
0.0
0.0
0.0
0.0
0.0
0.0
0.0
0.0
0.0
0.0
0.0
0.0
0.0
0.0
0.0
0.0
0.0
0.0
0.0
0.0
0.0
0.0
0.0
0.0
0.0
0.0
0.0
0.0
0.0
0.0
0.0
0.0
0.0
0.0
0.0
0.0
0.0
0.0
0.0
0.0
0.0
0.0
0.0
0.0
0.0
0.0
0.0
0.0
0.0
0.0
0.0
0.0
0.0
0.0
0.0
0.0
0.0
0.0
0.0
0.0
0.0
0.0
0.0
0.0
0.0
0.0
0.0
0.0
0.0
0.0
0.0
0.0
0.0
0.0
0.0
0.0
0.0
0.0
0.0
0.0
0.0
0.0
0.0
0.0
0.0
0.0
0.0
0.0
0.0
0.0
0.0
0.0
0.0
0.0
0.0
0.0
0.0
0.0
0.0
0.0
0.0
0.0
0.0
0.0
0.0
0.0
0.0
0.0
0.0
0.0
0.0
0.0
0.0
0.0
0.0
0.0
0.0
0.0
0.0
0.0
0.0
0.0
0.0
0.0
0.0
0.0
0.0
0.0
0.0
0.0
0.0
0.0
0.0
0.0
0.0
0.0
0.0
0.0
0.0
0.0
0.0
0.0
0.0
0.0
0.0
0.0
0.0
0.0
0.0
0.0
0.0
0.0
0.0
0.0
0.0
0.0
0.0
0.0
0.0
0.0
0.0
0.0
0.0
0.0
0.0
0.0
0.0
0.0
0.0
0.0
0.0
0.0
0.0
0.0
0.0
0.0
0.0
0.0
0.0
0.0
0.0
0.0
0.0
0.0
0.0
0.0
0.0
0.0
0.0
0.0
0.0
0.0
0.0
0.0
0.0
0.0
0.0
0.0
0.0
0.0
0.0
0.0
0.0
0.0
0.0
0.0
0.0
0.0
0.0
0.0
0.0
0.0
0.0
0.0
0.0
0.0
0.0
0.0
0.0
0.0
0.0
0.0
0.0
0.0
0.0
0.0
0.0
0.0
0.0
0.0
0.0
0.0
0.0
0.0
0.0
0.0
0.0
0.0
0.0
0.0
0.0
0.0
0.0
0.0
0.0
0.0
0.0
0.0
0.0
0.0
0.0
0.0
0.0
0.0
0.0
0.0
0.0
0.0
0.0
0.0
0.0
0.0
0.0
0.0
0.0
0.0
0.0
0.0
0.0
0.0
0.0
0.0
0.0
0.0
0.0
0.0
0.0
0.0
0.0
0.0
0.0
0.0
0.0
0.0
0.0
0.0
0.0
0.0
0.0
0.0
0.0
0.0
0.0
0.0
0.0
0.0
0.0
0.0
0.0
0.0
0.0
0.0
0.0
0.0
0.0
0.0
0.0
0.0
0.0
0.0
0.0
0.0
0.0
0.0
0.0
2.25
2.75
0.5
0.0
0.0
0.0
0.0
0.0
0.0
0.0
0.0
0.0
0.0
0.0
0.0
0.0
0.0
0.0
0.0
0.0
0.0
0.0
0.0
0.0
0.0
0.0
0.0
0.0
0.0
0.0
0.0
0.0
0.0
0.0
0.0
0.0
0.0
0.0
0.0
0.0
0.0
0.0
0.0
0.0
0.0
0.0
0.0
0.0
0.0
0.0
0.0
0.0
0.0
0.0
0.0
0.0
0.0
0.0
0.0
0.0
0.0
0.0
0.0
0.0
0.0
0.0
0.0
0.0
0.0
0.0
0.0
0.0
0.0
0.0
0.0
0.0
0.0
0.0
0.0
0.0
0.0
0.0
0.0
0.0
0.0
0.0
0.0
0.0
0.0
0.0
0.0
0.0
0.0
0.0
0.0
0.0
0.0
0.0
0.0
0.0
0.0
0.0
0.0
0.0
0.0
0.0
0.0
0.0
0.0
0.0
0.0
0.0
0.0
0.0
0.0
0.0
0.0
0.0
0.0
0.0
0.0
0.0
0.0
0.0
0.0
0.0
0.0
0.0
0.5
0.0
0.0
0.0
0.0
0.0
0.0
0.0
0.0
0.0
0.0
0.0
0.0
0.0
0.0
0.0
0.0
0.0
0.0
0.0
0.0
0.0
0.0
0.0
0.0
0.0
0.0
0.0
0.0
0.0
0.0
0.0
0.0
0.0
0.0
0.0
0.0
0.0
0.0
0.0
0.0
0.0
0.0
0.0
0.0
0.0
0.0
0.0
0.0
0.0
0.0
0.0
0.0
0.0
0.0
0.0
0.0
0.0
0.0
0.0
0.0
0.0
0.0
0.0
0.0
0.0
0.0
0.0
0.0
0.0
0.0
0.0
0.0
0.0
0.0
0.0
0.0
0.0
0.0
0.0
0.0
0.0
0.0
0.0
0.0
0.0
0.0
0.0
0.0
0.0
0.0
0.0
0.0
0.0
0.0
0.0
0.0
0.0
0.0
0.0
0.0
0.0
0.0
0.0
0.0
0.0
0.0
0.0
0.0
0.0
0.0
0.0
0.0
0.0
0.0
0.0
0.0
0.0
0.0
0.0
0.0
0.0
0.0
0.0
0.0
0.0
0.0
0.0
0.0
0.0
0.0
0.0
0.0
0.0
0.0
0.0
0.0
0.0
0.0
0.0
0.0
0.0
0.0
0.0
0.0
0.0
0.0
0.0
0.0
0.0
0.0
0.0
0.0
0.0
0.0
0.0
0.0
0.0
0.0
0.0
0.0
0.0
0.0
0.0
0.0
0.0
0.0
0.0
0.0
0.0
0.0
0.0
0.0
0.0
0.0
0.0
0.0
0.0
0.0
0.0
0.0
0.0
0.0
0.0
0.0
0.0
0.0
0.0
0.0
0.0
0.0
0.0
0.0
0.0
0.0
0.0
0.0
0.0
0.0
0.0
0.0
0.0
0.0
0.0
0.0
0.0
0.0
0.0
0.0
0.0
0.0
0.0
0.0
0.0
0.0
0.0
0.0
0.0
0.0
0.0
0.0
0.0
0.0
0.0
0.0
0.0
0.0
0.0
0.0
0.0
0.0
0.0
0.0
0.0
0.0
0.0
0.0
0.0
0.0
0.0
0.0
0.0
0.0
0.0
0.0
0.0
0.0
0.0
0.0
0.0
0.0
0.0
0.0
0.0
0.0
0.0
0.0
0.0
0.0
0.0
0.0
0.0
0.0
0.0
0.0
0.0
0.0
0.0
0.0
0.0
0.0
0.0
0.0
0.0
0.0
0.0
0.0
0.0
0.0
0.0
0.0
0.0
0.0
0.0
0.0
0.0
0.0
0.0
0.0
0.0
0.0
0.0
0.0
0.0
0.0
0.0
0.0
0.0
0.0
0.0
0.0
0.0
0.0
0.0
0.0
0.0
0.0
0.0
0.0
0.0
0.0
0.0
0.0
0.0
0.0
0.0
0.0
0.0
0.0
0.0
0.0
0.0
0.0
0.0
0.0
0.0
0.0
0.0
0.0
0.0
0.0
0.0
0.0
0.0
0.0
0.0
0.0
0.0
0.0
0.0
0.0
0.0
0.0
0.0
0.0
0.0
0.0
0.0
0.0
0.0
0.0
0.0
0.0
0.0
0.0
0.0
0.0
0.0
0.0
0.0
0.0
0.0
0.0
0.0
0.0
0.0
0.0
0.0
0.0
0.0
0.0
0.0
0.0
0.0
0.0
0.0
0.0
0.0
0.0
0.0
0.0
0.0
0.0
0.0
0.0
0.0
0.0
0.0
0.0
0.0
0.0
0.0
0.0
0.0
0.0
0.0
0.0
0.0
0.0
0.0
0.0
0.0
0.0
0.0
0.25
0.0
0.0
0.0
0.0
0.0
0.0
0.0
0.0
0.0
0.0
0.0
0.0
0.0
0.0
0.0
0.0
0.0
0.0
0.0
0.0
0.0
0.0
0.0
0.0
0.0
0.0
0.0
0.0
0.0
0.0
0.0
0.0
0.0
0.0
0.0
0.0
0.0
0.0
0.0
0.0
0.0
0.0
0.0
0.0
0.0
0.0
0.0
0.0
0.0
0.0
0.0
0.0
0.0
0.0
0.0
0.0
0.0
0.0
0.0
0.0
0.0
0.0
0.0
0.0
0.0
0.0
0.0
0.0
0.0
0.0
0.0
0.0
0.0
0.0
0.0
0.0
0.0
0.0
0.0
0.0
0.0
0.0
0.0
0.0
0.0
0.0
0.0
0.0
0.0
0.0
0.0
0.0
0.0
0.0
0.0
0.0
0.0
0.0
0.0
0.0
0.0
0.0
0.0
0.0
0.0
0.0
0.0
0.0
0.0
0.0
0.0
0.0
0.0
0.0
0.0
0.0
0.0
0.0
0.0
0.0
0.0
0.0
0.0
0.0
0.0
0.0
0.0
0.0
0.0
0.0
0.0
0.0
0.0
0.0
0.0
0.0
0.0
0.0
0.0
0.0
0.0
0.0
0.0
0.0
0.0
0.0
0.0
0.0
0.0
0.0
0.0
0.0
0.0
0.0
0.0
0.0
0.0
0.0
0.0
0.0
0.0
0.0
0.0
0.0
0.0
0.0
0.0
0.0
0.0
0.0
0.0
0.0
0.0
0.0
0.0
0.0
0.0
0.0
0.0
0.0
0.0
0.0
0.0
0.0
0.0
0.0
0.0
0.0
0.0
0.0
0.0
0.0
0.0
0.0
0.0
0.0
0.0
0.0
0.0
0.0
0.0
0.0
0.0
0.0
0.0
0.0
0.0
0.0
0.0
0.0
0.0
0.0
0.0
0.0
0.0
0.0
0.0
0.0
0.0
0.0
0.0
0.0
0.0
0.0
0.0
0.0
0.0
0.0
0.0
0.0
0.0
0.0
0.0
0.0
0.0
0.0
0.0
0.0
0.0
0.0
0.0
0.0
0.0
0.0
0.0
0.0
0.0
0.0
0.0
0.0
0.0
0.0
0.0
0.0
0.0
0.0
0.0
0.0
0.0
0.0
0.0
0.0
0.0
0.0
0.0
0.0
0.0
0.0
0.0
0.0
0.0
0.0
0.0
0.0
0.0
0.0
0.0
0.0
0.0
0.0
0.0
0.0
0.0
0.0
0.0
0.0
0.0
0.0
0.0
0.0
0.0
0.0
0.0
0.0
0.0
0.0
0.0
0.0
0.0
0.0
0.0
0.0
0.0
0.0
0.0
0.0
0.0
0.0
0.0
0.0
0.0
0.0
0.0
0.0
0.0
0.0
0.0
0.0
0.0
0.0
0.0
0.0
0.0
0.0
0.0
0.0
0.0
0.0
0.0
0.0
0.0
0.0
0.0
0.0
0.0
0.0
0.0
0.0
0.0
0.0
0.0
0.0
0.0
0.0
0.25
0.0
0.0
0.0
0.0
0.0
0.0
0.0
0.0
0.0
0.0
0.0
0.0
0.0
0.0
0.0
0.0
0.0
0.0
0.0
0.0
0.0
0.0
0.0
0.0
0.0
0.0
0.0
0.0
0.0
0.0
0.0
0.0
0.0
0.0
0.0
0.0
0.0
0.0
0.0
0.0
0.0
0.0
0.0
0.0
0.0
0.0
0.0
0.0
0.0
0.0
0.0
0.0
0.0
0.0
0.0
0.0
0.0
0.0
0.0
0.0
0.0
0.0
0.0
0.0
0.0
0.0
0.0
0.0
0.0
0.0
0.0
0.0
0.0
0.0
0.0
0.0
0.0
0.0
0.0
0.0
0.0
0.0
0.0
0.0
0.0
0.0
0.0
0.0
0.0
0.0
0.0
0.0
0.0
0.0
0.0
0.0
0.0
0.0
0.0
0.0
0.0
0.0
0.0
0.0
0.0
0.0
0.0
0.0
0.0
0.0
0.0
0.0
0.0
0.0
0.0
0.0
0.0
0.0
0.0
0.0
0.0
0.0
0.0
0.0
0.0
0.0
0.0
0.0
0.0
0.0
0.0
0.0
0.0
0.0
0.0
0.0
0.0
0.0
0.0
0.0
0.0
0.0
0.0
0.0
0.0
0.0
0.0
0.0
0.0
0.0
0.0
0.0
0.0
0.0
0.0
0.0
0.0
0.0
0.0
0.0
0.0
0.0
0.0
0.0
0.0
0.0
0.0
0.0
0.0
0.0
0.0
0.0
0.0
0.0
0.0
0.0
0.0
0.0
0.0
0.0
0.0
0.0
0.0
0.0
0.0
0.0
0.0
0.0
0.0
0.0
0.0
0.0
0.0
0.0
0.0
0.0
0.0
0.0
0.0
0.0
0.0
0.0
0.0
0.0
0.0
0.0
0.0
0.0
0.0
0.0
0.0
0.0
0.0
0.0
0.0
0.0
0.0
0.0
0.0
0.0
0.0
0.0
0.0
0.0
0.0
0.0
0.0
0.0
0.0
0.0
0.0
0.0
0.0
0.0
0.0
0.0
0.0
0.0
0.0
0.0
0.0
0.0
0.0
0.0
0.0
0.0
0.0
0.0
0.0
0.0
0.0
0.0
0.0
0.0
0.0
0.0
0.0
0.0
0.0
0.0
0.0
0.0
0.0
0.0
0.0
0.0
0.0
0.0
0.0
0.0
0.0
0.0
0.0
0.0
0.0
0.0
0.0
0.0
0.0
0.0
0.0
0.0
0.0
0.0
0.0
0.0
0.0
0.0
0.0
0.0
0.0
0.0
0.0
0.0
0.0
0.0
0.0
0.0
0.0
0.0
0.0
0.0
0.0
0.0
0.0
0.0
0.0
0.0
0.0
0.0
0.0
0.0
0.0
0.0
0.0
0.0
0.0
0.0
0.0
0.0
0.0
0.0
0.0
0.0
0.0
0.0
0.0
0.0
0.0
0.0
0.0
0.0
0.0
0.0
0.0
0.0
0.0
0.0
0.0
0.0
0.0
0.0
0.0
0.0
0.0
0.0
0.0
0.0
0.0
0.0
0.0
0.0
0.0
0.0
0.0
0.0
0.0
0.0
0.0
0.0
0.0
0.0
0.0
0.0
0.0
0.0
0.0
0.0
0.0
0.0
0.0
0.0
0.0
0.0
0.0
0.0
0.0
0.0
0.0
0.0
0.0
0.0
0.0
0.0
0.0
0.0
0.0
0.0
0.0
0.0
0.0
0.0
0.0
0.0
0.0
0.0
0.0
0.0
0.0
0.0
0.0
0.0
0.0
0.0
0.0
0.0
0.0
0.0
0.0
0.0
0.0
0.0
0.0
0.0
0.0
0.0
0.0
0.0
0.0
0.0
0.0
0.0
0.0
0.0
0.0
0.0
0.0
0.0
0.0
0.0
0.0
0.0
0.0
0.0
0.0
0.0
0.0
0.0
0.0
0.0
0.0
0.0
0.0
0.0
0.0
0.0
0.0
0.0
0.0
0.0
0.0
0.0
0.0
0.0
0.0
0.0
0.0
0.0
0.0
0.0
0.0
0.0
0.0
0.0
0.0
0.0
0.0
0.0
0.0
0.0
0.0
0.0
0.0
0.0
0.0
0.0
0.0
0.0
0.0
0.0
0.0
0.0
0.0
0.0
0.0
0.0
0.0
0.0
0.0
0.0
0.0
0.0
0.0
0.0
0.0
0.0
0.0
0.0
0.0
0.0
0.0
0.0
0.0
0.0
0.0
0.0
0.0
0.0
0.0
0.0
0.0
0.0
0.0
0.0
0.0
0.0
0.0
0.0
0.0
0.0
0.0
0.0
0.0
0.0
0.0
0.0
0.0
0.0
0.0
0.0
0.0
0.0
0.0
0.0
0.0
0.0
0.0
0.0
0.0
0.0
0.0
0.0
0.0
0.0
0.0
0.0
0.0
0.0
0.0

Average_Alpha:
0.250000001
0.2500000050000001
0.25000000900000025
0.2500000130000003
0.25000001700000046
0.2500000210000005
0.2500000250000007
0.25000002900000073
0.2500000330000009
0.25000003700000095
0.25000004100000117
0.2500000450000011
0.25000004900000133
0.2500000530000014
0.25000005700000155
0.2500000610000016
0.25000006500000177
0.2500000690000018
0.250000073000002
0.250000076000002
0.25000008000000223
0.25000008400000223
0.25000008800000245
0.2500000920000025
0.25000009600000267
0.2500001000000027
0.2500001040000029
0.2500001080000029
0.2500001120000031
0.2500001160000031
0.2500001200000033
0.2500001240000034
0.25000012800000354
0.25000013200000354
0.2500001360000037
0.25000014000000376
0.250000144000004
0.250000148000004
0.25000015200000414
0.2500001560000042
0.25000016000000436
0.2500001640000044
0.25000016800000463
0.25000017200000463
0.25000017600000485
0.25000018000000485
0.25000018400000507
0.2500001880000051
0.2500001920000053
0.2500001960000053
0.25000020000000545
0.2500002040000055
0.2500002080000057
0.2500002120000057
0.25000021600000594
0.250000220000006
0.25000022400000615
0.2500002280000062
0.2500002320000064
0.25000023600000637
0.25000024000000654
0.2500002440000066
0.2500002480000068
0.2500002520000068
0.250000256000007
0.250000260000007
0.2500002640000072
0.25000026800000724
0.25000027200000746
0.25000027600000746
0.25000027900000765
0.2500002830000077
0.25000028700000787
0.2500002910000079
0.2500002950000081
0.2500002990000081
0.2500003030000083
0.25000030700000836
0.2500003110000085
0.2500003150000086
0.25000031900000874
0.2500003230000088
0.25000032700000896
0.250000331000009
0.2500003350000092
0.25000033900000923
0.25000034300000934
0.25000034700000945
0.2500003510000096
0.25000035500000967
0.25000035900000983
0.2500003630000099
0.25000036700001005
0.2500003710000101
0.25000037500001027
0.2500003790000103
0.2500003830000105
0.2500003870000105
0.2500003910000107
0.25000039500001076
0.2500003990000109
0.250000403000011
0.25000040700001114
0.2500004110000112
0.25000041500001136
0.2500004190000114
0.2500004230000116
0.25000042700001157
0.2500004310000118
0.25000043500001184
0.250000439000012
0.25000044300001206
0.2500004470000122
0.2500004510000123
0.25000045500001244
0.2500004590000125
0.25000046300001266
0.2500004670000127
0.2500004710000128
0.25000047500001293
0.2500004790000131
0.25000048300001315
0.2500004870000133
0.2500004910000133
0.25000049500001353
0.2500004990000136
0.25000050300001375
0.2500005070000138
0.25000051100001397
0.25000051500001397
0.2500005190000142
0.2500005230000142
0.2500005270000144
0.25000053100001446
0.2500005350000146
0.2500005390000146
0.25000054300001484
0.2500005470000149
0.25000055100001506
0.25000055500001506
0.2500005590000152
0.2500005630000153
0.2500005670000155
0.2500005710000155
0.2500005750000157
0.2500005790000157
0.25000058300001593
0.25000058700001593
0.25000059100001615
0.2500005950000162
0.2500005990000163
0.25000060300001636
0.25000060700001653
0.2500006110000166
0.2500006150000168
0.2500006190000168
0.250000623000017
0.250000627000017
0.25000063100001724
0.2500006350000173
0.25000063900001745
0.25000064300001745
0.25000064600001765
0.2500006500000177
0.25000065400001786
0.2500006580000179
0.25000066200001814
0.25000066600001813
0.2500006700000183
0.25000067400001835
0.2500006780000185
0.25000068200001857
0.25000068600001873
0.2500006900000188
0.25000069400001895
0.250000698000019
0.25000070200001917
0.25000070600001917
0.2500007100000194
0.25000071400001944
0.2500007180000196
0.25000072200001966
0.2500007260000198
0.2500007300000199
0.25000073400002004
0.2500007380000201
0.25000074200002026
0.2500007460000203
0.2500007500000205
0.25000075400002053
0.2500007580000207
0.25000076200002075
0.2500007660000209
0.2500007700000209
0.25000077400002113
0.25000077800002113
0.25000078200002135
0.2500007860000214
0.2500007900000215
0.25000079400002156
0.25000079800002173
0.2500008020000218
0.250000806000022
0.250000810000022
0.2500008140000222
0.2500008180000223
0.25000082200002244
0.2500008260000225
0.25000083000002266
0.25000083400002265
0.2500008380000229
0.25000084200002287
0.2500008460000231
0.25000085000002314
0.2500008540000233
0.25000085800002336
0.2500008620000235
0.2500008660000236
0.25000087000002374
0.2500008740000238
0.25000087800002396
0.250000882000024
0.2500008860000242
0.25000089000002423
0.2500008940000244
0.2500008980000244
0.2500009020000246
0.2500009060000246
0.25000091000002483
0.2500009140000249
0.250000918000025
0.25000092200002505
0.2500009260000252
0.25000093000002527
0.2500009340000255
0.2500009380000255
0.2500009420000257
0.25000094600002576
0.2500009500000259
0.250000954000026
0.25000095800002614
0.25000096200002614
0.2500009660000263
0.25000097000002636
0.2500009740000266
0.2500009780000266
0.2500009820000268
0.25000098600002685
0.250000990000027
0.25000099400002707
0.25000099800002723
0.2500010020000273
0.25000100600002745
0.25000101000002745
0.25000101400002767
0.2500010180000277
0.2500010220000279
0.2500010260000279
0.2500010300000281
0.2500010340000281
0.2500010380000283
0.2500010420000284
0.2500010460000285
0.25000105000002854
0.2500010540000287
0.25000105800002875
0.250001062000029
0.25000106600002897
0.2500010700000292
0.25000107400002924
0.2500010780000294
0.25000108200002946
0.2500010860000296
0.2500010900000296
0.2500010940000298
0.25000109800002984
0.25000110200003006
0.25000110600003006
0.2500011100000303
0.25000111400003033
0.2500011180000305
0.25000112200003055
0.2500011260000307
0.25000113000003077
0.25000113400003093
0.25000113800003093
0.25000114200003115
0.2500011460000312
0.25000115000003137
0.25000115400003137
0.2500011580000316
0.2500011620000316
0.2500011660000318
0.25000117000003186
0.25000117400003197
0.250001178000032
0.2500011820000322
0.25000118600003224
0.25000119000003246
0.25000119400003246
0.2500011980000327
0.25000120200003273
0.2500012060000329
0.25000121000003295
0.2500012140000331
0.2500012180000331
0.2500012220000333
0.2500012260000333
0.25000123000003355
0.25000123400003355
0.25000123800003377
0.2500012420000338
0.250001246000034
0.25000125000003404
0.2500012540000342
0.25000125800003425
0.2500012620000344
0.2500012660000344
0.25000127000003464
0.2500012740000347
0.25000127800003485
0.25000128200003485
0.2500012860000351
0.25000129000003507
0.2500012940000353
0.25000129800003534
0.25000130200003545
0.2500013060000355
0.25000131000003567
0.2500013140000357
0.25000131800003594
0.25000132200003594
0.25000132600003616
0.2500013300000362
0.2500013340000364
0.25000133800003643
0.2500013420000366
0.2500013460000366
0.25000135000003676
0.2500013540000368
0.25000135800003703
0.25000136200003703
0.25000136600003725
0.2500013700000373
0.25000137400003747
0.2500013780000375
0.2500013820000377
0.25000138600003774
0.2500013900000379
0.2500013940000379
0.2500013980000381
0.2500014020000382
0.25000140600003834
0.25000141000003834
0.25000141400003856
0.25000141800003856
0.2500014220000388
0.25000142600003883
0.25000143000003894
0.250001434000039
0.25000143800003916
0.2500014420000392
0.25000144600003943
0.2500014500000394
0.25000145400003965
0.2500014580000397
0.25000146200003986
0.2500014660000399
0.2500014700000401
0.2500014740000401
0.25000147800004024
0.2500014820000403
0.2500014860000405
0.2500014900000405
0.25000149400004074
0.2500014980000408
0.25000150200004095
0.250001506000041
0.25000151000004117
0.2500015140000412
0.2500015180000414
0.2500015220000414
0.2500015260000416
0.25000153000004166
0.2500015340000418
0.2500015380000418
0.25000154200004204
0.25000154600004204
0.25000155000004226
0.2500015540000423
0.2500015580000424
0.2500015620000425
0.25000156600004264
0.2500015700000427
0.2500015740000429
0.2500015780000429
0.25000158200004313
0.2500015860000432
0.25000159000004335
0.2500015940000434
0.25000159800004357
0.25000160200004357
0.25000160600004373
0.2500016100000438
0.250001614000044
0.250001618000044
0.2500016220000442
0.2500016260000443
0.25000163000004444
0.2500016340000445
0.25000163800004466
0.2500016420000447
0.2500016460000449
0.2500016500000449
0.2500016540000451
0.25000165800004515
0.2500016620000453
0.2500016660000453
0.25000167000004553
0.2500016740000455
0.25000167800004575
0.2500016820000458
0.2500016860000459
0.25000169000004596
0.2500016940000461
0.2500016980000462
0.2500017020000464
0.2500017060000464
0.2500017100000466
0.25000171400004667
0.25000171800004684
0.2500017220000469
0.25000172600004705
0.25000173000004705
0.2500017340000472
0.25000173800004727
0.2500017420000475
0.2500017460000475
0.2500017500000477
0.25000175400004776
0.2500017580000479
0.250001762000048
0.25000176600004814
0.2500017700000482
0.25000177400004836
0.25000177800004836
0.2500017820000486
0.25000178600004863
0.2500017900000488
0.2500017940000488
0.250001798000049
0.250001802000049
0.25000180600004923
0.2500018100000493
0.2500018140000494
0.25000181800004945
0.2500018220000496
0.25000182600004967
0.2500018300000499
0.2500018340000499
0.2500018380000501
0.25000184200005016
0.2500018460000503
0.2500018500000504
0.25000185400005054
0.25000185800005054
0.2500018620000507
0.25000186600005075
0.250001870000051
0.25000187400005097
0.2500018780000512
0.25000188200005125
0.2500018860000514
0.25000189000005146
0.2500018940000516
0.2500018980000517
0.25000190200005185
0.25000190600005184
0.25000191000005206
0.2500019140000521
0.2500019180000523
0.2500019220000523
0.2500019260000525
0.2500019300000525
0.2500019340000527
0.25000193800005277
0.2500019420000529
0.25000194600005293
0.2500019500000531
0.25000195400005315
0.25000195800005337
0.25000196200005337
0.2500019660000536
0.25000197000005364
0.2500019740000538
0.25000197800005386
0.250001982000054
0.250001986000054
0.2500019900000542
0.25000199400005424
0.25000199800005446
0.25000200200005446
0.2500020060000547
0.25000201000005473
0.2500020140000549
0.25000201800005495
0.2500020220000551
0.25000202600005517
0.25000203000005533
0.25000203400005533
0.25000203800005555
0.2500020420000556
0.25000204600005577
0.25000205000005576
0.250002054000056
0.250002058000056
0.2500020620000562
0.25000206600005626
0.25000207000005636
0.2500020740000564
0.2500020780000566
0.25000208200005664
0.25000208600005686
0.25000209000005685
0.2500020940000571
0.2500020980000571
0.2500021020000573
0.25000210600005734
0.2500021100000575
0.2500021140000575
0.25000211800005767
0.2500021220000577
0.25000212600005794
0.25000213000005794
0.25000213400005816
0.2500021380000582
0.2500021420000584
0.25000214600005843
0.2500021500000586
0.25000215400005865
0.2500021580000588
0.2500021620000588
0.25000216600005903
0.2500021700000591
0.25000217400005925
0.25000217800005925
0.25000218200005947
0.25000218600005947
0.2500021900000597
0.25000219400005974
0.25000219800005985
0.2500022020000599
0.25000220600006007
0.2500022100000601
0.25000221400006034
0.25000221800006034
0.25000222200006056
0.2500022260000606
0.2500022300000608
0.25000223400006083
0.250002238000061
0.250002242000061
0.25000224600006116
0.2500022500000612
0.25000225400006143
0.25000225800006143
0.25000226200006165
0.2500022660000617
0.25000227000006187
0.2500022740000619
0.2500022780000621
0.25000228200006214
0.2500022860000623
0.2500022900000623
0.2500022940000625
0.2500022980000626
0.25000230200006274
0.25000230600006274
0.25000231000006296
0.25000231400006295
0.2500023180000632
0.2500023220000632
0.25000232600006334
0.2500023300000634
0.25000233400006355
0.2500023380000636
0.2500023420000638
0.2500023460000638
0.25000235000006404
0.2500023540000641
0.25000235800006426
0.2500023620000643
0.2500023660000645
0.2500023700000645
0.25000237400006464
0.2500023780000647
0.2500023820000649
0.2500023860000649
0.25000239000006513
0.2500023940000652
0.25000239800006535
0.2500024020000654
0.25000240600006557
0.2500024100000656
0.2500024140000658
0.2500024180000658
0.250002422000066
0.25000242600006606
0.2500024300000662
0.2500024340000662
0.25000243800006644
0.25000244200006644
0.25000244600006666
0.2500024500000667
0.2500024540000668
0.2500024580000669
0.25000246200006704
0.2500024660000671
0.2500024700000673
0.2500024740000673
0.25000247800006753
0.2500024820000676
0.25000248600006775
0.2500024900000678
0.25000249400006797
0.25000249800006796
0.2500025020000681
0.2500025060000682
0.2500025100000684
0.2500025140000684
0.2500025180000686
0.25000252200006867
0.25000252600006884
0.2500025300000689
0.25000253400006905
0.2500025380000691
0.25000254200006927
0.25000254600006927
0.2500025500000695
0.25000255400006954
0.2500025580000697
0.2500025620000697
0.2500025660000699
0.2500025700000699
0.25000257400007014
0.2500025780000702
0.2500025820000703
0.25000258600007036
0.2500025900000705
0.2500025940000706
0.2500025980000708
0.2500026020000708
0.250002606000071
0.25000261000007107
0.25000261400007123
0.2500026180000713
0.25000262200007145
0.25000262600007145
0.2500026300000716
0.25000263400007167
0.2500026380000719
0.2500026420000719
0.2500026460000721
0.25000265000007216
0.2500026540000723
0.2500026580000724
0.25000266200007254
0.2500026660000726
0.25000267000007276
0.25000267400007276
0.250002678000073
0.25000268200007303
0.2500026860000732
0.2500026900000732
0.2500026940000734
0.2500026980000734
0.25000270200007363
0.2500027060000737
0.2500027100000738
0.25000271400007384
0.250002718000074
0.25000272200007406
0.2500027260000743
0.2500027300000743
0.2500027340000745
0.25000273800007455
0.2500027420000747
0.25000274600007477
0.25000275000007494
0.25000275400007493
0.2500027580000751
0.25000276200007515
0.25000276600007537
0.25000277000007537
0.2500027740000756
0.25000277800007564
0.2500027820000758
0.25000278600007586
0.250002790000076
0.2500027940000761
0.25000279800007624
0.25000280200007624
0.25000280600007646
0.2500028100000765
0.2500028140000767
0.2500028180000767
0.2500028220000769
0.2500028260000769
0.2500028300000771
0.25000283400007717
0.2500028380000773
0.25000284200007733
0.2500028460000775
0.25000285000007755
0.25000285400007777
0.25000285800007777
0.250002862000078
0.25000286600007804
0.2500028700000782
0.25000287400007826
0.2500028780000784
0.2500028820000784
0.2500028860000786
0.25000289000007864
0.25000289400007886
0.25000289800007885
0.2500029020000791
0.25000290600007913
0.2500029100000793
0.25000291400007935
0.2500029180000795
0.25000292200007956
0.25000292600007973
0.2500029300000797
0.25000293400007995
0.25000293800008
0.25000294200008016
0.25000294600008016
0.2500029500000804
0.2500029540000804
0.2500029580000806
0.25000296200008065
0.25000296600008076
0.2500029700000808
0.250002974000081
0.25000297800008103
0.25000298200008125
0.25000298600008125
0.25000299000008147
0.2500029940000815
0.2500029980000817
0.25000300200008174
0.2500030060000819
0.2500030100000819
0.25000301400008207
0.2500030180000821
0.25000302200008234
0.25000302600008234
0.25000303000008256
0.2500030340000826
0.2500030380000828
0.25000304200008283
0.250003046000083
0.25000305000008305
0.2500030540000832
0.2500030580000832
0.25000306200008343
0.2500030660000835
0.25000307000008365
0.25000307400008365
0.25000307800008387
0.25000308200008386
0.2500030860000841
0.25000309000008414
0.25000309400008425
0.2500030980000843
0.25000310200008447
0.2500031060000845
0.25000311000008474
0.25000311400008474
0.25000311800008496
0.250003122000085
0.2500031260000852
0.2500031300000852
0.2500031340000854
0.2500031380000854
0.25000314200008555
0.2500031460000856
0.2500031500000858
0.2500031540000858
0.25000315800008605
0.2500031620000861
0.25000316600008626
0.2500031700000863
0.2500031740000865
0.25000317800008653
0.2500031820000867
0.2500031860000867
0.2500031900000869
0.25000319400008697
0.25000319800008713
0.25000320200008713
0.25000320600008735
0.25000321000008735
0.25000321400008757
0.2500032180000876
0.25000322200008773
0.2500032260000878
0.25000323000008795
0.250003234000088
0.2500032380000882
0.2500032420000882
0.25000324600008844
0.2500032500000885
0.25000325400008866
0.2500032580000887
0.2500032620000889
0.2500032660000889
0.25000327000008904
0.2500032740000891
0.2500032780000893
0.2500032820000893
0.25000328600008953
0.2500032900000896
0.25000329400008975
0.2500032980000898
0.25000330200008997
0.25000330600009
0.2500033100000902
0.2500033140000902
0.2500033180000904
0.25000332200009046
0.2500033260000906
0.2500033300000906
0.25000333400009084
0.25000333800009084
0.25000334200009106
0.2500033460000911
0.2500033500000912
0.25000335400009127
0.25000335800009144
0.2500033620000915
0.2500033660000917
0.2500033700000917
0.2500033740000919
0.250003378000092
0.25000338200009214
0.2500033860000922
0.25000339000009236
0.25000339400009236
0.2500033980000925
0.2500034020000926
0.2500034060000928
0.2500034100000928
0.250003414000093
0.25000341800009307
0.25000342200009323
0.2500034260000933
0.25000343000009345
0.2500034340000935
0.25000343800009367
0.25000344200009367
0.2500034460000939
0.25000345000009394
0.2500034540000941
0.2500034580000941
0.2500034620000943
0.2500034660000943
0.25000347000009454
0.2500034740000946
0.2500034780000947
0.25000348200009476
0.2500034860000949
0.250003490000095
0.2500034940000952
0.2500034980000952
0.2500035020000954
0.25000350600009547
0.25000351000009563
0.2500035140000957
0.25000351800009585
0.25000352200009585
0.250003526000096
0.25000353000009606
0.2500035340000963
0.2500035380000963
0.2500035420000965
0.25000354600009655
0.2500035500000967
0.2500035540000968
0.25000355800009694
0.250003562000097
0.25000356600009715
0.25000357000009715
0.2500035740000974
0.2500035780000974
0.2500035820000976
0.2500035860000976
0.2500035900000978
0.2500035940000978
0.250003598000098
0.2500036020000981
0.2500036060000982
0.25000361000009824
0.2500036140000984
0.25000361800009846
0.2500036220000987
0.2500036260000987
0.2500036300000989
0.25000363400009895
0.2500036380000991
0.25000364200009917
0.25000364600009933
0.25000365000009933
0.2500036540000995
0.25000365800009955
0.25000366200009977
0.25000366600009977
0.2500036700001
0.25000367400010004
0.2500036780001002
0.25000368200010026
0.2500036860001004
0.2500036900001005
0.25000369400010064
0.25000369800010064
0.25000370200010086
0.2500037060001009
0.2500037100001011
0.2500037140001011
0.2500037180001013
0.2500037220001013
0.2500037260001015
0.25000373000010156
0.2500037340001017
0.2500037380001017
0.2500037420001019
0.25000374600010195
0.25000375000010217
0.25000375400010216
0.2500037580001024
0.25000376200010244
0.2500037660001026
0.25000377000010265
0.2500037740001028
0.2500037780001028
0.250003782000103
0.25000378600010303
0.25000379000010325
0.25000379400010325
0.25000379800010347
0.2500038020001035
0.2500038060001037
0.25000381000010374
0.2500038140001039
0.25000381800010396
0.2500038220001041
0.2500038260001041
0.25000383000010434
0.2500038340001044
0.25000383800010456
0.25000384200010456
0.2500038460001048
0.2500038500001048
0.250003854000105
0.25000385800010505
0.25000386200010516
0.2500038660001052
0.2500038700001054
0.25000387400010543
0.25000387800010565
0.25000388200010565
0.25000388600010587
0.2500038900001059
0.2500038940001061
0.25000389800010614
0.2500039020001063
0.2500039060001063
0.25000391000010647
0.2500039140001065
0.25000391800010674
0.25000392200010674
0.25000392600010696
0.250003930000107
0.2500039340001072
0.25000393800010723
0.2500039420001074
0.25000394600010745
0.2500039500001076
0.2500039540001076
0.25000395800010783
0.2500039620001079
0.25000396600010805
0.25000397000010804
0.25000397400010826
0.25000397800010826
0.2500039820001085
0.25000398600010854
0.25000399000010864
0.2500039940001087
0.25000399800010886
0.2500040020001089
0.25000400600010914
0.25000401000010913
0.25000401400010935
0.2500040180001094
0.25000402200010957
0.2500040260001096
0.2500040300001098
0.2500040340001098
0.25000403800010995
0.25000404200011
0.2500040460001102
0.2500040500001102
0.25000405400011044
0.2500040580001105
0.25000406200011066
0.2500040660001107
0.2500040700001109
0.25000407400011093
0.2500040780001111
0.2500040820001111
0.2500040860001113
0.25000409000011137
0.25000409400011153
0.25000409800011153
0.25000410200011175
0.25000410600011175
0.25000411000011197
0.250004114000112
0.25000411800011213
0.2500041220001122
0.25000412600011235
0.2500041300001124
0.2500041340001126
0.2500041380001126
0.25000414200011284
0.2500041460001129
0.25000415000011306
0.2500041540001131
0.2500041580001133
0.2500041620001133
0.25000416600011344
0.2500041700001135
0.2500041740001137
0.2500041780001137
0.25000418200011393
0.250004186000114
0.25000419000011415
0.2500041940001142
0.25000419800011436
0.2500042020001144
0.2500042060001146
0.2500042100001146
0.2500042140001148
0.25000421800011485
0.250004222000115
0.250004226000115
0.25000423000011524
0.25000423400011523
0.25000423800011545
0.2500042420001155
0.2500042460001156
0.25000425000011567
0.25000425400011583
0.2500042580001159
0.2500042620001161
0.2500042660001161
0.2500042700001163
0.2500042740001164
0.25000427800011654
0.2500042820001166
0.25000428600011676
0.2500042810001168
0.25000427400011693
0.250004276000117
0.2500042800001172
0.2500042840001172
0.2500042880001174
0.2500042920001174
0.25000429600011764
0.25000430000011764
0.2500043040001178
0.25000430800011786
0.2500043120001181
0.2500043160001181
0.2500043200001183
0.2500043240001183
0.25000432800011846
0.2500043320001185
0.25000433600011873
0.2500043400001188
0.2500043440001189
0.25000434800011895
0.2500043520001191
0.25000435600011917
0.25000436000011933
0.2500043640001194
0.2500043680001196
0.2500043720001196
0.2500043760001198
0.2500043800001198
0.25000438400012004
0.25000438800012004
0.2500043920001202
0.25000439600012025
0.2500044000001204
0.2500044040001205
0.2500044080001207
0.2500044120001207
0.2500044160001209
0.2500044200001209
0.25000442400012113
0.2500044280001211
0.2500044320001213
0.25000443600012134
0.25000444000012156
0.25000444400012156
0.2500044480001218
0.2500044520001218
0.25000445600012194
0.250004460000122
0.2500044640001222
0.25000446800012227
0.2500044720001224
0.25000447600012243
0.2500044800001226
0.25000448400012265
0.2500044880001228
0.25000449200012287
0.2500044960001231
0.2500045000001231
0.2500045040001233
0.2500045080001233
0.2500045120001235
0.2500045160001235
0.2500045200001237
0.25000452400012374
0.2500045280001239
0.25000453200012396
0.2500045360001242
0.2500045400001242
0.2500045440001244
0.2500045480001244
0.2500045520001246
0.2500045560001246
0.2500045600001248
0.25000456400012483
0.25000456800012505
0.25000457200012505
0.25000457600012527
0.25000458000012526
0.25000458400012543
0.2500045880001255
0.2500045920001257
0.25000459600012576
0.25000460000012587
0.2500046040001259
0.2500046080001261
0.25000461200012614
0.2500046160001263
0.25000462000012635
0.2500046240001266
0.25000462800012657
0.2500046320001268
0.2500046360001268
0.250004640000127
0.250004644000127
0.25000464800012717
0.2500046520001272
0.2500046560001274
0.25000466000012744
0.25000466400012766
0.25000466800012766
0.2500046720001279
0.2500046760001279
0.2500046800001281
0.2500046840001281
0.25000468800012826
0.2500046920001283
0.25000469600012853
0.25000470000012853
0.25000470400012875
0.25000470800012875
0.2500047120001289
0.25000471600012897
0.2500047200001292
0.25000472400012924
0.25000472800012935
0.2500047320001294
0.25000473600012957
0.2500047400001296
0.2500047440001298
0.25000474800012984
0.25000475200013006
0.25000475600013006
0.2500047600001303
0.2500047640001303
0.2500047680001305
0.2500047720001305
0.25000477600013066
0.2500047780001307
0.2500047820001309
0.25000478600013093
0.25000479000013115
0.25000479400013115
0.25000479800013137
0.25000480200013137
0.2500048060001316
0.2500048100001316
0.25000481400013175
0.2500048180001318
0.250004822000132
0.250004826000132
0.25000483000013224
0.25000483400013224
0.2500048380001324
0.25000484200013245
0.2500048460001326
0.2500048500001327
0.2500048540001329
0.2500048580001329
0.25000486200013305
0.2500048660001331
0.2500048700001333
0.2500048740001333
0.2500048780001335
0.25000488200013354
0.25000488600013376
0.25000489000013376
0.250004894000134
0.250004898000134
0.25000490200013414
0.2500049060001342
0.25000491000013436
0.2500049140001344
0.25000491800013463
0.25000492200013463
0.25000492600013485
0.25000493000013485
0.25000493400013507
0.25000493800013507
0.25000494200013523
0.2500049460001353
0.2500049500001355
0.2500049540001355
0.2500049580001357
0.2500049620001357
0.2500049660001359
0.25000497000013594
0.2500049740001361
0.25000497800013616
0.2500049820001364
0.2500049860001364
0.25000499000013654
0.2500049940001366
0.25000499800013676
0.2500050020001368
0.250005006000137
0.25000501000013703
0.25000501400013725
0.25000501800013725
0.25000502200013747
0.25000502600013746
0.25000503000013763
0.2500050340001377
0.25000503800013785
0.2500050420001379
0.2500050460001381
0.2500050500001381
0.25000505400013834
0.25000505800013834
0.25000506200013856
0.25000506600013855
0.2500050700001387
0.25000507400013877
0.250005078000139
0.250005082000139
0.2500050860001392
0.2500050900001392
0.25000509400013937
0.2500050980001394
0.2500051020001396
0.25000510600013964
0.25000511000013986
0.25000511400013986
0.25000511800014
0.2500051220001401
0.25000512600014024
0.2500051300001403
0.25000513400014046
0.2500051380001405
0.25000514200014073
0.25000514600014073
0.25000515000014095
0.25000515400014095
0.2500051580001411
0.25000516200014117
0.25000516600014133
0.2500051700001414
0.2500051740001416
0.2500051780001416
0.2500051820001418
0.2500051860001418
0.25000519000014204
0.25000519400014204
0.2500051980001422
0.25000520200014226
0.2500052060001425
0.2500052100001425
0.2500052140001427
0.2500052180001427
0.25000522200014286
0.2500052260001429
0.2500052300001431
0.25000523400014313
0.25000523800014335
0.25000524200014335
0.2500052460001435
0.25000525000014356
0.25000525400014373
0.2500052580001438
0.25000526200014395
0.250005266000144
0.2500052700001442
0.2500052740001442
0.25000527800014444
0.25000528200014444
0.2500052860001446
0.25000529000014465
0.2500052940001448
0.25000529800014487
0.2500053020001451
0.2500053060001451
0.2500053100001453
0.2500053140001453
0.2500053180001455
0.2500053220001455
0.2500053260001457
0.25000533000014574
0.25000533400014596
0.25000533800014596
0.2500053420001462
0.2500053460001462
0.25000535000014634
0.2500053540001464
0.25000535800014656
0.2500053620001466
0.25000536600014683
0.25000537000014683
0.250005374000147
0.25000537800014705
0.2500053820001472
0.25000538600014727
0.25000539000014743
0.2500053940001475
0.2500053980001477
0.2500054020001477
0.2500054060001479
0.2500054100001479
0.2500054140001481
0.25000541800014814
0.2500054220001483
0.25000542600014836
0.2500054300001486
0.2500054340001486
0.2500054380001488
0.2500054420001488
0.250005446000149
0.250005450000149
0.2500054540001492
0.2500054580001492
0.25000546200014945
0.25000546600014945
0.25000547000014967
0.25000547400014966
0.25000547800014983
0.2500054820001499
0.25000548600015005
0.2500054900001501
0.2500054940001503
0.2500054980001503
0.2500055020001505
0.25000550600015053
0.2500055100001507
0.25000551400015075
0.2500055180001509
0.25000552200015097
0.2500055260001512
0.2500055300001512
0.2500055340001514
0.2500055380001514
0.25000554200015157
0.2500055460001516
0.2500055500001518
0.25000555400015184
0.25000555800015206
0.25000556200015206
0.2500055660001523
0.2500055700001523
0.2500055740001525
0.2500055780001525
0.25000558200015266
0.2500055860001527
0.25000559000015293
0.25000559400015293
0.25000559800015315
0.25000560200015315
0.2500056060001533
0.25000561000015337
0.25000561400015353
0.2500056180001536
0.2500056220001538
0.2500056260001538
0.25000563000015397
0.250005634000154
0.2500056380001542
0.25000564200015424
0.2500056460001544
0.25000565000015446
0.2500056540001547
0.2500056580001547
0.2500056620001549
0.2500056660001549
0.25000567000015506
0.2500056740001551
0.2500056780001553
0.2500056820001553
0.25000568600015555
0.25000569000015554
0.25000569400015576
0.25000569800015576
0.250005702000156
0.250005706000156
0.25000571000015614
0.2500057140001562
0.2500057180001564
0.2500057220001564
0.25000572600015664
0.25000573000015663
0.2500057340001568
0.25000573800015685
0.250005742000157
0.25000574600015707
0.2500057500001573
0.2500057540001573
0.25000575800015745
0.2500057620001575
0.25000576600015767
0.2500057700001577
0.2500057740001579
0.25000577800015794
0.25000578200015816
0.25000578600015816
0.2500057900001584
0.2500057940001584
0.25000579800015854
0.2500058020001586
0.25000580600015876
0.2500058100001588
0.25000581400015903
0.25000581800015903
0.25000582200015925
0.25000582600015925
0.25000583000015947
0.25000583400015947
0.25000583800015963
0.2500058420001597
0.2500058460001599
0.2500058500001599
0.2500058540001601
0.2500058580001601
0.2500058620001603
0.25000586600016034
0.2500058700001605
0.25000587400016056
0.2500058780001608
0.2500058820001608
0.25000588600016094
0.250005890000161
0.25000589400016116
0.2500058980001612
0.2500059020001614
0.2500059060001614
0.25000591000016165
0.25000591400016164
0.25000591800016186
0.25000592200016186
0.250005926000162
0.2500059300001621
0.25000593400016224
0.2500059380001623
0.2500059420001625
0.2500059460001625
0.25000595000016274
0.25000595400016273
0.25000595800016295
0.25000596200016295
0.2500059660001631
0.25000597000016317
0.2500059740001634
0.2500059780001634
0.2500059820001636
0.2500059860001636
0.25000599000016377
0.2500059940001638
0.250005998000164
0.25000600200016404
0.25000600600016426
0.25000601000016426
0.2500060140001644
0.2500060180001645
0.25000602200016464
0.2500060260001647
0.25000603000016486
0.2500060340001649
0.25000603800016513
0.25000604200016513
0.25000604600016535
0.25000605000016535
0.2500060540001655
0.25000605800016557
0.25000606200016573
0.2500060660001658
0.250006070000166
0.250006074000166
0.2500060780001662
0.2500060820001662
0.25000608600016644
0.25000609000016644
0.2500060940001666
0.25000609800016665
0.2500061020001669
0.25000610600016687
0.2500061100001671
0.2500061140001671
0.25000611800016725
0.2500061220001673
0.2500061260001675
0.2500061300001675
0.25000613400016775
0.25000613800016774
0.2500061420001679
0.25000614600016796
0.2500061500001681
0.2500061540001682
0.25000615800016834
0.2500061620001684
0.2500061660001686
0.2500061700001686
0.25000617400016883
0.25000617800016883
0.250006182000169
0.25000618600016905
0.2500061900001692
0.25000619400016927
0.2500061980001695
0.2500062020001695
0.2500062060001697
0.2500062100001697
0.2500062140001699
0.2500062180001699
0.2500062220001701
0.25000622600017014
0.25000623000017036
0.25000623400017036
0.2500062380001706
0.2500062420001706
0.25000624600017074
0.2500062500001708
0.25000625400017096
0.250006258000171
0.25000626200017123
0.25000626600017123
0.2500062700001714
0.25000627400017145
0.2500062780001716
0.25000628200017166
0.25000628600017183
0.2500062900001719
0.2500062940001721
0.2500062980001721
0.2500063020001723
0.2500063060001723
0.2500063100001725
0.25000631400017254
0.2500063180001727
0.25000632200017275
0.250006326000173
0.25000633000017297
0.2500063340001732
0.2500063380001732
0.2500063420001734
0.2500063460001734
0.25000635000017357
0.2500063540001736
0.25000635800017385
0.25000636200017384
0.25000636600017406
0.25000637000017406
0.2500063740001742
0.2500063780001743
0.25000638200017444
0.2500063860001745
0.2500063900001747
0.25000639300017474
0.2500063970001749
0.25000640100017496
0.2500064050001751
0.2500064090001752
0.25000641300017534
0.25000641700017534
0.25000642100017556
0.2500064250001756
0.2500064290001758
0.2500064330001758
0.250006437000176
0.250006441000176
0.2500064450001762
0.25000644900017627
0.2500064530001765
0.25000645700017643
0.25000646100017665
0.25000646500017665
0.25000646900017687
0.2500064730001769
0.2500064770001771
0.25000648100017714
0.2500064850001773
0.25000648900017736
0.2500064930001775
0.2500064970001775
0.25000650100017774
0.25000650500017774
0.25000650900017796
0.250006513000178
0.2500065170001782
0.25000652100017823
0.2500065250001784
0.25000652900017845
0.2500065330001786
0.25000653700017866
0.25000654100017883
0.2500065450001788
0.25000654900017905
0.2500065530001791
0.25000655700017926
0.25000656100017926
0.2500065650001795
0.2500065690001795
0.2500065730001797
0.25000657700017975
0.25000658100018
0.2500065850001799
0.25000658900018013
0.25000659300018013
0.25000659700018035
0.2500066010001804
0.25000660500018057
0.2500066090001806
0.2500066130001808
0.25000661700018084
0.250006621000181
0.250006625000181
0.2500066290001812
0.2500066330001812
0.25000663700018144
0.2500066410001815
0.25000664500018166
0.2500066490001817
0.2500066530001819
0.25000665700018193
0.2500066610001821
0.25000666500018215
0.2500066690001823
0.2500066730001823
0.25000667700018253
0.2500066810001826
0.25000668500018275
0.25000668900018275
0.25000669300018297
0.25000669700018296
0.2500067010001832
0.25000670500018324
0.25000670900018346
0.2500067130001834
0.2500067170001836
0.2500067210001836
0.25000672500018384
0.2500067290001839
0.25000673300018406
0.2500067370001841
0.2500067410001843
0.2500067450001843
0.2500067490001845
0.2500067530001845
0.2500067570001847
0.2500067610001847
0.2500067650001849
0.250006769000185
0.25000677300018515
0.2500067770001852
0.25000678100018536
0.2500067850001854
0.2500067890001856
0.25000679300018563
0.2500067970001858
0.2500068010001858
0.250006805000186
0.25000680900018607
0.25000681300018623
0.25000681700018623
0.25000682100018645
0.25000682500018645
0.25000682900018667
0.2500068330001867
0.25000683700018694
0.2500068410001869
0.2500068450001871
0.2500068490001871
0.2500068530001873
0.2500068570001874
0.25000686100018754
0.2500068650001876
0.25000686900018776
0.2500068730001878
0.250006877000188
0.250006881000188
0.2500068850001882
0.2500068890001882
0.2500068930001884
0.25000689700018847
0.25000690100018863
0.2500069050001887
0.25000690900018885
0.2500069130001889
0.25000691700018907
0.2500069210001891
0.2500069250001893
0.2500069290001893
0.2500069330001895
0.25000693700018956
0.2500069410001897
0.2500069450001897
0.25000694900018994
0.25000695300018994
0.25000695700019016
0.2500069610001902
0.25000696500019043
0.25000696900019037
0.2500069730001906
0.2500069770001906
0.2500069810001908
0.25000698500019086
0.250006989000191
0.2500069930001911
0.25000699700019124
0.2500070010001913
0.25000700500019146
0.25000700900019146
0.2500070130001917
0.2500070170001917
0.2500070210001919
0.25000702500019195
0.2500070290001921
0.25000703300019217
0.25000703700019233
0.2500070410001924
0.25000704500019255
0.2500070490001926
0.25000705300019277
0.25000705700019277
0.250007061000193
0.25000706500019304
0.2500070690001932
0.2500070730001932
0.2500070770001934
0.2500070810001934
0.25000708500019364
0.2500070890001937
0.2500070930001939
0.25000709700019386
0.2500071010001941
0.2500071050001941
0.2500071090001943
0.25000711300019435
0.2500071170001945
0.25000712100019457
0.25000712500019473
0.2500071290001948
0.25000713300019495
0.25000713700019495
0.25000714100019517
0.25000714500019516
0.2500071490001954
0.25000715300019544
0.2500071570001956
0.25000716100019565
0.2500071650001958
0.2500071690001959
0.25000717300019604
0.2500071770001961
0.25000718100019625
0.25000718500019625
0.2500071890001965
0.2500071930001965
0.2500071970001967
0.2500072010001967
0.2500072050001969
0.2500072090001969
0.2500072130001971
0.2500072170001972
0.2500072210001974
0.25000722500019734
0.25000722900019756
0.25000723300019756
0.2500072370001978
0.25000724100019783
0.250007245000198
0.25000724900019805
0.2500072530001982
0.25000725700019827
0.25000726100019843
0.25000726500019843
0.25000726900019865
0.25000727300019865
0.25000727700019887
0.2500072810001989
0.2500072850001991
0.25000728900019914
0.2500072930001993
0.25000729700019936
0.2500073010001995
0.2500073050001996
0.25000730900019974
0.25000731300019974
0.25000731700019996
0.2500073210002
0.2500073250002002
0.2500073290002002
0.2500073330002004
0.2500073370002004
0.2500073410002006
0.25000734500020066
0.2500073490002009
0.2500073530002008
0.25000735700020105
0.25000736100020104
0.25000736500020126
0.2500073690002013
0.2500073730002015
0.25000737700020154
0.2500073810002017
0.25000738500020175
0.2500073890002019
0.2500073930002019
0.25000739700020214
0.25000740100020213
0.25000740500020235
0.2500074090002024
0.25000741300020257
0.2500074170002026
0.2500074210002028
0.25000742500020284
0.250007429000203
0.25000743300020306
0.2500074370002032
0.2500074410002032
0.25000744500020344
0.2500074490002035
0.25000745300020366
0.25000745700020366
0.2500074610002039
0.2500074650002039
0.2500074690002041
0.25000747300020415
0.25000747700020437
0.2500074810002043
0.25000748500020453
0.25000748900020453
0.25000749300020475
0.2500074970002048
0.25000750100020497
0.250007505000205
0.2500075090002052
0.25000751300020524
0.2500075170002054
0.2500075210002054
0.2500075250002056
0.2500075290002056
0.25000753300020584
0.2500075370002059
0.25000754100020606
0.2500075450002061
0.2500075490002063
0.25000755300020633
0.2500075570002065
0.25000756100020655
0.2500075650002067
0.2500075690002067
0.25000757300020693
0.250007577000207
0.25000758100020715
0.25000758500020714
0.25000758900020736
0.25000759300020736
0.2500075970002076
0.25000760100020764
0.25000760500020786
0.2500076090002078
0.250007613000208
0.250007617000208
0.25000762100020824
0.2500076250002083
0.25000762900020845
0.2500076330002085
0.25000763700020867
0.2500076410002087
0.2500076450002089
0.2500076490002089
0.2500076530002091
0.2500076570002091
0.2500076610002093
0.2500076650002094
0.25000766900020954
0.2500076730002096
0.25000767700020976
0.2500076810002098
0.25000768500021
0.25000768900021003
0.2500076930002102
0.2500076970002102
0.2500077010002104
0.25000770500021047
0.25000770900021063
0.25000771300021063
0.25000771700021085
0.25000772100021085
0.25000772500021107
0.2500077290002111
0.25000773300021134
0.2500077370002113
0.2500077410002115
0.2500077450002115
0.2500077490002117
0.2500077530002118
0.25000775700021194
0.250007761000212
0.25000776500021216
0.2500077690002122
0.2500077720002124
0.2500077760002124
0.25000778000021256
0.2500077840002126
0.2500077880002128
0.25000779200021284
0.25000779600021306
0.25000780000021305
0.2500078040002132
0.25000780800021327
0.25000781200021344
0.2500078160002135
0.2500078200002137
0.2500078240002137
0.2500078280002139
0.2500078320002139
0.25000783600021415
0.25000784000021414
0.2500078440002143
0.25000784800021436
0.2500078520002145
0.2500078560002146
0.2500078600002148
0.2500078640002148
0.250007868000215
0.250007872000215
0.25000787600021523
0.25000788000021523
0.25000788400021545
0.25000788800021545
0.2500078920002156
0.25000789600021567
0.2500079000002159
0.2500079040002159
0.25000790800021605
0.2500079120002161
0.25000791600021627
0.2500079200002163
0.25000792400021654
0.25000792800021654
0.2500079320002167
0.25000793600021676
0.2500079400002169
0.250007944000217
0.2500079480002172
0.2500079520002172
0.2500079560002174
0.2500079600002174
0.25000796400021763
0.25000796800021763
0.2500079720002178
0.25000797600021785
0.250007980000218
0.25000798400021806
0.2500079880002183
0.2500079920002183
0.2500079960002185
0.2500080000002185
0.2500080040002187
0.2500080080002187
0.25000801200021894
0.25000801600021894
0.2500080200002191
0.25000802400021915
0.2500080280002194
0.25000803200021937
0.25000803600021954
0.2500080400002196
0.25000804400021975
0.2500080480002198
0.25000805200022
0.25000805600022
0.2500080600002202
0.25000806400022024
0.2500080680002204
0.25000807200022046
0.2500080760002207
0.2500080800002207
0.2500080840002209
0.2500080880002209
0.2500080920002211
0.2500080960002211
0.2500081000002213
0.25000810400022133
0.2500081080002215
0.25000811200022155
0.25000811600022177
0.25000812000022177
0.250008124000222
0.250008128000222
0.2500081320002222
0.2500081360002222
0.2500081400002224
0.2500081440002224
0.2500081480002226
0.25000815200022264
0.25000815600022286
0.25000816000022286
0.250008164000223
0.2500081680002231
0.25000817200022324
0.2500081760002233
0.2500081800002235
0.2500081840002235
0.2500081880002237
0.25000819200022373
0.2500081960002239
0.25000820000022395
0.25000820400022417
0.25000820800022416
0.2500082120002244
0.2500082160002244
0.2500082200002246
0.2500082240002246
0.25000822800022476
0.2500082320002248
0.250008236000225
0.25000824000022503
0.25000824400022525
0.25000824800022525
0.2500082520002255
0.25000825600022547
0.2500082600002257
0.2500082640002257
0.2500082680002259
0.2500082720002259
0.25000827600022607
0.2500082800002261
0.25000828400022634
0.25000828800022634
0.2500082920002265
0.25000829600022656
0.2500083000002267
0.2500083040002268
0.250008308000227
0.250008312000227
0.25000831600022716
0.2500083200002272
0.2500083240002274
0.25000832800022743
0.25000833200022765
0.25000833600022765
0.25000834000022787
0.25000834400022787
0.2500083480002281
0.2500083520002281
0.25000835600022825
0.2500083600002283
0.25000836400022847
0.2500083680002285
0.25000837200022874
0.25000837600022874
0.25000838000022896
0.25000838400022896
0.2500083880002292
0.2500083920002292
0.2500083960002294
0.2500084000002294
0.25000840400022956
0.2500084080002296
0.25000841200022983
0.2500084160002298
0.25000842000023
0.25000842400023005
0.2500084280002302
0.25000843200023026
0.2500084360002305
0.2500084400002305
0.25000844400023065
0.2500084480002307
0.25000845200023086
0.2500084560002309
0.25000846000023114
0.25000846400023113
0.25000846800023135
0.25000847200023135
0.25000847600023157
0.25000848000023157
0.25000848400023173
0.2500084880002318
0.25000849200023195
0.250008496000232
0.2500085000002322
0.2500085040002322
0.25000850800023244
0.25000851200023244
0.25000851600023266
0.25000852000023266
0.2500085240002329
0.2500085280002329
0.25000853200023304
0.2500085360002331
0.2500085400002333
0.2500085440002333
0.2500085480002335
0.25000855200023353
0.2500085560002337
0.25000856000023375
0.25000856400023397
0.25000856800023397
0.25000857200023413
0.2500085760002342
0.25000858000023435
0.2500085840002344
0.2500085880002346
0.2500085920002346
0.25000859600023484
0.25000860000023484
0.25000860400023506
0.25000860800023506
0.2500086120002352
0.2500086160002353
0.25000862000023544
0.2500086240002355
0.2500086280002357
0.2500086320002357
0.25000863600023593
0.2500086400002359
0.25000864400023615
0.25000864800023614
0.25000865200023636
0.25000865600023636
0.2500086600002365
0.2500086640002366
0.2500086680002368
0.2500086720002368
0.25000867600023696
0.250008680000237
0.2500086840002372
0.25000868800023723
0.25000869200023745
0.25000869600023745
0.2500087000002376
0.25000870400023767
0.25000870800023783
0.2500087120002379
0.2500087160002381
0.2500087200002381
0.2500087240002383
0.2500087280002383
0.25000873200023854
0.25000873600023854
0.2500087400002387
0.25000874400023876
0.2500087480002389
0.250008752000239
0.2500087560002392
0.2500087600002392
0.2500087640002394
0.2500087680002394
0.25000877200023963
0.25000877600023963
0.25000878000023985
0.25000878400023985
0.25000878800024
0.25000879200024007
0.2500087960002403
0.2500088000002403
0.25000880400024045
0.2500088080002405
0.25000881200024067
0.2500088160002407
0.25000882000024094
0.25000882400024094
0.2500088280002411
0.25000883200024115
0.2500088360002413
0.2500088400002414
0.2500088440002416
0.2500088480002416
0.2500088520002418
0.2500088560002418
0.25000886000024203
0.250008864000242
0.2500088680002422
0.25000887200024224
0.2500088760002424
0.25000888000024246
0.2500088840002427
0.2500088880002427
0.2500088920002429
0.2500088960002429
0.2500089000002431
0.2500089040002431
0.25000890800024334
0.25000891200024333
0.2500089160002435
0.25000892000024355
0.25000892400024377
0.25000892800024377
0.25000893200024393
0.250008936000244
0.25000894000024415
0.2500089440002442
0.2500089480002444
0.2500089520002444
0.2500089560002446
0.25000896000024464
0.2500089640002448
0.25000896800024486
0.2500089720002451
0.2500089760002451
0.2500089800002453
0.2500089840002453
0.2500089880002455
0.2500089920002455
0.2500089960002457
0.25000900000024573
0.2500090040002459
0.25000900800024595
0.25000901200024617
0.25000901600024616
0.2500090200002464
0.2500090240002464
0.2500090280002466
0.2500090320002466
0.2500090360002468
0.2500090400002468
0.250009044000247
0.25000904800024704
0.25000905200024726
0.25000905600024725
0.2500090600002474
0.25000906400024747
0.25000906800024764
0.2500090720002477
0.2500090760002479
0.2500090800002479
0.25000908400024807
0.2500090880002481
0.2500090920002483
0.25000909600024834
0.25000910000024856
0.25000910400024856
0.2500091080002488
0.2500091120002488
0.250009116000249
0.250009120000249
0.25000912400024916
0.2500091280002492
0.2500091320002494
0.25000913600024943
0.25000914000024965
0.25000914400024965
0.25000914800024987
0.25000915200024987
0.2500091560002501
0.2500091600002501
0.2500091640002503
0.2500091680002503
0.25000917200025047
0.2500091760002505
0.25000918000025074
0.25000918400025074
0.2500091880002509
0.25000919200025096
0.2500091960002511
0.2500092000002512
0.2500092040002514
0.2500092080002514
0.25000921200025156
0.2500092160002516
0.2500092200002518
0.25000922400025183
0.25000922800025205
0.25000923200025205
0.25000923600025227
0.25000924000025226
0.2500092440002525
0.2500092480002525
0.25000925200025265
0.2500092560002527
0.25000926000025286
0.2500092640002529
0.25000926800025314
0.25000927200025314
0.25000927600025336
0.25000928000025335
0.2500092840002536
0.25000928800025357
0.2500092920002538
0.2500092960002538
0.25000930000025395
0.250009304000254
0.2500093080002542
0.2500093120002542
0.2500093160002544
0.25000932000025444
0.2500093240002546
0.25000932800025466
0.2500093320002549
0.2500093360002549
0.25000934000025504
0.2500093440002551
0.25000934800025526
0.2500093520002553
0.25000935600025553
0.25000936000025553
0.25000936400025575
0.25000936800025575
0.25000937200025597
0.25000937600025597
0.25000938000025613
0.2500093840002562
0.25000938800025635
0.2500093920002564
0.2500093960002566
0.2500094000002566
0.25000940400025684
0.25000940800025684
0.25000941200025706
0.25000941600025706
0.2500094200002573
0.2500094240002573
0.25000942800025744
0.2500094320002575
0.2500094360002577
0.2500094400002577
0.2500094440002579
0.25000944800025793
0.2500094520002581
0.25000945600025815
0.25000946000025837
0.25000946400025836
0.25000946800025853
0.2500094720002586
0.25000947600025875
0.2500094800002588
0.250009484000259
0.250009488000259
0.25000949200025924
0.25000949600025923
0.25000950000025945
0.25000950400025945
0.2500095080002596
0.25000951200025967
0.25000951600025983
0.2500095200002599
0.2500095240002601
0.2500095280002601
0.2500095320002603
0.2500095360002603
0.25000954000026054
0.25000954400026054
0.25000954800026076
0.25000955200026076
0.2500095560002609
0.250009560000261
0.2500095640002612
0.2500095680002612
0.25000957200026136
0.2500095760002614
0.2500095800002616
0.25000958400026163
0.25000958800026185
0.25000959200026185
0.250009596000262
0.25000960000026207
0.25000960400026223
0.2500096080002623
0.2500096120002625
0.2500096160002625
0.2500096200002627
0.2500096240002627
0.25000962800026294
0.25000963200026294
0.2500096360002631
0.25000964000026316
0.2500096440002633
0.2500096480002634
0.2500096520002636
0.2500096560002636
0.2500096600002638
0.2500096640002638
0.25000966800026403
0.250009672000264
0.25000967600026425
0.25000968000026424
0.2500096840002644
0.25000968800026446
0.2500096920002647
0.2500096960002647
0.25000970000026485
0.2500097040002649
0.25000970800026506
0.2500097120002651
0.25000971600026534
0.25000972000026533
0.2500097240002655
0.25000972800026555
0.2500097320002657
0.25000973600026577
0.250009740000266
0.250009744000266
0.2500097480002662
0.2500097520002662
0.2500097560002664
0.2500097600002664
0.2500097640002666
0.25000976800026664
0.2500097720002668
0.25000977600026686
0.2500097800002671
0.2500097840002671
0.2500097880002673
0.2500097920002673
0.2500097960002675
0.2500098000002675
0.25000980400026773
0.25000980800026773
0.2500098120002679
0.25000981600026795
0.25000982000026817
0.25000982400026817
0.25000982800026833
0.2500098320002684
0.25000983600026855
0.2500098400002686
0.2500098440002688
0.2500098480002688
0.250009852000269
0.25000985600026904
0.2500098600002692
0.25000986400026926
0.2500098680002695
0.2500098720002695
0.2500098760002697
0.2500098800002697
0.2500098840002699
0.2500098880002699
0.2500098920002701
0.2500098960002701
0.2500099000002703
0.25000990400027034
0.25000990800027056
0.25000991200027056
0.2500099160002708
0.2500099200002708
0.250009924000271
0.250009928000271
0.2500099320002712
0.2500099360002712
0.2500099400002714
0.25000994400027143
0.25000994800027165
0.25000995200027165
0.2500099560002718
0.25000996000027187
0.25000996400027203
0.2500099680002721

Avalanche_Distribution:
1
1
1
22
2
1
1
