
Branching_global:
0.8000000039999997
0.8000002789999998
0.8000004089999997
0.8000007349999994
0.8000007919999992
0.800001150999999
0.8000008689999988
0.8000010759999987
0.8000014049999984
0.8000016969999981

Autocorrelation:
-0.004481420218140176
-0.004481427121724557
-0.004481430385243748
-0.004481438569164289
-0.004481440000097907
-0.004481449012487966
-0.004481441933114779
-0.004481447129674002
-0.004481455388961653
-0.004481462719415903

Average_Activity:
0.0
0.0
0.0
0.0
0.25
0.0
0.0
0.25
1.0
0.0
0.5
0.5
0.0
0.0
0.0
0.0
0.5
0.0
1.0
2.75
0.0
0.0
0.0
0.5
0.5
0.0
0.0
0.0
0.0
0.0
0.0
0.0
0.0
0.0
0.0
0.0
0.25
0.5
0.0
2.75
1.75
4.25
5.0
1.25
0.0
0.0
0.0
1.25
0.25
0.0
0.0
0.0
0.0
0.25
0.25
0.0
0.0
0.0
0.25
0.0
0.5
0.25
0.0
0.0
0.0
0.0
0.25
0.0
0.75
1.5
0.0
0.0
0.0
0.0
0.25
0.0
0.75
0.0
0.0
0.0
0.0
0.0
0.25
0.0
0.0
2.5
0.75
1.5
0.0
0.0
0.0
0.0
0.25
0.0
0.5
1.0
2.5
2.75
1.25
2.25
2.5
0.0
0.0
0.0
0.0
0.75
0.0
0.25
2.5
0.25
0.0
0.0
0.75
0.0
0.25
0.25
0.0
0.75
0.0
0.5
0.0
0.0
0.0
0.0
0.0
0.75
2.25
4.75
3.0
3.0
1.5
1.25
3.25
3.5
0.5
0.5
0.0
1.0
0.0
2.25
4.0
2.25
3.5
1.25
1.0
0.75
0.25
0.0
0.0
0.0
0.0
0.0
0.0
0.0
0.25
1.25
0.75
0.0
0.0
0.0
1.0
1.25
0.25
0.0
0.5
0.0
0.0
0.0
0.0
0.25
2.25
1.5
0.75
1.0
1.75
0.0
0.0
0.0
0.25
0.0
0.0
0.5
0.0
0.0
0.0
0.0
0.0
0.0
0.0
0.0
0.0
0.75
0.0
0.0
0.0
0.25
0.25
0.5
0.0
0.0
0.0
0.0
0.0
0.0
0.75
2.0
1.25
0.0
0.0
0.25
0.0
0.0
0.0
0.0
0.0
0.25
0.0
0.0
1.0
1.0
0.0
0.25
1.0
0.25
0.0
0.25
0.0
0.25
0.25
0.0
0.0
0.0
1.0
0.25
1.0
0.75
0.0
0.0
0.0
0.0
0.0
0.0
0.0
0.0
0.0
0.0
0.0
0.0
0.0
0.0

Average_Alpha:
0.20000000099999993
0.20000000500000004
0.200000009
0.20000001299999998
0.2000000159999999
0.20000002
0.200000024
0.20000002699999994
0.2000000269999999
0.200000031
0.200000033
0.20000003499999994
0.20000003899999994
0.20000004300000002
0.200000047
0.20000005099999993
0.2000000529999999
0.20000005699999998
0.20000005699999998
0.20000004999999993
0.2000000539999999
0.20000005799999998
0.20000006199999995
0.2000000639999999
0.2000000659999999
0.20000007
0.20000007399999994
0.20000007799999991
0.20000008199999988
0.20000008599999997
0.20000008999999994
0.20000009399999988
0.20000009799999988
0.20000010199999996
0.20000010599999996
0.2000001099999999
0.20000011299999987
0.20000011499999998
0.20000011899999992
0.2000001119999999
0.20000010899999984
0.20000009599999996
0.2000000799999999
0.20000007899999986
0.20000008299999986
0.20000008699999994
0.20000009099999994
0.20000008999999988
0.20000009299999985
0.20000009699999993
0.2000001009999999
0.20000010499999984
0.20000010899999984
0.20000011199999992
0.2000001149999999
0.20000011899999987
0.20000012299999986
0.20000012699999992
0.2000001299999999
0.20000013399999983
0.20000013599999983
0.20000013899999994
0.2000001429999999
0.20000014699999985
0.20000015099999982
0.2000001549999999
0.20000015799999987
0.20000016199999981
0.20000016299999981
0.2000001609999999
0.20000016499999987
0.20000016899999984
0.2000001729999998
0.2000001769999999
0.20000017999999983
0.20000018399999983
0.20000018499999977
0.20000018899999988
0.20000019299999985
0.2000001969999998
0.20000020099999977
0.20000020499999988
0.20000020799999985
0.20000021199999982
0.2000002159999998
0.20000020999999987
0.20000021099999982
0.20000020899999976
0.2000002129999998
0.20000021699999984
0.20000022099999984
0.20000022499999978
0.20000022799999975
0.20000023199999983
0.2000002339999998
0.20000023399999975
0.20000022799999975
0.20000022099999984
0.2000002199999998
0.20000021499999973
0.20000020899999976
0.20000021299999984
0.20000021699999979
0.20000022099999973
0.20000022499999975
0.20000022599999984
0.2000002299999998
0.20000023299999975
0.2000002269999997
0.2000002299999998
0.20000023399999978
0.20000023799999975
0.20000023899999975
0.2000002429999998
0.20000024599999977
0.20000024899999974
0.20000025299999974
0.2000002539999998
0.20000025799999976
0.2000002599999997
0.2000002639999997
0.2000002679999998
0.20000027199999976
0.2000002759999997
0.2000002799999997
0.20000028099999975
0.20000027599999975
0.20000026099999968
0.2000002529999997
0.20000024499999977
0.20000024299999972
0.20000024199999972
0.2000002329999997
0.20000022299999978
0.20000022499999975
0.20000022699999967
0.20000023099999967
0.20000023099999972
0.20000023499999972
0.2000002299999997
0.20000021799999967
0.20000021299999976
0.2000002029999997
0.20000020199999965
0.20000020199999965
0.2000002029999997
0.2000002059999997
0.20000020999999968
0.20000021399999965
0.2000002179999997
0.2000002219999997
0.20000022599999967
0.20000022999999964
0.2000002339999997
0.2000002369999997
0.20000023599999966
0.20000023699999964
0.20000024099999972
0.20000024499999966
0.20000024899999966
0.20000024899999966
0.20000024799999971
0.2000002509999997
0.20000025499999963
0.20000025699999963
0.20000026099999968
0.20000026499999968
0.20000026899999962
0.20000027299999962
0.20000027599999967
0.20000027099999965
0.20000026899999962
0.2000002699999996
0.20000026999999965
0.20000026699999968
0.2000002709999996
0.2000002749999996
0.20000027899999964
0.20000028199999964
0.2000002859999996
0.2000002899999996
0.20000029199999966
0.2000002959999996
0.20000029999999958
0.20000030399999957
0.20000030799999963
0.2000003119999996
0.2000003159999996
0.20000031999999957
0.20000032399999965
0.20000032799999962
0.20000032899999956
0.20000033299999956
0.2000003369999996
0.20000034099999958
0.20000034399999958
0.20000034699999958
0.20000034899999963
0.2000003529999996
0.20000035699999955
0.20000036099999954
0.2000003649999996
0.20000036899999957
0.20000037299999956
0.20000037399999954
0.2000003699999996
0.20000036899999957
0.20000037299999954
0.20000037699999956
0.20000037999999962
0.20000038399999956
0.20000038799999953
0.20000039199999953
0.20000039599999958
0.20000039999999955
0.20000040299999952
0.20000040699999952
0.2000004109999996
0.20000041099999952
0.20000041099999952
0.20000041499999952
0.20000041799999957
0.20000041799999954
0.2000004209999995
0.20000042499999948
0.20000042799999956
0.20000043199999953
0.2000004349999995
0.2000004379999995
0.20000044199999953
0.20000044599999953
0.2000004499999995
0.2000004499999995
0.20000045299999955
0.20000045299999955
0.20000045399999947
0.20000045799999946
0.20000046199999952
0.20000046599999952
0.20000046999999946
0.20000047399999948
0.20000047799999954
0.20000048199999954
0.20000048599999945
0.20000048999999945
0.2000004939999995
0.20000049799999947
0.20000050199999944
0.20000050599999944
0.20000050999999952

Avalanche_Distribution:
1
5
4
2
15
2
2
1
2
60
5
1
1
1
1
1
2
1
9
1
3
1
13
6
1
51
3
11
1
3
1
1
3
2
95
2
4
53
5
3
9
9
1
2
16
14
1
2
3
1
3
16
1
1
8
5
1
1
1
1
5
7
