
Branching_global:
1.00004
1.0040400000000038
1.0062700000000082
1.0083900000000119
0.961320000000016
0.96239000000002
0.949620000000024
0.9515800000000278
0.943320000000032
0.935450000000036
0.93604000000004
0.900870000000044
0.8809800000000478
0.8575900000000519
0.8321800000000558
0.8145900000000599
0.7951800000000637
0.7817800000000678
0.7732400000000718
0.7653200000000756
0.7559100000000797
0.7580500000000836
0.7595700000000875
0.7608100000000915
0.7694700000000952
0.7713200000000993
0.7741800000001033
0.7786400000001075
0.7827700000001114
0.7817700000001152

Autocorrelation:
25.000499996641732
0.24802441648667847
0.15998911230519647
0.11968881507367951
-0.0253498668418177
-0.02608547867804291
-0.019344838897352154
-0.020148487093075023
-0.01713804535112329
-0.014986306550724842
-0.015129264044333905
-0.00957906559624017
-0.007891392047809248
-0.006509181397730658
-0.0054434650713797335
-0.004876375117995051
-0.004363253510612396
-0.004062036923691731
-0.003888541945615723
-0.0037388596195876973
-0.0035735604873147345
-0.0036100309879265385
-0.0036363266741662246
-0.0036580241437599325
-0.003816017394502907
-0.0038513094737098693
-0.003906999742717083
-0.003996699192262325
-0.004083026412297223
-0.004061825874648178

Average_Activity:
0.0
0.0
0.0
0.0
0.0
0.0
0.0
0.0
0.0
0.0
0.0
0.0
0.0
0.0
0.0
0.0
0.0
0.0
0.0
0.0
0.0
0.0
0.0
0.0
0.0
0.0
0.0
0.0
0.0
0.0
0.0
0.0
0.25
3.25
5.25
2.5
0.0
0.0
0.0
0.0
0.0
0.0
0.0
0.0
0.0
0.0
0.0
0.75
0.0
0.0
0.0
0.0
0.0
0.0
0.0
0.0
0.25
2.75
4.0
1.25
0.0
0.0
0.0
2.0
0.75
0.0
0.0
0.0
0.0
0.0
0.0
0.0
0.0
0.0
0.0
0.0
0.0
0.0
0.0
0.0
0.25
0.0
1.5
3.0
1.75
1.0
2.25
8.75
21.5
31.5
44.0
36.5
30.75
17.75
17.0
24.0
28.25
22.75
13.75
4.25
2.25
2.75
0.5
0.0
0.0
0.0
0.25
1.75
2.0
1.0
2.25
0.25
0.0
0.0
0.0
0.75
0.0
0.0
0.25
1.5
1.25
1.75
2.5
1.5
0.0
0.0
0.0
0.0
0.0
0.0
0.0
0.0
0.75
1.75
5.5
5.75
7.25
3.25
8.5
7.75
5.25
5.75
5.75
6.25
9.0
9.25
4.5
6.0
6.75
7.5
9.0
1.0
0.0
0.0
0.0
0.0
0.0
0.0
0.0
0.0
0.0
0.0
0.25
0.75
0.0
0.0
0.0
0.0
0.25
0.0
0.0
0.0
0.0
0.0
0.0
0.25
0.0
0.25
0.0
0.0
0.0
0.25
0.0
0.0
0.0
0.0
0.0
0.25
1.75
1.5
0.75
4.75
9.5
10.75
6.75
7.75
6.75
10.75
6.75
9.0
9.25
7.0
4.5
5.75
7.5
6.25
5.25
7.0
5.0
2.5
2.25
5.0
4.5
3.75
0.5
0.0
0.75
0.25
0.0
0.0
0.25
2.25
4.0
0.0
0.0
0.0
0.0
0.0
0.0
0.0
0.0
0.0
0.25
2.25
0.25
0.25
0.5
0.0
0.0
0.5
1.5
0.5
0.5
0.0
1.25
1.0
0.0
0.0
1.0
0.0
1.25
2.0
3.75
7.0
10.5
12.0
10.0
7.5
16.5
20.0
18.75
12.5
10.75
13.5
10.0
6.75
15.0
9.5
4.25
8.0
3.5
12.25
15.5
7.5
5.75
3.25
5.0
3.75
3.0
5.5
2.0
1.75
2.25
4.25
1.25
4.75
8.75
7.25
6.0
7.0
7.75
12.0
15.0
18.75
3.75
2.25
5.25
7.25
6.25
3.75
8.5
7.5
9.0
2.5
2.25
9.5
10.75
9.0
18.25
11.25
6.25
4.5
4.75
2.25
2.25
1.5
1.25
3.5
8.25
4.0
2.75
3.5
6.25
8.5
8.5
3.5
3.5
7.5
11.75
8.75
8.75
6.0
7.0
3.75
4.5
7.5
5.25
2.25
5.0
3.5
6.75
13.25
18.25
17.0
13.75
11.0
7.5
6.75
8.25
6.25
9.0
5.0
3.75
4.5
3.25
10.5
9.0
9.0
4.25
4.0
1.75
3.75
3.0
1.75
4.25
9.0
4.0
5.75
6.5
5.0
5.75
5.0
2.75
4.0
6.5
10.25
7.5
6.75
6.75
3.0
1.75
1.25
2.0
5.25
6.25
2.75
2.25
3.5
5.0
10.25
5.75
6.5
4.75
6.25
4.25
4.5
4.0
7.75
14.0
14.5
8.0
2.5
1.75
2.75
2.75
5.5
7.25
8.75
6.0
5.75
2.5
2.0
1.75
2.0
2.75
4.0
6.5
4.25
4.75
3.25
2.0
5.75
3.0
3.25
4.75
10.25
6.5
3.0
0.5
4.5
4.25
4.75
1.75
3.0
1.25
7.25
5.75
2.75
4.0
2.25
2.5
1.5
2.25
2.5
1.25
3.5
3.75
3.75
2.75
4.0
3.5
4.5
6.75
2.5
4.0
3.5
1.25
1.75
3.0
4.25
4.5
4.5
1.25
1.75
2.0
1.0
5.0
7.0
6.0
5.5
2.5
3.5
0.5
0.5
2.5
2.25
4.5
4.5
6.75
5.25
2.75
2.75
1.5
3.0
1.75
2.5
2.5
3.5
3.5
3.5
3.75
4.0
5.0
3.0
1.25
7.5
3.25
3.0
3.5
2.25
1.75
4.25
4.0
0.25
0.0
0.0
0.0
0.0
0.0
0.0
0.0
0.0
0.0
0.0
0.0
0.0
0.0
0.0
0.0
0.0
0.0
0.0
0.0
0.0
0.0
0.25
0.0
0.0
0.0
0.0
0.0
0.0
0.0
0.0
0.0
0.0
0.75
0.0
0.0
0.0
0.0
0.0
0.0
0.0
0.0
0.0
0.0
0.0
0.0
0.0
0.0
0.0
0.0
0.0
0.0
0.25
0.25
0.0
0.0
0.0
0.0
0.25
0.5
0.0
0.0
0.0
0.0
0.0
0.25
0.0
0.0
0.5
0.0
0.0
0.0
0.0
0.0
0.0
0.0
0.0
0.0
0.0
0.0
0.0
0.0
0.0
0.0
0.0
0.0
0.0
0.0
0.0
0.0
0.0
0.0
0.0
0.0
0.0
0.0
0.0
0.5
0.0
0.0
0.0
0.0
0.0
0.0
0.0
0.0
0.0
0.0
0.0
0.0
0.0
0.0
0.0
1.0
1.0
0.5
0.0
0.25
0.0
0.0
0.5
0.0
0.0
0.0
1.0
1.0
1.5
0.0
0.5
1.75
0.0
0.0
0.0
0.0
0.0
0.0
0.0
0.0
0.0
0.0
0.0
0.5
0.25
0.0
0.0
0.0
0.25
0.0
0.0
0.0
0.0
0.0
0.0
2.25
3.0
1.5
0.0
0.0
0.0
0.0
0.0
0.0
0.25
0.0
0.0
0.0
0.0
0.25
0.0
0.0
0.0
0.0
0.0
0.0
0.0
0.0
0.25
0.25
0.0
2.0
5.25
1.75
1.5
0.0
0.0
0.0
0.0
0.0
1.75
1.0
0.0
0.0
0.0
0.25
0.25
0.0
0.0
0.0
0.0
0.25
0.5
0.0
0.0
1.25
2.5
0.75
0.0
1.75
1.25
0.0
0.0
0.75
0.25
0.5
0.0
0.0
0.25
0.0
0.0
0.0
0.0
0.0
0.5
0.0
0.25
0.0
0.0
0.0
0.0
0.0
0.0
0.0
1.25
0.0
0.0
0.0
0.0
0.0
0.0
0.0
0.0
0.0
0.25
0.0
1.0
2.75
1.25

Average_Alpha:
0.25001
0.25005
0.2500900000000001
0.2501300000000001
0.25017000000000017
0.25021000000000015
0.2502500000000003
0.25029000000000023
0.25033000000000033
0.2503700000000003
0.2504100000000004
0.2504500000000004
0.25049000000000055
0.2505300000000005
0.25057000000000057
0.2506100000000005
0.25065000000000065
0.25069000000000063
0.25073000000000073
0.2507700000000007
0.2508100000000008
0.25085000000000074
0.2508900000000009
0.2509300000000009
0.25097000000000097
0.25101000000000095
0.25105000000000105
0.25109000000000103
0.25113000000000113
0.2511700000000011
0.2512100000000012
0.2512500000000012
0.25128000000000134
0.2511900000000013
0.2510200000000014
0.25096000000000135
0.2510000000000015
0.25104000000000143
0.2510800000000016
0.25112000000000156
0.2511600000000016
0.2512000000000016
0.25124000000000174
0.25128000000000167
0.25132000000000176
0.25136000000000175
0.2514000000000019
0.25141000000000185
0.25145000000000195
0.25149000000000193
0.25153000000000203
0.25157000000000196
0.2516100000000021
0.2516500000000021
0.2516900000000022
0.2517300000000022
0.25176000000000226
0.2516900000000022
0.25157000000000235
0.25156000000000234
0.25160000000000243
0.2516400000000024
0.2516800000000025
0.2516400000000025
0.25165000000000254
0.2516900000000026
0.2517300000000026
0.2517700000000026
0.25181000000000275
0.2518500000000027
0.25189000000000283
0.2519300000000028
0.25197000000000286
0.2520100000000029
0.252050000000003
0.252090000000003
0.2521300000000031
0.252170000000003
0.25221000000000315
0.25225000000000314
0.2522800000000032
0.2523200000000032
0.2523000000000033
0.2522200000000033
0.2521900000000034
0.25219000000000336
0.2521400000000035
0.25183000000000344
0.2510100000000035
0.24979000000000354
0.2480700000000036
0.24665000000000362
0.24546000000000368
0.24479000000000373
0.24415000000000378
0.24323000000000378
0.24214000000000385
0.24127000000000384
0.24076000000000392
0.24063000000000395
0.24058000000000399
0.24051000000000403
0.24053000000000407
0.24057000000000411
0.24061000000000413
0.2406500000000042
0.24068000000000422
0.24065000000000425
0.2406100000000043
0.24061000000000432
0.2405600000000044
0.2405900000000044
0.24063000000000448
0.24067000000000452
0.24071000000000456
0.24072000000000457
0.24076000000000466
0.24080000000000468
0.2408300000000047
0.24081000000000474
0.2408000000000048
0.2407700000000048
0.24071000000000486
0.2406900000000049
0.24073000000000497
0.24077000000000498
0.240810000000005
0.2408500000000051
0.2408900000000051
0.2409300000000051
0.2409700000000052
0.24101000000000522
0.24102000000000526
0.24099000000000528
0.24081000000000535
0.2406200000000054
0.2403700000000054
0.24028000000000546
0.23998000000000547
0.23971000000000556
0.23954000000000558
0.2393500000000056
0.23916000000000565
0.2389500000000057
0.23863000000000573
0.23830000000000576
0.2381600000000058
0.23796000000000586
0.23773000000000588
0.23747000000000593
0.23715000000000597
0.237150000000006
0.2371900000000061
0.2372300000000061
0.23727000000000614
0.23731000000000618
0.23735000000000622
0.23739000000000623
0.23743000000000627
0.23747000000000634
0.23751000000000635
0.23755000000000642
0.23758000000000645
0.2375900000000065
0.23763000000000653
0.2376700000000066
0.23771000000000664
0.23775000000000665
0.2377800000000067
0.23782000000000675
0.2378600000000068
0.2379000000000068
0.23794000000000687
0.2379800000000069
0.23802000000000695
0.238050000000007
0.23809000000000702
0.23812000000000705
0.2381600000000071
0.23820000000000716
0.23824000000000717
0.2382700000000072
0.23831000000000727
0.2383500000000073
0.23839000000000735
0.23843000000000739
0.23847000000000743
0.23850000000000748
0.23847000000000748
0.23845000000000752
0.2384600000000076
0.23831000000000763
0.23797000000000768
0.2375800000000077
0.23735000000000775
0.23708000000000778
0.2368500000000078
0.23646000000000789
0.2362300000000079
0.23591000000000795
0.235580000000008
0.23534000000000802
0.23520000000000807
0.2350100000000081
0.23475000000000812
0.2345400000000082
0.23437000000000818
0.23413000000000828
0.2339700000000083
0.23391000000000836
0.23386000000000837
0.23370000000000843
0.23356000000000848
0.2334500000000085
0.23347000000000853
0.23351000000000857
0.2335200000000086
0.23355000000000864
0.2335900000000087
0.23363000000000872
0.23366000000000878
0.2336100000000088
0.23349000000000888
0.2335300000000089
0.2335700000000089
0.23361000000000898
0.23365000000000902
0.23369000000000903
0.23373000000000912
0.23377000000000914
0.23381000000000918
0.23385000000000924
0.23388000000000925
0.2338300000000093
0.23386000000000934
0.23389000000000937
0.23391000000000942
0.23395000000000943
0.2339900000000095
0.23401000000000954
0.23399000000000955
0.2340100000000096
0.23403000000000967
0.2340700000000097
0.23406000000000973
0.2340600000000098
0.2341000000000098
0.23414000000000987
0.23414000000000987
0.23418000000000996
0.23417000000000995
0.23413000000001
0.23402000000001008
0.2337800000000101
0.23340000000001015
0.2329600000000102
0.23260000000001022
0.23234000000001026
0.23172000000001028
0.23096000000001032
0.23025000000001034
0.2297900000000104
0.22940000000001043
0.22890000000001048
0.22854000000001054
0.2283100000000106
0.2277500000000106
0.22741000000001066
0.2272800000000107
0.22700000000001075
0.2269000000000108
0.2264500000000108
0.22587000000001087
0.22561000000001086
0.22542000000001092
0.225330000000011
0.225170000000011
0.22506000000001106
0.22498000000001112
0.22480000000001116
0.22476000000001117
0.2247300000000112
0.22468000000001126
0.2245500000000113
0.22454000000001134
0.22439000000001136
0.2240800000000114
0.22383000000001146
0.2236300000000115
0.22339000000001155
0.2231200000000116
0.2226800000000116
0.22212000000001167
0.22141000000001168
0.2213000000000117
0.2212500000000118
0.2210800000000118
0.22083000000001182
0.2206200000000119
0.22051000000001192
0.22021000000001198
0.21995000000001202
0.21963000000001204
0.21957000000001206
0.21952000000001212
0.21918000000001217
0.2187900000000122
0.21847000000001224
0.21778000000001227
0.2173700000000123
0.21716000000001237
0.2170200000000124
0.21687000000001244
0.2168200000000125
0.2167700000000125
0.21675000000001257
0.2167400000000126
0.21664000000001263
0.21635000000001267
0.21623000000001272
0.21616000000001276
0.2160600000000128
0.21585000000001284
0.21555000000001287
0.2152500000000129
0.21515000000001294
0.215050000000013
0.21479000000001303
0.2143600000000131
0.21405000000001315
0.21374000000001314
0.21354000000001322
0.21330000000001323
0.21319000000001326
0.2130500000000133
0.21279000000001339
0.21262000000001338
0.21257000000001347
0.2124100000000135
0.21231000000001354
0.21208000000001356
0.21159000000001363
0.21090000000001363
0.21026000000001369
0.20975000000001373
0.20935000000001378
0.2090900000000138
0.20886000000001384
0.20857000000001386
0.20836000000001392
0.20804000000001394
0.20788000000001397
0.20777000000001405
0.20763000000001408
0.20754000000001413
0.20716000000001414
0.20684000000001418
0.20652000000001425
0.20639000000001428
0.2062700000000143
0.20624000000001433
0.20613000000001439
0.20605000000001444
0.20602000000001447
0.2058900000000145
0.20557000000001455
0.2054500000000146
0.20526000000001465
0.20504000000001468
0.20488000000001472
0.20469000000001478
0.2045300000000148
0.20446000000001482
0.20434000000001487
0.20412000000001493
0.20375000000001495
0.20349000000001496
0.20326000000001504
0.2030300000000151
0.20295000000001512
0.20292000000001514
0.2029100000000152
0.20287000000001523
0.20270000000001528
0.20249000000001532
0.20242000000001537
0.20237000000001537
0.20227000000001544
0.20211000000001547
0.20174000000001552
0.20155000000001555
0.20133000000001558
0.20118000000001565
0.20097000000001566
0.2008400000000157
0.20070000000001575
0.20058000000001577
0.20031000000001584
0.19979000000001587
0.19925000000001591
0.19897000000001594
0.19891000000001596
0.19888000000001602
0.19881000000001608
0.19874000000001613
0.19856000000001614
0.1983100000000162
0.19800000000001625
0.19780000000001627
0.1976100000000163
0.19755000000001635
0.19751000000001642
0.19748000000001645
0.1974400000000165
0.19737000000001648
0.19725000000001655
0.19703000000001658
0.19690000000001665
0.19675000000001666
0.1966600000000167
0.19662000000001673
0.19643000000001679
0.1963500000000168
0.19626000000001687
0.1961100000000169
0.19574000000001696
0.19552000000001699
0.19544000000001702
0.19546000000001706
0.1953200000000171
0.19519000000001716
0.1950400000000172
0.19501000000001723
0.19493000000001726
0.1949200000000173
0.19467000000001733
0.1944800000000174
0.19441000000001743
0.19429000000001748
0.1942400000000175
0.19418000000001753
0.1941600000000176
0.19411000000001763
0.19405000000001765
0.1940400000000177
0.19394000000001774
0.19383000000001777
0.19372000000001782
0.1936500000000179
0.19353000000001788
0.19343000000001792
0.19329000000001798
0.19306000000001802
0.19300000000001805
0.1928800000000181
0.19278000000001813
0.19277000000001818
0.1927400000000182
0.19266000000001823
0.1925300000000183
0.19239000000001835
0.19225000000001835
0.19224000000001842
0.19221000000001845
0.1921700000000185
0.19217000000001855
0.19201000000001858
0.1917700000000186
0.19157000000001864
0.19139000000001868
0.19133000000001874
0.19123000000001877
0.1912500000000188
0.19127000000001884
0.1912100000000189
0.1911600000000189
0.19102000000001898
0.19088000000001898
0.19065000000001903
0.19048000000001905
0.19041000000001912
0.19034000000001916
0.19032000000001917
0.19024000000001923
0.19021000000001925
0.1901500000000193
0.19009000000001935
0.1899900000000194
0.18989000000001943
0.18979000000001947
0.1896800000000195
0.18956000000001955
0.18940000000001958
0.18932000000001964
0.18931000000001966
0.1890500000000197
0.18896000000001975
0.18888000000001978
0.18878000000001982
0.18873000000001985
0.18870000000001988
0.18857000000001994
0.18845000000002
0.18848000000002002
0.18852000000002006
0.18856000000002007
0.18860000000002014
0.18864000000002015
0.18868000000002022
0.18872000000002026
0.1887600000000203
0.18880000000002037
0.18884000000002038
0.1888800000000204
0.1889200000000205
0.1889600000000205
0.18900000000002054
0.18904000000002058
0.18908000000002062
0.18912000000002063
0.18916000000002073
0.18920000000002074
0.18924000000002075
0.1892800000000208
0.18932000000002086
0.1893500000000209
0.18939000000002093
0.18943000000002097
0.189470000000021
0.18951000000002105
0.1895500000000211
0.18959000000002113
0.18963000000002114
0.1896700000000212
0.18971000000002125
0.1897500000000213
0.1897600000000213
0.18980000000002137
0.1898400000000214
0.18988000000002142
0.18992000000002146
0.18996000000002153
0.19000000000002154
0.19004000000002158
0.19008000000002165
0.19012000000002166
0.19016000000002173
0.19020000000002177
0.19024000000002178
0.19028000000002185
0.1903200000000219
0.1903600000000219
0.19040000000002197
0.190440000000022
0.19048000000002202
0.19051000000002205
0.1905400000000221
0.19058000000002215
0.1906200000000222
0.19066000000002226
0.19070000000002227
0.1907300000000223
0.19075000000002235
0.1907900000000224
0.1908300000000224
0.19087000000002247
0.19091000000002248
0.19095000000002255
0.19098000000002258
0.19102000000002262
0.19106000000002268
0.1910800000000227
0.19112000000002274
0.19116000000002276
0.19120000000002285
0.19124000000002286
0.19128000000002288
0.19132000000002292
0.19136000000002298
0.191400000000023
0.19144000000002306
0.1914800000000231
0.19152000000002312
0.19156000000002316
0.19160000000002322
0.19164000000002324
0.1916800000000233
0.19172000000002334
0.19176000000002338
0.19180000000002342
0.19184000000002346
0.19188000000002348
0.19192000000002352
0.19196000000002356
0.1920000000000236
0.19204000000002366
0.19208000000002368
0.19212000000002374
0.19216000000002378
0.1922000000000238
0.19222000000002384
0.19226000000002388
0.19230000000002395
0.19234000000002396
0.19238000000002398
0.19242000000002404
0.19246000000002408
0.1925000000000241
0.1925400000000242
0.1925800000000242
0.19262000000002424
0.19266000000002428
0.19270000000002432
0.19274000000002434
0.19278000000002438
0.19282000000002444
0.1928200000000245
0.1928200000000245
0.19284000000002455
0.1928800000000246
0.19291000000002465
0.19295000000002466
0.1929900000000247
0.19301000000002477
0.19305000000002479
0.19309000000002483
0.1931300000000249
0.1931300000000249
0.19313000000002495
0.19311000000002498
0.19315000000002505
0.19317000000002507
0.19314000000002512
0.19318000000002514
0.1932200000000252
0.19326000000002522
0.19330000000002528
0.19334000000002532
0.19338000000002534
0.1934200000000254
0.19346000000002542
0.19350000000002546
0.1935400000000255
0.19358000000002556
0.19360000000002558
0.19363000000002564
0.19367000000002568
0.19371000000002572
0.19375000000002576
0.19378000000002582
0.19382000000002583
0.19386000000002587
0.19390000000002588
0.19394000000002595
0.193980000000026
0.194020000000026
0.19397000000002607
0.1938900000000261
0.19387000000002616
0.1939100000000262
0.1939500000000262
0.19399000000002628
0.19403000000002632
0.19407000000002633
0.1941100000000264
0.19414000000002643
0.19418000000002647
0.1942200000000265
0.19426000000002655
0.1943000000000266
0.19433000000002665
0.19437000000002666
0.1944100000000267
0.19445000000002677
0.19449000000002678
0.1945300000000268
0.19457000000002686
0.1946100000000269
0.19465000000002694
0.194680000000027
0.19471000000002703
0.19475000000002707
0.19471000000002708
0.19454000000002714
0.1945100000000272
0.19449000000002722
0.19453000000002726
0.1945700000000273
0.19461000000002734
0.19465000000002738
0.1946900000000274
0.19466000000002745
0.1946600000000275
0.19470000000002755
0.19474000000002759
0.19478000000002763
0.19481000000002766
0.1948400000000277
0.19488000000002773
0.19492000000002777
0.1949600000000278
0.19500000000002785
0.19503000000002788
0.19505000000002795
0.195090000000028
0.19513000000002803
0.19512000000002805
0.1950600000000281
0.19507000000002814
0.19511000000002818
0.19508000000002823
0.19507000000002825
0.1951100000000283
0.19515000000002833
0.19516000000002837
0.19519000000002842
0.19521000000002847
0.19525000000002848
0.19529000000002852
0.19532000000002858
0.1953600000000286
0.19540000000002863
0.1954400000000287
0.19548000000002871
0.1955200000000288
0.1955400000000288
0.19558000000002887
0.1956100000000289
0.19565000000002894
0.19569000000002898
0.19573000000002902
0.19577000000002906
0.1958100000000291
0.19585000000002914
0.19589000000002915
0.19588000000002923
0.19592000000002924
0.1959600000000293
0.19600000000002932
0.19604000000002939
0.19608000000002943
0.19612000000002944
0.19616000000002948
0.19620000000002955
0.19624000000002956
0.1962700000000296
0.19631000000002968
0.19631000000002968
0.19624000000002975
0.19623000000002974

Avalanche_Distribution:
45
3
33
11
1
1263
16
14
3
35
466
4
1
1
1
1
15
597
4
26
11
1
1
1
9
3
9
4
1059
409
536
8
1219
424
931
77
383
16
123
127
150
124
1
3
2
3
1
2
2
10
1
2
14
9
2
1
1
27
1
1
2
42
11
1
1
1
2
18
12
3
2
1
1
2
1
2
3
1
20
