
Branching_global:
1.0399999999999998
1.040000403000011
1.0400008000000216
1.0400011990000328
1.0400015970000436
1.0400019970000545
1.0400024000000654
1.0400028000000765
1.040003200000087
1.0400036030000983
1.040003965000109
1.04000437500012
1.0400047590001307
1.0400051630001417
1.0400055630001526
1.0400059610001635
1.0400063690001742
1.0400067650001852
1.0400071600001959
1.0400075780002072
1.040007963000218
1.0400083550002286
1.0400087640002396
1.0400091590002507
1.0400095480002616
1.0400099600002726
1.0400103630002833
1.0400107670002943
1.0400111680003048
1.040011568000316
1.0400119610003267
1.0400123550003377
1.0400127480003485
1.0400131610003596
1.0400135470003704
1.0400139570003815
1.0400142930003922
1.040014717000403
1.0400151070004138
1.0400154880004249
1.0400158880004355
1.0400163040004469
1.0400167030004572
1.0400171080004685
1.040017496000479
1.0400179040004904
1.040018310000501
1.040018720000512
1.0400191170005229
1.0400194990005338
1.0400199010005444
1.0400203070005554
1.0400207200005662
1.0400210970005774
1.040021492000588
1.0400219040005994
1.0400222950006097
1.0400226870006208
1.0400231120006318
1.0400235090006429
1.0400239110006535
1.0400243260006645
1.0400246880006754
1.0400251060006862
1.040025502000697
1.0400259160007082
1.0400262960007187
1.0400267040007298
1.0400271070007405
1.0400275110007517
1.0400279120007623
1.0400282890007737
1.040028693000784
1.0400291000007953
1.0400294800008059
1.0400298930008172
1.0400302980008278
1.040030691000839
1.0400310850008496
1.0400315020008606
1.040031897000871
1.0400323000008824
1.040032702000893
1.0400330820009043
1.0400334860009148
1.040033879000926
1.0400343070009366
1.0400346380009478
1.0400350600009582
1.0400354680009696
1.04003585600098
1.0400362450009915
1.0400366770010019
1.0400370620010133
1.0400374670010237
1.0400378720010348
1.0400382490010456
1.0400386690010568
1.0400390460010673
1.0400394480010786

Autocorrelation:
0.025496731691028476
0.025496479786269947
0.025496231636917048
0.025495982242403396
0.02549573347789487
0.02549548346830028
0.025495231588689413
0.025494981589130557
0.02549473159457108
0.025494479730107072
0.02549425349389678
0.02549399726445973
0.025493757288480943
0.025493504818725886
0.025493254853694445
0.025493006143448595
0.025492751189337907
0.02549250373884952
0.02549225691811576
0.025491995730848906
0.025491755168457017
0.02549151023695993
0.02549125468854943
0.025491007892475884
0.025490764849965514
0.0254905074424855
0.025490255663112586
0.025490003264067036
0.025489752744311835
0.02548950285429587
0.025489257342220593
0.02548901121027312
0.0254887657078544
0.025488507716870317
0.025488266596938827
0.025488010490188995
0.02548780061149565
0.025487535769604344
0.025487292169988914
0.025487054196487367
0.025486804360417063
0.0254865445362015
0.025486295334877573
0.025486042391246286
0.02548580006980357
0.025485545262632553
0.02548529170967368
0.02548503566387616
0.02548478774160274
0.025484549191312315
0.025484298156395784
0.025484044628737365
0.025483786735189674
0.025483551326112536
0.02548330468210267
0.025483047428220544
0.02548280329169167
0.025482558535560123
0.025482293180375176
0.02548204531250381
0.025481794327881117
0.025481535232128486
0.025481309230099083
0.025481048271515795
0.025480801052621627
0.025480542601734754
0.025480305380988073
0.025480050685831715
0.02547979911703627
0.02547954692908418
0.025479296618848735
0.02547906129434689
0.02547880912128696
0.025478555080800665
0.025478317897785648
0.025478060122404424
0.02547780734541603
0.025477562063004756
0.02547731616129943
0.025477055910198082
0.025476809394370362
0.025476557890829518
0.025476307016411577
0.02547606987607041
0.025475817763382157
0.025475572520029532
0.025475305441143403
0.025475098895731418
0.025474835570885816
0.025474580987212194
0.025474338887943638
0.025474096169417208
0.025473826626350504
0.025473586413471114
0.025473333726986944
0.025473081045613775
0.025472845838163255
0.02547258380855357
0.02547234861046584
0.025472097820566714

Average_Activity:
0.25
0.0
0.0
0.0
0.0
0.0
0.0
0.0
0.0
0.0
0.0
0.0
0.0
0.0
0.0
0.0
0.0
0.0
0.0
0.0
0.0
0.0
0.0
0.0
0.0
0.0
0.0
0.0
0.0
0.0
0.0
0.0
0.0
0.0
0.0
0.0
0.0
0.0
0.0
0.0
0.0
0.0
0.0
0.0
0.0
0.0
0.0
0.0
0.0
0.0
0.0
0.0
0.0
0.0
0.0
0.0
0.0
0.0
0.0
0.0
0.0
0.0
0.0
0.0
0.0
0.0
0.0
0.0
0.0
0.0
0.0
0.0
0.0
0.0
0.0
0.0
0.0
0.0
0.0
0.0
0.0
0.0
0.0
0.0
0.0
0.0
0.0
0.0
0.0
0.0
0.0
0.0
0.0
0.0
0.0
0.0
0.0
0.0
0.0
0.0
0.0
0.0
0.0
0.0
0.0
0.0
0.0
0.0
0.0
0.0
0.0
0.0
0.0
0.0
0.0
0.0
0.0
0.0
0.0
0.0
0.0
0.0
0.0
0.0
0.0
0.0
0.0
0.0
0.0
0.0
0.0
0.0
0.0
0.0
0.0
0.0
0.0
0.0
0.0
0.0
0.0
0.0
0.0
0.0
0.0
0.0
0.0
0.0
0.0
0.0
0.0
0.0
0.0
0.0
0.0
0.0
0.0
0.0
0.0
0.0
0.0
0.0
0.0
0.0
0.0
0.0
0.0
0.0
0.0
0.0
0.0
0.0
0.0
0.0
0.0
0.0
0.0
0.0
0.0
0.0
0.0
0.0
0.0
0.0
0.0
0.0
0.0
0.0
0.0
0.0
0.0
0.0
0.0
0.0
0.0
0.0
0.0
0.0
0.0
0.0
0.0
0.0
0.0
0.0
0.0
0.0
0.0
0.0
0.0
0.0
0.0
0.0
0.0
0.0
0.0
0.0
0.0
0.0
0.0
0.0
0.0
0.0
0.0
0.0
0.0
0.0
0.0
0.0
0.0
0.0
0.0
0.0
0.0
0.0
0.0
0.0
0.0
0.0
0.0
0.0
0.0
0.0
0.0
0.0
0.0
0.0
0.0
1.5
0.5
0.0
0.0
0.0
0.0
0.0
0.0
0.0
0.0
0.0
0.0
0.0
0.0
0.0
0.0
0.0
0.0
0.0
0.0
0.0
0.0
0.0
0.0
0.0
0.0
0.0
0.0
0.0
0.0
0.0
0.0
0.0
0.25
0.0
0.0
0.0
0.0
0.0
0.0
0.0
0.0
0.0
0.0
0.0
0.0
0.0
0.0
0.0
0.0
0.0
0.0
0.0
0.0
0.0
0.0
0.0
0.0
0.0
0.0
0.0
0.0
0.0
0.0
0.0
0.0
0.0
0.0
0.0
0.0
0.0
0.0
0.0
0.0
0.0
0.0
0.0
0.0
0.0
0.0
0.0
0.0
0.0
0.0
0.0
0.0
0.0
0.0
0.0
0.0
0.0
0.0
0.0
0.0
0.0
0.0
0.0
0.0
0.0
0.0
0.0
0.0
0.0
0.0
0.0
0.0
0.0
0.0
0.0
0.0
0.0
0.0
0.0
0.0
0.0
0.0
0.0
0.0
0.0
0.0
0.0
0.0
0.0
0.0
0.0
0.0
0.0
0.0
0.0
0.0
0.0
0.0
0.0
0.0
0.0
0.0
0.0
0.0
0.0
0.0
0.0
0.0
0.0
0.0
0.0
0.0
0.0
0.0
0.0
0.0
0.0
0.0
0.0
0.0
0.0
0.0
0.0
0.0
0.0
0.0
0.0
0.0
0.0
0.0
0.0
0.0
0.0
0.0
0.0
0.0
0.0
0.0
0.0
0.0
0.0
0.0
0.0
0.0
0.0
0.0
0.0
0.0
0.0
0.0
0.0
0.0
0.0
0.0
0.0
0.0
0.0
0.0
0.0
0.0
0.0
0.0
0.0
0.0
0.0
0.0
0.0
0.0
0.0
0.0
0.0
0.0
0.0
0.0
0.0
0.0
0.0
0.0
0.0
0.0
0.0
0.0
0.0
0.0
0.0
0.0
0.0
0.0
0.0
0.0
0.0
0.0
0.0
0.0
0.0
0.0
0.0
0.0
0.0
0.0
0.0
0.0
0.0
0.0
0.0
0.0
0.0
0.0
0.0
0.0
0.0
0.0
0.0
0.0
0.0
0.0
0.0
0.0
0.0
0.0
0.0
0.0
0.0
0.0
0.0
0.0
0.0
0.0
0.0
0.0
0.0
0.0
0.0
0.0
0.0
0.0
0.0
0.0
0.0
0.0
0.0
0.0
0.0
0.0
0.0
0.0
0.0
0.0
0.0
0.0
0.0
0.0
0.0
0.0
0.0
0.0
0.0
0.0
0.0
0.0
0.0
0.0
0.0
0.0
0.0
0.0
0.0
0.0
0.0
0.0
0.0
0.0
0.0
0.0
0.0
0.0
0.0
0.0
0.0
0.0
0.0
0.0
0.0
0.0
0.0
0.0
0.0
0.0
0.0
0.0
0.0
0.0
0.0
0.0
0.0
0.0
0.0
0.0
0.0
0.0
0.0
0.0
0.0
0.0
0.0
0.0
0.0
0.0
0.0
0.0
0.0
0.0
0.0
0.0
0.0
0.0
0.0
0.0
0.0
0.0
0.0
0.0
0.0
0.0
0.0
0.0
0.0
0.0
0.0
0.0
0.0
0.0
0.0
0.0
0.0
0.0
0.0
0.0
0.0
0.0
0.0
0.0
0.0
0.0
0.0
0.0
0.0
0.0
0.0
0.0
0.0
0.0
0.0
0.0
0.0
0.0
0.0
0.0
0.0
0.0
0.0
0.0
0.0
0.0
0.0
0.0
0.0
0.0
0.0
0.0
0.0
0.0
0.0
0.0
0.0
0.0
0.0
0.0
0.0
0.0
0.0
0.0
0.0
0.0
0.0
0.0
0.0
0.0
0.0
0.0
0.0
0.0
0.0
0.0
0.0
0.0
0.0
0.0
0.0
0.0
0.0
0.0
0.0
0.0
0.0
0.0
0.0
0.0
0.0
0.0
0.0
0.0
0.0
0.0
0.0
0.0
0.0
0.0
0.0
0.0
0.0
0.0
0.0
0.0
0.0
0.0
0.0
0.0
0.0
0.0
0.0
0.0
0.0
0.0
0.0
0.0
0.0
0.0
0.0
0.0
0.0
0.0
0.0
0.0
0.0
0.0
0.0
0.0
0.0
0.0
0.0
0.0
0.0
0.0
0.0
0.0
0.0
0.0
0.0
0.0
0.0
0.0
0.0
0.25
0.25
0.0
0.0
0.0
0.0
0.0
0.0
0.0
0.0
0.0
0.0
0.0
0.0
0.0
0.0
0.0
0.0
0.0
0.0
0.0
0.0
0.0
0.0
0.0
0.0
0.0
0.0
0.0
0.0
0.0
0.0
0.0
0.0
0.0
0.0
0.0
0.0
0.0
0.0
0.0
0.0
0.0
0.0
0.0
0.0
0.0
0.0
0.0
0.0
0.0
0.0
0.0
0.0
0.0
0.0
0.0
0.0
0.0
0.0
0.0
0.0
0.0
0.0
0.0
0.0
0.0
0.0
0.0
0.0
0.0
0.0
0.0
0.0
0.0
0.0
0.0
0.0
0.0
0.0
0.0
0.0
0.0
0.0
0.0
0.0
0.0
0.0
0.0
0.0
0.0
0.0
0.0
0.0
0.0
0.0
0.0
0.0
0.0
0.0
0.0
0.0
0.0
0.0
0.0
0.0
0.0
0.0
0.0
0.0
0.0
0.0
0.0
0.0
0.0
0.0
0.0
0.0
0.0
0.0
0.0
0.0
0.0
0.0
0.0
0.0
0.0
0.0
0.0
0.0
0.0
0.0
0.0
0.0
0.0
0.0
0.0
0.5
2.0
0.5
0.0
0.0
0.0
0.0
0.0
0.0
0.0
0.0
0.0
0.0
0.0
0.0
0.0
0.0
0.0
0.0
0.0
0.0
0.0
0.0
0.0
0.0
0.0
0.0
0.0
0.0
0.0
0.0
0.0
0.0
0.0
0.0
0.0
0.0
0.0
0.0
0.0
0.0
0.0
0.0
0.0
0.0
0.0
0.0
0.0
0.0
0.0
0.0
0.0
0.0
0.0
0.0
0.0
0.0
0.0
0.0
0.0
0.0
0.0
0.0
0.0
0.0
0.0
0.0
0.0
0.0
0.0
0.0
0.0
0.0
0.0
0.0
0.0
0.0
0.0
0.0
0.0
0.0
0.0
0.0
0.0
0.0
0.0
0.0
0.0
0.0
0.0
0.0
0.0
0.0
0.0
0.0
0.0
0.0
0.0
0.0
0.0
0.0
0.0
0.0
0.0
0.0
0.0
0.0
0.0
0.0
0.0
0.0
0.0
0.0
0.0
0.0
0.0
0.0
0.0
0.0
0.0
0.0
0.0
0.0
0.0
0.0
0.0
0.0
0.0
0.0
0.0
0.0
0.0
0.0
0.0
0.0
0.0
0.0
0.0
0.0
0.0
0.0
0.0
0.0
0.0
0.0
0.0
0.0
0.0
0.0
0.0
0.0
0.0
0.0
0.0
0.0
0.0
0.0
0.0
0.0
0.0
0.0
0.0
0.0
0.0
0.0
0.0
0.0
0.0
0.0
0.0
0.0
0.0
0.0
0.0
0.0
0.0
0.0
0.0
0.0
0.0
0.0
0.0
0.0
0.0
0.0
0.0
0.0
0.0
0.0
0.0
0.0
0.0
0.0
0.0
0.0
0.0
0.0
0.0
0.0
0.0
0.0
0.0
0.0
0.0
0.0
0.0
0.0
0.0
0.0
0.0
0.0
0.0
0.0
0.0
0.0
0.0
0.0
0.0
0.0
0.0
0.0
0.0
0.0
0.0
0.0
0.0
0.0
0.0
0.0
0.0
0.0
0.0
0.0
0.0
0.0
0.0
0.0
0.0
0.0
0.0
0.0
0.0
0.0
0.0
0.0
0.0
0.0
0.0
0.0
0.0
0.0
0.0
0.0
0.0
0.0
0.0
0.0
0.0
0.0
0.0
0.0
0.0
0.0
0.0
0.0
0.0
0.0
0.0
0.0
0.0
0.0
0.0
0.0
0.0
0.0
0.0
0.0
0.0
0.0
0.0
0.0
0.0
0.0
0.0
0.0
0.0
0.0
0.0
0.0
0.0
0.0
0.0
0.0
0.0
0.0
0.0
0.0
0.0
0.0
0.0
0.0
0.0
0.0
0.0
0.0
0.0
0.0
0.0
0.0
0.0
0.0
0.0
0.0
0.0
0.0
0.0
0.0
0.0
0.0
0.0
0.0
0.0
0.0
0.0
0.0
0.0
0.0
0.0
0.0
0.0
0.0
0.0
0.0
0.0
0.0
0.0
0.0
0.0
0.0
0.0
0.0
0.0
0.0
0.0
0.0
0.0
0.0
0.0
0.0
0.0
0.0
0.0
0.0
0.0
0.0
0.0
0.0
0.0
0.0
0.0
0.0
0.0
0.0
0.0
0.0
0.0
0.0
0.0
0.0
0.0
0.0
0.0
0.0
0.0
0.0
0.0
0.0
0.0
0.0
0.0
0.0
0.0
0.0
0.0
0.0
0.0
0.0
0.0
0.0
0.0
0.0
0.0
0.0
0.0
0.0
0.0
0.0
0.0
0.0
0.0
0.0
0.0
0.0
0.0
0.0
0.0
0.0
0.0
0.0
0.0
0.0
0.0
0.0
0.0
0.0
0.0
0.0
0.0
0.0
0.0
0.0
0.0
0.0
0.0
0.0
0.0
0.0
0.0
0.0
0.0
0.0
0.0
0.0
0.0
0.0
0.0
0.0
0.0
0.0
0.0
0.0
0.0
0.0
0.0
0.0
0.0
0.0
0.0
0.0
0.0
0.0
0.0
0.0
0.0
0.0
0.0
0.0
0.0
0.0
0.0
0.0
0.0
0.0
0.0
0.0
0.0
0.0
0.0
0.0
0.0
0.0
0.0
0.0
0.0
0.0
0.0
0.0
0.0
0.0
0.0
0.0
0.0
0.0
0.0
0.0
0.0
0.0
0.0
0.0
0.0
0.0
0.0
0.0
0.0
0.0
0.0
0.0
0.0
0.0
0.0
0.0
0.0
0.0
0.0
0.0
0.0
0.0
0.0
0.0
0.0
0.0
0.0
0.0
0.0
0.0
0.0
0.0
0.0
0.0
0.0
0.0
0.0
0.0
0.0
0.0
0.0
0.0
0.0
0.0
0.0
0.0
0.0
0.0
0.0
0.0
0.0
0.0
0.0
0.0
0.0
0.0
0.0
0.0
0.0
0.0
0.0
0.0
0.0
0.0
0.0
0.0
0.0
0.0
0.0
0.0
0.0
0.0
0.0
0.0
0.0
0.0
0.0
0.0
0.0
0.0
0.0
0.0
0.0
0.0
0.0
0.0
0.0
0.0
0.0
0.0
0.0
0.0
0.0
0.0
0.0
0.0
0.0
0.0
0.0
0.0
0.0
0.0
0.0
0.0
0.0
0.0
0.0
0.0
0.0
0.0
0.0
0.0
0.0
0.0
0.0
0.0
0.0
0.0
0.0
0.0
0.0
0.0
0.0
0.0
0.0
0.25
0.0
0.0
0.0
0.0
0.0
0.0
0.0
0.0
0.0
0.0
0.0
0.0
0.0
0.0
0.0
0.0
0.0
0.0
0.0
0.0
0.0
0.0
0.0
0.0
0.0
0.0
0.0
0.0
0.0
0.0
0.0
0.0
0.0
0.0
0.0
0.0
0.0
0.0
0.0
0.0
0.0
0.0
0.0
0.0
0.0
0.0
0.0
0.0
0.0
0.0
0.0
0.0
0.0
0.0
0.0
0.0
0.0
0.0
0.0
0.0
0.0
0.0
0.0
0.0
0.0
0.0
0.0
0.0
0.0
0.0
0.0
0.0
0.0
0.0
0.0
0.0
0.0
0.0
0.0
0.0
0.0
0.0
0.0
0.0
0.0
0.0
0.0
0.0
0.0
0.0
0.0
0.0
0.0
0.0
0.0
0.0
0.0
0.0
0.0
0.0
0.0
0.0
0.0
0.0
0.0
0.0
0.0
0.0
0.0
0.0
0.0
0.0
0.0
0.0
0.0
0.0
0.0
0.0
0.0
0.0
0.0
0.0
0.0
0.0
0.0
0.0
0.0
0.0
0.0
0.0
0.0
0.0
0.0
0.0
0.0
0.0
0.0
0.0
0.0
0.0
0.0
0.0
0.0
0.0
0.0
0.0
0.0
0.0
0.0
0.0
0.0
0.0
0.0
0.0
0.0
0.0
0.0
0.0
0.0
0.0
0.0
0.0
0.0
0.0
0.0
0.0
0.0
0.0
0.0
0.0
0.0
0.0
0.0
0.0
0.0
0.0
0.0
0.0
0.0
0.0
0.0
0.0
0.0
0.0
0.0
0.0
0.0
0.0
0.0
0.0
0.0
0.0
0.0
0.0
0.0
0.0
0.0
0.0
0.0
0.0
0.0
0.0
0.0
0.0
0.0
0.0
0.0
0.0
0.0
0.0
0.0
0.0
0.0
0.0
0.0
0.0
0.0
0.0
0.0
0.0
0.0
0.0
0.0
0.0
0.0
0.0
0.0
0.0
0.0
0.0
0.0
0.0
0.0
0.0
0.0
0.0
0.0
0.0
0.0
0.0
0.0
0.0
0.0
0.0
0.0
0.0
0.0
0.0
0.0
0.0
0.0
0.0
0.0
0.0
0.0
0.0
0.0
0.0
0.0
0.0
0.0
0.0
0.0
0.0
0.0
0.0
0.0
0.0
0.0
0.0
0.0
0.75
0.0
0.0
0.0
0.0
0.0
0.0
0.0
0.0
0.0
0.0
0.0
0.0
0.0
0.0
0.0
0.0
0.0
0.0
0.0
0.0
0.0
0.0
0.0
0.0
0.0
0.0
0.0
0.0
0.0
0.0
0.0
0.0
0.0
0.0
0.0
0.0
0.0
0.0
0.0
0.0
0.0
0.0
0.0
0.0
0.0
0.0
0.0
0.0
0.0
0.0
0.0
0.0
0.0
0.0
0.0
0.0
0.0
0.0
0.0
0.0
0.0
0.0
0.0
0.0
0.0
0.0
0.0
0.0
0.0
0.0
0.0
0.0
0.0
0.0
0.0
0.0
0.0
0.0
0.0
0.0
0.0
0.0
0.0
0.0
0.0
0.0
0.0
0.0
0.0
0.0
0.0
0.0
0.0
0.0
0.0
0.0
0.0
0.0
0.0
0.0
0.0
0.0
0.0
0.0
0.0
0.0
0.0
0.0
0.0
0.0
0.0
0.0
0.0
0.0
0.0
0.0
0.0
0.0
0.0
0.0
0.0
0.0
0.0
0.0
0.0
0.0
0.0
0.0
0.0
0.0
0.0
0.0
0.0
0.0
0.0
0.0
0.0
0.0
0.0
0.0
0.0
0.0
0.0
0.0
0.0
0.0
0.0
0.0
0.0
0.0
0.0
0.0
0.0
0.0
0.0
0.0
0.0
0.0
0.0
0.0
0.0
0.0
0.0
0.0
0.0
0.0
0.0
0.0
0.0
0.0
0.0
0.0
0.0
0.0
0.0
0.0
0.0
0.0
0.0
0.0
0.0
0.0
0.0
0.0
0.0
0.0
0.0
0.0
0.0
0.0
0.0
0.0
0.0
0.0
0.0
0.0
0.0
0.0
0.0
0.0
0.0
0.0
0.0
0.0
0.0
0.0
0.0
0.0
0.0
0.0
0.0
0.0
0.0
0.0
0.0
0.0
0.0
0.0
0.0
0.0
0.0
0.0
0.0
0.0
0.0
0.0
0.0
0.0
0.0
0.0
0.0
0.0
0.0
0.0
0.0
0.0
0.0
0.0
0.0
0.0
0.0
0.0
0.0
0.0
0.0
0.0
0.0
0.0
0.0
0.0
0.0
0.0
0.25
0.0
0.0
0.0
0.0
0.0
0.0
0.0
0.0
0.0
0.0
0.0
0.0
0.0
0.0
0.0
0.0
0.0
0.0
0.0
0.0
0.0
0.0
0.0
0.0
0.0
0.0
0.0
0.0
0.0
0.0
0.0
0.0
0.0
0.0
0.0
0.0
0.0
0.0
0.0
0.0
0.0
0.0
0.0
0.0
0.0
0.0
0.0
0.0
0.0
0.0
0.0
0.0
0.0
0.0
0.0
0.0
0.0
0.0
0.0
0.0
0.0
0.0
0.0
0.0
0.0
0.0
0.0
0.0
0.0
0.0
0.0
0.0
0.0
0.0
0.0
0.0
0.0
0.0
0.0
0.0
0.0
0.0
0.0
0.0
0.0
0.0
0.0
0.0
0.0
0.0
0.0
0.0
0.0
0.0
0.0
0.0
0.0
0.0
0.0
0.0
0.0
0.0
0.0
0.0
0.0
0.0
0.25
0.25
0.0
0.0
0.0
0.0
0.0
0.0
0.0
0.0
0.0
0.0
0.0
0.0
0.0
0.0
0.0
0.0
0.0
0.0
0.0
0.0
0.0
0.0
0.0
0.0
0.0
0.0
0.0
0.0
0.0
0.0
0.0
0.0
0.0
0.0
0.0
0.0
0.0
0.0
0.0
0.0
1.0
0.5
0.0
0.0
0.0
0.0
0.0
0.0
0.0
0.0
0.0
0.0
0.0
0.0
0.0
0.0
0.0
0.0
0.0
0.0
0.0
0.0
0.0
0.0
0.0
0.0
0.0
0.0
0.0
0.0
0.0
0.0
0.0
0.0
0.0
0.0
0.0
0.0
0.0
0.0
0.0
0.0
0.0
0.0
0.0
0.0
0.0
0.0
0.0
0.0
0.0
0.0
0.0
0.0
0.0
0.0
0.0
0.0
0.0
0.0
0.0
0.0
0.0
0.0
0.0
0.0
0.0
0.0
0.0
0.0
0.0
0.0
0.0
0.0
0.0
0.0
0.0
0.0
0.0
0.0
0.0
0.0
0.0
0.0
0.0
0.0
0.0
0.0
0.0
0.0
0.0
0.0
0.0
0.0
0.0
0.0
0.0
0.0
0.0
0.0
0.0
0.0
0.0
0.0
0.0
0.0
0.0
0.0
0.0
0.0
0.0
0.0
0.0
0.0
0.0
0.0
0.0
0.0
0.0
0.0
0.0
0.0
0.0
0.0
0.0
0.0
0.0
0.0
0.0
0.0
0.0
0.0
0.0
0.0
0.0
0.0
0.0
0.0
0.0
0.0
0.0
0.0
0.0
0.0
0.0
0.0
0.0
0.0
0.0
0.0
0.0
0.0
0.0
0.0
0.0
0.0
0.0
0.0
0.0
0.0
0.0
0.0
0.0
0.0
0.0
0.0
0.0
0.0
0.0
0.0
0.0
0.0
0.0
0.0
0.0
0.0
0.0
0.0
0.0
0.0
0.0
0.0
0.0
0.0
0.0
0.0
0.0
0.0
0.0
0.0
0.0
0.0
0.0
0.0
0.0
0.0
0.0
0.0
0.0
0.0
0.0
0.0
0.0
0.0
0.0
0.0
0.0
0.0
0.0
0.0
0.0
0.0
0.0
0.0
0.0
0.0
0.0
0.0
0.0
0.0
0.0
0.0
0.0
0.0
0.0
0.0
0.0
0.0
0.0
0.0
0.0
0.0
0.0
0.0
0.0
0.0
0.0
0.0
0.0
0.0
0.0
0.0
0.0
0.0
0.0
0.0
0.0
0.0
0.0
0.0
0.0
0.0
0.0
0.0
0.0
0.0
0.0
0.0
0.0
0.0
0.0
0.0
0.0
0.0
0.0
0.0
0.0
0.0
0.0
0.0
0.0
0.0
0.0
0.0
0.0
0.0
0.0
0.0
0.0
0.0
0.0
0.0
0.0
0.0
0.0
0.0
0.0
0.0
0.0
0.0
0.0
0.0
0.0
0.0
0.0
0.0
0.0
0.0
0.0
0.0
0.0
0.0
0.0
0.0
0.0
0.0
0.0
0.0
0.0
0.0
0.0
0.0
0.0
0.0
0.0
0.0
0.0
0.0
0.0
0.0
0.0
0.0
0.0
0.0
0.0
0.0
0.0
0.0
0.0
0.0
0.0
0.0
0.0
0.0
0.0

Average_Alpha:
0.26
0.2600000040000001
0.2600000080000002
0.26000001200000034
0.2600000160000004
0.2600000200000006
0.2600000240000006
0.2600000280000008
0.2600000320000008
0.26000003600000104
0.26000004000000104
0.26000004400000126
0.26000004800000126
0.2600000520000015
0.2600000560000014
0.26000006000000164
0.26000006400000175
0.26000006800000186
0.26000007200000197
0.2600000760000021
0.2600000800000022
0.2600000840000023
0.2600000880000024
0.2600000920000025
0.2600000960000026
0.2600001000000027
0.2600001040000028
0.260000108000003
0.260000112000003
0.2600001160000032
0.2600001200000032
0.26000012400000344
0.26000012800000344
0.26000013200000366
0.26000013600000366
0.2600001400000039
0.2600001440000038
0.26000014800000404
0.26000015200000415
0.26000015600000426
0.26000016000000437
0.2600001640000045
0.2600001680000046
0.26000017200000475
0.2600001760000048
0.26000018000000497
0.260000184000005
0.26000018800000513
0.2600001920000052
0.26000019600000535
0.2600002000000054
0.26000020400000556
0.2600002080000056
0.26000021200000584
0.2600002160000059
0.26000022000000605
0.2600002240000061
0.2600002280000063
0.26000023200000627
0.26000023600000643
0.2600002400000065
0.26000024400000665
0.2600002480000067
0.26000025200000687
0.260000256000007
0.2600002600000071
0.2600002640000072
0.2600002680000073
0.26000027200000736
0.2600002760000076
0.2600002800000076
0.2600002840000078
0.2600002880000078
0.260000292000008
0.260000296000008
0.26000030000000823
0.26000030400000823
0.26000030800000845
0.2600003120000084
0.2600003160000086
0.2600003200000087
0.26000032400000883
0.26000032800000894
0.26000033200000905
0.26000033600000916
0.26000034000000927
0.2600003440000094
0.2600003480000095
0.2600003520000096
0.26000035600000965
0.26000036000000976
0.26000036400001
0.26000036800001
0.2600003720000102
0.2600003760000102
0.2600003800000104
0.2600003840000104
0.26000038800001063
0.2600003920000106
0.26000039600001085
0.2600004000000108
0.260000404000011
0.2600004080000111
0.2600004120000112
0.26000041600001134
0.26000042000001145
0.26000042400001155
0.2600004280000117
0.26000043200001177
0.26000043600001194
0.260000440000012
0.2600004440000121
0.26000044800001215
0.2600004520000123
0.26000045600001237
0.26000046000001253
0.2600004640000126
0.2600004680000128
0.26000047200001286
0.260000476000013
0.2600004800000131
0.26000048400001324
0.26000048800001324
0.2600004920000134
0.26000049600001346
0.2600005000000136
0.2600005040000137
0.26000050800001384
0.26000051200001395
0.26000051600001406
0.26000052000001417
0.2600005240000143
0.26000052800001433
0.26000053200001455
0.26000053600001455
0.26000054000001477
0.26000054400001477
0.260000548000015
0.260000552000015
0.2600005560000152
0.2600005600000152
0.2600005640000154
0.26000056800001536
0.2600005720000156
0.2600005760000157
0.2600005800000158
0.2600005840000159
0.260000588000016
0.26000059200001613
0.26000059600001624
0.26000060000001635
0.26000060400001646
0.26000060800001656
0.2600006120000166
0.2600006160000167
0.26000062000001695
0.26000062400001694
0.26000062800001716
0.26000063200001716
0.2600006360000174
0.2600006400000174
0.2600006440000176
0.2600006480000176
0.2600006520000178
0.26000065600001776
0.260000660000018
0.2600006640000181
0.2600006680000182
0.2600006720000183
0.2600006760000184
0.2600006800000185
0.2600006840000187
0.26000068800001874
0.2600006920000189
0.26000069600001896
0.26000070000001907
0.2600007040000191
0.2600007080000193
0.26000071200001934
0.2600007160000195
0.26000072000001956
0.2600007240000198
0.26000072800001983
0.26000073200002
0.26000073600002005
0.2600007400000202
0.2600007440000202
0.2600007480000204
0.26000075200002043
0.2600007560000206
0.26000076000002065
0.2600007640000208
0.2600007680000209
0.26000077200002103
0.26000077600002114
0.26000078000002125
0.2600007840000213
0.2600007880000215
0.2600007920000215
0.26000079600002174
0.26000080000002174
0.26000080400002196
0.26000080800002195
0.2600008120000222
0.2600008160000222
0.2600008200000224
0.26000082400002233
0.26000082800002255
0.26000083200002266
0.2600008360000228
0.2600008400000229
0.260000844000023
0.2600008480000231
0.2600008520000232
0.2600008560000233
0.2600008600000234
0.26000086400002353
0.2600008680000236
0.2600008720000237
0.2600008760000239
0.2600008800000239
0.26000088400002414
0.26000088800002413
0.26000089200002435
0.26000089600002435
0.26000090000002457
0.26000090400002457
0.2600009080000248
0.26000091200002473
0.26000091600002495
0.26000092000002506
0.26000092400002517
0.2600009280000253
0.2600009320000254
0.2600009360000255
0.26000094000002566
0.2600009440000257
0.2600009480000259
0.26000095200002593
0.26000095600002604
0.2600009600000261
0.26000096400002626
0.2600009680000263
0.2600009720000265
0.26000097600002653
0.26000098000002675
0.2600009840000268
0.2600009820000269
0.260000984000027
0.26000098800002713
0.26000099200002724
0.2600009960000274
0.2600010000000274
0.26000100400002757
0.2600010080000276
0.2600010120000278
0.26000101600002784
0.260001020000028
0.2600010240000281
0.2600010280000282
0.26000103200002833
0.26000103600002844
0.26000104000002855
0.2600010440000286
0.2600010480000287
0.2600010520000288
0.26000105600002893
0.26000106000002915
0.26000106400002915
0.26000106800002937
0.26000107200002937
0.2600010760000296
0.2600010800000296
0.2600010840000298
0.2600010880000298
0.26000109200002997
0.26000109600003
0.2600011000000302
0.2600011040000303
0.2600011080000304
0.2600011110000305
0.2600011150000306
0.2600011190000307
0.2600011230000308
0.2600011270000309
0.260001131000031
0.26000113500003114
0.2600011390000313
0.26000114300003135
0.2600011470000316
0.2600011510000315
0.26000115500003174
0.26000115900003173
0.26000116300003195
0.260001167000032
0.26000117100003217
0.2600011750000322
0.2600011790000324
0.26000118300003244
0.2600011870000326
0.26000119100003266
0.26000119500003277
0.2600011990000328
0.26000120300003304
0.26000120700003304
0.26000121100003326
0.2600012150000333
0.2600012190000335
0.26000122300003353
0.2600012270000337
0.26000123100003375
0.2600012350000339
0.26000123900003397
0.2600012430000341
0.2600012470000342
0.26000125100003435
0.2600012550000344
0.26000125900003457
0.2600012630000346
0.2600012670000348
0.26000127100003484
0.260001275000035
0.26000127900003506
0.26000128300003517
0.2600012870000353
0.2600012910000354
0.2600012950000355
0.2600012990000356
0.2600013030000357
0.2600013070000358
0.26000131100003593
0.2600013150000361
0.26000131900003615
0.2600013230000363
0.2600013270000363
0.26000133100003653
0.2600013350000365
0.26000133900003675
0.2600013430000368
0.26000134700003696
0.260001351000037
0.2600013550000372
0.2600013590000373
0.2600013630000374
0.26000136700003745
0.26000137100003756
0.26000137500003767
0.2600013790000378
0.2600013830000379
0.260001387000038
0.2600013910000381
0.26000139500003827
0.2600013990000383
0.26000140300003854
0.2600014070000385
0.2600014110000387
0.2600014150000387
0.2600014190000389
0.260001423000039
0.26000142700003914
0.2600014310000392
0.26000143500003936
0.2600014390000394
0.2600014430000396
0.26000144700003963
0.26000145100003974
0.2600014550000398
0.26000145900004
0.26000146300004
0.26000146700004023
0.2600014710000403
0.26000147500004045
0.2600014790000405
0.26000148300004067
0.2600014870000407
0.2600014910000409
0.26000149500004094
0.26000149900004105
0.26000150300004116
0.2600015070000413
0.2600015110000414
0.26000151500004154
0.2600015190000416
0.26000152300004176
0.2600015270000418
0.260001531000042
0.26000153500004203
0.26000153900004214
0.26000154300004225
0.26000154700004235
0.26000155100004246
0.2600015550000426
0.2600015590000427
0.2600015630000428
0.2600015670000429
0.26000157100004306
0.2600015750000431
0.2600015790000433
0.2600015830000433
0.2600015870000435
0.2600015910000435
0.2600015950000437
0.26000159900004377
0.26000160300004393
0.260001607000044
0.26000161100004415
0.26000161500004426
0.26000161900004437
0.2600016230000444
0.26000162700004453
0.26000163100004464
0.26000163500004475
0.26000163900004486
0.26000164300004497
0.2600016470000451
0.26000165100004524
0.2600016550000453
0.2600016590000455
0.26000166300004546
0.2600016670000457
0.2600016710000457
0.2600016750000459
0.26000167900004595
0.2600016830000461
0.26000168700004617
0.26000169100004633
0.2600016950000464
0.26000169900004655
0.2600017030000466
0.2600017070000467
0.26000171100004676
0.260001715000047
0.260001719000047
0.2600017230000472
0.26000172700004726
0.2600017310000474
0.2600017350000475
0.26000173900004764
0.2600017430000477
0.26000174700004786
0.2600017510000479
0.260001755000048
0.2600017590000481
0.2600017630000483
0.26000176700004834
0.2600017710000485
0.26000177500004856
0.2600017790000487
0.2600017830000488
0.26000178700004895
0.260001791000049
0.2600017950000491
0.2600017990000492
0.2600018030000493
0.26000180700004943
0.26000181100004954
0.26000181500004965
0.26000181900004976
0.26000182300004987
0.26000182700005003
0.2600018310000501
0.26000183500005025
0.26000183900005025
0.26000184300005047
0.26000184700005047
0.2600018510000507
0.26000185500005074
0.2600018590000509
0.26000186300005096
0.2600018670000511
0.26000187100005123
0.26000187500005134
0.2600018790000514
0.2600018830000515
0.2600018870000516
0.2600018910000517
0.26000189500005183
0.26000189900005194
0.26000190300005205
0.2600019070000522
0.26000191100005227
0.2600019150000525
0.26000191900005243
0.26000192300005265
0.26000192700005265
0.26000193100005287
0.2600019350000529
0.2600019390000531
0.26000194300005314
0.2600019470000533
0.26000195100005336
0.2600019550000535
0.2600019590000536
0.2600019630000537
0.26000196700005374
0.26000197100005396
0.26000197500005395
0.2600019790000542
0.2600019830000542
0.2600019870000544
0.26000199100005444
0.2600019950000546
0.26000199900005466
0.2600020030000548
0.2600020070000549
0.260002011000055
0.2600020150000551
0.26000201900005526
0.2600020230000553
0.2600020270000555
0.26000203100005553
0.2600020350000557
0.26000203900005575
0.2600020430000559
0.26000204700005597
0.2600020510000561
0.2600020550000562
0.2600020590000563
0.2600020630000564
0.2600020670000565
0.2600020710000566
0.26000207500005673
0.26000207900005684
0.260002083000057
0.26000208700005706
0.2600020910000572
0.2600020950000572
0.26000209900005744
0.26000210300005744
0.26000210700005766
0.2600021110000577
0.2600021150000579
0.26000211900005793
0.2600021230000581
0.2600021270000582
0.2600021310000583
0.26000213500005837
0.2600021390000585
0.2600021430000586
0.2600021470000587
0.2600021510000588
0.2600021550000589
0.260002159000059
0.2600021630000592
0.26000216700005924
0.26000217100005946
0.2600021750000594
0.2600021790000596
0.2600021830000596
0.26000218700005984
0.2600021910000599
0.26000219500006005
0.2600021990000601
0.2600022030000603
0.2600022070000603
0.2600022110000605
0.26000221500006054
0.26000221900006065
0.2600022230000607
0.2600022270000609
0.2600022310000609
0.26000223500006114
0.2600022390000612
0.26000224300006136
0.2600022470000614
0.2600022510000616
0.26000225500006163
0.2600022590000618
0.26000226300006185
0.26000226700006196
0.26000227100006207
0.26000227500006223
0.2600022790000623
0.26000228300006245
0.2600022870000625
0.26000229100006267
0.2600022950000627
0.2600022990000629
0.26000230300006294
0.26000230700006305
0.26000231100006316
0.26000231500006327
0.2600023190000634
0.2600023230000635
0.2600023270000636
0.2600023310000637
0.2600023350000638
0.260002339000064
0.26000234300006403
0.2600023470000642
0.2600023510000642
0.2600023550000644
0.2600023590000644
0.26000236300006463
0.2600023670000647
0.26000237100006485
0.2600023750000649
0.26000237900006506
0.2600023830000652
0.2600023870000653
0.26000239100006534
0.26000239500006544
0.26000239900006555
0.26000240300006566
0.26000240700006577
0.2600024110000659
0.260002415000066
0.26000241900006615
0.2600024230000662
0.2600024270000664
0.26000243100006637
0.2600024350000666
0.2600024390000666
0.2600024430000668
0.26000244700006686
0.260002451000067
0.2600024550000671
0.26000245900006724
0.2600024630000673
0.26000246700006746
0.2600024710000675
0.2600024750000676
0.2600024790000677
0.2600024830000679
0.2600024870000679
0.2600024910000681
0.26000249500006817
0.26000249900006833
0.2600025030000684
0.26000250700006855
0.2600025110000686
0.26000251500006877
0.2600025190000688
0.26000252300006893
0.26000252700006904
0.2600025310000692
0.26000253500006926
0.2600025390000694
0.2600025430000695
0.26000254700006964
0.2600025510000697
0.26000255500006986
0.2600025590000699
0.26000256300007
0.26000256700007013
0.26000257100007024
0.26000257500007035
0.26000257900007046
0.26000258300007056
0.2600025870000707
0.2600025910000708
0.26000259500007095
0.260002599000071
0.26000260300007116
0.26000260700007116
0.2600026110000714
0.2600026150000714
0.2600026190000716
0.26000262300007165
0.2600026270000718
0.26000263100007187
0.26000263500007204
0.26000263900007214
0.26000264300007225
0.2600026470000723
0.2600026510000724
0.2600026550000725
0.26000265900007263
0.26000266300007274
0.26000266700007285
0.26000267100007296
0.2600026750000731
0.2600026790000732
0.2600026830000734
0.26000268700007334
0.26000269100007356
0.26000269500007356
0.2600026990000738
0.26000270300007383
0.260002707000074
0.26000271100007405
0.2600027150000742
0.26000271900007427
0.26000272300007443
0.2600027270000745
0.2600027310000746
0.26000273500007465
0.26000273900007487
0.26000274300007487
0.2600027470000751
0.26000275100007514
0.2600027550000753
0.26000275900007536
0.2600027630000755
0.2600027670000756
0.26000277100007574
0.2600027750000758
0.2600027790000759
0.260002783000076
0.2600027870000762
0.2600027910000762
0.2600027950000764
0.26000279900007645
0.2600028030000766
0.26000280700007666
0.26000281100007683
0.2600028150000769
0.260002819000077
0.2600028230000771
0.2600028270000772
0.2600028310000773
0.2600028350000774
0.26000283900007753
0.26000284300007764
0.26000284700007775
0.2600028510000779
0.26000285500007797
0.26000285900007813
0.26000286300007813
0.26000286700007835
0.26000287100007835
0.26000287500007857
0.2600028790000786
0.2600028830000788
0.26000288700007884
0.260002891000079
0.2600028950000791
0.2600028990000792
0.2600029030000793
0.2600029070000794
0.2600029110000795
0.2600029150000796
0.2600029190000797
0.2600029230000798
0.26000292700007993
0.2600029310000801
0.26000293500008015
0.26000293900008037
0.2600029430000803
0.26000294700008053
0.26000295100008053
0.26000295500008075
0.2600029590000808
0.26000296300008097
0.260002966000081
0.2600029690000812
0.26000297300008124
0.2600029770000814
0.26000298100008146
0.2600029850000816
0.2600029890000816
0.26000299300008184
0.26000299700008184
0.26000300100008206
0.2600030050000821
0.2600030090000823
0.26000301300008233
0.2600030170000825
0.26000302100008255
0.2600030250000827
0.2600030290000827
0.2600030330000829
0.260003037000083
0.2600030410000831
0.2600030450000832
0.26000304900008336
0.2600030530000834
0.2600030570000836
0.26000306100008364
0.2600030650000838
0.26000306900008385
0.26000307300008396
0.26000307700008407
0.2600030810000842
0.2600030850000843
0.2600030890000844
0.2600030930000845
0.2600030970000846
0.2600031010000847
0.26000310500008483
0.26000310900008494
0.26000311300008516
0.2600031170000851
0.2600031210000853
0.2600031250000853
0.26000312900008554
0.26000313300008554
0.26000313700008576
0.2600031410000858
0.260003145000086
0.26000314900008603
0.2600031530000862
0.26000315700008625
0.26000316100008636
0.26000316500008647
0.2600031690000866
0.2600031730000867
0.2600031770000868
0.2600031810000869
0.26000318500008707
0.2600031890000871
0.26000319300008734
0.26000319700008734
0.2600032010000875
0.2600032050000875
0.2600032090000877
0.2600032130000877
0.26000321700008794
0.26000322100008794
0.26000322500008816
0.2600032290000882
0.2600032330000884
0.2600032370000884
0.2600032410000886
0.2600032450000886
0.2600032490000888
0.2600032530000888
0.260003257000089
0.2600032610000891
0.26000326500008925
0.2600032690000893
0.26000327300008946
0.2600032770000895
0.2600032810000897
0.2600032850000897
0.26000328900008984
0.26000329300008995
0.26000329700009006
0.26000330100009017
0.26000330500009033
0.2600033090000904
0.26000331300009055
0.2600033170000906
0.26000332100009077
0.2600033250000908
0.26000332900009093
0.26000333300009104
0.26000333700009115
0.26000334100009126
0.26000334500009137
0.2600033490000915
0.2600033530000916
0.2600033570000917
0.2600033610000918
0.2600033650000919
0.26000336900009213
0.2600033730000921
0.2600033770000923
0.2600033810000923
0.2600033850000925
0.2600033890000925
0.26000339300009273
0.2600033970000928
0.26000340100009295
0.260003405000093
0.26000340900009317
0.2600034130000932
0.26000341700009333
0.26000342100009344
0.26000342500009355
0.26000342900009366
0.26000343300009376
0.2600034370000939
0.26000344100009404
0.2600034450000941
0.2600034490000943
0.2600034530000943
0.2600034570000945
0.26000346100009447
0.2600034650000947
0.2600034690000947
0.2600034730000949
0.2600034770000949
0.2600034810000951
0.2600034850000952
0.26000348900009534
0.2600034930000954
0.26000349700009556
0.26000350100009556
0.2600035050000958
0.2600035090000958
0.260003511000096
0.260003507000096
0.2600035090000962
0.2600035130000962
0.26000351700009644
0.26000352100009644
0.26000352500009666
0.2600035290000967
0.2600035330000969
0.26000353700009693
0.2600035410000971
0.26000354500009715
0.26000354900009726
0.2600035530000973
0.26000355700009753
0.2600035610000976
0.26000356500009775
0.2600035690000978
0.26000357300009797
0.260003577000098
0.2600035810000982
0.26000358500009824
0.26000358900009835
0.2600035930000984
0.26000359700009856
0.2600036010000986
0.2600036050000988
0.26000360900009883
0.26000361300009905
0.2600036170000991
0.2600036210000993
0.2600036250000993
0.26000362900009955
0.2600036330000995
0.2600036370000997
0.2600036410000997
0.2600036450000999
0.2600036490000999
0.26000365300010014
0.26000365700010014
0.26000366100010036
0.26000366500010036
0.2600036690001006
0.2600036730001005
0.26000367700010074
0.26000368100010085
0.26000368500010096
0.26000368900010107
0.2600036930001012
0.2600036970001013
0.2600037010001015
0.2600037050001015
0.2600037090001017
0.2600037130001017
0.26000371700010194
0.2600037210001019
0.2600037250001021
0.2600037290001021
0.2600037330001023
0.2600037370001023
0.26000374100010254
0.26000374500010254
0.26000374900010276
0.2600037530001028
0.260003757000103
0.260003761000103
0.2600037650001032
0.2600037690001032
0.2600037730001034
0.2600037770001034
0.26000378100010363
0.2600037850001037
0.26000378900010385
0.2600037930001039
0.26000379700010406
0.2600038010001041
0.2600038050001042
0.2600038090001043
0.2600038130001045
0.26000381700010455
0.2600038210001047
0.26000382500010477
0.26000382900010494
0.260003833000105
0.26000383700010515
0.2600038410001052
0.2600038450001053
0.26000384900010537
0.26000385300010553
0.2600038570001056
0.26000386100010575
0.2600038650001058
0.260003869000106
0.2600038730001061
0.2600038770001063
0.2600038810001063
0.2600038850001065
0.26000388900010646
0.2600038930001067
0.2600038970001067
0.2600039010001069
0.2600039050001069
0.2600039090001071
0.2600039130001071
0.26000391700010733
0.26000392100010733
0.26000392500010755
0.2600039290001075
0.2600039330001077
0.2600039370001078
0.26000394100010793
0.26000394500010804
0.26000394900010815
0.26000395300010826
0.2600039570001085
0.2600039610001085
0.2600039650001087
0.2600039690001087
0.2600039730001089
0.26000397700010885
0.2600039810001091
0.2600039850001091
0.2600039890001093
0.2600039930001093
0.2600039970001095
0.2600040010001095
0.26000400500010973
0.2600040090001098
0.26000401300010995
0.26000401700010994
0.26000402100011016
0.26000402500011016
0.2600040290001104
0.2600040330001104
0.2600040370001106
0.26000404100011065
0.2600040450001108
0.26000404900011087
0.26000405300011104
0.2600040570001111
0.2600040610001112
0.26000406500011125
0.26000406900011147
0.2600040730001115
0.2600040770001117
0.26000408100011174
0.2600040850001119
0.26000408900011196
0.2600040930001121
0.2600040970001122
0.2600041010001123
0.26000410500011234
0.2600041090001125
0.26000411300011256
0.2600041170001127
0.2600041210001128
0.260004125000113
0.26000412900011305
0.26000413300011327
0.26000413700011327
0.2600041410001135
0.26000414500011343
0.26000414900011365
0.26000415300011365
0.26000415700011387
0.26000416100011386
0.2600041650001141
0.2600041690001141
0.2600041730001143
0.2600041770001143
0.2600041810001145
0.26000418500011446
0.2600041890001147
0.2600041930001148
0.2600041970001149
0.260004201000115
0.2600042050001151
0.2600042090001152
0.26000421300011545
0.26000421700011545
0.26000422100011567
0.26000422500011566
0.2600042290001159
0.2600042330001158
0.26000423700011605
0.26000424100011604
0.26000424500011626
0.26000424900011626
0.2600042530001165
0.2600042570001165
0.2600042610001167
0.26000426500011675
0.2600042690001169
0.2600042730001169
0.26000427700011713
0.26000428100011713
0.26000428500011735
0.26000428900011735
0.26000429300011757
0.2600042970001176
0.2600043010001178
0.26000430500011784
0.260004309000118
0.26000431300011806
0.26000431700011817
0.2600043210001182
0.26000432500011844
0.2600043290001185
0.26000433300011866
0.2600043370001187
0.2600043410001189
0.26000434500011893
0.2600043490001191
0.26000435300011915
0.26000435700011926
0.2600043610001193
0.2600043650001195
0.26000436900011953
0.2600043730001197
0.26000437700011975
0.26000438100011997
0.26000438500012
0.26000438900012024
0.26000439300012024
0.26000439700012046
0.2600044010001204
0.2600044050001206
0.2600044090001206
0.26000441300012084
0.26000441700012084
0.26000442100012106
0.26000442500012105
0.2600044290001213
0.26000443300012127
0.2600044370001215
0.26000444100012143
0.26000444500012165
0.26000444900012176
0.26000445300012187
0.260004457000122
0.2600044610001221
0.2600044650001222
0.2600044690001224
0.2600044730001224
0.26000447700012264
0.26000448100012263
0.26000448500012285
0.2600044890001228
0.260004493000123
0.260004497000123
0.26000450100012323
0.26000450500012323
0.26000450900012345
0.26000451300012345
0.26000451700012367
0.2600045210001237
0.2600045250001239
0.2600045290001239
0.2600045330001241
0.2600045370001241
0.2600045410001243
0.2600045450001243
0.26000454900012454
0.2600045530001246
0.26000455700012476
0.2600045610001248
0.260004565000125
0.26000456900012503
0.26000457300012514
0.2600045770001252
0.2600045810001254
0.26000458500012547
0.26000458900012563
0.2600045930001257
0.26000459700012585
0.2600046010001259
0.26000460500012607
0.2600046090001261
0.26000461300012623
0.2600046170001263
0.26000462100012645
0.2600046250001265
0.26000462900012666
0.2600046330001267
0.26000463700012694
0.260004641000127
0.2600046450001272
0.2600046490001272
0.26000465300012743
0.26000465700012737
0.2600046610001276
0.2600046650001276
0.2600046690001278
0.2600046730001278
0.260004677000128
0.260004681000128
0.26000468500012824
0.26000468900012824
0.26000469300012846
0.2600046970001284
0.2600047010001286
0.26000470500012873
0.26000470900012884
0.26000471300012895
0.26000471700012906
0.26000472100012917
0.2600047250001294
0.2600047290001294
0.2600047330001296
0.2600047370001296
0.2600047410001298
0.26000474500012977
0.26000474900013
0.26000475300013
0.2600047570001302
0.2600047610001302
0.2600047650001304
0.2600047690001304
0.26000477300013064
0.2600047770001307
0.26000478100013086
0.26000478500013086
0.2600047890001311
0.2600047930001311
0.2600047970001313
0.2600048010001313
0.2600048050001315
0.26000480900013156
0.26000481300013173
0.2600048170001318
0.26000482100013195
0.260004825000132
0.2600048290001321
0.26000483300013216
0.2600048370001324
0.26000484100013244
0.2600048450001326
0.26000484900013265
0.2600048530001328
0.26000485700013287
0.26000486100013304
0.2600048650001331
0.2600048690001332
0.26000487300013325
0.2600048770001334
0.26000488100013347
0.26000488500013363
0.2600048890001337
0.2600048930001339
0.26000489700013396
0.2600049010001342
0.2600049050001342
0.2600049090001344
0.26000491300013434
0.26000491700013456
0.26000492100013456
0.2600049250001348
0.2600049290001348
0.260004933000135
0.260004937000135
0.2600049410001352
0.2600049450001352
0.26000494900013543
0.2600049530001354
0.2600049570001356
0.2600049610001357
0.2600049650001358
0.2600049690001359
0.26000497300013603
0.26000497700013614
0.26000498100013636
0.26000498500013636
0.2600049890001366
0.2600049930001366
0.2600049970001368
0.26000500100013674
0.26000500500013696
0.26000500900013696
0.2600050130001372
0.2600050170001372
0.2600050210001374
0.2600050250001374
0.2600050290001376
0.26000503300013766
0.26000503700013783
0.2600050410001378
0.26000504500013805
0.26000504900013804
0.26000505300013826
0.26000505700013826
0.2600050610001385
0.26000506500013854
0.2600050690001387
0.26000507300013875
0.2600050770001389
0.26000508100013897
0.2600050850001391
0.26000508900013913
0.26000509300013935
0.2600050970001394
0.26000510100013957
0.2600051050001396
0.2600051090001398
0.26000511300013984
0.26000511700014
0.26000512100014006
0.26000512500014017
0.2600051290001402
0.2600051330001404
0.26000513700014044
0.2600051410001406
0.26000514500014066
0.2600051490001409
0.26000515300014093
0.26000515700014115
0.26000516100014115
0.26000516500014137
0.2600051690001413
0.26000517300014153
0.26000517700014153
0.26000518100014175
0.26000518500014175
0.26000518900014197
0.26000519300014197
0.2600051970001422
0.2600052010001422
0.2600052050001424
0.26000520900014235
0.26000521300014257
0.2600052170001427
0.2600052210001428
0.2600052250001429
0.260005229000143
0.2600052330001431
0.26000523700014333
0.26000524100014333
0.26000524500014355
0.26000524900014355
0.26000525300014377
0.2600052570001437
0.26000526100014393
0.2600052650001439
0.26000526900014415
0.26000527300014414
0.26000527700014436
0.26000528100014436
0.2600052850001446
0.26000528900014463
0.2600052930001448
0.2600052970001448
0.260005301000145
0.260005305000145
0.26000530900014523
0.26000531300014523
0.26000531700014545
0.2600053210001455
0.26000532500014567
0.2600053290001457
0.2600053330001459
0.26000533700014594
0.26000534100014605
0.2600053450001461
0.2600053490001463
0.2600053530001464
0.26000535700014654
0.2600053610001466
0.26000536500014676
0.2600053690001468
0.260005373000147
0.26000537700014703
0.26000538100014714
0.2600053850001472
0.26000538900014736
0.2600053930001474
0.2600053970001476
0.26000540100014763
0.26000540500014785
0.2600054090001479
0.2600054130001481
0.2600054170001481
0.26000542100014834
0.2600054250001483
0.2600054290001485
0.2600054330001485
0.2600054370001487
0.2600054410001487
0.26000544500014894
0.26000544900014894
0.26000545300014916
0.26000545700014915
0.2600054610001494
0.2600054650001493
0.26000546900014954
0.26000547300014965
0.26000547700014975
0.26000548100014986
0.26000548500014997
0.2600054890001501
0.2600054930001503
0.2600054970001503
0.2600055010001505
0.2600055050001505
0.26000550900015074
0.2600055130001507
0.2600055170001509
0.2600055210001509
0.2600055250001511
0.2600055290001511
0.26000553300015133
0.26000553700015133
0.26000554100015155
0.2600055450001516
0.26000554900015177
0.26000555300015177
0.260005557000152
0.260005561000152
0.2600055650001522
0.2600055690001522
0.2600055730001524
0.2600055770001525
0.26000558100015264
0.2600055850001527
0.26000558900015286
0.2600055930001529
0.260005597000153
0.2600056010001531
0.2600056050001533
0.26000560900015335
0.2600056130001535
0.26000561700015357
0.26000562100015373
0.2600056250001538
0.26000562900015395
0.260005633000154
0.2600056370001541
0.26000564100015416
0.26000564500015433
0.2600056490001544
0.26000565300015455
0.2600056570001546
0.2600056610001548
0.2600056650001549
0.2600056690001551
0.2600056730001551
0.2600056770001553
0.26000568100015525
0.2600056850001555
0.26000568900015547
0.2600056930001557
0.2600056970001557
0.2600057010001559
0.2600057050001559
0.2600057090001561
0.2600057130001561
0.26000571700015634
0.2600057210001563
0.2600057250001565
0.2600057290001566
0.2600057330001567
0.26000573700015683
0.26000574100015694
0.26000574500015705
0.26000574900015727
0.26000575300015727
0.2600057570001575
0.2600057610001575
0.2600057650001577
0.26000576900015765
0.26000577300015787
0.26000577700015787
0.2600057810001581
0.2600057850001581
0.2600057890001583
0.2600057930001583
0.2600057970001585
0.2600058010001586
0.26000580500015874
0.26000580900015874
0.26000581300015896
0.26000581700015896
0.2600058210001592
0.2600058250001592
0.2600058290001594
0.26000583300015945
0.2600058370001596
0.26000584100015967
0.26000584500015983
0.2600058490001599
0.26000585300016
0.26000585700016005
0.26000586100016027
0.2600058650001603
0.2600058690001605
0.26000587300016054
0.2600058770001607
0.26000588100016075
0.2600058850001609
0.260005889000161
0.2600058930001611
0.26000589700016113
0.2600059010001613
0.26000590500016135
0.2600059090001615
0.26000591300016157
0.2600059170001618
0.26000592100016184
0.26000592500016206
0.26000592900016206
0.2600059330001623
0.2600059370001622
0.26000594000016247
0.26000594400016247
0.2600059480001627
0.2600059520001627
0.2600059560001629
0.26000596000016285
0.26000596400016307
0.26000596800016307
0.2600059720001633
0.2600059760001633
0.2600059800001635
0.26000598400016356
0.2600059880001637
0.26000599200016383
0.26000599600016394
0.260006000000164
0.2600060040001642
0.2600060080001642
0.26000601200016443
0.26000601600016443
0.26000602000016465
0.26000602400016465
0.26000602800016487
0.26000603200016487
0.2600060360001651
0.2600060400001651
0.26000604400016525
0.26000604800016525
0.26000605200016547
0.2600060560001655
0.2600060600001657
0.26000606400016574
0.26000606800016596
0.26000607200016596
0.2600060760001662
0.2600060800001662
0.2600060840001664
0.26000608800016634
0.26000609200016656
0.26000609600016655
0.2600061000001668
0.26000610400016677
0.260006108000167
0.26000611200016704
0.26000611600016726
0.26000612000016726
0.2600061240001675
0.2600061280001674
0.26000613200016764
0.26000613600016764
0.26000614000016786
0.26000614400016786
0.2600061480001681
0.26000615200016813
0.2600061560001683
0.26000616000016835
0.2600061640001685
0.26000616800016857
0.26000617200016873
0.2600061760001688
0.260006180000169
0.260006184000169
0.2600061880001692
0.2600061920001692
0.26000619600016944
0.26000620000016944
0.26000620400016966
0.26000620800016966
0.2600062120001699
0.2600062160001698
0.26000622000017004
0.26000622400017004
0.26000622800017026
0.26000623200017026
0.2600062360001705
0.26000624000017053
0.2600062440001707
0.2600062480001708
0.2600062520001709
0.26000625600017097
0.2600062600001712
0.2600062640001712
0.2600062680001714
0.2600062720001714
0.2600062760001716
0.2600062800001716
0.26000628400017184
0.26000628800017184
0.26000629200017206
0.26000629600017205
0.2600063000001722
0.2600063040001722
0.26000630800017244
0.2600063120001725
0.26000631600017265
0.2600063200001727
0.26000632400017293
0.2600063280001729
0.26000633200017315
0.26000633600017314
0.26000634000017336
0.2600063440001733
0.2600063480001735
0.2600063520001735
0.26000635600017374
0.26000636000017374
0.26000636400017396
0.260006368000174
0.26000637200017424
0.26000637600017423
0.26000638000017445
0.2600063840001744
0.2600063880001746
0.2600063920001746
0.26000639600017483
0.26000640000017483
0.26000640400017505
0.2600064080001751
0.26000641200017527
0.2600064160001753
0.2600064200001755
0.26000642400017554
0.2600064280001757
0.26000643200017576
0.260006436000176
0.260006440000176
0.2600064440001762
0.2600064480001762
0.2600064520001764
0.2600064560001764
0.26000646000017663
0.26000646400017663
0.26000646800017685
0.2600064720001768
0.260006476000177
0.260006480000177
0.26000648400017723
0.2600064880001772
0.26000649200017745
0.2600064960001775
0.26000650000017766
0.2600065040001778
0.2600065080001779
0.26000651200017794
0.26000651600017816
0.26000652000017815
0.2600065240001784
0.26000652800017837
0.2600065320001786
0.2600065360001786
0.2600065400001788
0.2600065440001788
0.260006548000179
0.260006552000179
0.2600065560001792
0.2600065600001792
0.2600065640001794
0.26000656800017946
0.2600065720001796
0.2600065760001797
0.2600065800001799
0.2600065840001799
0.2600065880001801
0.2600065920001801
0.26000659600018033
0.2600066000001803
0.2600066040001805
0.2600066080001805
0.2600066120001807
0.2600066160001807
0.26000662000018093
0.260006624000181
0.2600066280001812
0.2600066320001812
0.2600066360001814
0.26000664000018137
0.2600066440001816
0.2600066480001816
0.2600066520001818
0.2600066560001818
0.260006660000182
0.2600066640001821
0.26000666800018224
0.2600066720001823
0.26000667600018246
0.2600066800001825
0.2600066840001827
0.26000668800018273
0.26000669200018295
0.26000669600018295
0.26000670000018317
0.26000670400018316
0.2600067080001834
0.2600067120001834
0.2600067160001836
0.2600067200001836
0.2600067240001838
0.26000672800018376
0.260006732000184
0.260006736000184
0.2600067400001842
0.2600067440001842
0.2600067480001844
0.26000675200018447
0.26000675600018464
0.26000676000018474
0.26000676400018485
0.2600067680001849
0.2600067720001851
0.2600067760001851
0.26000678000018534
0.26000678400018534
0.26000678800018556
0.26000679200018556
0.2600067960001858
0.2600068000001858
0.260006804000186
0.260006808000186
0.26000681200018616
0.26000681600018616
0.2600068200001864
0.26000682400018643
0.2600068280001866
0.26000683200018665
0.26000683600018687
0.26000684000018687
0.2600068440001871
0.2600068480001871
0.2600068520001873
0.26000685600018725
0.26000686000018747
0.26000686400018747
0.2600068680001877
0.2600068720001877
0.2600068760001879
0.26000688000018796
0.2600068840001882
0.2600068880001882
0.2600068920001884
0.26000689600018834
0.26000690000018856
0.26000690400018855
0.2600069080001888
0.2600069120001888
0.260006916000189
0.26000692000018905
0.2600069240001892
0.26000692800018926
0.26000693200018943
0.2600069360001895
0.26000694000018965
0.2600069440001897
0.2600069480001899
0.2600069520001899
0.26000695600019014
0.26000696000019013
0.26000696400019035
0.26000696800019035
0.2600069720001906
0.26000697600019057
0.2600069800001908
0.26000698400019073
0.26000698800019095
0.26000699200019095
0.26000699600019117
0.26000700000019117
0.2600070040001914
0.26000700800019144
0.2600070120001916
0.2600070160001917
0.2600070200001918
0.2600070240001919
0.2600070250001921
0.2600070290001921
0.26000703300019234
0.26000703700019234
0.26000704100019256
0.26000704500019256
0.2600070490001927
0.2600070530001927
0.26000705700019294
0.26000706100019294
0.26000706500019316
0.26000706900019316
0.2600070730001934
0.2600070770001934
0.2600070810001936
0.26000708500019365
0.26000708900019387
0.2600070930001938
0.26000709700019403
0.26000710100019403
0.26000710500019425
0.26000710900019425
0.26000711300019447
0.26000711700019447
0.2600071210001947
0.2600071250001947
0.2600071290001949
0.2600071330001949
0.2600071370001951
0.2600071410001951
0.26000714500019534
0.26000714900019534
0.26000715300019556
0.26000715700019555
0.2600071610001958
0.2600071650001958
0.260007169000196
0.26000717300019605
0.26000717700019615
0.2600071810001962
0.2600071850001964
0.2600071890001964
0.26000719300019665
0.2600071970001967
0.2600072010001969
0.2600072050001969
0.26000720900019714
0.26000721300019713
0.26000721700019735
0.2600072210001973
0.2600072250001975
0.2600072290001975
0.26000723300019773
0.26000723700019773
0.26000724100019795
0.26000724500019795
0.26000724900019817
0.26000725300019817
0.2600072570001984
0.2600072610001984
0.26000726500019855
0.2600072690001986
0.26000727300019877
0.2600072770001989
0.2600072810001991
0.2600072850001991
0.2600072890001993
0.2600072930001993
0.26000729700019953
0.26000730100019953
0.2600073050001997
0.2600073090001997
0.2600073130001999
0.2600073170001999
0.26000732100020013
0.26000732500020013
0.26000732900020035
0.26000733300020035
0.26000733700020057
0.2600073410002006
0.26000734500020084
0.2600073490002008
0.260007353000201
0.260007357000201
0.2600073610002012
0.2600073650002012
0.26000736900020144
0.26000737300020144
0.26000737700020166
0.26000738100020165
0.2600073850002019
0.26000738900020187
0.2600073930002021
0.2600073970002021
0.2600074010002023
0.2600074050002023
0.2600074090002025
0.2600074130002025
0.26000741700020275
0.26000742100020274
0.26000742500020296
0.260007429000203
0.2600074330002031
0.2600074370002032
0.26000744100020334
0.2600074450002034
0.2600074490002036
0.26000745300020367
0.2600074570002039
0.2600074610002039
0.2600074650002041
0.2600074690002041
0.2600074730002043
0.26000747700020427
0.2600074810002045
0.2600074850002045
0.2600074890002047
0.2600074930002047
0.2600074970002049
0.2600075010002049
0.26000750500020514
0.26000750900020514
0.26000751300020536
0.26000751700020536
0.2600075210002055
0.2600075250002056
0.26000752900020574
0.26000753300020585
0.26000753700020607
0.26000754100020607
0.2600075450002063
0.2600075490002063
0.2600075530002065
0.2600075570002065
0.26000756100020667
0.26000756500020666
0.2600075690002069
0.2600075730002069
0.2600075770002071
0.2600075810002071
0.2600075850002073
0.2600075890002073
0.26000759300020754
0.2600075970002076
0.2600076010002078
0.26000760500020775
0.260007609000208
0.26000761300020797
0.2600076170002082
0.2600076210002082
0.2600076250002084
0.2600076290002084
0.2600076330002086
0.2600076370002086
0.26000764100020884
0.26000764500020884
0.26000764900020906
0.26000765300020906
0.2600076570002093
0.2600076610002093
0.2600076650002095
0.2600076690002095
0.2600076730002097
0.2600076770002097
0.26000768100020993
0.26000768500021
0.2600076890002101
0.26000769300021015
0.2600076970002103
0.26000770100021037
0.2600077050002106
0.26000770900021064
0.26000771300021086
0.26000771700021086
0.2600077210002111
0.2600077250002111
0.2600077290002113
0.26000773300021124
0.26000773700021146
0.26000774100021146
0.2600077450002117
0.2600077490002117
0.2600077530002119
0.2600077570002119
0.2600077610002121
0.2600077650002121
0.26000776900021233
0.2600077730002123
0.2600077770002125
0.26000778100021255
0.2600077850002127
0.2600077890002128
0.26000779300021304
0.26000779700021304
0.26000780100021326
0.26000780500021325
0.2600078090002135
0.2600078130002135
0.26000781700021364
0.26000782100021363
0.26000782500021385
0.26000782900021385
0.2600078330002141
0.26000783700021407
0.2600078410002143
0.2600078450002143
0.2600078490002145
0.26000785300021456
0.2600078570002148
0.2600078610002147
0.26000786500021494
0.26000786900021494
0.26000787300021516
0.26000787700021516
0.2600078810002154
0.2600078850002154
0.2600078890002156
0.2600078930002156
0.2600078970002158
0.2600079010002158
0.26000790500021603
0.26000790900021603
0.26000791300021625
0.26000791700021625
0.26000792100021647
0.26000792500021647
0.2600079290002167
0.2600079330002167
0.2600079370002169
0.26000794100021696
0.26000794500021707
0.2600079490002171
0.2600079530002173
0.26000795700021734
0.26000796100021756
0.2600079650002176
0.26000796900021783
0.26000797300021783
0.26000797700021805
0.26000798100021805
0.26000798500021827
0.2600079890002182
0.26000799300021843
0.2600079970002184
0.26000800100021865
0.26000800500021864
0.26000800900021886
0.26000801300021886
0.2600080170002191
0.2600080210002191
0.2600080250002193
0.2600080290002193
0.26000803300021946
0.2600080360002195
0.2600080400002197
0.2600080440002198
0.26000804800022004
0.26000805200022
0.2600080560002202
0.2600080600002202
0.2600080640002204
0.2600080680002204
0.26000807200022064
0.26000807600022063
0.26000808000022085
0.26000808400022085
0.26000808800022107
0.260008092000221
0.26000809600022123
0.26000810000022123
0.26000810400022145
0.2600081080002215
0.2600081120002217
0.2600081160002217
0.26000812000022194
0.26000812400022194
0.26000812800022216
0.26000813200022216
0.2600081360002223
0.2600081400002223
0.26000814400022254
0.26000814800022254
0.26000815200022276
0.2600081560002228
0.26000816000022303
0.26000816400022303
0.26000816800022325
0.26000817200022325
0.26000817600022347
0.2600081800002234
0.26000818400022363
0.26000818800022363
0.26000819200022385
0.26000819600022385
0.26000820000022407
0.26000820400022406
0.2600082080002243
0.26000821200022434
0.26000821600022456
0.2600082200002246
0.2600082240002248
0.2600082280002248
0.260008232000225
0.260008236000225
0.2600082400002252
0.2600082440002252
0.26000824800022543
0.2600082520002254
0.26000825600022565
0.26000826000022564
0.2600082640002258
0.2600082680002258
0.260008272000226
0.260008276000226
0.26000828000022624
0.26000828400022624
0.26000828800022646
0.26000829200022646
0.2600082960002267
0.2600083000002268
0.260008304000227
0.26000830800022695
0.26000831200022717
0.26000831600022717
0.2600083200002274
0.2600083240002274
0.2600083280002276
0.2600083320002276
0.2600083360002278
0.2600083400002278
0.26000834400022804
0.260008348000228
0.2600083520002282
0.2600083560002282
0.2600083600002284
0.2600083640002285
0.2600083680002287
0.2600083720002287
0.2600083760002289
0.2600083800002289
0.26000838400022913
0.26000838800022913
0.2600083920002293
0.2600083960002293
0.2600084000002295
0.2600084040002295
0.26000840800022973
0.2600084120002298
0.26000841600023
0.26000842000023
0.2600084240002302
0.2600084280002302
0.26000843200023044
0.2600084360002304
0.2600084400002306
0.2600084440002306
0.2600084480002308
0.2600084520002308
0.26000845600023104
0.26000846000023103
0.2600084630002312
0.2600084660002313
0.26000847000023153
0.2600084740002316
0.2600084780002318
0.26000848200023174
0.26000848600023196
0.26000849000023196
0.2600084940002322
0.2600084980002322
0.2600085020002324
0.2600085060002324
0.2600085100002326
0.2600085140002326
0.26000851800023284
0.2600085220002328
0.260008526000233
0.260008530000233
0.2600085340002332
0.2600085380002332
0.26000854200023343
0.26000854600023343
0.26000855000023365
0.26000855400023376
0.260008558000234
0.260008562000234
0.26000856600023414
0.26000857000023414
0.26000857400023436
0.26000857800023436
0.2600085820002346
0.2600085860002346
0.2600085900002348
0.2600085940002348
0.260008598000235
0.260008602000235
0.26000860600023523
0.2600086100002352
0.2600086140002354
0.26000861800023545
0.26000862200023567
0.26000862600023567
0.2600086260002359
0.2600086280002359
0.2600086320002361
0.2600086360002361
0.2600086400002363
0.2600086440002363
0.26000864800023654
0.2600086520002365
0.2600086560002367
0.2600086600002367
0.2600086640002369
0.2600086680002369
0.26000867200023714
0.2600086760002372
0.2600086800002374
0.2600086840002374
0.26000868800023763
0.26000869200023763
0.2600086960002378
0.2600087000002378
0.260008704000238
0.260008708000238
0.26000871200023823
0.2600087160002383
0.26000872000023845
0.2600087240002385
0.26000872800023866
0.2600087320002387
0.2600087360002389
0.26000874000023894
0.26000874400023916
0.26000874800023915
0.2600087520002394
0.26000875600023937
0.2600087600002396
0.2600087640002396
0.2600087680002398
0.2600087720002398
0.26000877600024
0.26000878000023997
0.2600087840002402
0.2600087880002402
0.2600087920002404
0.2600087960002404
0.2600088000002406
0.26000880400024073
0.2600088080002409
0.26000881200024095
0.2600088160002411
0.26000882000024117
0.2600088240002413
0.26000882800024133
0.2600088320002415
0.26000883600024155
0.2600088400002417
0.26000884400024177
0.260008848000242
0.260008852000242
0.2600088560002422
0.2600088600002422
0.2600088640002424
0.2600088680002424
0.26000887200024264
0.26000887600024264
0.26000888000024286
0.26000888400024286
0.2600088880002431
0.2600088920002431
0.2600088960002433
0.2600089000002433
0.2600089040002435
0.26000890800024345
0.2600089120002437
0.2600089160002437
0.2600089200002439
0.2600089240002439
0.2600089280002441
0.26000893200024416
0.2600089360002444
0.2600089400002444
0.2600089440002446
0.2600089480002446
0.26000895200024476
0.26000895600024476
0.260008960000245
0.260008964000245
0.2600089680002452
0.26000897200024525
0.2600089760002454
0.26000898000024547
0.26000898400024564
0.2600089880002457
0.26000899200024585
0.2600089960002459
0.2600090000002461
0.2600090040002461
0.26000900800024634
0.26000901200024634
0.26000901600024656
0.26000902000024656
0.2600090240002468
0.2600090280002468
0.260009032000247
0.26000903600024694
0.26000904000024716
0.26000904400024716
0.2600090480002474
0.2600090520002474
0.2600090560002476
0.2600090600002477
0.26000906400024787
0.2600090680002479
0.2600090720002481
0.26000907600024814
0.26000908000024825
0.2600090840002483
0.26000908800024847
0.2600090920002485
0.2600090960002487
0.26000910000024874
0.26000910400024896
0.26000910800024896
0.2600091120002492
0.2600091160002492
0.2600091200002494
0.2600091240002494
0.2600091280002496
0.2600091320002496
0.26000913600024983
0.2600091400002498
0.26000914400025005
0.26000914800025005
0.26000915200025027
0.26000915600025026
0.2600091600002505
0.2600091640002504
0.26000916800025065
0.26000917200025064
0.26000917600025086
0.26000918000025086
0.2600091840002511
0.26000918800025113
0.26000919200025135
0.26000919600025135
0.2600092000002516
0.26000920400025157
0.26000920800025173
0.26000921200025173
0.26000921600025195
0.26000922000025195
0.26000922400025217
0.2600092280002522
0.2600092320002524
0.26000923600025244
0.2600092400002526
0.26000924400025266
0.2600092480002528
0.2600092520002529
0.2600092560002531
0.2600092600002531
0.2600092640002533
0.2600092680002533
0.26000927200025353
0.26000927600025353
0.26000928000025375
0.26000928400025375
0.26000928800025397
0.2600092920002539
0.26000929600025413
0.26000930000025413
0.26000930400025435
0.26000930800025435
0.26000931200025457
0.2600093160002547
0.26000932000025484
0.2600093240002549
0.26000932800025506
0.2600093320002551
0.2600093360002552
0.2600093400002553
0.26000934400025544
0.2600093480002555
0.26000935200025566
0.2600093560002557
0.26000936000025593
0.2600093640002559
0.26000936800025615
0.26000937200025614
0.26000937600025636
0.26000938000025636
0.2600093840002566
0.2600093880002566
0.2600093920002568
0.2600093960002568
0.260009400000257
0.260009404000257
0.26000940800025724
0.26000941200025723
0.26000941600025745
0.2600094200002574
0.2600094240002576
0.2600094280002576
0.26000943200025783
0.26000943600025783
0.26000944000025805
0.2600094440002581
0.2600094480002583
0.2600094520002583
0.26000945600025854
0.26000946000025854
0.2600094640002587
0.2600094680002587
0.2600094720002589
0.2600094760002589
0.26000948000025914
0.2600094840002592
0.26000948800025936
0.2600094920002594
0.2600094960002596
0.26000950000025963
0.2600095040002598
0.26000950800025985
0.26000951200026007
0.26000951600026007
0.2600095200002603
0.2600095240002603
0.2600095280002605
0.2600095320002605
0.2600095360002607
0.2600095400002607
0.26000954400026094
0.2600095480002609
0.2600095520002611
0.2600095560002611
0.2600095600002613
0.2600095640002613
0.26000956800026154
0.26000957200026165
0.2600095760002618
0.26000958000026186
0.26000958400026203
0.2600095880002621
0.2600095920002622
0.26000959600026224
0.2600096000002624
0.26000960400026246
0.2600096080002626
0.2600096120002627
0.2600096160002629
0.2600096200002629
0.2600096240002631
0.2600096280002631
0.26000963200026334
0.26000963600026333
0.26000964000026355
0.26000964400026355
0.26000964800026377
0.26000965200026377
0.260009656000264
0.260009660000264
0.2600096640002642
0.2600096680002642
0.2600096720002644
0.26000967600026437
0.2600096800002646
0.2600096840002646
0.2600096880002648
0.2600096920002648
0.260009696000265
0.2600097000002651
0.2600097040002653
0.2600097080002653
0.2600097120002655
0.2600097160002655
0.2600097200002657
0.2600097240002657
0.2600097280002659
0.2600097320002659
0.2600097360002661
0.26000974000026617
0.26000974400026633
0.2600097480002664
0.26000975200026655
0.2600097560002666
0.26000976000026677
0.2600097640002668
0.26000976800026704
0.26000977200026704
0.26000977600026726
0.26000978000026725
0.2600097840002675
0.26000978800026747
0.2600097920002677
0.2600097960002677
0.2600098000002679
0.26000980400026785
0.2600098080002681
0.26000981200026807
0.2600098160002683
0.2600098200002683
0.2600098240002685
0.2600098280002686
0.2600098320002688
0.26000983600026883
0.260009840000269
0.26000984400026905
0.26000984800026916
0.2600098520002692
0.2600098560002694
0.26000986000026943
0.2600098640002696
0.26000986800026965
0.26000987200026987
0.26000987600026987
0.2600098800002701
0.2600098840002701
0.2600098880002703
0.2600098920002703
0.2600098960002705
0.2600099000002705
0.26000990400027074
0.26000990800027074
0.26000991200027096
0.26000991600027096
0.2600099200002712
0.2600099240002712
0.2600099280002714
0.26000993200027134
0.26000993600027156
0.26000994000027156
0.2600099440002718
0.2600099480002718
0.260009952000272
0.26000995600027205
0.26000996000027227

Avalanche_Distribution:
1
8
1
2
12
1
3
1
2
6
