
Branching_global:
1.00004
1.0036500000000037
1.0063000000000082
1.003990000000012
1.0064500000000163
1.00521000000002
1.0088500000000242
1.006060000000028
0.987180000000032
0.975430000000036
0.96769000000004
0.968890000000044
0.975280000000048
0.9670700000000519
0.9446200000000561
0.9490200000000599
0.9491100000000641
0.9546100000000679
0.956890000000072
0.954990000000076
0.9568500000000799
0.9610100000000839
0.9634900000000879
0.9702400000000919
0.9710900000000958
0.9756200000001
0.9747700000001039
0.952260000000108
0.953610000000112
0.9536300000001159

Autocorrelation:
25.000499996641732
0.2744722991266055
0.1592296353771334
0.2511262345769568
0.15553822391591995
0.192438146614396
0.11349361602743673
0.16551599817370688
-0.0775020448875371
-0.04019796764818514
-0.03044743331760154
-0.03164137150420946
-0.03995098856637277
-0.029864655783529457
-0.01755231285502419
-0.019111175252625914
-0.019145873627541908
-0.021527413529885176
-0.022692802018426956
-0.02171344731598694
-0.022671295430544414
-0.02514428783128381
-0.02688665687185809
-0.03309963292475328
-0.03408766258725855
-0.04051517041377035
-0.039133225281992715
-0.020442718871936286
-0.021052411681527074
-0.02106171097915828

Average_Activity:
0.0
0.0
0.0
0.0
0.0
0.0
0.0
0.0
0.0
0.0
0.0
0.0
0.0
0.0
0.0
0.0
0.0
0.0
0.0
0.0
0.0
0.0
0.0
1.0
1.25
0.25
0.0
0.0
0.0
0.0
0.0
0.0
0.0
0.0
0.0
0.0
0.0
0.0
0.0
0.0
0.0
0.0
0.0
0.0
0.75
3.0
2.25
2.5
0.0
0.0
0.0
0.0
0.0
0.0
0.0
0.75
1.5
2.25
0.0
1.0
0.0
0.0
0.0
0.0
0.0
0.0
1.5
2.5
3.5
5.0
13.5
5.5
3.0
0.75
0.0
0.0
0.0
0.0
0.0
0.0
0.0
0.0
0.0
0.0
0.0
0.75
0.0
0.75
0.5
0.0
0.0
0.0
0.0
0.0
1.0
2.75
2.0
0.0
0.0
0.0
0.0
0.0
0.0
0.0
0.75
2.0
2.5
9.0
9.75
7.75
2.25
1.0
0.0
0.0
0.0
0.0
0.0
0.0
0.0
0.0
0.0
0.0
0.0
0.0
0.0
0.0
0.0
0.0
0.0
0.0
0.0
0.0
0.0
0.0
0.0
0.25
0.0
0.0
0.0
0.0
0.0
0.0
0.0
0.0
0.0
0.0
0.0
0.0
0.0
0.0
0.0
0.0
0.0
0.0
0.0
0.0
1.0
0.25
0.0
0.0
1.75
1.25
0.0
0.0
0.0
0.0
0.0
0.0
0.25
1.0
2.75
3.75
7.25
5.0
9.5
10.25
7.25
9.0
13.75
11.5
12.0
15.75
20.25
17.25
11.5
2.5
0.0
0.0
1.5
2.75
2.75
4.25
0.75
0.0
0.0
0.75
3.25
1.5
0.75
0.0
0.0
0.25
0.75
1.25
5.0
3.5
0.25
0.0
0.0
0.25
1.75
3.0
2.5
4.5
10.25
7.75
5.5
4.0
4.25
1.5
0.5
1.0
7.0
7.25
15.25
15.0
11.5
7.75
3.75
0.0
0.5
2.25
3.25
3.75
0.25
2.5
4.75
1.75
0.0
0.0
0.0
0.25
0.0
1.75
3.25
6.5
6.0
2.5
4.0
2.75
6.0
2.0
0.75
0.0
0.0
0.0
0.0
0.0
0.0
0.0
0.0
0.0
0.0
0.0
0.0
0.0
0.0
0.0
0.0
0.0
0.0
0.0
0.0
0.0
0.0
0.0
0.0
0.0
0.0
0.0
0.0
0.0
0.0
0.0
0.0
0.0
0.0
0.0
0.0
0.0
0.0
0.0
0.0
0.0
0.0
0.0
0.0
0.0
0.0
0.0
0.0
0.0
0.0
0.0
0.0
0.0
0.25
1.25
0.0
0.0
0.0
0.0
0.0
0.0
0.25
0.5
0.0
0.0
0.25
3.75
5.5
4.0
8.25
15.5
11.5
15.0
26.5
20.5
27.25
31.75
19.75
10.0
6.25
9.25
5.5
2.5
1.0
2.5
3.5
0.75
0.0
0.25
0.0
0.0
0.0
0.0
0.25
0.0
0.0
0.0
0.25
0.75
0.0
0.25
0.75
0.0
0.0
0.0
0.0
0.0
0.0
0.0
0.0
0.0
0.0
0.0
0.0
0.75
2.25
1.75
0.0
0.0
0.0
0.0
0.0
0.0
0.0
0.0
0.0
0.5
0.0
0.0
0.0
0.0
0.0
0.0
0.25
0.75
0.0
2.0
1.5
1.75
0.25
1.0
0.5
0.0
0.0
0.0
0.0
0.0
0.0
0.25
1.5
2.25
1.0
0.0
0.0
0.0
0.0
0.5
0.5
0.0
0.5
0.5
0.0
0.0
0.0
1.25
0.0
0.0
0.0
0.0
0.25
0.0
0.0
0.0
0.25
3.25
0.5
0.25
0.0
0.0
0.0
0.0
0.0
0.0
0.0
0.25
0.75
0.0
0.0
0.0
0.0
0.0
1.0
2.5
0.25
0.0
0.25
1.5
2.75
3.25
0.75
0.0
0.25
0.0
0.0
0.0
0.0
0.0
0.25
0.25
0.0
0.0
0.25
0.25
0.25
2.25
5.25
2.5
3.25
0.0
0.0
0.0
0.25
2.75
2.75
2.25
0.0
0.0
0.5
0.0
0.5
0.0
0.25
0.0
0.5
0.0
0.75
0.25
0.0
0.0
0.75
4.75
2.0
0.25
0.25
1.0
0.0
0.25
0.0
0.0
0.0
0.0
0.0
0.0
0.0
0.0
0.0
0.0
0.0
0.0
0.0
0.0
0.0
0.0
0.0
0.0
0.0
0.0
0.0
0.0
0.0
0.0
0.0
0.0
0.25
0.0
0.0
0.0
0.0
0.0
0.0
0.0
0.0
0.0
0.0
0.0
0.0
0.0
0.0
0.5
0.0
0.0
0.0
0.0
0.0
0.0
0.0
0.0
0.0
0.0
0.0
0.0
0.0
0.0
0.0
0.0
0.0
0.0
0.0
0.0
0.0
0.0
0.0
0.0
0.0
0.0
0.0
0.0
0.0
0.0
0.0
0.0
0.0
0.0
0.0
0.0
0.25
2.75
1.25
0.0
0.0
0.0
0.0
0.0
0.0
0.0
0.25
0.25
0.0
0.0
0.0
0.0
0.0
0.0
0.25
0.0
0.0
0.0
1.0
0.5
0.0
0.0
0.0
0.0
0.0
0.0
0.0
0.0
0.0
0.0
0.0
0.75
0.25
0.25
1.75
4.0
0.0
0.0
0.0
0.0
0.0
0.0
0.0
0.0
0.0
0.0
0.0
0.5
1.75
3.5
6.25
4.0
1.0
0.5
0.0
0.0
0.0
0.0
0.0
0.0
0.0
0.5
0.5
0.0
0.0
0.75
0.25
0.0
0.25
0.0
0.0
0.0
0.0
0.0
0.0
0.0
0.5
3.75
9.25
10.25
11.25
20.5
26.75
20.5
12.75
11.25
10.5
7.5
3.75
0.25
0.0
0.0
0.0
1.0
0.5
0.0
0.0
0.0
0.0
0.0
0.0
0.0
0.0
0.25
1.5
1.5
0.0
0.0
0.75
5.75
2.5
2.5
2.75
3.5
4.25
2.25
2.0
0.5
2.0
0.0
0.0
0.0
0.25
1.75
1.0
0.25
0.0
0.5
2.0
4.0
2.5
2.25
5.75
3.75
0.25
0.0
0.5
0.25
1.25
0.0
0.0
0.0
0.0
0.0
0.25
0.25
1.75
0.0
0.25
0.25
0.5
0.25
0.0
0.0
0.0
0.0
0.0
0.0
0.0
0.25
0.0
1.25
2.75
5.75
8.0
3.75
5.25
6.75

Average_Alpha:
0.25001
0.25005
0.2500900000000001
0.2501300000000001
0.25017000000000017
0.25021000000000015
0.2502500000000003
0.25029000000000023
0.25033000000000033
0.2503700000000003
0.2504100000000004
0.2504500000000004
0.25049000000000055
0.2505300000000005
0.25057000000000057
0.2506100000000005
0.25065000000000065
0.25069000000000063
0.25073000000000073
0.2507700000000007
0.2508100000000008
0.25085000000000074
0.2508900000000009
0.2508900000000009
0.250880000000001
0.25091000000000097
0.25095000000000106
0.25099000000000105
0.25103000000000114
0.2510700000000011
0.2511100000000012
0.25115000000000115
0.2511900000000013
0.2512300000000013
0.2512700000000014
0.25131000000000137
0.25135000000000146
0.2513900000000014
0.25143000000000154
0.2514700000000015
0.2515100000000016
0.2515500000000016
0.2515900000000017
0.2516300000000017
0.25164000000000175
0.2515600000000018
0.25151000000000184
0.25145000000000184
0.25149000000000193
0.2515300000000019
0.251570000000002
0.251610000000002
0.2516500000000021
0.2516900000000021
0.2517300000000022
0.25174000000000213
0.2517200000000023
0.2516700000000022
0.2517100000000023
0.2517100000000023
0.2517500000000024
0.2517900000000024
0.2518300000000025
0.2518700000000025
0.2519100000000026
0.25195000000000256
0.25193000000000265
0.2518700000000026
0.25177000000000277
0.2516100000000027
0.2511100000000028
0.2509300000000028
0.2508500000000029
0.25086000000000286
0.250900000000003
0.25094000000000294
0.2509800000000031
0.2510200000000031
0.25106000000000317
0.2511000000000031
0.25114000000000325
0.2511800000000032
0.2512200000000033
0.2512600000000033
0.2513000000000034
0.25131000000000336
0.25135000000000346
0.2513600000000034
0.25138000000000355
0.25142000000000353
0.2514600000000036
0.25150000000000355
0.2515400000000037
0.2515800000000037
0.25158000000000375
0.25151000000000373
0.25147000000000386
0.25151000000000384
0.25155000000000394
0.2515900000000039
0.251630000000004
0.251670000000004
0.2517100000000041
0.2517500000000041
0.25176000000000415
0.25172000000000416
0.25166000000000427
0.2513400000000042
0.2509900000000043
0.25072000000000433
0.2506700000000044
0.2506700000000044
0.2507100000000045
0.25075000000000447
0.25079000000000456
0.2508300000000046
0.25087000000000464
0.2509100000000047
0.2509500000000047
0.2509900000000047
0.2510300000000048
0.2510700000000048
0.2511100000000049
0.25115000000000487
0.25119000000000496
0.25123000000000495
0.25127000000000504
0.2513100000000051
0.2513500000000051
0.2513900000000051
0.2514300000000052
0.25147000000000524
0.2515100000000053
0.2515500000000053
0.25159000000000536
0.2516200000000054
0.25166000000000543
0.2517000000000054
0.2517400000000055
0.2517800000000055
0.2518200000000056
0.25186000000000563
0.2519000000000057
0.25194000000000566
0.25198000000000575
0.2520200000000058
0.25206000000000583
0.2521000000000059
0.2521400000000059
0.25218000000000595
0.252220000000006
0.25226000000000603
0.2523000000000061
0.25234000000000606
0.25238000000000615
0.25242000000000614
0.25242000000000625
0.2524500000000062
0.2524900000000063
0.25253000000000636
0.2525000000000064
0.25249000000000643
0.25253000000000647
0.25257000000000646
0.25261000000000655
0.2526500000000066
0.25269000000000663
0.25273000000000667
0.2527600000000067
0.2527600000000067
0.2526900000000068
0.2525800000000068
0.2523300000000069
0.2521700000000069
0.251830000000007
0.25146000000000696
0.25121000000000704
0.2508900000000071
0.2503800000000071
0.24996000000000715
0.2495200000000072
0.24893000000000723
0.24816000000000726
0.24751000000000734
0.24709000000000736
0.24703000000000735
0.24707000000000745
0.24711000000000746
0.24709000000000753
0.24702000000000754
0.2469500000000076
0.24682000000000762
0.24683000000000765
0.2468700000000077
0.24691000000000776
0.24692000000000774
0.24683000000000782
0.24681000000000786
0.24682000000000792
0.24686000000000793
0.246900000000008
0.24693000000000803
0.24694000000000807
0.2469300000000081
0.24677000000000818
0.2466700000000082
0.24670000000000822
0.24674000000000826
0.24678000000000833
0.24681000000000836
0.24678000000000838
0.2467000000000084
0.24664000000000846
0.2465000000000085
0.24613000000000856
0.2458600000000086
0.2456800000000086
0.24556000000000863
0.24543000000000872
0.24541000000000876
0.24543000000000878
0.2454300000000088
0.24519000000000887
0.24494000000000893
0.24437000000000894
0.243810000000009
0.24339000000000902
0.24312000000000908
0.2430100000000091
0.24305000000000918
0.2430700000000092
0.24302000000000926
0.24293000000000928
0.24282000000000928
0.24285000000000934
0.2427900000000094
0.24264000000000943
0.24261000000000946
0.2426500000000095
0.2426900000000095
0.2427300000000096
0.2427600000000096
0.24280000000000967
0.2427700000000097
0.24268000000000972
0.24246000000000975
0.24226000000000983
0.24220000000000988
0.24208000000000993
0.24201000000000994
0.24181000000000996
0.24177000000001
0.24178000000001007
0.2418200000000101
0.24186000000001012
0.24190000000001016
0.24194000000001023
0.24198000000001027
0.2420200000000103
0.24206000000001035
0.24210000000001036
0.24214000000001043
0.24218000000001044
0.24222000000001048
0.24226000000001055
0.2423000000000106
0.2423400000000106
0.24238000000001064
0.2424200000000107
0.24246000000001072
0.24250000000001076
0.24254000000001083
0.24258000000001087
0.2426200000000109
0.24266000000001095
0.242700000000011
0.242740000000011
0.24278000000001107
0.24282000000001108
0.24286000000001112
0.24290000000001116
0.24294000000001123
0.24298000000001127
0.24302000000001128
0.24306000000001135
0.2431000000000114
0.2431400000000114
0.24318000000001144
0.2432200000000115
0.24326000000001155
0.2433000000000116
0.24334000000001163
0.24338000000001164
0.2434200000000117
0.24346000000001172
0.24350000000001176
0.24354000000001183
0.24358000000001187
0.24362000000001188
0.24366000000001192
0.243700000000012
0.243740000000012
0.24378000000001204
0.2438200000000121
0.24386000000001215
0.2439000000000122
0.24393000000001222
0.24392000000001227
0.2439600000000123
0.24400000000001235
0.24404000000001239
0.24408000000001243
0.24412000000001247
0.2441600000000125
0.24419000000001254
0.2442100000000126
0.24425000000001262
0.24429000000001264
0.24432000000001267
0.24421000000001275
0.2440300000000128
0.2439100000000128
0.24362000000001288
0.24304000000001286
0.24262000000001296
0.24206000000001296
0.24104000000001302
0.24026000000001307
0.23921000000001308
0.23798000000001315
0.23723000000001318
0.23687000000001318
0.23666000000001325
0.23633000000001328
0.23615000000001335
0.2360900000000134
0.23609000000001343
0.23603000000001345
0.23593000000001352
0.23594000000001353
0.2359800000000136
0.23601000000001363
0.23605000000001367
0.23609000000001368
0.23613000000001375
0.23617000000001379
0.23620000000001384
0.23624000000001386
0.2362800000000139
0.2363200000000139
0.236350000000014
0.236360000000014
0.23640000000001404
0.2364300000000141
0.23644000000001414
0.23648000000001418
0.23652000000001422
0.23656000000001426
0.2366000000000143
0.23664000000001434
0.23668000000001438
0.23672000000001442
0.23676000000001446
0.2368000000000145
0.23684000000001454
0.23688000000001458
0.23692000000001462
0.23693000000001468
0.23688000000001472
0.23685000000001474
0.23689000000001476
0.23693000000001482
0.23697000000001486
0.23701000000001488
0.23705000000001497
0.23709000000001498
0.237130000000015
0.23717000000001506
0.2372100000000151
0.23723000000001515
0.2372700000000152
0.2373100000000152
0.23735000000001524
0.23739000000001528
0.23743000000001532
0.23747000000001536
0.2375000000000154
0.23751000000001546
0.2375500000000155
0.23751000000001554
0.23749000000001558
0.2374600000000156
0.23749000000001563
0.2374900000000157
0.23751000000001574
0.23755000000001575
0.23759000000001584
0.23763000000001586
0.2376700000000159
0.23771000000001594
0.23775000000001598
0.237780000000016
0.23776000000001604
0.23771000000001608
0.23771000000001613
0.23775000000001617
0.23779000000001618
0.23783000000001625
0.2378700000000163
0.23789000000001637
0.23791000000001636
0.23795000000001643
0.23797000000001645
0.2379900000000165
0.2380300000000165
0.23807000000001657
0.23811000000001661
0.23810000000001666
0.2381400000000167
0.2381800000000167
0.23822000000001678
0.23826000000001682
0.23829000000001685
0.2383300000000169
0.23837000000001696
0.23841000000001697
0.23844000000001703
0.23835000000001705
0.23837000000001712
0.23840000000001715
0.23844000000001717
0.2384800000000172
0.23852000000001727
0.23856000000001729
0.2386000000000173
0.2386400000000174
0.23868000000001743
0.23871000000001746
0.23872000000001747
0.2387600000000175
0.23880000000001758
0.2388400000000176
0.23888000000001766
0.2389200000000177
0.23892000000001776
0.23886000000001775
0.23889000000001784
0.23893000000001785
0.2389600000000179
0.23894000000001794
0.23887000000001796
0.23878000000001806
0.23879000000001807
0.23883000000001806
0.23886000000001814
0.23890000000001815
0.23894000000001825
0.23898000000001823
0.23902000000001827
0.2390600000000183
0.2390900000000184
0.23912000000001843
0.23916000000001844
0.23920000000001848
0.23923000000001854
0.23926000000001857
0.2392900000000186
0.23924000000001866
0.23907000000001868
0.23901000000001876
0.23892000000001878
0.2389600000000188
0.23900000000001886
0.2390400000000189
0.23907000000001893
0.23900000000001898
0.23893000000001902
0.23888000000001905
0.23892000000001912
0.23896000000001913
0.23898000000001918
0.2390200000000192
0.23904000000001926
0.23908000000001928
0.23911000000001933
0.23915000000001935
0.2391700000000194
0.2392100000000195
0.2392200000000195
0.23925000000001956
0.23929000000001957
0.2393300000000196
0.23934000000001965
0.2391900000000197
0.23915000000001976
0.23918000000001974
0.23921000000001982
0.23921000000001985
0.2392500000000199
0.23928000000001992
0.23932000000001996
0.23936000000002
0.23940000000002004
0.23944000000002005
0.23948000000002015
0.23952000000002016
0.2395600000000202
0.23960000000002027
0.23964000000002028
0.2396800000000203
0.2397200000000204
0.2397600000000204
0.23980000000002047
0.2398400000000205
0.23988000000002052
0.23992000000002056
0.2399600000000206
0.24000000000002064
0.2400400000000207
0.24008000000002072
0.2401200000000208
0.24016000000002083
0.24020000000002084
0.24024000000002088
0.24028000000002095
0.24032000000002096
0.240350000000021
0.24039000000002106
0.2404300000000211
0.2404700000000211
0.2405100000000212
0.24055000000002122
0.24059000000002123
0.24063000000002127
0.24067000000002134
0.24071000000002135
0.24075000000002142
0.24079000000002146
0.2408300000000215
0.24087000000002154
0.24091000000002158
0.2409300000000216
0.24097000000002167
0.2410100000000217
0.24105000000002172
0.2410900000000218
0.2411300000000218
0.24117000000002184
0.24121000000002188
0.24125000000002195
0.241290000000022
0.241330000000022
0.24137000000002207
0.24141000000002208
0.24145000000002212
0.24149000000002216
0.24153000000002223
0.24157000000002224
0.2416100000000223
0.24165000000002232
0.24169000000002236
0.24173000000002243
0.24177000000002244
0.24181000000002248
0.24185000000002252
0.2418900000000226
0.24193000000002263
0.24197000000002264
0.2420100000000227
0.24205000000002272
0.24209000000002276
0.2421300000000228
0.24217000000002287
0.24221000000002288
0.24225000000002295
0.242290000000023
0.242330000000023
0.24237000000002307
0.2424000000000231
0.2423300000000231
0.24232000000002318
0.2423600000000232
0.2424000000000233
0.2424400000000233
0.24248000000002332
0.24252000000002338
0.24256000000002342
0.24260000000002344
0.2426300000000235
0.2426600000000235
0.2427000000000236
0.2427400000000236
0.24278000000002364
0.24282000000002368
0.24286000000002375
0.24290000000002376
0.24293000000002382
0.24297000000002383
0.2430100000000239
0.24305000000002394
0.243050000000024
0.243070000000024
0.24311000000002406
0.24315000000002407
0.24319000000002416
0.24323000000002418
0.2432700000000242
0.24331000000002426
0.2433500000000243
0.2433900000000243
0.2434300000000244
0.2434700000000244
0.24351000000002446
0.2435200000000245
0.24355000000002455
0.24358000000002453
0.24355000000002464
0.24343000000002463
0.2434700000000247
0.2435100000000247
0.24355000000002477
0.24359000000002481
0.24363000000002483
0.2436700000000249
0.24371000000002493
0.24375000000002495
0.24379000000002501
0.24383000000002505
0.24387000000002507
0.24389000000002514
0.2438600000000252
0.2437600000000252
0.24355000000002525
0.24343000000002527
0.24343000000002532
0.2434500000000254
0.2434900000000254
0.24353000000002545
0.2435700000000255
0.24361000000002553
0.24365000000002557
0.2436900000000256
0.24373000000002565
0.2437500000000257
0.24377000000002574
0.24381000000002576
0.24385000000002582
0.24386000000002586
0.24389000000002592
0.24393000000002593
0.24396000000002596
0.244000000000026
0.24404000000002604
0.24408000000002608
0.24412000000002615
0.24416000000002613
0.24420000000002623
0.24424000000002624
0.24426000000002632
0.24415000000002632
0.24382000000002638
0.24345000000002642
0.24304000000002646
0.24226000000002648
0.24123000000002653
0.24045000000002656
0.2399800000000266
0.23957000000002665
0.23919000000002666
0.23893000000002673
0.23882000000002676
0.2388500000000268
0.23889000000002686
0.2389300000000269
0.2389700000000269
0.23897000000002697
0.23899000000002701
0.23903000000002705
0.23907000000002707
0.23911000000002713
0.23915000000002717
0.2391900000000272
0.23923000000002725
0.23927000000002727
0.2393100000000273
0.23934000000002736
0.2393200000000274
0.23930000000002744
0.23934000000002748
0.23938000000002752
0.23939000000002755
0.23920000000002759
0.23914000000002766
0.23908000000002766
0.23901000000002773
0.23891000000002777
0.23878000000002783
0.23873000000002784
0.23869000000002788
0.23871000000002796
0.23867000000002794
0.238710000000028
0.23875000000002802
0.2387900000000281
0.23882000000002812
0.23879000000002815
0.2387900000000282
0.23882000000002823
0.2388600000000283
0.2388800000000283
0.23884000000002834
0.23872000000002838
0.23866000000002846
0.2386100000000285
0.23842000000002853
0.23831000000002855
0.23834000000002858
0.23838000000002865
0.23840000000002867
0.2384300000000287
0.23842000000002878
0.2384600000000288
0.23850000000002886
0.2385400000000289
0.2385800000000289
0.23862000000002898
0.238650000000029
0.23868000000002906
0.2386500000000291
0.2386900000000291
0.23872000000002916
0.23875000000002922
0.23877000000002926
0.2388000000000293
0.23884000000002933
0.23888000000002937
0.23892000000002941
0.23896000000002945
0.23900000000002947
0.23904000000002953
0.23908000000002955
0.2391100000000296
0.23915000000002964
0.23914000000002972
0.23907000000002973
0.2388800000000298
0.23860000000002982
0.23849000000002982
0.2383200000000299
0.23809000000002992

Avalanche_Distribution:
10
34
18
4
141
3
3
2
23
140
1
5
12
1
641
48
25
1
42
1
181
2
274
40
36
1
142
6
3
892
4
27
1
1
4
4
19
2
4
21
7
1
19
2
2
3
1
5
1
14
3
4
15
34
1
1
1
2
54
32
1
1
2
1
2
4
31
5
1
1
2
17
2
1
6
4
24
70
4
4
1
595
6
13
106
1
8
12
1
36
48
2
6
1
8
1
1
2
1
1
