
Branching_global:
0.4000000042379637
0.39999990136808056
0.3999997480696663
0.3999995251410775
0.3999994995811485
0.3999992184946685
0.399998869683694
0.39999854693612574
0.39999836100910213
0.3999979755374963

Autocorrelation:
-0.0010913566805564577
-0.001091356374246153
-0.0010913559177776052
-0.0010913552539753536
-0.0010913551778669805
-0.0010913543408918476
-0.0010913533022583286
-0.0010913523412332054
-0.0010913517876104239
-0.001091350639817714

Average_Activity:
0.0
1.25
1.5
1.0
5.25
2.75
1.75
0.5
1.75
0.25
1.0
0.75
0.25
0.5
0.5
2.25
1.0
1.5
0.25
1.25
0.75
0.75
2.75
2.25
1.5
0.75
1.5
1.25
1.75
2.5
1.5
1.75
2.0
1.0
2.25
1.0
1.5
1.75
0.5
3.25
2.0
1.5
1.75
0.5
1.0
1.0
0.5
0.5
0.5
1.75
0.75
0.75
2.0
1.0
2.0
1.75
1.0
1.5
0.5
2.75
1.0
1.25
3.0
1.5
0.0
1.25
1.75
1.25
1.75
0.5
1.5
0.75
1.25
1.25
1.75
2.5
1.75
1.25
0.75
0.75
1.75
1.5
2.75
3.0
1.0
0.5
2.0
2.25
1.75
0.25
0.5
1.25
1.0
0.5
1.5
0.75
0.75
0.75
2.25
2.5
1.0
1.25
1.75
3.25
1.75
0.5
2.25
1.5
1.25
0.5
1.25
1.5
2.0
1.25
2.0
2.25
2.75
1.5
1.0
2.0
1.75
2.5
2.25
2.25
2.75
2.25
2.75
0.75
2.0
1.25
1.25
1.75
1.0
1.5
2.25
1.25
0.75
0.0
1.0
4.25
2.75
2.0
2.0
4.25
2.25
2.25
1.25
0.75
2.5
2.25
1.5
1.25
0.5
3.25
1.75
2.25
0.25
2.25
1.5
1.0
0.5
0.25
2.25
2.5
3.5
1.5
4.0
2.5
2.0
1.25
2.5
1.5
2.5
1.75
0.25
1.75
1.75
3.25
2.0
2.75
1.0
0.75
1.75
0.5
2.0
1.0
1.5
0.75
0.75
1.25
1.75
0.25
0.75
2.5
3.0
0.5
2.5
2.25
1.75
1.5
2.0
2.75
0.75
2.5
0.5
2.75
4.25
1.25
1.75
3.0
2.0
2.75
4.0
2.25
1.0
1.75
4.75
2.0
1.0
2.0
0.75
0.5
2.0
1.0
1.5
0.5
1.5
1.5
1.25
2.0
2.5
2.0
0.75
3.5
2.0
2.25
1.5
1.75
1.0
2.25
1.0
0.75
2.75
1.25
4.0
3.0
1.75
1.25
0.75
2.5

Average_Alpha:
0.10000000104520507
0.10000000022602526
0.0999999984068455
0.09999999858766571
0.09999998176848593
0.09999997494930614
0.09999997213012635
0.09999997431094655
0.09999997149176679
0.099999974672587
0.09999997485340723
0.09999997603422743
0.09999997921504765
0.09999998139586787
0.09999998357668809
0.09999997875750828
0.0999999789383285
0.09999997711914872
0.09999998029996894
0.09999997948078915
0.09999998066160937
0.09999998184242959
0.09999997502324982
0.09999997020407002
0.09999996838489023
0.09999996956571044
0.09999996774653067
0.09999996692735089
0.0999999641081711
0.0999999582889913
0.09999995646981154
0.09999995365063176
0.09999994983145195
0.09999995001227216
0.0999999451930924
0.0999999453739126
0.09999994355473282
0.09999994073555304
0.09999994291637326
0.09999993409719347
0.0999999302780137
0.09999992845883389
0.09999992563965412
0.09999992782047433
0.09999992800129455
0.09999992818211476
0.09999993036293497
0.0999999325437552
0.0999999347245754
0.09999993190539563
0.09999993308621585
0.09999993426703606
0.09999993044785627
0.0999999306286765
0.09999992680949671
0.09999992399031692
0.09999992417113714
0.09999992235195737
0.09999992453277756
0.0999999177135978
0.09999991789441799
0.09999991707523821
0.09999990925605844
0.09999990743687866
0.09999991161769888
0.09999991079851907
0.0999999079793393
0.0999999071601595
0.09999990434097973
0.09999990652179994
0.09999990470262014
0.09999990588344038
0.09999990506426058
0.09999990424508082
0.09999990142590101
0.09999989560672123
0.09999989278754144
0.09999989196836166
0.09999989314918187
0.09999989433000209
0.09999989151082231
0.09999988969164252
0.09999988287246274
0.09999987505328295
0.09999987523410317
0.09999987741492339
0.0999998735957436
0.09999986877656382
0.09999986595738403
0.09999986913820424
0.09999987131902448
0.09999987049984468
0.09999987068066489
0.09999987286148512
0.09999987104230533
0.09999987222312555
0.09999987340394575
0.09999987458476599
0.0999998697655862
0.0999998639464064
0.09999986412722663
0.09999986330804685
0.09999986048886705
0.09999985166968728
0.09999984885050747
0.09999985103132769
0.09999984621214791
0.09999984439296813
0.09999984357378836
0.09999984575460856
0.09999984493542878
0.099999843116249
0.09999983929706921
0.09999983847788943
0.09999983465870962
0.09999982983952985
0.09999982302035008
0.09999982120117028
0.0999998213819905
0.0999998175628107
0.09999981474363094
0.09999980892445115
0.09999980410527137
0.09999979928609158
0.0999997924669118
0.099999787647732
0.09999978082855222
0.09999978200937244
0.09999977819019265
0.09999977737101287
0.09999977655183309
0.09999977373265331
0.09999977391347352
0.09999977209429373
0.09999976727511395
0.09999976645593418
0.0999997676367544
0.09999977181757459
0.09999977199839483
0.09999975917921504
0.09999975236003525
0.09999974854085544
0.09999974472167568
0.09999973190249589
0.09999972708331611
0.09999972226413632
0.09999972144495654
0.09999972262577675
0.09999971680659697
0.09999971198741718
0.09999971016823742
0.09999970934905762
0.09999971152987784
0.09999970271069805
0.09999969989151827
0.09999969507233848
0.0999996982531587
0.09999969343397891
0.09999969161479913
0.09999969179561932
0.09999969397643957
0.09999969715725977
0.09999969233808
0.0999996865189002
0.09999967669972043
0.09999967488054065
0.09999966306136085
0.09999965724218109
0.0999996534230013
0.0999996526038215
0.09999964678464172
0.09999964496546195
0.09999963914628214
0.09999963632710236
0.09999963950792258
0.0999996366887428
0.09999963386956301
0.09999962505038323
0.09999962123120343
0.09999961441202365
0.09999961459284387
0.09999961577366409
0.09999961295448431
0.09999961513530452
0.09999961131612474
0.09999961149694495
0.09999960967776517
0.09999961085858539
0.0999996120394056
0.0999996112202258
0.09999960840104602
0.09999961158186625
0.09999961276268647
0.0999996069435067
0.09999959912432689
0.09999960130514711
0.09999959548596732
0.09999959066678754
0.09999958784760776
0.09999958602842797
0.09999958220924819
0.0999995753900684
0.09999957657088862
0.09999957075170883
0.09999957293252905
0.09999956611334926
0.09999955329416947
0.09999955247498968
0.09999954965580991
0.09999954183663012
0.09999953801745035
0.09999953119827057
0.09999951937909078
0.099999514559911
0.0999995147407312
0.09999951192155143
0.09999949710237163
0.09999949328319184
0.09999949346401206
0.09999948964483228
0.0999994908256525
0.0999994930064727
0.09999948918729294
0.09999948936811315
0.09999948754893336
0.09999948972975357
0.09999948791057381
0.09999948609139402
0.09999948527221424
0.09999948145303444
0.09999947563385465
0.09999947181467488
0.0999994729954951
0.0999994631763153
0.09999945935713551
0.09999945453795574
0.09999945271877594
0.09999944989959617
0.09999945008041639
0.0999994452612366
0.09999944544205681
0.09999944662287703
0.09999943980369724
0.09999943898451746
0.09999942716533768
0.09999941934615789
0.09999941652697811
0.09999941570779833
0.09999941688861852
0.09999941106943876

Avalanche_Distribution:
13
41
1
8
1
4
3
1
1
1
11
10
1
5
4
25
3
1
8
58
4
11
23
13
1
1
4
5
3
1
11
3
8
11
19
16
5
18
4
11
9
9
2
39
3
1
12
29
1
26
1
1
3
4
4
10
1
2
23
8
22
6
1
20
2
5
134
10
19
7
13
3
83
6
27
6
1
18
11
21
2
33
45
33
8
42
2
11
8
6
6
1
2
1
3
9
1
25
1
52
3
11
34
67
37
12
2
11
6
1
10
4
13
19
2
39
8
13
3
15
40
5
11
