
Branching_global:
1.00004
1.0032500000000037
1.0052600000000083
0.932690000000012
0.936480000000016

Autocorrelation:
25.000499996641732
0.30819203729781974
0.1906136312564234
-0.014350827090495049
-0.015237604514272989

Average_Activity:
0.0
0.0
0.0
0.0
0.0
0.0
0.0
0.0
0.0
0.0
0.0
0.0
0.75
3.0
1.75
0.25
0.0
0.0
0.0
0.0
0.0
0.25
0.0
0.0
0.0
0.0
0.0
0.0
0.0
0.5
0.5
0.0
0.0
0.0
0.0
0.25
0.0
0.0
0.0
0.0
0.0
0.5
0.0
0.25
0.25
0.0
0.0
0.25
0.25
2.75
5.5
4.75
7.25
8.25
6.5
9.75
11.5
19.25
24.5
23.5
20.75
28.25
31.5
32.5
46.5
41.75
31.0
36.75
26.5
21.75
18.25
12.5
6.5
5.5
3.25
0.0
0.0
0.0
0.0
0.25
0.25
0.0
0.0
0.0
0.0
0.0
0.0
0.0
0.5
0.75
0.75
0.25
0.0
0.0
0.0
0.0
0.0
0.5
1.25
0.0
0.0
0.0
0.0
0.0
0.0
0.0
0.5
0.25
0.0
0.0
0.0
0.0
0.0
0.0
0.0
0.0
2.0
0.0
0.0
0.5
0.25
0.25
0.0
0.0
0.0

Average_Alpha:
0.25001
0.25005
0.2500900000000001
0.2501300000000001
0.25017000000000017
0.25021000000000015
0.2502500000000003
0.25029000000000023
0.25033000000000033
0.2503700000000003
0.2504100000000004
0.2504500000000004
0.2504600000000005
0.2503800000000005
0.25035000000000057
0.25038000000000055
0.25042000000000064
0.2504600000000006
0.2505000000000007
0.2505400000000007
0.25058000000000086
0.2506100000000008
0.25065000000000087
0.25069000000000086
0.250730000000001
0.25077000000000094
0.25081000000000103
0.25085000000000107
0.25089000000000117
0.25091000000000113
0.2509300000000012
0.2509700000000012
0.2510100000000013
0.25105000000000127
0.25109000000000137
0.25112000000000134
0.25116000000000144
0.2512000000000014
0.2512400000000015
0.2512800000000015
0.2513200000000016
0.2513400000000016
0.25138000000000166
0.2514100000000017
0.2514400000000018
0.25148000000000176
0.25152000000000185
0.2515500000000018
0.2515800000000019
0.2515100000000019
0.25133000000000205
0.251180000000002
0.2509300000000021
0.2506400000000021
0.2504200000000022
0.2500700000000022
0.24965000000000226
0.24892000000000225
0.24798000000000234
0.24708000000000233
0.2462900000000024
0.24520000000000244
0.24398000000000247
0.2427200000000025
0.24090000000000253
0.2392700000000026
0.2380700000000026
0.23664000000000265
0.2356200000000027
0.23479000000000275
0.2341000000000028
0.2336400000000028
0.23342000000000285
0.23324000000000292
0.23315000000000294
0.233190000000003
0.23323000000000302
0.23327000000000309
0.2333100000000031
0.23334000000000316
0.23337000000000319
0.2334100000000032
0.23345000000000327
0.2334900000000033
0.23353000000000332
0.2335700000000034
0.23361000000000343
0.23365000000000344
0.23367000000000349
0.23368000000000352
0.2336900000000036
0.23372000000000362
0.23376000000000366
0.2338000000000037
0.23384000000000374
0.23388000000000378
0.23392000000000382
0.23394000000000387
0.23393000000000388
0.23397000000000395
0.23401000000000396
0.23405000000000403
0.23409000000000407
0.23413000000000408
0.23417000000000412
0.2342100000000042
0.2342300000000042
0.23426000000000424
0.2343000000000043
0.23434000000000435
0.23438000000000436
0.2344200000000044
0.23446000000000444
0.23450000000000448
0.23454000000000452
0.2345800000000046
0.23454000000000463
0.23458000000000465
0.2346200000000047
0.23464000000000476
0.23467000000000476
0.23470000000000482
0.2347400000000049
0.23478000000000493
0.23482000000000494

Avalanche_Distribution:
22
1
1
4
1
2
1
1
2
1947
2
5
3
1
2
5
3
8
2
2
1
