
Branching_global:
0.7878400000002572
0.7918400000002617
0.7957800000002653
0.7993200000002696
0.8033600000002732
0.8072700000002776
0.8111100000002811
0.8143500000002856
0.8184700000002892
0.8220500000002935
0.8252800000002972
0.8288400000003016
0.8331900000003052
0.8368600000003095
0.8396100000003133
0.8434800000003175
0.8474800000003213
0.8516800000003255
0.8553700000003293
0.8594700000003336
0.8636600000003372
0.8674600000003415
0.8705400000003451
0.8739500000003495
0.8780200000003531
0.8816100000003576
0.8850200000003613
0.8891600000003655
0.8930900000003692
0.8969200000003735
0.8986700000003773
0.9022200000003816
0.9063700000003851
0.9098100000003896
0.9129900000003931
0.9178200000003975
0.9220600000004012
0.9256600000004055
0.9299100000004092
0.9345100000004136
0.9373000000004171
0.9381400000004215
0.9322300000004253
0.9374600000004294
0.9382200000004333
0.9416800000004374
0.9455900000004414
0.9502000000004454
0.9541300000004495
0.9579200000004533
0.9604700000004572
0.9604600000004614
0.9645800000004654
0.9692600000004693
0.9727600000004734
0.9778900000004772
0.9799500000004814
0.9830500000004851
0.9867300000004893
0.9893800000004932
0.9938000000004973
0.9974900000005011
1.0018300000005054
1.0061400000005092
0.9838500000005134
0.9749700000005173
0.9794100000005213
0.9833400000005251
0.9875500000005292
0.9917600000005332
0.9959800000005372
0.9995400000005411
0.9993200000005452
0.9952100000005492
1.0019600000005533
1.0041800000005572
1.0089600000005612
1.0118800000005652
1.0183400000005691
1.0195700000005732
1.0075000000005772
0.9461400000005811
0.9516700000005851
0.9551100000005891
0.9566000000005931
0.956560000000597
0.9610600000006011
0.9658800000006051
0.968070000000609
0.9730700000006131
0.9664500000006171
0.9685500000006212
0.9722000000006251
0.9751400000006292
0.9769000000006332
0.980070000000637
0.983210000000641
0.9888700000006452
0.9928100000006491
0.9968700000006532

Autocorrelation:
-0.004193570950490159
-0.0042845649001647754
-0.0043776605430794575
-0.004464407035170489
-0.004567203846374677
-0.004670778012374362
-0.004776653269234218
-0.004869378200290389
-0.004992049281539155
-0.005103236990995825
-0.005207450337202741
-0.0053268517311473446
-0.005479645070794786
-0.005614870847786228
-0.005720241935071689
-0.005874781798649201
-0.006042732798673389
-0.006228806115126931
-0.0064011817046153024
-0.006603303183815943
-0.006822394360859585
-0.007033047275423178
-0.007212843870487294
-0.007422135497205561
-0.007687227820620386
-0.00793616166573153
-0.008186988501498292
-0.008512226124413673
-0.008844241639108498
-0.009192139019647584
-0.009359844093596338
-0.009718467066801937
-0.010172146512318167
-0.010579828284802107
-0.01098534703182096
-0.011661265515804244
-0.012323621005624945
-0.01294527165030659
-0.01376131543393769
-0.014763862813963163
-0.015443567704756004
-0.015660214100309357
-0.014249944152108179
-0.015484385157853038
-0.015681154238269747
-0.016641769227080393
-0.017874312512591882
-0.019576064571259096
-0.02129682842348964
-0.023260676081424323
-0.024793881647720426
-0.024787482893815136
-0.02772963178500077
-0.03202830253647442
-0.036208418069411455
-0.044726540279715
-0.04937362392268275
-0.05849562554816787
-0.0748568370337422
-0.09366106884191293
-0.16078980431893147
-0.3979061651519484
0.5469479349201631
0.16336593939596245
-0.06141814783254477
-0.03944994517293599
-0.04806553193256056
-0.05952260958409632
-0.07982024113415918
-0.12085853379823987
-0.248255883263646
-2.173413007693324
-1.4700881797872778
-0.20826786712173564
0.5107039183151602
0.23973410212163793
0.1121063995096905
0.08467410000780382
0.055024112563807605
0.051597005265049824
0.1338327106557489
-0.018062040797339633
-0.020186954234090653
-0.02177284905791645
-0.022537777280362978
-0.022516556968581344
-0.02517722437277884
-0.02880543064951209
-0.030815805046996037
-0.03663103366881762
-0.029303415560638667
-0.03129383949974798
-0.03546887357565297
-0.0397231636349965
-0.04278809572676564
-0.04967393705743984
-0.05905785042834828
-0.08934632696557733
-0.13858145709649117
-0.31898855671569726

Average_Activity:
0.0
0.0
0.0
0.0
0.0
0.0
0.0
0.0
0.0
0.0
0.0
0.0
0.0
0.0
0.0
0.0
0.0
0.0
0.0
0.0
0.0
0.0
0.0
0.0
0.0
0.0
0.0
0.0
0.25
0.0
0.0
0.0
0.0
0.0
0.0
0.0
0.0
0.0
0.0
0.0
0.0
0.0
0.0
0.0
0.0
0.0
0.0
0.0
0.0
0.0
0.0
0.0
0.0
0.0
0.0
0.0
0.0
0.0
0.0
0.0
0.0
0.0
0.0
0.0
0.0
0.0
0.25
2.0
1.0
0.0
0.0
0.0
0.0
0.0
0.0
0.0
0.0
0.0
0.0
0.0
0.0
0.0
0.0
0.0
0.0
0.0
0.0
0.0
0.0
0.0
0.0
0.0
0.0
0.0
0.0
0.0
0.0
0.0
0.0
0.0
0.0
0.0
0.0
0.0
0.0
0.0
0.0
0.0
0.0
0.0
0.0
0.0
0.0
0.0
0.0
0.0
0.0
0.0
0.0
0.0
0.0
0.0
0.0
0.0
0.0
0.0
0.0
0.0
0.0
0.0
0.0
0.0
0.0
0.0
0.0
0.0
0.0
0.0
0.0
0.5
0.25
0.0
0.0
0.0
0.0
0.0
0.0
0.0
0.0
0.0
0.0
0.0
0.0
1.5
1.75
1.0
0.25
0.0
0.0
0.0
0.0
0.0
0.0
0.0
0.0
0.0
0.0
0.0
0.0
0.0
0.0
0.0
0.0
0.0
0.0
0.25
0.0
0.0
0.0
0.0
0.0
0.0
0.0
0.0
0.0
0.0
0.0
0.0
0.0
0.0
0.0
0.0
0.0
0.0
0.0
0.0
0.0
0.0
0.0
0.0
0.0
0.0
0.0
0.0
0.0
0.0
0.0
0.0
0.0
0.0
0.25
0.0
0.0
0.0
0.0
0.0
0.0
0.0
0.0
0.0
2.25
1.0
0.0
0.0
0.0
0.0
0.5
0.0
0.0
0.0
0.0
0.0
0.0
0.25
0.0
1.0
1.5
0.5
0.0
0.0
0.0
0.0
0.0
0.0
0.0
0.0
0.0
0.0
0.0
0.5
0.25
0.0
0.0
0.0
0.0
0.0
0.0
0.0
0.0
0.0
0.0
0.0
0.0
0.25
0.0
0.0
0.0
0.0
0.0
0.0
0.0
0.0
0.0
0.0
0.0
0.0
0.0
0.0
0.0
0.0
0.0
0.0
0.0
0.0
0.0
0.0
0.0
0.0
0.0
0.0
0.0
0.0
0.0
0.0
0.0
0.0
0.0
0.0
0.0
0.0
0.0
0.0
0.0
0.0
0.0
0.0
0.0
0.0
0.0
0.0
0.0
0.0
0.0
0.0
0.0
0.0
0.0
0.0
0.0
0.0
0.0
0.0
0.0
0.75
1.0
0.0
0.0
0.0
0.25
0.0
0.0
0.0
0.75
0.0
0.0
0.0
0.0
0.0
0.0
0.0
0.0
0.0
0.0
0.0
0.0
0.0
0.25
2.25
2.0
0.0
0.0
0.5
0.0
0.0
0.0
0.0
0.0
0.0
0.0
0.0
0.0
0.0
0.0
0.0
0.0
0.0
0.0
0.0
0.0
0.0
0.0
0.0
0.5
0.0
0.0
0.0
0.0
0.75
0.0
0.0
0.0
0.0
0.0
0.0
0.0
0.0
0.0
0.0
0.0
0.0
0.0
0.0
0.0
0.0
0.0
0.0
0.0
0.0
0.0
0.0
0.0
0.0
0.0
0.0
0.0
0.0
0.0
0.0
0.0
0.0
0.0
0.0
0.0
0.0
0.0
0.0
0.0
0.0
0.0
0.0
0.0
0.0
0.0
0.0
0.0
0.0
0.0
0.0
0.0
0.0
0.0
0.25
0.0
0.0
0.0
0.0
0.0
0.0
0.0
0.0
0.0
0.0
0.0
0.0
0.0
0.0
0.0
0.0
0.0
0.0
0.0
0.0
0.0
0.0
0.0
0.0
0.0
0.0
0.0
0.0
0.0
0.0
0.0
0.0
0.0
0.0
0.0
0.0
0.0
0.0
0.0
0.0
0.0
0.0
0.0
0.0
0.0
0.0
0.0
0.0
0.0
0.0
0.0
0.0
0.0
0.0
0.0
0.0
0.0
0.0
0.0
0.0
0.5
0.0
0.0
0.25
0.0
0.0
0.0
0.0
0.0
0.0
0.0
0.0
0.0
0.0
0.0
0.0
0.0
0.0
0.0
0.0
0.0
0.0
0.0
0.0
0.0
0.0
0.0
0.0
0.0
0.0
0.0
0.0
0.25
1.0
0.0
0.0
0.0
0.0
0.0
0.0
0.0
0.0
0.0
0.0
0.0
0.0
0.0
0.0
0.0
0.0
0.0
1.0
3.5
1.0
0.0
0.0
0.0
0.0
0.0
0.0
0.0
0.0
0.0
0.0
0.0
0.0
0.75
0.0
0.0
0.0
0.0
0.0
0.25
0.25
0.0
0.0
0.0
0.0
0.0
0.0
0.0
0.75
1.25
0.0
0.0
0.0
0.0
0.0
0.0
0.0
0.0
0.0
0.0
0.0
0.0
0.0
0.0
0.0
0.0
0.0
0.0
0.0
0.0
0.0
0.0
0.0
0.0
0.0
0.0
0.0
0.0
0.0
0.0
0.0
0.0
0.0
0.0
0.0
0.0
0.0
0.0
0.0
0.0
0.0
0.0
0.0
0.0
0.0
0.0
0.0
0.0
0.0
0.0
1.0
2.25
0.0
0.0
0.0
0.0
0.0
0.25
0.0
0.0
0.0
0.0
0.0
0.0
0.0
0.0
0.0
0.0
0.0
0.0
0.0
0.0
0.0
0.0
0.0
0.0
0.0
0.0
0.75
1.0
0.0
0.0
0.0
0.0
0.0
0.0
0.0
0.0
0.0
0.0
0.0
0.0
0.0
0.0
0.0
0.0
0.0
0.0
0.0
0.0
0.0
0.0
0.0
0.0
0.0
0.0
0.0
0.0
0.0
0.0
0.0
0.0
0.0
0.0
0.0
0.25
0.0
0.0
0.0
0.0
0.0
0.25
0.0
0.0
0.0
0.0
0.0
0.25
0.0
0.0
0.0
0.0
0.0
0.0
0.0
0.0
0.0
0.0
0.0
0.5
0.0
0.0
0.0
0.0
0.0
0.0
0.0
0.0
0.0
0.0
0.0
0.0
0.0
0.0
0.0
0.0
0.0
0.0
0.0
0.0
0.0
0.0
0.0
0.0
0.25
2.0
5.5
3.25
0.75
0.0
0.0
0.0
0.0
0.0
0.0
0.0
0.0
0.0
1.75
1.5
2.5
0.25
0.0
0.0
0.0
0.0
0.0
0.0
0.0
0.0
0.0
0.0
0.0
0.0
0.0
0.0
0.0
0.0
0.0
0.0
0.0
0.0
0.25
0.0
0.0
0.0
0.0
0.0
0.0
0.0
0.0
0.0
0.0
0.0
0.0
0.0
0.0
0.0
0.0
0.0
0.0
0.0
0.0
0.0
0.0
0.0
0.0
0.0
0.0
0.0
0.0
0.0
0.0
0.0
0.0
0.0
0.0
0.0
0.75
0.0
0.0
0.0
0.0
0.0
0.0
0.0
0.0
0.0
0.0
0.0
0.0
0.0
0.0
0.0
0.0
0.0
0.0
0.0
0.0
0.0
0.0
0.0
0.0
0.0
0.0
0.0
0.0
0.0
0.0
0.0
0.0
0.0
0.0
0.0
0.0
0.0
0.0
0.0
0.0
0.0
0.0
0.0
0.0
0.0
0.0
0.0
0.0
0.0
0.0
0.0
0.0
0.0
0.0
0.0
0.0
0.0
0.0
0.0
0.0
0.0
0.0
0.0
0.0
0.0
0.0
0.0
0.0
0.0
0.0
0.0
0.0
0.0
0.0
0.0
0.0
0.0
0.0
0.0
0.0
0.0
0.0
0.0
0.0
0.0
0.0
0.0
0.0
0.0
0.0
0.0
0.0
0.0
0.0
0.0
0.0
0.0
0.0
0.0
0.0
0.0
0.0
0.0
0.0
0.0
0.0
0.0
0.0
0.0
0.0
0.0
0.0
0.0
0.0
0.0
0.0
0.0
0.0
0.0
0.0
0.0
0.0
0.0
0.0
0.0
0.0
0.0
0.0
0.0
0.0
0.0
0.0
0.0
0.0
0.0
0.0
0.25
0.0
0.0
0.0
0.0
0.0
0.0
0.0
0.0
0.0
0.0
0.0
0.0
0.0
0.0
0.0
0.0
0.0
0.0
0.0
0.0
0.0
0.0
0.0
0.0
0.0
0.0
0.0
0.0
0.0
0.25
0.0
0.0
0.0
0.0
0.0
0.0
0.0
0.0
0.0
0.0
0.0
0.0
0.0
0.0
0.0
0.0
0.0
0.0
0.0
0.0
0.0
0.0
0.0
0.0
0.0
0.0
0.0
0.0
0.0
0.0
0.0
0.0
0.0
0.0
0.0
0.0
0.0
0.0
0.0
0.0
0.0
2.5
2.75
6.75
10.75
9.0
8.5
11.75
9.0
7.75
2.75
3.25
3.75
0.25
0.0
0.0
0.0
0.0
0.0
0.0
0.0
0.0
0.0
0.0
0.0
0.0
0.0
0.0
0.0
0.0
0.0
0.0
0.0
0.0
0.0
0.0
0.0
0.0
0.0
0.0
0.0
0.0
0.0
0.0
0.0
0.0
0.0
0.0
0.0
0.0
0.0
0.0
0.0
0.0
0.0
0.0
0.0
0.0
0.0
0.0
0.25
0.0
0.0
0.0
0.0
0.0
0.0
0.5
2.25
5.25
4.25
7.25
0.5
0.0
0.0
0.0
0.0
0.0
0.0
0.0
0.25
0.0
0.0
0.0
0.0
0.0
0.25
0.0
0.0
0.0
0.0
0.0
0.0
0.0
0.0
0.0
0.0
0.0
0.0
0.0
0.0
0.0
0.0
0.0
0.0
0.0
0.0
0.0
0.0
0.0
0.0
0.0
0.0
0.0
0.0
0.0
0.0
0.0
0.0
0.0
0.0
0.0
0.0
0.0
0.0
0.0
0.0
0.0
0.0
0.0
0.0
0.0
0.0
0.0
0.0
0.0
0.0
0.0
0.0
0.0
0.0
0.0
0.0
0.0
0.0
0.0
0.0
0.0
0.0
0.0
0.0
0.0
0.0
0.0
0.0
0.0
0.0
0.0
0.0
0.0
0.0
0.0
0.0
0.0
0.0
0.0
0.0
0.0
0.0
0.0
0.0
0.0
0.0
0.0
0.0
0.25
0.0
0.0
0.0
0.0
0.0
0.0
0.0
0.0
0.0
0.0
0.0
0.0
0.0
0.0
0.0
0.0
0.0
0.0
0.0
0.0
0.0
0.0
0.0
0.0
0.0
0.0
0.0
0.0
0.25
2.75
1.5
0.75
0.0
0.0
0.0
0.0
0.0
0.0
0.0
0.0
0.0
0.0
0.0
0.0
0.0
0.0
0.0
0.0
0.0
0.0
0.0
0.0
0.0
0.25
2.75
2.5
3.25
4.25
3.5
3.5
1.5
0.0
0.0
0.0
0.0
0.0
0.0
0.0
0.0
0.0
0.0
0.0
0.0
0.0
0.25
0.0
0.0
0.0
0.0
0.0
0.0
0.0
0.0
0.0
0.0
0.0
0.0
0.0
0.0
0.0
0.0
0.0
0.0
0.0
0.0
0.0
0.0
0.0
0.0
0.0
0.0
0.0
0.0
0.0
0.0
0.0
0.0
0.0
0.0
0.0
0.0
0.0
0.0
0.0
0.0
0.0
0.0
0.0
0.0
0.0
0.0
0.0
0.0
0.0
0.0
0.0
0.0
0.0
0.0
0.0
0.0
0.0
0.0
0.0
1.0
0.0
0.0
0.0
0.0
0.0
0.0
0.0
0.0
0.0
0.0
0.0
0.0
0.0
0.0
0.0
0.0
0.0
0.0
0.0
0.0
0.0
0.0
1.0
0.0
0.0
0.0
0.0
0.0
0.0
0.0
0.0
0.0
0.0
0.0
0.25
0.0
0.0
0.0
0.0
0.0
0.0
0.0
0.0
0.0
0.25
2.75
1.75
1.75
0.0
0.0
0.0
0.0
0.0
0.0
0.0
0.0
0.0
0.0
0.0
0.0
0.0
0.0
0.0
0.0
0.0
0.0
0.0
0.0
0.0
0.0
0.0
0.0
0.0
0.0
0.0
0.0
0.0
0.0
0.0
0.0
0.0
0.0
0.0
0.0
0.0
0.0
0.0
0.0
0.0
0.0
0.0
2.5
1.5
2.25
2.75
2.0
0.25
0.0
0.0
0.0
0.0
0.0
0.0
0.0
0.0
0.0
0.0
0.0
0.0
0.0
0.0
0.0
0.0
0.0
0.0
0.0
0.0
0.0
0.0
0.0
0.0
0.0
0.0
0.0
0.0
0.0
0.0
0.0
0.0
0.0
0.0
0.0
0.0
0.0
0.0
0.0
0.0
0.0
0.0
0.0
0.0
0.0
0.0
0.0
0.0
0.0
0.0
0.0
0.0
0.0
0.0
0.0
0.0
0.0
0.0
0.0
0.0
0.0
0.0
0.0
0.0
0.0
0.0
0.0
0.0
0.0
0.0
0.0
0.0
0.0
0.0
0.0
0.0
0.0
0.0
0.0
0.0
0.0
0.0
0.0
0.0
0.0
0.0
0.0
0.5
1.0
0.0
0.0
0.0
0.0
0.0
0.0
0.0
0.0
0.0
0.0
0.0
0.0
0.0
0.0
0.0
0.0
0.0
0.0
0.0
0.0
0.0
0.0
0.0
0.0
0.0
0.0
0.0
0.0
0.0
0.0
0.0
0.0
0.0
0.0
0.0
0.0
0.0
0.0
0.0
0.0
0.0
0.0
0.0
0.0
0.0
0.0
0.0
0.0
0.0
0.0
0.0
0.0
0.0
0.0
0.0
0.0
0.0
0.0
0.0
0.0
0.0
0.0
0.0
0.0
0.0
0.0
0.0
0.0
0.0
1.5
2.25
3.0
1.5
2.75
3.5
5.5
15.25
27.0
29.25
21.75
16.25
21.25
13.0
17.5
19.0
14.5
6.5
10.0
4.5
3.5
1.75
0.0
0.0
0.0
0.0
0.0
0.0
0.0
0.0
0.0
0.0
0.0
0.0
0.0
0.0
0.0
0.0
0.0
0.5
0.0
0.0
0.0
0.0
0.0
0.0
0.0
0.0
0.0
0.0
0.0
0.0
0.0
0.0
0.0
0.0
0.0
0.0
0.0
0.0
0.0
0.0
0.0
0.0
0.0
0.0
0.0
0.0
0.0
0.0
0.0
0.0
0.0
0.0
0.0
0.0
0.0
0.0
0.0
0.0
0.0
0.0
0.0
0.0
0.0
0.0
0.0
0.0
0.0
0.0
0.0
0.0
0.0
0.0
0.0
0.0
0.0
0.0
0.0
0.0
0.0
0.0
0.0
0.0
0.0
0.0
0.0
0.0
0.0
0.0
0.0
0.0
0.0
0.0
0.0
0.0
0.0
0.0
0.0
0.0
0.0
0.0
0.0
0.0
0.25
0.0
0.0
0.0
0.0
0.0
0.0
0.0
0.0
0.0
0.0
0.0
0.0
0.0
0.0
0.0
0.0
0.0
0.0
0.0
0.0
0.0
0.0
0.0
0.0
0.0
0.0
0.0
0.0
0.0
0.0
0.0
0.0
0.0
0.0
0.0
0.0
0.0
0.0
0.0
0.0
0.0
0.0
0.0
0.0
0.0
0.0
0.5
0.0
0.0
0.0
0.0
0.0
0.0
0.0
0.0
0.0
0.0
0.0
0.0
0.0
0.0
0.0
0.0
0.0
0.0
0.0
0.0
0.0
0.0
0.0
0.0
0.0
0.0
0.0
0.0
0.0
0.0
0.0
0.0
0.0
0.0
0.0
0.0
0.25
4.0
4.5
3.5
7.25
6.0
4.0
3.25
0.25
0.0
0.0
0.0
0.0
0.0
0.0
0.0
0.0
0.0
0.0
0.0
0.0
0.0
2.75
4.0
5.0
7.0
5.25
4.75
3.75
0.75
0.0
0.0
0.0
0.0
0.0
0.0
0.0
0.0
0.0
0.0
0.0
0.0
0.0
0.0
0.0
0.0
0.0
0.0
0.0
0.0
0.0
0.0
0.0
0.0
0.0
0.0
0.0
0.0
0.0
0.0
0.0
0.0
0.0
0.0
0.0
0.25
0.0
0.0
0.0
0.0
0.0
0.0
0.0
0.0
0.0
0.0
0.5
0.0
0.0
0.0
0.0
0.0
0.0
0.0
0.0
0.0
0.0
0.0
0.0
0.0
0.75
0.0
0.0
0.0
0.0
0.0
0.0
0.0
0.0
0.0
0.0
0.0
0.0
0.0
0.0
0.0
0.0
0.0
0.0
0.0
0.0
0.0
0.0
0.0
0.0
0.0
0.0
0.0
0.0
0.0
0.0
0.0
0.0
0.0
0.0
0.0
0.0
0.0
0.0
0.0
0.0
0.0
0.0
0.0
0.0
0.0
0.0
0.0
0.0
0.0
0.75
0.0
0.0
0.0
0.0
0.0
0.0
0.0
0.0
0.0
0.0
0.0
0.0
0.0
0.0
0.0
0.0
0.0
0.0
0.0
0.0
0.0
0.0
0.0
0.0
0.0
0.0
0.0
0.0
0.0
0.0
0.0
0.0
0.0
0.0
0.0
0.0
0.0
0.0
0.0
0.0
0.0
0.0
0.0
0.0
0.0
0.0
0.0
0.0
0.0
0.0
0.0
0.0
0.0
0.0
0.0
0.0
0.0
0.0
2.75
2.5
7.0
20.25
29.0
21.75
22.5
13.75
6.25
15.0
20.5
15.0
11.25
10.75
14.5
13.5
16.0
17.25
25.75
29.25
33.25
27.5
21.0
17.25
22.0
25.5
21.25
11.75
4.25
2.75
0.25
0.0
0.0
0.0
0.0
0.0
0.0
0.0
0.0
0.0
0.0
0.0
0.0
0.0
0.0
0.0
0.0
0.0
0.0
0.0
0.0
0.0
0.0
0.5
0.25
0.0
0.0
0.0
0.0
0.0
0.0
0.0
0.0
0.0
0.0
0.0
0.0
0.0
0.0
0.25
3.0
1.5
0.0
0.0
0.0
0.0
0.0
0.0
0.0
0.0
0.0
0.0
0.0
0.0
0.0
0.0
0.0
0.0
0.0
2.5
2.0
0.0
0.0
0.0
0.0
0.0
0.0
0.0
0.0
0.0
0.0
0.0
0.0
0.0
2.0
8.5
6.5
3.25
3.75
2.0
6.25
2.25
1.0
0.25
0.75
0.0
0.0
0.75
0.0
0.0
0.0
0.0
0.0
0.0
0.0
0.0
0.0
0.0
0.0
0.0
0.0
0.0
0.0
0.0
0.0
0.0
0.0
0.0
0.0
0.0
0.0
0.0
0.0
0.0
0.0
0.0
0.25
0.0
0.0
0.0
0.0
0.0
0.0
0.0
0.0
0.0
0.0
0.0
0.0
0.0
0.0
0.0
0.0
0.0
0.0
0.0
0.0
0.0
0.0
0.0
0.0
0.0
0.0
0.0
0.0
0.0
0.25
0.25
0.0
0.0
0.0
0.0
0.0
0.0
0.0
0.0
0.0
0.0
0.0
0.0
0.0
0.0
0.25
0.0
0.0
0.0
0.0
0.0
0.0
0.0
0.0
0.0
0.0
0.0
0.0
0.0
0.0
0.0
0.0
0.0
0.0
0.0
0.0
0.0
0.0
0.0
0.0
0.0
0.0
0.0
0.0
0.0
0.0
1.5
1.75
1.0
3.0
2.5
0.25
0.0
0.0
0.0
0.0
0.0
0.0
0.0
0.0
0.0
1.0
0.0
0.0
0.0
0.0
0.0
0.0
0.0
0.0
0.0
0.0
0.25
4.0
6.5
3.75
5.25
3.5
4.75
6.0
11.0
8.75
4.75
3.25
3.75
0.25
0.0
0.0
0.0
0.0
0.0
0.0
0.0
0.0
0.0
0.0
0.0
0.0
0.0
0.0
0.0
0.0
0.0
0.0
0.0
0.25
0.0
0.0
0.0
0.0
0.0
0.0
0.0
0.0
0.0
0.0
0.0
0.0
0.0
0.0
0.0
0.0
0.0
0.0
0.0
0.0
0.0
0.0
0.0
0.0
0.0
0.0
0.0
0.0
0.0
0.0
0.0
0.0
0.0
0.0
0.0
0.0
0.0
0.0
0.0
0.0
0.0
0.0
0.0
0.75
1.25
0.0
0.0
0.5
2.0
1.5
1.5
2.25
2.0
0.25
1.0
0.5
0.0
0.0
0.0
0.0
0.0
0.0
0.0
0.0
0.0
0.0
0.0
0.0
0.0
0.0
0.0
0.0
0.0
0.0
0.0
0.0
0.0
0.0
0.0
0.0
0.0
0.0
0.0
0.0
0.0
0.0
0.0
0.0
0.0
0.0
0.0
0.0
0.0
0.0
0.0
0.0
0.0
0.0
0.0
0.0
0.0
0.0
0.0
0.0
0.0
0.0
0.0
0.0
0.0
0.0
1.25
3.5
2.25
0.5
0.0
0.0
0.0
0.0
0.0
0.0
0.0
0.0
0.0
0.0
0.0
0.0
0.0
0.0
0.0
0.0
0.0
0.0
0.0
0.0
0.0
0.0
0.0
0.0
0.0
0.0
0.0
0.0
0.0
0.0
0.0
0.0
0.0
0.0
0.0
0.0
0.0
0.0
0.0
0.0
0.0
0.0
0.0
0.0
0.25
0.0
0.0
0.0
0.0
0.0
0.0
0.0
0.75
0.0
0.0
0.0
0.0
0.0
0.0
0.0
0.0
0.0
0.0
0.0
0.0
0.0
0.0
0.0
0.0
0.0
0.0
0.0
0.0
0.0
0.0
0.0
0.0
0.0
0.0
0.0
0.0
0.0
0.0
0.0
0.0
0.0
0.0
0.0
0.0
0.0
0.0
0.0
0.0
0.0
0.0
0.25
0.0
0.0
0.0
0.0
0.0
0.0
0.0
0.0
0.0
0.0
0.0
0.0
0.0

Average_Alpha:
0.1969600000000643
0.19700000000006443
0.19704000000006436
0.1970800000000645
0.19712000000006447
0.19716000000006456
0.19720000000006457
0.19724000000006467
0.1972800000000646
0.19732000000006478
0.1973600000000647
0.19740000000006483
0.19744000000006479
0.1974800000000649
0.19752000000006487
0.19756000000006496
0.19760000000006495
0.19764000000006507
0.19768000000006503
0.19772000000006515
0.19776000000006513
0.1978000000000652
0.19784000000006519
0.1978800000000653
0.19792000000006527
0.19796000000006542
0.19800000000006537
0.19804000000006547
0.19807000000006542
0.19811000000006557
0.19815000000006552
0.19819000000006562
0.19823000000006558
0.1982700000000657
0.19831000000006566
0.19835000000006578
0.19839000000006576
0.19843000000006586
0.19847000000006584
0.19851000000006594
0.1985500000000659
0.19859000000006602
0.198630000000066
0.19867000000006613
0.19871000000006608
0.1987500000000662
0.19879000000006616
0.19883000000006626
0.19887000000006622
0.19891000000006637
0.1989500000000663
0.1989900000000664
0.1990300000000664
0.1990700000000665
0.19911000000006646
0.1991500000000666
0.19919000000006656
0.1992300000000667
0.19927000000006664
0.19931000000006674
0.1993500000000667
0.19939000000006685
0.1994300000000668
0.1994700000000669
0.19951000000006686
0.19955000000006698
0.19958000000006695
0.19954000000006708
0.19954000000006705
0.19958000000006718
0.19962000000006713
0.1996600000000672
0.1997000000000672
0.1997400000000673
0.19978000000006726
0.1998200000000674
0.19986000000006734
0.19990000000006747
0.19994000000006742
0.19998000000006755
0.2000200000000675
0.20006000000006763
0.20010000000006758
0.20014000000006768
0.20018000000006764
0.2002200000000678
0.20026000000006774
0.2003000000000679
0.20034000000006785
0.20038000000006795
0.2004200000000679
0.20046000000006803
0.20050000000006798
0.2005400000000681
0.2005800000000681
0.2006200000000682
0.20066000000006814
0.20070000000006827
0.20074000000006822
0.20078000000006835
0.20082000000006833
0.20086000000006846
0.2009000000000684
0.20094000000006848
0.2009800000000685
0.2010200000000686
0.20106000000006855
0.20110000000006867
0.20114000000006863
0.20118000000006875
0.2012200000000687
0.20126000000006883
0.20130000000006879
0.2013400000000689
0.20138000000006887
0.20142000000006896
0.20146000000006892
0.20150000000006907
0.20154000000006903
0.20158000000006918
0.20162000000006913
0.20166000000006923
0.20170000000006919
0.2017400000000693
0.20178000000006927
0.2018200000000694
0.20186000000006937
0.20190000000006947
0.20194000000006943
0.20198000000006955
0.2020200000000695
0.20206000000006963
0.2021000000000696
0.20214000000006974
0.2021800000000697
0.20222000000006976
0.20226000000006977
0.20230000000006987
0.20234000000006983
0.20236000000006993
0.20239000000006993
0.20243000000007003
0.20247000000007
0.20251000000007008
0.20255000000007006
0.2025900000000702
0.20263000000007014
0.20267000000007027
0.20271000000007025
0.20275000000007035
0.20279000000007033
0.20283000000007043
0.20287000000007038
0.2028500000000705
0.20282000000007047
0.20282000000007058
0.20285000000007056
0.20289000000007068
0.20293000000007066
0.20297000000007073
0.20301000000007072
0.20305000000007084
0.2030900000000708
0.20313000000007092
0.20317000000007088
0.20321000000007097
0.20325000000007093
0.20329000000007108
0.20333000000007104
0.20337000000007113
0.20341000000007115
0.2034500000000712
0.20349000000007117
0.20353000000007132
0.20357000000007128
0.20360000000007136
0.20364000000007132
0.20368000000007147
0.20372000000007146
0.20376000000007155
0.2038000000000715
0.20384000000007163
0.20388000000007162
0.20392000000007168
0.20396000000007167
0.2040000000000718
0.20404000000007175
0.20408000000007187
0.20412000000007183
0.20416000000007192
0.2042000000000719
0.20424000000007203
0.204280000000072
0.20432000000007214
0.2043600000000721
0.20440000000007216
0.20444000000007215
0.20448000000007227
0.20452000000007223
0.20456000000007235
0.20460000000007234
0.20464000000007243
0.2046800000000724
0.2047200000000725
0.20476000000007247
0.2048000000000726
0.20484000000007258
0.20488000000007264
0.2049200000000726
0.20496000000007275
0.20499000000007273
0.20503000000007282
0.20507000000007278
0.20511000000007293
0.20515000000007289
0.20519000000007298
0.20523000000007294
0.2052700000000731
0.20531000000007305
0.20535000000007314
0.20530000000007312
0.20530000000007323
0.2053400000000732
0.20538000000007328
0.2054200000000733
0.20546000000007336
0.20548000000007335
0.20552000000007348
0.2055600000000734
0.20560000000007356
0.2056400000000735
0.2056800000000736
0.2057200000000736
0.2057500000000737
0.20579000000007366
0.2057900000000738
0.20577000000007376
0.20579000000007386
0.20583000000007382
0.20587000000007397
0.20591000000007392
0.20595000000007402
0.205990000000074
0.2060300000000741
0.20607000000007406
0.20611000000007418
0.20615000000007416
0.20619000000007426
0.20623000000007424
0.20625000000007435
0.20628000000007432
0.20632000000007442
0.2063600000000744
0.2064000000000745
0.20644000000007445
0.2064800000000746
0.20652000000007456
0.20656000000007463
0.20660000000007467
0.20664000000007474
0.20668000000007472
0.20672000000007484
0.2067600000000748
0.2067900000000749
0.20683000000007487
0.206870000000075
0.20691000000007495
0.20695000000007507
0.20699000000007503
0.20703000000007515
0.20707000000007514
0.2071100000000752
0.2071500000000752
0.2071900000000753
0.20723000000007527
0.2072700000000754
0.20731000000007538
0.20735000000007545
0.20739000000007546
0.20743000000007555
0.2074700000000755
0.20751000000007563
0.20755000000007562
0.2075900000000757
0.20763000000007564
0.2076700000000758
0.20771000000007575
0.20775000000007585
0.20779000000007586
0.20783000000007593
0.2078700000000759
0.20791000000007603
0.207950000000076
0.20799000000007611
0.2080300000000761
0.20807000000007617
0.20811000000007615
0.20815000000007627
0.20819000000007623
0.20823000000007635
0.2082700000000763
0.20831000000007643
0.20835000000007642
0.2083900000000765
0.20843000000007647
0.20847000000007657
0.20851000000007655
0.20855000000007667
0.20859000000007666
0.20863000000007673
0.20867000000007674
0.20871000000007683
0.2087500000000768
0.20879000000007691
0.2088300000000769
0.20887000000007697
0.20891000000007692
0.20895000000007707
0.20899000000007703
0.20903000000007713
0.20907000000007714
0.2091100000000772
0.2091500000000772
0.2091600000000773
0.20916000000007728
0.20920000000007735
0.20924000000007736
0.20928000000007746
0.20931000000007743
0.20935000000007753
0.20939000000007751
0.20943000000007764
0.2094400000000776
0.2094800000000777
0.20952000000007767
0.20956000000007777
0.20960000000007772
0.20964000000007788
0.20968000000007786
0.20972000000007793
0.2097600000000779
0.209800000000078
0.209840000000078
0.2098800000000781
0.20992000000007807
0.2099600000000782
0.20999000000007817
0.20994000000007823
0.20990000000007822
0.20994000000007834
0.2099800000000783
0.2100000000000784
0.2100400000000784
0.21008000000007848
0.21012000000007844
0.2101600000000786
0.21020000000007855
0.21024000000007864
0.21028000000007865
0.21032000000007872
0.2103600000000787
0.21040000000007883
0.2104400000000788
0.21048000000007888
0.2105200000000789
0.21056000000007896
0.21060000000007895
0.21064000000007904
0.21068000000007903
0.21072000000007915
0.2107600000000791
0.21080000000007923
0.21082000000007917
0.21086000000007932
0.21090000000007927
0.21094000000007934
0.21098000000007938
0.21099000000007948
0.21103000000007943
0.21107000000007956
0.2111100000000795
0.2111500000000796
0.2111900000000796
0.2112300000000797
0.21127000000007967
0.21131000000007977
0.21135000000007978
0.21139000000007985
0.21143000000007983
0.21147000000007993
0.2115100000000799
0.21155000000007998
0.21159000000008
0.2116300000000801
0.21167000000008007
0.2117100000000802
0.21175000000008015
0.21179000000008025
0.21183000000008023
0.21187000000008033
0.21191000000008028
0.21195000000008044
0.2119900000000804
0.2120300000000805
0.21207000000008047
0.21211000000008057
0.21215000000008055
0.21219000000008065
0.21223000000008063
0.21227000000008076
0.2123100000000807
0.21235000000008084
0.2123900000000808
0.2124300000000809
0.21247000000008087
0.21251000000008097
0.21255000000008095
0.21259000000008105
0.21263000000008106
0.21267000000008113
0.2127100000000811
0.2127500000000812
0.2127900000000812
0.21283000000008126
0.21287000000008127
0.21291000000008137
0.21295000000008135
0.21299000000008148
0.21303000000008143
0.21307000000008153
0.2131100000000815
0.21314000000008163
0.21318000000008158
0.21322000000008168
0.21326000000008166
0.21330000000008176
0.21334000000008177
0.21338000000008184
0.21342000000008185
0.21346000000008195
0.2135000000000819
0.21354000000008203
0.213580000000082
0.21362000000008208
0.21366000000008206
0.21370000000008219
0.21374000000008214
0.21378000000008227
0.21382000000008225
0.21386000000008232
0.2139000000000823
0.21394000000008243
0.21398000000008238
0.21402000000008248
0.2140600000000825
0.21410000000008256
0.21414000000008254
0.21418000000008267
0.21422000000008262
0.21426000000008275
0.21430000000008273
0.21434000000008283
0.21438000000008278
0.2144200000000829
0.21446000000008286
0.21450000000008296
0.21454000000008294
0.21458000000008304
0.21462000000008305
0.21466000000008312
0.21470000000008313
0.21474000000008323
0.21478000000008318
0.2148200000000833
0.2148600000000833
0.21490000000008336
0.21494000000008334
0.21498000000008347
0.21502000000008342
0.21506000000008355
0.21510000000008353
0.2151400000000836
0.21518000000008358
0.2152200000000837
0.21526000000008366
0.21530000000008376
0.21534000000008377
0.21538000000008384
0.21542000000008382
0.21546000000008395
0.2155000000000839
0.21554000000008403
0.215560000000084
0.21560000000008409
0.21564000000008407
0.21567000000008418
0.21571000000008417
0.21575000000008424
0.2157900000000842
0.21583000000008434
0.21587000000008433
0.2159100000000844
0.2159500000000844
0.21599000000008448
0.21603000000008446
0.21607000000008458
0.21611000000008454
0.21615000000008466
0.21619000000008465
0.21623000000008474
0.2162700000000847
0.21631000000008482
0.21635000000008478
0.21639000000008488
0.2164300000000849
0.21647000000008496
0.21651000000008497
0.21655000000008504
0.21659000000008505
0.21663000000008514
0.2166700000000851
0.21671000000008522
0.21675000000008518
0.21679000000008528
0.21682000000008525
0.21682000000008536
0.21686000000008535
0.21690000000008544
0.21694000000008543
0.21698000000008555
0.21702000000008553
0.2170600000000856
0.2171000000000856
0.2171400000000857
0.21718000000008567
0.2172200000000858
0.21726000000008577
0.21730000000008584
0.21734000000008583
0.21738000000008595
0.2174200000000859
0.217460000000086
0.21750000000008599
0.21750000000008607
0.2174000000000861
0.2174000000000862
0.21744000000008618
0.21748000000008624
0.21752000000008626
0.21756000000008635
0.2176000000000863
0.2176400000000864
0.21768000000008642
0.21772000000008648
0.2177600000000865
0.2178000000000866
0.21784000000008655
0.21788000000008664
0.21789000000008663
0.21793000000008675
0.2179700000000867
0.21801000000008683
0.2180500000000868
0.21809000000008688
0.21812000000008686
0.21815000000008697
0.21819000000008698
0.21823000000008708
0.21827000000008706
0.21831000000008716
0.2183500000000871
0.2183900000000872
0.2184300000000872
0.21844000000008731
0.21843000000008725
0.21847000000008737
0.21851000000008736
0.21855000000008742
0.21859000000008744
0.21863000000008753
0.21867000000008752
0.21871000000008764
0.2187500000000876
0.2187900000000877
0.21883000000008768
0.21887000000008777
0.21891000000008773
0.21895000000008788
0.21899000000008784
0.21903000000008793
0.21907000000008792
0.219110000000088
0.219150000000088
0.2191900000000881
0.21923000000008808
0.21927000000008817
0.21931000000008816
0.21935000000008825
0.21939000000008824
0.21943000000008833
0.21947000000008832
0.2195100000000884
0.21955000000008837
0.2195900000000885
0.2196300000000885
0.21967000000008857
0.21971000000008853
0.21975000000008865
0.21979000000008864
0.2198300000000887
0.21987000000008872
0.2199100000000888
0.2199500000000888
0.21999000000008892
0.22003000000008888
0.22007000000008897
0.22011000000008896
0.22015000000008905
0.220190000000089
0.22023000000008916
0.22027000000008912
0.2203100000000892
0.2203500000000892
0.2203900000000893
0.22043000000008928
0.22043000000008936
0.22038000000008937
0.22042000000008946
0.22046000000008945
0.22050000000008954
0.2205400000000895
0.22058000000008962
0.2206100000000896
0.22065000000008966
0.22069000000008968
0.22073000000008977
0.22077000000008973
0.22081000000008988
0.22085000000008984
0.2208900000000899
0.22093000000008992
0.22097000000009
0.22101000000008997
0.22105000000009012
0.22109000000009008
0.22113000000009017
0.22117000000009013
0.22121000000009025
0.2212500000000902
0.22129000000009033
0.22133000000009032
0.22137000000009044
0.2214100000000904
0.22142000000009052
0.22142000000009046
0.22146000000009056
0.22150000000009054
0.22154000000009066
0.22158000000009065
0.22162000000009074
0.22166000000009073
0.22170000000009082
0.22174000000009078
0.22178000000009088
0.22182000000009086
0.22186000000009096
0.2219000000000909
0.22194000000009106
0.22198000000009102
0.22202000000009112
0.2220600000000911
0.2221000000000912
0.22214000000009118
0.2221800000000913
0.22222000000009126
0.22226000000009136
0.22230000000009137
0.22234000000009144
0.22238000000009142
0.22242000000009154
0.2224600000000915
0.22250000000009162
0.2225400000000916
0.2225800000000917
0.22262000000009166
0.22266000000009176
0.22270000000009174
0.22274000000009184
0.22278000000009182
0.22282000000009194
0.2228500000000919
0.22289000000009201
0.22293000000009197
0.2229700000000921
0.22301000000009205
0.22305000000009215
0.22308000000009212
0.22312000000009227
0.22316000000009223
0.22320000000009235
0.2232400000000923
0.2232800000000924
0.22331000000009238
0.2233500000000925
0.22339000000009246
0.2234300000000926
0.22347000000009254
0.22351000000009263
0.22355000000009262
0.22359000000009274
0.2236300000000927
0.22367000000009282
0.22371000000009275
0.22375000000009287
0.22377000000009287
0.22381000000009296
0.22385000000009295
0.22389000000009304
0.223930000000093
0.22397000000009315
0.2240100000000931
0.2240500000000932
0.22409000000009316
0.22413000000009328
0.22417000000009327
0.22421000000009336
0.22425000000009335
0.22429000000009344
0.22433000000009343
0.22437000000009355
0.22441000000009348
0.2244500000000936
0.2244900000000936
0.2245300000000937
0.22457000000009364
0.22461000000009373
0.22465000000009375
0.22469000000009384
0.2247300000000938
0.2247600000000939
0.2247200000000939
0.22454000000009397
0.22445000000009402
0.22446000000009408
0.22450000000009407
0.22454000000009416
0.22458000000009415
0.22462000000009424
0.2246600000000942
0.22470000000009432
0.2247400000000943
0.22478000000009438
0.2248200000000944
0.2247900000000945
0.22477000000009445
0.22471000000009456
0.22474000000009453
0.22478000000009463
0.22482000000009464
0.2248600000000947
0.22490000000009472
0.22494000000009481
0.22498000000009477
0.2250200000000949
0.22506000000009488
0.22510000000009495
0.22514000000009496
0.22518000000009505
0.22522000000009504
0.2252600000000951
0.22530000000009512
0.2253400000000952
0.22538000000009517
0.2254200000000953
0.22546000000009528
0.22550000000009537
0.22554000000009536
0.22557000000009544
0.22561000000009543
0.22565000000009552
0.22569000000009548
0.2257300000000956
0.2257700000000956
0.22581000000009566
0.2258500000000957
0.22589000000009576
0.22593000000009575
0.22597000000009584
0.22601000000009583
0.2260500000000959
0.22609000000009594
0.226130000000096
0.22617000000009596
0.22621000000009608
0.22625000000009607
0.22629000000009616
0.22633000000009618
0.22637000000009624
0.22641000000009626
0.22645000000009635
0.2264900000000963
0.22653000000009638
0.2265700000000964
0.22661000000009648
0.22665000000009647
0.22669000000009656
0.22673000000009655
0.22677000000009664
0.22681000000009663
0.22685000000009672
0.2268900000000967
0.2269300000000968
0.22697000000009676
0.22698000000009688
0.22702000000009687
0.227060000000097
0.22710000000009695
0.22714000000009704
0.22718000000009703
0.22722000000009712
0.22726000000009713
0.2273000000000972
0.2273400000000972
0.22738000000009728
0.22742000000009727
0.22746000000009736
0.22750000000009737
0.22754000000009744
0.22758000000009745
0.22762000000009755
0.2276600000000975
0.22770000000009763
0.2277400000000976
0.22778000000009768
0.22782000000009764
0.2278600000000978
0.22790000000009775
0.22794000000009784
0.22798000000009785
0.22802000000009792
0.22806000000009788
0.228100000000098
0.228140000000098
0.22818000000009808
0.2282200000000981
0.22826000000009816
0.22830000000009815
0.22834000000009827
0.22838000000009823
0.22842000000009832
0.2284600000000983
0.2285000000000984
0.22854000000009841
0.22858000000009848
0.22862000000009847
0.22866000000009856
0.22870000000009855
0.22874000000009864
0.22878000000009865
0.22882000000009872
0.22886000000009873
0.22890000000009883
0.2289400000000988
0.2289800000000989
0.22902000000009887
0.22906000000009896
0.22910000000009892
0.22914000000009907
0.22918000000009903
0.22922000000009912
0.22926000000009913
0.2293000000000992
0.22934000000009916
0.22938000000009928
0.22942000000009927
0.22946000000009936
0.22950000000009937
0.22954000000009944
0.22958000000009943
0.22962000000009955
0.2296600000000995
0.2297000000000996
0.2297400000000996
0.22978000000009968
0.2298200000000997
0.22986000000009976
0.22990000000009975
0.22994000000009984
0.22998000000009983
0.23002000000009992
0.23006000000009993
0.2301000000001
0.23014000000010001
0.2301800000001001
0.23022000000010007
0.2302600000001002
0.23030000000010015
0.23034000000010024
0.2303800000001002
0.23042000000010035
0.2304600000001003
0.2305000000001004
0.23054000000010041
0.23058000000010048
0.23062000000010044
0.23066000000010056
0.23070000000010055
0.23074000000010064
0.23078000000010065
0.23082000000010072
0.2308600000001007
0.23090000000010083
0.2309400000001008
0.23098000000010088
0.23102000000010087
0.23106000000010096
0.23110000000010097
0.23114000000010104
0.23118000000010103
0.23122000000010112
0.2312600000001011
0.2313000000001012
0.23134000000010121
0.23138000000010128
0.2314200000001013
0.2314600000001014
0.23150000000010135
0.23154000000010147
0.23158000000010143
0.23162000000010152
0.23166000000010148
0.23170000000010163
0.2317400000001016
0.23178000000010168
0.2318200000001017
0.23186000000010176
0.23190000000010172
0.23194000000010184
0.23198000000010183
0.23202000000010192
0.23206000000010193
0.232100000000102
0.232140000000102
0.2321800000001021
0.23222000000010207
0.23226000000010216
0.23230000000010215
0.23234000000010224
0.23238000000010225
0.23242000000010232
0.2324500000001023
0.23249000000010242
0.23253000000010238
0.23257000000010247
0.23261000000010248
0.23265000000010258
0.23269000000010254
0.23273000000010266
0.23277000000010264
0.23281000000010274
0.23285000000010267
0.23289000000010282
0.23293000000010278
0.23297000000010287
0.23301000000010288
0.23305000000010295
0.23309000000010294
0.23313000000010306
0.23317000000010302
0.2332100000001031
0.23325000000010312
0.2332900000001032
0.2333300000001032
0.2333700000001033
0.23341000000010326
0.23345000000010338
0.23349000000010334
0.23353000000010346
0.23357000000010342
0.2336100000001035
0.2336400000001035
0.2336800000001036
0.2337200000001036
0.23376000000010366
0.23380000000010367
0.23384000000010377
0.23388000000010375
0.23392000000010388
0.23396000000010383
0.2340000000001039
0.23404000000010391
0.234080000000104
0.23412000000010397
0.23416000000010412
0.23420000000010407
0.23424000000010417
0.23428000000010415
0.23432000000010425
0.2343600000001042
0.23440000000010433
0.23444000000010431
0.23448000000010438
0.2345200000001044
0.2345600000001045
0.23460000000010447
0.23464000000010457
0.23468000000010455
0.23472000000010468
0.23476000000010463
0.23480000000010473
0.23484000000010471
0.2348800000001048
0.23492000000010477
0.2349600000001049
0.23500000000010487
0.23504000000010494
0.23508000000010496
0.23512000000010505
0.23516000000010504
0.23520000000010516
0.23524000000010512
0.23528000000010518
0.23522000000010518
0.23515000000010527
0.23492000000010527
0.23453000000010535
0.23421000000010536
0.23391000000010542
0.23348000000010544
0.2331600000001055
0.23289000000010554
0.2328200000001056
0.2327300000001056
0.2326200000001057
0.2326500000001057
0.23269000000010573
0.23273000000010574
0.23277000000010584
0.23281000000010585
0.23285000000010592
0.2328900000001059
0.232930000000106
0.23297000000010598
0.23301000000010605
0.2330500000001061
0.23309000000010616
0.23313000000010617
0.23317000000010624
0.23321000000010622
0.2332500000001063
0.23329000000010633
0.2333300000001064
0.2333700000001064
0.23341000000010648
0.2334500000001065
0.23349000000010653
0.23353000000010654
0.23357000000010664
0.23361000000010665
0.23365000000010672
0.23369000000010673
0.2337300000001068
0.23377000000010678
0.23381000000010688
0.2338500000001069
0.23389000000010693
0.23393000000010697
0.233970000000107
0.23401000000010702
0.23405000000010712
0.23409000000010713
0.2341300000001072
0.23417000000010718
0.23421000000010728
0.23425000000010726
0.23429000000010733
0.23433000000010737
0.23437000000010744
0.23441000000010745
0.23445000000010752
0.2344900000001075
0.2345200000001076
0.2345600000001076
0.23460000000010767
0.2346400000001077
0.23468000000010772
0.23472000000010776
0.23476000000010783
0.23478000000010785
0.2347300000001079
0.2345600000001079
0.23443000000010797
0.234180000000108
0.23420000000010804
0.23424000000010808
0.23428000000010815
0.23432000000010816
0.23436000000010823
0.23440000000010824
0.2344400000001083
0.2344800000001083
0.23451000000010838
0.2345500000001084
0.23459000000010846
0.23463000000010847
0.23467000000010854
0.23471000000010855
0.23474000000010864
0.23478000000010865
0.23482000000010872
0.23486000000010873
0.23490000000010877
0.23494000000010878
0.23498000000010888
0.2350200000001089
0.23506000000010893
0.23510000000010897
0.235140000000109
0.23518000000010902
0.23522000000010912
0.2352600000001091
0.2353000000001092
0.2353400000001092
0.23538000000010925
0.23542000000010926
0.23546000000010936
0.23550000000010937
0.23554000000010944
0.23558000000010942
0.23562000000010952
0.2356600000001095
0.23570000000010957
0.2357400000001096
0.23578000000010968
0.23582000000010966
0.23586000000010973
0.23590000000010974
0.2359400000001098
0.23598000000010985
0.23602000000010992
0.23606000000010993
0.23610000000011
0.23614000000011
0.23618000000011005
0.23622000000011006
0.23626000000011016
0.23630000000011017
0.2363400000001102
0.23638000000011025
0.2364200000001103
0.2364600000001103
0.2365000000001104
0.23654000000011038
0.23658000000011048
0.2366200000001105
0.23666000000011053
0.23670000000011054
0.23674000000011064
0.23678000000011065
0.23682000000011072
0.2368600000001107
0.2369000000001108
0.23694000000011078
0.23698000000011085
0.2370200000001109
0.23706000000011096
0.23710000000011094
0.237140000000111
0.23718000000011102
0.2372200000001111
0.23726000000011113
0.2373000000001112
0.2373400000001112
0.23738000000011128
0.2374200000001113
0.23746000000011133
0.23750000000011134
0.23754000000011144
0.23758000000011145
0.2376200000001115
0.23766000000011153
0.23770000000011157
0.23774000000011158
0.23778000000011168
0.23782000000011166
0.23786000000011176
0.23790000000011177
0.2379400000001118
0.23798000000011182
0.23802000000011192
0.23806000000011193
0.238100000000112
0.23814000000011198
0.23818000000011208
0.23822000000011206
0.23826000000011213
0.23829000000011216
0.23833000000011226
0.23837000000011224
0.23841000000011228
0.23845000000011232
0.2384900000001124
0.2385300000001124
0.23857000000011247
0.23861000000011248
0.23865000000011252
0.23869000000011253
0.23873000000011263
0.23877000000011264
0.2388100000001127
0.23885000000011275
0.2388900000001128
0.2389300000001128
0.23897000000011287
0.23901000000011288
0.23905000000011295
0.23909000000011296
0.23913000000011303
0.23917000000011301
0.2392100000001131
0.23925000000011312
0.2392900000001132
0.23933000000011323
0.23937000000011327
0.23941000000011325
0.23944000000011334
0.23937000000011338
0.23935000000011342
0.23936000000011343
0.23940000000011352
0.23944000000011353
0.2394800000001136
0.23952000000011361
0.23956000000011365
0.2396000000001137
0.23964000000011373
0.23968000000011375
0.23972000000011381
0.23976000000011385
0.23980000000011392
0.2398400000001139
0.23988000000011397
0.239920000000114
0.23996000000011405
0.2400000000001141
0.24004000000011416
0.24008000000011417
0.24012000000011424
0.24016000000011425
0.2402000000001143
0.24023000000011432
0.2401600000001144
0.2401000000001144
0.24001000000011447
0.23988000000011447
0.23978000000011454
0.23968000000011455
0.23966000000011461
0.23970000000011465
0.23974000000011472
0.2397800000001147
0.23982000000011475
0.2398600000001148
0.23990000000011485
0.23994000000011487
0.23998000000011493
0.24002000000011497
0.24006000000011501
0.24010000000011505
0.2401400000001151
0.2401800000001151
0.24021000000011516
0.2402500000001152
0.24029000000011524
0.24033000000011526
0.24037000000011535
0.24041000000011536
0.24045000000011543
0.24049000000011544
0.2405300000001155
0.2405700000001155
0.24061000000011556
0.2406500000001156
0.24069000000011567
0.24073000000011566
0.24077000000011572
0.24081000000011574
0.2408500000001158
0.24089000000011584
0.2409300000001159
0.24097000000011592
0.24101000000011602
0.241050000000116
0.24109000000011604
0.24113000000011606
0.24117000000011615
0.24121000000011616
0.2412500000001162
0.24129000000011624
0.24133000000011628
0.2413700000001163
0.2414100000001164
0.2414500000001164
0.24149000000011644
0.24153000000011648
0.24157000000011652
0.24161000000011654
0.24165000000011663
0.24169000000011664
0.2417300000001167
0.24177000000011672
0.2418100000001168
0.24185000000011678
0.24189000000011684
0.24193000000011688
0.24197000000011695
0.24201000000011694
0.242050000000117
0.24209000000011702
0.24213000000011708
0.24217000000011712
0.2422100000001172
0.2422500000001172
0.2422900000001173
0.24233000000011728
0.24237000000011732
0.24241000000011734
0.24245000000011743
0.24249000000011744
0.24253000000011748
0.2425700000001175
0.24257000000011758
0.24261000000011756
0.24265000000011763
0.24269000000011767
0.24273000000011774
0.24277000000011775
0.24281000000011782
0.24285000000011783
0.24289000000011787
0.2429300000001179
0.24297000000011798
0.243010000000118
0.24305000000011806
0.2430900000001181
0.2431300000001181
0.24317000000011812
0.24321000000011822
0.24325000000011823
0.2432900000001183
0.24333000000011834
0.24337000000011835
0.2434100000001184
0.24345000000011846
0.2434500000001185
0.24349000000011853
0.24353000000011854
0.24357000000011864
0.24361000000011862
0.2436500000001187
0.2436900000001187
0.24373000000011877
0.24377000000011878
0.24381000000011885
0.2438500000001189
0.24389000000011893
0.24392000000011893
0.243960000000119
0.24400000000011904
0.2440400000001191
0.24408000000011912
0.24412000000011919
0.24416000000011917
0.24420000000011924
0.24424000000011928
0.24428000000011935
0.24431000000011932
0.24424000000011942
0.24421000000011944
0.2441800000001195
0.2442200000001195
0.24426000000011955
0.24430000000011962
0.24434000000011966
0.24438000000011967
0.24442000000011974
0.24446000000011975
0.24450000000011982
0.24454000000011986
0.2445800000001199
0.2446200000001199
0.24466000000011998
0.24470000000012
0.24474000000012006
0.2447800000001201
0.24482000000012014
0.24486000000012015
0.2449000000001202
0.24494000000012023
0.2449800000001203
0.2450200000001203
0.2450600000001204
0.2451000000001204
0.24514000000012043
0.24518000000012047
0.24522000000012054
0.24526000000012055
0.24530000000012064
0.24534000000012063
0.2453800000001207
0.2454200000001207
0.24546000000012078
0.2455000000001208
0.24554000000012083
0.2455800000001209
0.24562000000012094
0.24566000000012095
0.24570000000012102
0.24574000000012103
0.2457800000001211
0.24582000000012114
0.24586000000012118
0.2459000000001212
0.24584000000012124
0.24582000000012125
0.24577000000012134
0.24570000000012135
0.24566000000012142
0.24569000000012145
0.2457300000001215
0.2457700000001215
0.2458100000001216
0.24585000000012158
0.24589000000012165
0.24593000000012166
0.24597000000012173
0.24601000000012174
0.24605000000012184
0.24609000000012185
0.24613000000012192
0.24617000000012187
0.24621000000012197
0.24625000000012198
0.24629000000012205
0.2463300000001221
0.24637000000012213
0.24641000000012214
0.24645000000012224
0.24649000000012222
0.2465300000001223
0.24657000000012233
0.24661000000012237
0.2466500000001224
0.24669000000012245
0.24673000000012246
0.24677000000012253
0.24681000000012257
0.24685000000012264
0.24689000000012265
0.24693000000012266
0.24697000000012273
0.24701000000012277
0.24705000000012278
0.24709000000012288
0.24713000000012286
0.24717000000012293
0.24721000000012294
0.247250000000123
0.24729000000012302
0.2473300000001231
0.24737000000012313
0.2474100000001232
0.24745000000012315
0.24749000000012325
0.24753000000012326
0.24757000000012333
0.24761000000012337
0.24765000000012338
0.24769000000012342
0.24773000000012352
0.2477700000001235
0.24781000000012357
0.2478500000001236
0.24789000000012365
0.2479300000001237
0.24797000000012373
0.24801000000012374
0.2480500000001238
0.24809000000012385
0.24813000000012392
0.24817000000012393
0.24821000000012394
0.248250000000124
0.24829000000012405
0.24833000000012406
0.24837000000012416
0.24841000000012414
0.2484500000001242
0.24849000000012425
0.2485300000001243
0.2485700000001243
0.24861000000012437
0.2486500000001244
0.24869000000012448
0.24873000000012443
0.24877000000012453
0.24881000000012457
0.2488500000001246
0.24889000000012465
0.24893000000012466
0.2489700000001247
0.2490100000001248
0.24905000000012478
0.24909000000012485
0.2491300000001249
0.24917000000012493
0.24919000000012495
0.24919000000012503
0.24923000000012502
0.24927000000012509
0.2493100000001251
0.2493500000001252
0.2493900000001252
0.24943000000012527
0.24947000000012526
0.24951000000012533
0.24955000000012534
0.24959000000012543
0.24963000000012542
0.24967000000012549
0.24971000000012553
0.24975000000012557
0.24979000000012558
0.24983000000012567
0.24987000000012566
0.24991000000012575
0.24995000000012574
0.2499900000001258
0.2500300000001258
0.2500700000001259
0.2501100000001259
0.250150000000126
0.250190000000126
0.250230000000126
0.25027000000012606
0.25031000000012615
0.25035000000012614
0.25039000000012623
0.2504300000001262
0.2504700000001263
0.2505100000001263
0.2505500000001264
0.2505900000001264
0.2506300000001265
0.2506700000001265
0.25071000000012655
0.25075000000012654
0.25079000000012663
0.2508300000001266
0.2508700000001267
0.2509100000001267
0.2509500000001268
0.2509900000001268
0.2510300000001269
0.25107000000012686
0.25111000000012695
0.25115000000012694
0.25119000000012703
0.251230000000127
0.2512700000001271
0.25131000000012715
0.2513500000001272
0.2513900000001272
0.2514300000001273
0.25147000000012726
0.2515100000001273
0.25155000000012734
0.25159000000012743
0.2516300000001274
0.2516700000001275
0.2517100000001275
0.25175000000012754
0.2517900000001276
0.2518300000001276
0.25187000000012766
0.2519100000001277
0.2519500000001278
0.2519300000001278
0.25188000000012783
0.25180000000012787
0.2517800000001279
0.25171000000012794
0.25161000000012795
0.251430000000128
0.25086000000012804
0.2498200000001281
0.24869000000012814
0.2478600000001282
0.2472500000001282
0.24644000000012822
0.2459600000001283
0.24530000000012836
0.2445800000001284
0.24404000000012843
0.24382000000012846
0.2434600000001285
0.24332000000012857
0.2432200000001286
0.24319000000012864
0.24323000000012865
0.24327000000012872
0.24331000000012876
0.24335000000012877
0.24339000000012884
0.24343000000012888
0.24347000000012892
0.24351000000012893
0.243550000000129
0.24359000000012904
0.24363000000012905
0.24367000000012912
0.24371000000012916
0.2437500000001292
0.24379000000012924
0.24383000000012925
0.24387000000012932
0.24389000000012936
0.24393000000012938
0.24397000000012944
0.24401000000012948
0.2440500000001295
0.24409000000012954
0.2441300000001296
0.24417000000012962
0.24421000000012968
0.24425000000012972
0.24429000000012974
0.24433000000012978
0.24437000000012984
0.24441000000012986
0.2444500000001299
0.24449000000012996
0.24453000000013
0.24457000000013004
0.24461000000013008
0.2446500000001301
0.24469000000013014
0.24473000000013018
0.24477000000013022
0.24481000000013028
0.2448500000001303
0.24489000000013036
0.2449300000001304
0.24497000000013042
0.24501000000013048
0.24505000000013052
0.24509000000013054
0.24513000000013058
0.24517000000013064
0.24521000000013066
0.24525000000013072
0.24529000000013076
0.24533000000013078
0.24537000000013082
0.24541000000013088
0.2454500000001309
0.24549000000013096
0.245530000000131
0.24557000000013102
0.24561000000013106
0.24565000000013112
0.24569000000013114
0.24573000000013118
0.24577000000013124
0.24581000000013128
0.24585000000013132
0.24589000000013136
0.24593000000013138
0.24597000000013142
0.24601000000013146
0.2460500000001315
0.24609000000013156
0.24613000000013158
0.24617000000013164
0.24621000000013168
0.2462500000001317
0.24629000000013176
0.2463300000001318
0.24637000000013182
0.24641000000013188
0.24645000000013192
0.24649000000013194
0.246530000000132
0.24657000000013204
0.24661000000013206
0.2466500000001321
0.24669000000013216
0.2467300000001322
0.24677000000013224
0.24681000000013228
0.2468500000001323
0.24689000000013234
0.2469300000001324
0.24697000000013242
0.24701000000013246
0.24705000000013252
0.24709000000013256
0.2471300000001326
0.24717000000013264
0.24721000000013266
0.2472500000001327
0.24728000000013275
0.24732000000013277
0.24736000000013283
0.24740000000013287
0.2474400000001329
0.24748000000013295
0.247520000000133
0.247560000000133
0.24760000000013307
0.24764000000013311
0.24768000000013315
0.24772000000013322
0.24776000000013323
0.24780000000013325
0.24784000000013331
0.24788000000013335
0.24792000000013337
0.2479600000001334
0.24800000000013347
0.24804000000013351
0.24808000000013355
0.2481200000001336
0.2481600000001336
0.24820000000013365
0.24824000000013371
0.24828000000013373
0.2483200000001338
0.24836000000013383
0.24840000000013387
0.24844000000013391
0.24848000000013395
0.248520000000134
0.24856000000013403
0.24860000000013405
0.24864000000013411
0.24868000000013415
0.24872000000013417
0.24876000000013423
0.24880000000013427
0.2488400000001343
0.24888000000013438
0.24892000000013437
0.24896000000013443
0.2490000000001345
0.24904000000013451
0.24908000000013453
0.2491200000001346
0.2491400000001346
0.24918000000013468
0.24922000000013472
0.24926000000013476
0.24930000000013477
0.24934000000013481
0.24938000000013485
0.2494200000001349
0.24946000000013493
0.249500000000135
0.24954000000013501
0.24958000000013508
0.2496200000001351
0.24966000000013513
0.24970000000013517
0.24974000000013521
0.24978000000013525
0.24982000000013532
0.24986000000013536
0.24990000000013537
0.24994000000013541
0.24998000000013548
0.2500200000001355
0.2500600000001355
0.25010000000013555
0.25014000000013564
0.2501800000001357
0.2502200000001357
0.2502600000001357
0.2503000000001358
0.25034000000013584
0.2503800000001358
0.25042000000013587
0.25046000000013596
0.25050000000013595
0.25054000000013604
0.2505800000001361
0.2506100000001361
0.25049000000013616
0.2503500000001362
0.25025000000013625
0.2500000000001363
0.2498000000001363
0.24968000000013632
0.24959000000013637
0.24962000000013643
0.24966000000013644
0.24970000000013653
0.24974000000013655
0.2497800000001366
0.24982000000013663
0.24986000000013667
0.24990000000013668
0.24994000000013675
0.24998000000013676
0.2500200000001368
0.25006000000013684
0.2501000000001369
0.2501400000001369
0.25007000000013696
0.249950000000137
0.24979000000013704
0.24955000000013708
0.24938000000013713
0.24923000000013715
0.24912000000013723
0.24913000000013724
0.24917000000013728
0.24921000000013732
0.2492500000001374
0.2492900000001374
0.2493300000001375
0.24937000000013748
0.24941000000013752
0.24945000000013756
0.24949000000013763
0.24953000000013764
0.2495700000001377
0.24961000000013772
0.24965000000013776
0.24969000000013777
0.24973000000013787
0.24977000000013788
0.24981000000013795
0.24985000000013796
0.24989000000013803
0.24993000000013801
0.2499700000001381
0.2500100000001381
0.2500500000001382
0.2500900000001382
0.25013000000013824
0.2501700000001383
0.2502100000001383
0.25025000000013836
0.25029000000013846
0.25033000000013844
0.2503700000001385
0.2504100000001385
0.25045000000013856
0.2504900000001386
0.2505300000001387
0.2505600000001387
0.25060000000013877
0.25064000000013875
0.2506800000001388
0.25072000000013883
0.2507600000001389
0.2508000000001389
0.250840000000139
0.250880000000139
0.25092000000013903
0.25096000000013907
0.25098000000013915
0.2510200000001392
0.2510600000001392
0.2511000000001392
0.2511400000001393
0.25118000000013935
0.2512200000001394
0.2512600000001394
0.25130000000013947
0.25134000000013945
0.25138000000013955
0.2514200000001396
0.2514600000001396
0.25150000000013967
0.25151000000013973
0.2515500000001397
0.25159000000013976
0.25163000000013985
0.25167000000013984
0.25171000000013993
0.25175000000014
0.25179000000014
0.25183000000014005
0.2518700000001401
0.2519100000001401
0.2519500000001401
0.25199000000014016
0.2520300000001402
0.2520700000001403
0.2521100000001403
0.2521500000001404
0.2521900000001404
0.2522300000001404
0.25227000000014044
0.25231000000014053
0.2523500000001405
0.2523900000001406
0.25243000000014065
0.25247000000014064
0.25251000000014073
0.2525500000001408
0.25259000000014076
0.25263000000014085
0.2526700000001409
0.25271000000014093
0.2527500000001409
0.252790000000141
0.252830000000141
0.25287000000014104
0.25291000000014113
0.2529500000001411
0.2529900000001412
0.25303000000014125
0.2530700000001413
0.25311000000014133
0.2531500000001414
0.25319000000014136
0.2532300000001414
0.25327000000014144
0.2533100000001415
0.2533500000001416
0.25339000000014156
0.25343000000014165
0.2534700000001417
0.2534800000001417
0.25352000000014174
0.2535600000001418
0.2536000000001418
0.25364000000014186
0.2536800000001419
0.2537200000001419
0.253760000000142
0.253800000000142
0.25384000000014206
0.2538800000001421
0.25392000000014214
0.2539600000001422
0.2540000000001422
0.25404000000014226
0.2540800000001423
0.25412000000014234
0.2541600000001424
0.2542000000001424
0.25424000000014246
0.2542800000001425
0.25432000000014254
0.2543600000001426
0.2544000000001426
0.25444000000014266
0.2544800000001427
0.25452000000014274
0.2545600000001428
0.2546000000001428
0.2546400000001428
0.2546800000001429
0.25472000000014294
0.254760000000143
0.254800000000143
0.25484000000014306
0.2548800000001431
0.25492000000014314
0.2549600000001432
0.25500000000014317
0.25504000000014326
0.2550800000001433
0.25512000000014334
0.2551600000001434
0.2552000000001434
0.2552400000001434
0.2552800000001435
0.25532000000014354
0.2553600000001436
0.2554000000001436
0.25544000000014366
0.2554800000001437
0.25552000000014374
0.2555600000001438
0.2556000000001438
0.25564000000014386
0.2556800000001439
0.25572000000014394
0.255760000000144
0.255800000000144
0.255730000000144
0.25567000000014406
0.25543000000014415
0.25466000000014416
0.2535400000001442
0.25271000000014426
0.25185000000014435
0.25134000000014434
0.2511300000001444
0.2505700000001444
0.24979000000014445
0.2492300000001445
0.24882000000014454
0.24843000000014456
0.2478900000001446
0.24739000000014466
0.2467900000001447
0.24614000000014472
0.24515000000014475
0.24402000000014482
0.24273000000014486
0.24167000000014488
0.24087000000014488
0.24022000000014498
0.239380000000145
0.23840000000014505
0.2375900000001451
0.23716000000014512
0.23703000000014515
0.2369600000001452
0.23699000000014525
0.23703000000014526
0.23707000000014533
0.23711000000014537
0.2371500000001454
0.23719000000014545
0.2372300000001455
0.2372700000001455
0.23731000000014554
0.2373500000001456
0.23739000000014565
0.2374300000001457
0.2374700000001457
0.23751000000014577
0.2375500000001458
0.23759000000014582
0.2376300000001459
0.2376700000001459
0.23771000000014594
0.23775000000014604
0.23779000000014605
0.23783000000014606
0.23787000000014613
0.23789000000014615
0.2379200000001462
0.23796000000014625
0.2380000000001463
0.23804000000014633
0.23808000000014637
0.2381200000001464
0.23816000000014645
0.23820000000014646
0.23824000000014656
0.23828000000014657
0.23832000000014658
0.23836000000014665
0.2384000000001467
0.2384400000001467
0.2384800000001468
0.2385100000001468
0.23843000000014683
0.23841000000014692
0.23845000000014693
0.23849000000014695
0.238530000000147
0.23857000000014705
0.23861000000014707
0.2386500000001471
0.23869000000014717
0.2387300000001472
0.23877000000014725
0.2388100000001473
0.23885000000014733
0.23889000000014735
0.2389300000001474
0.23897000000014743
0.23901000000014747
0.23905000000014753
0.23909000000014757
0.2390300000001476
0.23899000000014764
0.23903000000014765
0.23907000000014772
0.23911000000014776
0.23915000000014783
0.23919000000014784
0.2392300000001479
0.23927000000014792
0.23931000000014796
0.239350000000148
0.23939000000014804
0.23943000000014808
0.2394700000001481
0.2395100000001482
0.2394700000001482
0.23917000000014824
0.2389500000001483
0.23886000000014831
0.23875000000014837
0.2387100000001484
0.23850000000014843
0.23845000000014846
0.23845000000014852
0.23848000000014855
0.2384900000001486
0.23853000000014865
0.2385700000001487
0.23858000000014873
0.23862000000014877
0.23866000000014878
0.23870000000014882
0.2387400000001489
0.23878000000014893
0.23882000000014897
0.238860000000149
0.23890000000014902
0.23894000000014906
0.23898000000014913
0.23902000000014914
0.2390600000001492
0.23910000000014928
0.2391400000001493
0.23918000000014933
0.23922000000014937
0.2392600000001494
0.23930000000014942
0.23934000000014946
0.2393800000001495
0.23942000000014957
0.23946000000014958
0.23950000000014965
0.2395400000001497
0.2395800000001497
0.23962000000014977
0.2396600000001498
0.23970000000014982
0.2397300000001499
0.23977000000014995
0.23981000000014996
0.23985000000014997
0.23989000000015007
0.23993000000015008
0.23997000000015012
0.24001000000015016
0.24005000000015023
0.24009000000015024
0.24013000000015028
0.24017000000015032
0.24021000000015036
0.24025000000015037
0.24029000000015044
0.24033000000015045
0.24037000000015052
0.24041000000015056
0.24045000000015063
0.24049000000015064
0.24053000000015065
0.24057000000015072
0.24061000000015076
0.24065000000015077
0.24069000000015087
0.24073000000015088
0.24077000000015092
0.24081000000015096
0.240850000000151
0.240890000000151
0.24092000000015107
0.2409500000001511
0.24099000000015117
0.24103000000015118
0.24107000000015125
0.2411100000001513
0.24115000000015133
0.24119000000015134
0.24123000000015138
0.24127000000015142
0.2413100000001515
0.2413500000001515
0.2413900000001516
0.2414300000001516
0.24147000000015165
0.2415100000001517
0.24154000000015174
0.24158000000015176
0.2416200000001518
0.24166000000015186
0.24170000000015188
0.2417400000001519
0.24178000000015198
0.241820000000152
0.24186000000015204
0.24190000000015205
0.24194000000015212
0.24198000000015213
0.2420200000001522
0.24206000000015224
0.24210000000015228
0.24214000000015232
0.24218000000015236
0.2422200000001524
0.24226000000015244
0.24230000000015248
0.24234000000015254
0.24238000000015256
0.24242000000015262
0.24246000000015264
0.24250000000015268
0.2425400000001527
0.24258000000015278
0.2426200000001528
0.2426600000001528
0.24270000000015288
0.24274000000015292
0.24272000000015292
0.242690000000153
0.24269000000015303
0.2426100000001531
0.2425500000001531
0.24258000000015315
0.24262000000015319
0.24266000000015325
0.2427000000001533
0.2427400000001533
0.24278000000015335
0.2428200000001534
0.24286000000015343
0.24290000000015347
0.24294000000015353
0.24294000000015356
0.2429800000001536
0.24302000000015364
0.24306000000015365
0.24310000000015372
0.24314000000015376
0.2431800000001538
0.24322000000015384
0.24326000000015385
0.24330000000015392
0.24334000000015396
0.243370000000154
0.24325000000015404
0.24303000000015407
0.24292000000015412
0.24275000000015412
0.24265000000015421
0.24250000000015423
0.24230000000015428
0.2419000000001543
0.24159000000015435
0.2414400000001544
0.24135000000015444
0.24124000000015444
0.24127000000015453
0.24131000000015457
0.24135000000015458
0.24139000000015465
0.2414300000001547
0.2414700000001547
0.24151000000015477
0.2415500000001548
0.24159000000015485
0.24163000000015486
0.24167000000015493
0.24171000000015494
0.24175000000015498
0.24179000000015502
0.24183000000015506
0.24187000000015513
0.24191000000015514
0.24195000000015518
0.24199000000015525
0.24203000000015526
0.2420600000001553
0.24210000000015536
0.2421400000001554
0.24218000000015544
0.2422200000001555
0.24226000000015552
0.24230000000015556
0.24234000000015563
0.24238000000015564
0.24242000000015565
0.24246000000015572
0.24250000000015576
0.2425400000001558
0.2425800000001558
0.24262000000015588
0.24266000000015592
0.24270000000015596
0.242740000000156
0.24278000000015604
0.24282000000015608
0.24286000000015615
0.24290000000015616
0.2429400000001562
0.24298000000015624
0.24302000000015628
0.24306000000015632
0.24310000000015633
0.2431400000001564
0.24318000000015644
0.24322000000015645
0.24326000000015652
0.24330000000015656
0.24334000000015657
0.24338000000015664
0.24342000000015668
0.24346000000015672
0.24350000000015679
0.2435400000001568
0.24358000000015684
0.2436200000001569
0.24366000000015692
0.24370000000015693
0.243740000000157
0.24378000000015704
0.24379000000015708
0.2437800000001571
0.24382000000015716
0.24386000000015717
0.24388000000015722
0.2438400000001573
0.2438200000001573
0.24380000000015736
0.2437500000001574
0.24371000000015744
0.24374000000015747
0.2437400000001575
0.24376000000015757
0.24380000000015759
0.24384000000015765
0.2438800000001577
0.24392000000015773
0.24396000000015777
0.24400000000015779
0.24404000000015783
0.24408000000015787
0.2441200000001579
0.24416000000015795
0.244200000000158
0.24424000000015803
0.2442800000001581
0.24432000000015813
0.24436000000015815
0.2444000000001582
0.24444000000015823
0.24448000000015827
0.24452000000015828
0.24456000000015837
0.24460000000015839
0.24464000000015843
0.2446800000001585
0.2447200000001585
0.24476000000015852
0.2448000000001586
0.24484000000015863
0.2448800000001587
0.24492000000015873
0.24496000000015875
0.24500000000015879
0.24504000000015885
0.24508000000015887
0.24512000000015893
0.24516000000015897
0.245200000000159
0.24524000000015905
0.24528000000015907
0.2453200000001591
0.24536000000015915
0.24540000000015919
0.24544000000015923
0.2454800000001593
0.2455200000001593
0.24556000000015937
0.2456000000001594
0.24564000000015943
0.2456800000001595
0.2457200000001595
0.24576000000015955
0.24580000000015956
0.24584000000015965
0.24588000000015967
0.2459200000001597
0.24591000000015975
0.24581000000015982
0.24576000000015982
0.24578000000015987
0.24582000000015988
0.24586000000015998
0.24590000000016
0.24594000000016003
0.2459800000001601
0.24602000000016014
0.24606000000016015
0.24610000000016022
0.24614000000016023
0.24618000000016027
0.24622000000016034
0.24626000000016035
0.2463000000001604
0.24634000000016043
0.24638000000016047
0.2464200000001605
0.24646000000016055
0.2465000000001606
0.24654000000016066
0.24658000000016067
0.2466200000001607
0.24666000000016078
0.2467000000001608
0.24674000000016083
0.24678000000016087
0.2468200000001609
0.24686000000016095
0.246900000000161
0.24694000000016103
0.24698000000016107
0.24702000000016114
0.24706000000016115
0.24710000000016116
0.24714000000016123
0.24718000000016127
0.24722000000016128
0.24726000000016138
0.2473000000001614
0.24734000000016143
0.2473800000001615
0.2474200000001615
0.24746000000016155
0.24750000000016162
0.24754000000016163
0.24757000000016166
0.24761000000016173
0.24765000000016174
0.2476900000001618
0.24773000000016182
0.24777000000016186
0.24781000000016193
0.24785000000016197
0.247860000000162
0.24790000000016205
0.2479400000001621
0.24798000000016213
0.24802000000016217
0.24806000000016218
0.24810000000016225
0.2481400000001623
0.24818000000016233
0.24822000000016237
0.2482600000001624
0.24830000000016245
0.2483400000001625
0.2483800000001625
0.24842000000016257
0.2484600000001626
0.24850000000016262
0.2485400000001627
0.24858000000016273
0.24862000000016274
0.2486600000001628
0.24870000000016285
0.2487400000001629
0.24878000000016295
0.24882000000016297
0.24886000000016298
0.24890000000016307
0.2489400000001631
0.2489800000001631
0.24902000000016317
0.2490600000001632
0.24910000000016325
0.2491400000001633
0.24918000000016333
0.24922000000016337
0.2492600000001634
0.24930000000016345
0.24934000000016346
0.24938000000016353
0.24942000000016357
0.2494600000001636
0.24950000000016365
0.2495400000001637
0.2495700000001637
0.24961000000016376
0.2496500000001638
0.2496900000001638
0.2497300000001639
0.24977000000016392
0.24981000000016396
0.24985000000016402
0.24989000000016404
0.24993000000016405
0.24997000000016412
0.25001000000016416
0.2500500000001642
0.25009000000016424

Avalanche_Distribution:
1
13
3
13
5
1
1
13
2
1
12
3
1
7
1
3
18
2
2
3
1
2
1
5
22
3
2
8
13
1
7
1
1
1
2
47
24
1
3
1
1
315
1
80
1
1
1
21
86
1
4
4
1
26
45
6
964
2
1
2
132
133
1
2
3
3
2005
3
19
18
142
4
3
1
2
1
40
4
263
1
8
40
6
30
1
3
1
