
Branching_global:
1.056000004
1.0560003940000111
1.0560007930000217
1.0559947890000325
1.0559586070000424
1.0559137310000521
1.0558754740000618
1.0558308290000713
1.0557906880000811
1.0557549820000909
1.0557128270001008
1.0556690870001102
1.05562800100012
1.0555881810001297
1.0555538680001395
1.0555207590001494
1.0554777240001594
1.055435987000169
1.0553957110001786
1.0553610130001885
1.0553182210001983
1.0552807980002081
1.0552522300002178
1.055223596000228
1.0551894100002377
1.0551491010002478
1.0551040880002573
1.055069011000267
1.0550349740002771
1.0549920120002867
1.0549516520002962
1.054907478000306
1.0548756360003158
1.0548356780003258
1.0548047920003358
1.0547787680003458
1.0547351020003555
1.0546996570003653
1.0546566250003748
1.0546185420003846
1.0545920790003946
1.0545507590004044
1.0545122290004143
1.0544786490004243
1.0544388630004342
1.0544007060004437
1.0543513230004533
1.0543090070004628
1.0542649720004724
1.0542242620004822

Autocorrelation:
0.018352601123879504
0.018352476731742954
0.01835234947081149
0.018354264636413573
0.018365814727853386
0.018380160898123117
0.01839240926741901
0.018406724039258276
0.018419614223826323
0.01843109582360627
0.01844467009955101
0.018458776486092534
0.018472047143818292
0.018484927602463293
0.018496041535502578
0.018506778514234816
0.018520753563972404
0.018534327826293117
0.01854744631130617
0.01855876326167661
0.018572739662472047
0.018584980212619943
0.018594335571396618
0.0186037222542707
0.018614941724673463
0.018628188561958726
0.018643004184718932
0.01865456624977196
0.018665799596570453
0.018679998339907505
0.018693357354834263
0.018708001295569106
0.018718571724745274
0.018731853746045017
0.018742133506628136
0.01875080404842204
0.018765370979679535
0.018777212491526984
0.018791609315077184
0.018804369314521913
0.018813246425288775
0.01882712459061001
0.018840084629364706
0.01885139462194783
0.018864812896312592
0.01887770020593775
0.018894405890521118
0.018908745057540765
0.01892369046278953
0.01893752895761572

Average_Activity:
0.0
0.0
0.0
0.0
0.0
0.0
0.0
0.25
0.0
0.0
0.0
0.0
0.0
0.0
0.0
0.0
0.25
0.0
0.0
0.0
0.0
0.0
0.0
0.0
0.0
0.0
0.0
0.0
0.0
0.0
0.0
0.0
0.0
0.0
0.0
0.0
0.0
0.0
0.0
0.0
0.0
0.0
0.0
0.0
0.0
0.0
0.0
0.0
0.0
0.0
0.0
0.0
0.0
0.0
0.0
0.0
0.0
0.0
0.0
0.0
0.0
0.0
0.0
0.0
1.25
7.5
17.25
22.5
30.5
29.25
31.5
36.25
50.75
57.5
53.25
57.25
49.0
68.75
80.0
74.0
73.75
113.5
115.75
113.75
99.0
102.75
108.75
115.75
126.25
112.25
94.0
86.75
68.0
65.75
69.75
79.75
83.5
88.0
93.0
108.5
78.25
82.75
80.75
72.0
73.25
77.5
115.5
126.25
144.0
168.75
163.75
152.25
120.25
111.5
115.5
110.0
133.25
143.0
129.25
118.25
106.0
94.25
91.25
98.0
108.0
103.5
98.25
77.75
71.0
66.0
84.5
81.75
97.0
101.5
117.25
125.0
115.75
119.75
112.5
116.0
118.5
103.0
102.75
99.5
111.0
109.25
98.5
103.5
79.25
76.5
70.25
80.25
94.5
89.0
98.0
88.0
91.5
96.75
107.75
111.0
111.0
112.0
132.0
107.25
85.25
93.75
93.0
118.5
128.0
143.0
154.5
140.0
135.0
126.25
126.25
139.75
141.75
144.5
127.75
105.25
104.5
111.5
110.25
127.5
95.75
83.75
99.25
103.75
103.5
107.25
103.25
90.0
74.5
81.75
91.25
91.5
91.0
91.25
88.5
94.25
94.0
82.25
87.25
106.25
110.5
109.5
98.25
92.25
87.25
87.25
100.75
80.25
77.75
104.5
98.25
108.0
90.25
85.75
85.25
67.75
62.0
80.0
86.25
66.0
83.5
95.25
98.5
107.5
118.0
133.5
132.0
113.0
94.5
104.25
107.0
95.5
100.5
82.25
80.0
83.75
104.5
111.75
102.25
99.5
103.0
111.75
115.5
96.75
96.25
116.75
162.0
143.5
132.25
142.0
145.0
137.5
130.0
126.25
118.75
99.25
94.0
105.0
125.25
110.25
110.5
100.25
106.0
128.5
102.25
109.25
74.75
83.0
83.0
75.0
86.5
102.75
95.0
110.0
107.25
93.5
109.5
119.25
94.5
84.75
77.75
58.25
70.0
88.0
93.0
93.5
97.75
103.5
99.75
113.0
109.25
130.0
158.75
132.0
98.25
89.5
103.0
116.75
103.5
102.5
121.5
128.5
113.0
112.75
107.75
105.5
87.75
86.25
99.0
101.0
106.75
118.0
124.5
112.0
123.0
104.25
95.0
87.0
68.25
68.5
63.25
67.25
60.25
80.5
88.5
87.25
73.0
57.0
50.0
66.25
82.25
83.5
87.25
81.5
76.5
98.25
110.5
106.75
106.0
104.0
115.5
102.0
102.75
87.75
76.75
72.75
56.25
70.0
99.5
98.0
110.25
95.75
81.5
103.25
95.75
90.5
96.25
113.5
140.75
130.5
115.5
108.75
82.5
76.25
74.75
62.25
55.0
55.0
52.5
46.25
58.25
74.5
87.0
106.5
116.0
108.25
110.0
104.0
108.25
101.5
113.5
104.25
92.0
102.25
88.5
73.75
102.0
110.0
104.0
109.25
101.0
107.75
98.75
100.0
130.5
138.75
135.5
119.25
102.75
112.5
115.5
100.75
111.5
114.25
118.25
114.0
123.75
123.0
126.0
119.0
142.0
160.25
164.75
123.5
100.5
88.5
72.75
66.0
58.75
61.25
69.25
74.0
78.5
72.25
73.25
97.5
109.25
97.0
102.25
130.25
114.5
133.0
147.0
126.5
110.25
109.5
112.0
100.5
105.75
107.75
95.75
93.0
86.5
84.75
85.75
96.25
95.25
99.75
96.75
105.75
91.75
80.5
72.75
57.25
85.25
65.0
49.25
62.25
92.25
76.5
71.25
99.5
110.75
105.5
106.25
94.25
111.0
101.5
87.0
86.25
75.5
79.5
84.75
80.25
91.0
87.25
95.5
88.0
102.75
98.5
98.75
113.5
144.5
166.5
126.25
149.25
138.0
137.0
119.0
102.5
116.75
112.25
111.75
95.5
96.75
104.5
104.0
102.5
110.0
133.75
105.5
103.5
111.0
112.75
105.25
117.25
123.75
109.25
97.5
111.0
110.25
103.5
98.5
73.0
59.0
63.0
60.75
59.0
63.5
55.5
57.5
53.0
64.75
76.5
63.5
59.25
62.75
84.5
84.0
85.75
88.5
71.25
65.75
50.0
56.75
57.25
69.75
64.75
59.25
69.25
66.5
76.25
94.25
82.25
60.75
62.0
52.25
62.0
50.5
32.75
45.0
73.5
63.5
78.0
77.0
80.0
85.0
77.75
71.75
84.75
82.5
95.0
108.5
94.25
89.5
87.75
88.0
80.75
73.25
70.5
59.25
85.75
87.5
87.5
82.75
99.0
91.25
73.5
69.0
70.75
61.25
61.0
70.5
84.25
109.0
102.75
87.25
75.0
84.75
92.25
101.5
104.0
110.75
95.25
72.5
75.75
83.75
65.75
64.75
85.5
86.25
82.5
90.25
84.25
77.0
84.5
93.0
105.0
118.5
131.0
124.75
102.5
112.25
123.5
126.5
128.25
105.75
110.5
102.5
123.75
128.75
130.5
148.0
126.25
100.25
114.0
125.25
128.75
137.5
123.25
125.5
117.5
109.75
121.0
109.75
110.0
123.75
109.0
120.75
121.25
96.25
83.25
95.25
84.0
77.0
76.5
73.5
75.75
85.25
96.25
93.25
93.0
122.0
136.75
122.0
136.5
138.5
133.0
130.25
117.75
119.25
108.75
111.5
80.5
60.75
45.25
44.5
50.25
49.5
52.5
50.25
52.5
67.75
67.25
70.25
72.25
73.75
76.75
66.75
76.75
79.75
75.5
66.0
79.5
88.25
107.0
131.0
119.5
131.5
115.25
107.75
99.25
85.5
105.75
92.5
77.25
75.5
107.75
109.0
96.75
73.75
65.5
59.0
68.75
97.25
100.5
112.5
106.0
116.25
111.25
117.25
108.75
110.5
103.25
113.75
134.5
135.5
108.0
119.0
128.0
121.5
126.5
141.75
147.75
156.25
134.25
103.0
110.0
120.75
110.25
94.75
102.25
116.0
120.0
103.25
79.25
62.5
62.5
68.0
74.5
75.75
82.75
74.25
57.5
73.5
99.5
100.5
119.75
112.5
141.25
141.5
139.0
134.25
146.75
147.75
125.5
111.25
86.75
65.0
75.75
102.75
106.75
136.5
139.5
133.25
107.75
91.5
86.0
88.25
97.5
91.5
110.25
90.5
63.0
66.0
59.5
73.5
106.75
111.25
107.0
90.5
72.25
86.0
61.25
67.5
68.25
53.75
67.75
66.5
81.25
82.25
104.25
102.5
85.5
81.5
92.25
115.75
119.0
108.25
113.0
109.75
108.0
111.25
117.25
115.75
68.0
69.5
76.25
68.25
63.75
51.25
48.75
73.0
85.25
98.25
124.5
120.0
95.5
119.5
122.75
116.25
110.25
116.0
115.5
115.0
103.0
94.25
93.75
115.0
138.0
135.0
110.25
88.25
79.0
67.75
57.75
57.75
66.0
70.0
72.25
61.5
52.0
24.75
33.25
25.5
31.25
44.5
40.5
33.75
40.0
44.5
44.75
44.5
42.25
50.75
49.0
52.5
52.25
63.0
73.25
75.0
73.25
78.25
52.75
63.0
94.75
101.0
99.75
100.5
96.25
95.5
62.25
78.25
98.5
102.5
116.5
109.5
106.75
120.75
135.0
125.0
124.0
127.0
127.25
115.5
114.5
122.75
126.5
112.25
105.0
107.75
106.25
96.5
92.75
74.75
70.0
70.5
80.5
107.5
104.5
100.0
96.0
105.5
93.0
92.25
88.25
85.75
73.25
77.0
98.5
94.25
87.75
68.5
69.75
76.75
105.25
128.0
130.5
122.75
113.5
117.5
99.25
87.0
103.25
90.25
108.0
119.5
124.5
110.0
105.0
86.0
84.75
85.5
64.75
66.5
81.0
99.0
106.75
107.5
104.25
108.5
121.75
131.5
109.5
138.75
138.75
159.25
155.25
127.5
120.75
111.75
103.5
111.5
111.0
115.5
118.0
97.75
87.5
75.5
84.75
70.0
55.75
59.25
69.0
73.75
66.25
80.0
86.25
91.25
87.25
112.75
98.25
79.0
89.75
113.0
98.25
78.5
63.25
57.5
59.75
61.0
44.0
43.0
43.75
48.75
61.75
58.5
63.5
61.5
67.25
58.25
59.5
68.0
79.5
91.0
85.5
92.75
86.75
80.25
71.0
68.5
65.5
74.5
85.75
109.0
119.5
129.0
131.25
96.25
94.0
90.5
105.0
109.0
125.75
122.5
145.5
138.25
133.25
145.75
114.25
103.5
96.5
106.0
103.25
100.0
101.25
82.25
78.25
94.25
117.0
115.75
106.0
92.5
93.0
97.5
83.5
104.0
112.5
113.75
96.5
85.75
93.25
87.25
100.0
105.0
71.5
67.25
79.0
62.25
54.25
56.5
65.25
53.5
70.75
90.0
112.0
106.25
91.0
103.25
95.5
91.0
71.5
62.75
74.0
85.5
91.0
76.5
87.75
98.5
121.0
127.75
144.75
139.5
154.0
156.0
146.25
136.5
116.0
130.75
105.75
91.5
102.5
87.25
64.0
75.5
60.75
67.0
61.75
77.5
102.5
113.75
113.5
102.75
96.0
77.0
60.75
74.25
85.0
81.75
76.25
77.0
95.75
104.0
121.75
135.0
126.75
104.25
103.75
105.0
118.75
115.75
106.75
90.75
87.75
63.0
58.0
55.0
62.5
76.75
68.0
75.5
98.5
126.25
127.5
122.25
128.75
101.75
91.25
119.75
116.0
100.25
115.0
137.75
147.0
167.0
212.25
180.5
159.0
121.25
140.25
140.5
133.0
110.0
102.5
97.5
94.0
123.25
125.0
126.5
136.25
135.0
146.0
134.75
132.75
111.25
103.0
85.0
72.75
67.5
74.75
82.5
95.5
106.5
111.75
123.75
121.5
115.75
108.75
103.5
94.25
103.75
90.5
107.25
117.75
100.75
126.25
120.0
90.75
70.25
111.25
114.75
107.25
117.5
99.75
100.25
105.75
86.75
90.25
96.0
95.75
113.0
141.0
155.25
145.25
142.5
135.25
121.0
112.75
106.75
97.75
107.5
118.25
125.75
108.25
128.5
114.5
95.75
96.0
114.0
126.25
129.75
93.75
76.75
64.5
89.5
87.0
74.5
86.5
75.25
85.75
78.0
76.0
89.5
95.0
94.75
90.75
84.75
79.5
84.5
89.75
90.0
104.0
104.5
118.75
102.25
97.75
111.0
110.0
108.0
105.0
114.5
109.25
111.25
124.0
138.25
149.75

Average_Alpha:
0.264000001
0.26400000500000015
0.2640000090000002
0.26400001300000037
0.2640000170000004
0.26400002100000064
0.26400002500000064
0.26400002800000083
0.26400003200000083
0.26400003600000105
0.26400004000000105
0.26400004400000127
0.26400004800000126
0.2640000520000015
0.2640000560000014
0.26400006000000165
0.2640000630000018
0.2640000670000019
0.264000071000002
0.2640000750000021
0.26400007900000216
0.26400008300000233
0.2640000870000024
0.26400009100000255
0.2640000950000026
0.26400009900000276
0.2640001030000028
0.264000107000003
0.26400011100000303
0.2640001150000032
0.2640001190000032
0.2640001230000034
0.26400012700000347
0.26400013100000363
0.2640001350000037
0.26400013900000385
0.2640001430000039
0.26400014700000407
0.2640001510000041
0.2640001550000043
0.26400015900000434
0.26400016300000445
0.26400016700000456
0.26400017100000467
0.2640001750000048
0.2640001790000049
0.264000183000005
0.2640001870000052
0.2640001910000052
0.26400019500000543
0.26400019900000543
0.26400020300000565
0.2640002070000056
0.2640002110000058
0.2640002150000058
0.26400021900000603
0.26400022300000603
0.26400022700000625
0.26400023100000636
0.26400023500000647
0.2640002390000066
0.2640002430000067
0.2640002470000068
0.26400025100000685
0.264000250000007
0.26400022400000717
0.26400015900000723
0.2640000730000074
0.2639999550000074
0.26399984200000753
0.26399972000000765
0.26399957900000776
0.2639993800000079
0.26399915400000795
0.2639989450000081
0.2639987200000081
0.2639985280000083
0.2639982570000084
0.26399794100000845
0.26399764900000855
0.26399735800000873
0.2639969080000087
0.26399644900000885
0.26399599800000895
0.26399560600000904
0.2639951990000092
0.2639947680000092
0.26399430900000936
0.26399380800000943
0.26399336300000953
0.2639929910000096
0.2639926480000097
0.2639923800000098
0.2639921210000099
0.26399184600001
0.2639915310000101
0.2639912010000103
0.2639908530000103
0.26399048500001043
0.26399005500001055
0.26398974600001057
0.26398941900001066
0.26398910000001086
0.26398881600001095
0.263988527000011
0.2639882210000111
0.26398776300001126
0.2639872620000113
0.26398669000001146
0.26398601900001156
0.2639853680000116
0.2639847630000116
0.2639842860000118
0.2639838440000119
0.263983386000012
0.263982950000012
0.2639824210000122
0.26398185300001226
0.26398134000001233
0.26398087100001244
0.2639804510000125
0.2639800780000126
0.2639797170000127
0.26397932900001286
0.2639789010000129
0.263978491000013
0.2639781020000131
0.2639777950000132
0.2639775150000133
0.26397725500001346
0.2639769210000135
0.2639765980000136
0.26397621400001375
0.2639758120000138
0.2639753470000139
0.26397485100001405
0.2639743920000141
0.26397391700001416
0.2639734710000143
0.2639730110000144
0.26397254100001444
0.2639721330000146
0.2639717260000147
0.2639713320000147
0.2639708920000149
0.26397045900001503
0.263970069000015
0.2639696590000151
0.26396934600001526
0.2639690440000154
0.2639687670000155
0.2639684500000156
0.2639680760000157
0.2639677240000158
0.2639673360000159
0.263966988000016
0.263966626000016
0.26396624300001614
0.26396581600001623
0.26396537600001635
0.26396493600001647
0.26396449200001654
0.26396396800001665
0.26396354300001673
0.2639632060000168
0.26396283500001694
0.263962467000017
0.2639619970000171
0.2639614890000172
0.26396092100001733
0.2639603070000174
0.2639597510000175
0.26395921500001757
0.2639587140000177
0.26395821300001776
0.2639576580000179
0.26395709500001796
0.26395652100001804
0.2639560140000181
0.2639555970000182
0.26395518300001836
0.2639547410000184
0.2639543040000185
0.26395379800001867
0.2639534190000187
0.2639530880000189
0.26395269500001894
0.263952284000019
0.26395187400001907
0.2639514490000192
0.2639510400000193
0.2639506840000194
0.2639503900000195
0.2639500670000196
0.2639497060000197
0.2639493440000198
0.2639489840000199
0.26394862300002003
0.26394827300002016
0.2639479000000202
0.26394752800002025
0.2639472030000204
0.2639468580000205
0.2639464370000206
0.2639459990000207
0.2639455650000208
0.2639451760000209
0.263944811000021
0.2639444660000211
0.2639441210000211
0.2639437220000213
0.26394340500002134
0.26394309800002147
0.2639426840000216
0.26394229500002164
0.2639418670000217
0.26394151000002186
0.263941171000022
0.26394083400002205
0.26394056700002216
0.26394032300002224
0.2639400070000223
0.26393966600002244
0.2639394060000226
0.26393907600002264
0.26393869900002276
0.26393830900002285
0.263937883000023
0.26393741500002305
0.26393688500002316
0.2639363610000232
0.26393591300002334
0.2639355390000235
0.2639351260000235
0.26393470200002367
0.2639343240000237
0.2639339260000238
0.26393360100002394
0.263933285000024
0.2639329540000241
0.26393254000002425
0.26393209700002435
0.26393169200002436
0.2639312980000245
0.2639308900000246
0.2639304470000247
0.26392998900002484
0.26392960600002485
0.26392922500002497
0.26392876200002513
0.2639281180000252
0.2639275480000252
0.26392702300002535
0.2639264590000254
0.26392588300002556
0.26392533700002563
0.26392482100002573
0.26392432000002575
0.2639238490000259
0.26392345600002604
0.2639230840000261
0.2639226680000262
0.26392217100002624
0.2639217340000264
0.2639212960000265
0.26392089900002663
0.26392047900002674
0.26391996900002673
0.26391956400002686
0.263919131000027
0.26391883600002713
0.26391850800002714
0.2639181800000273
0.26391788400002736
0.2639175420000275
0.26391713500002756
0.2639167590000277
0.26391632300002776
0.2639158980000279
0.263915528000028
0.26391509400002805
0.2639146210000282
0.26391424700002825
0.26391391200002834
0.2639136050000284
0.2639133760000286
0.26391310000002866
0.2639127520000288
0.26391238400002887
0.26391201400002895
0.26391162700002907
0.2639112170000292
0.26391082200002924
0.2639103740000293
0.26390994100002946
0.26390942500002956
0.2639087940000296
0.2639082700000297
0.2639078810000298
0.2639075270000299
0.26390711900003005
0.2639066560000301
0.2639062460000302
0.2639058400000303
0.26390535800003045
0.2639048480000305
0.26390440000003057
0.2639039530000307
0.26390352600003075
0.26390310800003086
0.26390276100003096
0.26390242000003106
0.26390202800003115
0.2639016280000313
0.2639012050000314
0.2639007370000314
0.26390024300003156
0.26389979900003163
0.2638993110000317
0.26389889800003186
0.26389852200003194
0.26389817800003207
0.26389790900003207
0.26389763900003227
0.2638973900000324
0.26389712500003243
0.2638968880000325
0.26389657000003264
0.2638962200000327
0.26389587500003286
0.26389558700003296
0.2638953630000331
0.2638951670000332
0.2638949060000333
0.2638945810000333
0.2638942510000335
0.26389390600003354
0.2638935840000337
0.26389328200003376
0.2638928930000338
0.26389245500003394
0.263892032000034
0.26389161200003414
0.26389120000003424
0.26389074200003426
0.26389033800003436
0.26388993100003455
0.26388958400003465
0.26388928100003467
0.2638889940000348
0.26388877300003494
0.263888497000035
0.2638881030000351
0.2638877150000352
0.26388727800003536
0.2638868990000354
0.2638865770000355
0.2638861680000356
0.2638857890000357
0.26388543100003586
0.2638850500000359
0.263884600000036
0.26388404100003604
0.26388352300003626
0.2638830650000363
0.26388263400003636
0.2638823080000365
0.26388200700003656
0.2638817120000367
0.2638814670000368
0.26388125100003684
0.26388103500003696
0.2638808290000371
0.26388064800003724
0.2638804190000373
0.26388012500003744
0.2638797810000375
0.2638793590000376
0.2638788990000377
0.2638784700000378
0.2638780340000379
0.26387762200003795
0.26387719300003804
0.2638767910000382
0.2638763410000382
0.26387592800003834
0.2638755640000385
0.26387515900003855
0.2638748090000387
0.26387451800003875
0.26387411400003885
0.2638736780000389
0.2638732660000391
0.2638728330000391
0.2638724330000392
0.26387200600003935
0.2638716150000394
0.26387121900003957
0.2638707010000396
0.26387015000003977
0.26386961200003983
0.26386913900003994
0.26386873200004
0.2638682860000401
0.26386782800004016
0.2638674290000403
0.2638669870000404
0.26386653400004045
0.2638660650000405
0.26386561300004063
0.26386512200004075
0.26386463400004084
0.26386413400004094
0.2638636620000411
0.26386309800004115
0.26386246100004124
0.26386180600004133
0.2638613160000414
0.2638609180000415
0.2638605680000416
0.2638602810000417
0.2638600210000418
0.26385979000004195
0.2638595490000421
0.2638592760000421
0.26385898400004226
0.2638586740000423
0.2638583890000424
0.26385810000004256
0.26385771400004265
0.2638572810000427
0.26385689700004283
0.2638564920000429
0.26385597500004304
0.2638555210000431
0.26385499300004317
0.26385440900004326
0.26385390700004335
0.2638534700000435
0.26385303600004356
0.2638525920000437
0.2638521940000438
0.26385177500004386
0.26385134800004395
0.26385096900004407
0.26385060100004415
0.2638502590000443
0.26384992400004437
0.26384958500004446
0.2638492040000445
0.2638488270000446
0.2638484320000448
0.2638480490000448
0.26384763000004496
0.263847267000045
0.26384694900004513
0.26384666200004525
0.26384643700004534
0.26384610000004544
0.2638458440000455
0.2638456510000457
0.26384540600004575
0.26384504100004585
0.26384473900004596
0.2638444580000461
0.2638440640000462
0.26384362500004627
0.2638432070000463
0.2638427860000464
0.2638424130000465
0.26384197300004664
0.2638415710000468
0.2638412270000468
0.26384088600004696
0.263840588000047
0.2638402740000471
0.26383993900004726
0.2638396220000473
0.2638392620000474
0.2638389170000476
0.2638385390000476
0.2638381910000477
0.2638377840000478
0.2638373940000479
0.263837003000048
0.2638365530000481
0.26383597900004824
0.2638353170000483
0.2638348160000484
0.2638342230000485
0.26383367500004856
0.2638331310000486
0.26383265900004876
0.2638322530000488
0.26383179000004897
0.26383134500004907
0.26383090200004916
0.2638305240000492
0.26383014100004937
0.2638297270000494
0.2638293150000495
0.2638289090000496
0.2638284730000497
0.2638279420000498
0.26382752400004994
0.26382711400005
0.2638266740000501
0.2638262270000502
0.2638258100000503
0.26382534500005034
0.2638248540000505
0.2638244210000506
0.2638240350000507
0.26382359500005076
0.26382315800005085
0.26382274800005096
0.26382235800005105
0.2638220700000512
0.26382183800005127
0.2638215900000514
0.26382135100005155
0.2638211190000516
0.2638208690000517
0.26382065100005186
0.2638204250000519
0.26382021700005204
0.26381996200005203
0.2638196600000522
0.26381941000005227
0.26381917700005236
0.2638189300000525
0.2638185960000526
0.2638182640000527
0.2638179250000528
0.2638175750000529
0.263817294000053
0.2638170350000531
0.2638168390000532
0.2638166160000533
0.26381639100005344
0.2638161160000535
0.2638158610000536
0.2638156280000537
0.2638153550000538
0.26381509300005396
0.26381479200005403
0.26381441900005415
0.2638140940000542
0.26381385500005433
0.2638136110000544
0.26381340600005454
0.2638131620000546
0.2638129640000548
0.26381283700005487
0.26381266100005496
0.263812371000055
0.26381212100005513
0.26381181300005524
0.2638115090000553
0.26381119300005546
0.2638108570000555
0.26381055000005565
0.2638102670000558
0.2638099320000558
0.263809606000056
0.263809230000056
0.26380880000005613
0.2638084270000562
0.2638080730000563
0.26380772600005636
0.2638073780000565
0.2638070590000566
0.2638067700000567
0.26380649200005685
0.2638062590000569
0.263805920000057
0.2638055740000571
0.26380522800005723
0.2638049010000573
0.2638045090000574
0.2638041480000575
0.2638038580000576
0.2638035860000577
0.26380330700005783
0.26380306600005793
0.263802826000058
0.2638025480000581
0.2638022150000582
0.2638017830000583
0.2638013760000584
0.26380103100005853
0.2638007350000586
0.26380040000005867
0.2638000350000589
0.26379963300005893
0.263799221000059
0.26379878200005913
0.2637984050000592
0.2637981190000593
0.2637978200000594
0.2637974890000595
0.2637972300000596
0.26379697500005966
0.26379663700005984
0.2637962960000599
0.26379597000006
0.2637956130000601
0.2637952800000602
0.2637949760000603
0.26379464200006036
0.26379427400006045
0.2637938580000606
0.26379338800006064
0.26379286800006074
0.26379237300006086
0.2637919670000609
0.26379152200006106
0.26379103200006115
0.26379053000006125
0.26379002100006144
0.26378960200006146
0.2637891640000615
0.26378875800006163
0.26378826700006175
0.2637877560000618
0.26378723800006193
0.26378665000006196
0.2637861490000621
0.2637857520000622
0.2637853000000623
0.2637848030000624
0.2637842920000625
0.26378374600006255
0.26378325700006267
0.2637827590000628
0.26378229300006284
0.26378185800006293
0.263781378000063
0.26378094300006316
0.2637805070000633
0.26378001600006334
0.26377958400006346
0.2637791050000635
0.26377862400006363
0.26377824300006375
0.2637779140000638
0.26377753700006396
0.263777205000064
0.2637769010000641
0.2637765990000643
0.2637763090000643
0.2637760100000644
0.26377567300006455
0.2637752920000646
0.2637749230000647
0.26377455500006475
0.26377407100006495
0.263773528000065
0.2637730440000651
0.2637725020000652
0.2637719520000653
0.26377142400006537
0.26377090700006545
0.2637704400000656
0.26376996700006566
0.26376953600006575
0.2637690940000658
0.26376877600006593
0.26376853700006603
0.26376836000006615
0.2637681860000663
0.2637679890000663
0.2637677950000665
0.2637675890000665
0.2637673920000667
0.2637671860000668
0.2637669190000669
0.263766654000067
0.2637663770000671
0.2637660920000671
0.2637658010000673
0.2637654980000674
0.2637652350000675
0.26376493200006756
0.2637646170000677
0.26376431900006775
0.2637640590000679
0.263763745000068
0.2637633960000681
0.2637629720000682
0.26376245200006826
0.2637619780000684
0.2637614560000685
0.2637609990000685
0.2637605720000687
0.26376017900006876
0.26375984100006883
0.26375942200006897
0.26375905600006905
0.2637587510000691
0.2637584530000693
0.2637580260000693
0.26375759400006943
0.26375721100006955
0.2637569200000697
0.26375666200006975
0.2637564300000698
0.26375615900006993
0.26375577400007005
0.2637553760000701
0.2637549300000702
0.26375451000007033
0.26375404900007043
0.2637536080000705
0.26375314300007063
0.26375271200007067
0.2637522740000708
0.2637518650000709
0.263751414000071
0.26375088000007113
0.2637503420000712
0.26374991400007125
0.2637494420000714
0.2637489340000715
0.2637484520000716
0.2637479500000717
0.2637473870000717
0.26374680000007183
0.26374617900007197
0.26374564600007205
0.26374523800007216
0.2637448020000722
0.26374432300007233
0.26374388600007237
0.26374351100007254
0.26374310600007267
0.2637426460000727
0.26374217000007283
0.2637417610000729
0.26374144800007304
0.26374120200007317
0.2637409560000732
0.26374068800007333
0.26374039400007343
0.26374009500007356
0.2637397680000736
0.2637394750000737
0.26373924900007384
0.26373895900007394
0.263738565000074
0.2637381670000741
0.26373769200007424
0.26373724600007425
0.2637366850000744
0.2637361230000745
0.26373557100007455
0.26373503800007475
0.26373445500007475
0.2637338680000748
0.26373337000007496
0.26373292900007506
0.2637325860000751
0.26373233000007523
0.2637320310000753
0.26373162400007544
0.2637312010000755
0.26373065900007564
0.2637301050000757
0.26372957600007585
0.26372914900007594
0.26372878700007607
0.26372844700007614
0.26372809800007624
0.26372771200007633
0.2637273500000764
0.2637269130000765
0.2637265550000766
0.2637263070000767
0.26372604700007685
0.2637258130000769
0.263725523000077
0.2637251000000771
0.26372465900007724
0.26372423500007736
0.2637238770000774
0.2637235920000775
0.26372325200007757
0.2637230110000777
0.2637227450000778
0.2637224760000779
0.263722265000078
0.26372199800007806
0.2637217360000782
0.2637214150000783
0.2637210900000784
0.26372067700007845
0.2637202710000786
0.2637199330000786
0.2637196110000788
0.2637192460000789
0.26371878700007906
0.26371831500007914
0.26371788600007917
0.26371743800007924
0.26371700300007933
0.2637165750000795
0.2637161340000796
0.26371566900007964
0.26371521000007975
0.2637149420000799
0.26371466800008
0.26371436700008005
0.26371409800008017
0.26371384700008027
0.26371364600008035
0.2637134550000804
0.26371316700008063
0.26371283000008067
0.26371244100008073
0.2637119470000808
0.26371147100008097
0.26371109300008105
0.2637106190000812
0.2637101320000812
0.26370967100008136
0.26370923400008145
0.2637087740000815
0.26370831600008166
0.26370786000008173
0.26370745200008183
0.26370707900008195
0.263706708000082
0.26370625200008213
0.26370570400008214
0.26370516800008226
0.2637047310000824
0.2637043820000825
0.2637040700000826
0.2637038030000827
0.26370357600008276
0.26370334900008285
0.263703089000083
0.2637028130000831
0.2637025280000832
0.2637022860000833
0.2637020820000834
0.26370198700008346
0.2637018580000836
0.2637017600000837
0.26370163900008387
0.2637014650000839
0.26370130700008404
0.26370117600008414
0.2637010200000842
0.2637008460000843
0.2637006710000845
0.2637004970000845
0.2637003320000847
0.26370013300008477
0.26369994100008487
0.263699735000085
0.26369953000008506
0.2636992820000852
0.2636989930000853
0.2636986970000854
0.2636984080000855
0.26369809900008556
0.2636978920000857
0.2636976440000857
0.2636972690000859
0.263696869000086
0.263696474000086
0.26369607600008615
0.26369569500008627
0.26369531700008636
0.2636950720000865
0.2636947630000866
0.2636943730000867
0.2636939670000868
0.26369350500008687
0.26369307100008693
0.26369264800008707
0.26369216900008713
0.26369163300008724
0.26369113700008734
0.26369064500008743
0.26369014100008753
0.2636896360000876
0.26368917800008773
0.2636887240000878
0.263688237000088
0.26368773500008796
0.2636872900000881
0.2636868740000882
0.26368644700008825
0.2636860260000884
0.2636856440000885
0.2636852770000886
0.26368498200008866
0.2636847060000888
0.26368442800008884
0.263684110000089
0.2636836840000891
0.2636832700000892
0.26368287400008933
0.26368249400008936
0.26368207600008947
0.26368170800008955
0.26368134300008966
0.26368099400008976
0.26368065500008986
0.26368036600009
0.2636800620000901
0.2636796720000902
0.2636792990000903
0.26367895200009034
0.2636786820000905
0.26367840700009054
0.2636781040000906
0.2636776870000907
0.26367717900009086
0.26367666100009096
0.263676174000091
0.26367572400009115
0.26367525800009123
0.26367486500009135
0.2636745210000914
0.26367411200009155
0.26367375500009166
0.2636733270000917
0.26367285300009186
0.26367235900009195
0.26367192300009196
0.2636715070000921
0.2636711670000922
0.26367083200009234
0.2636704940000924
0.2636702390000925
0.26366997700009254
0.26366965700009276
0.26366926500009275
0.26366884200009294
0.263668416000093
0.26366800300009313
0.2636675730000932
0.26366709000009325
0.26366656800009336
0.26366613400009353
0.2636655830000935
0.26366503200009367
0.2636643990000938
0.2636637820000939
0.2636632760000939
0.26366279700009404
0.2636623540000942
0.2636619440000942
0.2636615020000943
0.2636610620000944
0.2636606040000945
0.26366013600009464
0.2636597490000947
0.2636594030000948
0.2636591050000949
0.263658770000095
0.26365849400009506
0.26365827500009514
0.2636580420000953
0.26365777000009544
0.2636574790000955
0.2636572180000956
0.26365690200009567
0.2636565610000958
0.26365620000009593
0.26365585500009603
0.26365540800009607
0.2636550190000962
0.2636547070000963
0.2636543520000964
0.2636539040000965
0.2636535150000966
0.2636532050000967
0.2636529560000968
0.26365273000009687
0.263652495000097
0.2636522550000971
0.26365208300009724
0.26365191500009727
0.2636517440000974
0.2636515530000975
0.2636513100000976
0.26365108000009774
0.2636508300000978
0.2636505880000979
0.263650323000098
0.26365009400009815
0.2636498600000982
0.2636495920000983
0.2636492780000984
0.26364891800009854
0.2636485800000986
0.2636482130000987
0.2636478700000988
0.2636475530000989
0.26364727300009905
0.26364700300009913
0.26364674500009927
0.2636464510000993
0.2636461120000994
0.2636456800000996
0.2636452060000996
0.26364469400009966
0.26364417300009985
0.2636437920000999
0.2636434200001
0.26364306200010007
0.2636426460001002
0.2636422140001003
0.26364171500010036
0.2636412290001005
0.26364065100010053
0.2636401020001007
0.26363957300010077
0.2636389940001009
0.2636385410001009
0.26363813100010103
0.2636377490001011
0.26363732900010123
0.2636369200001013
0.2636365240001014
0.26363612300010153
0.2636357980001017
0.26363548900010175
0.26363511600010187
0.26363465200010194
0.263634193000102
0.2636337730001021
0.26363340700010224
0.2636330390001023
0.2636326530001024
0.2636323230001025
0.2636319110001026
0.2636314650001027
0.2636310140001028
0.2636306320001029
0.263630293000103
0.2636299240001031
0.2636295790001032
0.2636291830001033
0.2636287670001034
0.2636284850001035
0.2636282200001036
0.2636279080001037
0.2636276630001038
0.26362745000010385
0.26362722800010396
0.2636269710001041
0.26362676100010424
0.2636264820001043
0.2636261260001044
0.26362568200010444
0.26362526100010464
0.26362490100010466
0.26362449200010474
0.2636241140001049
0.263623754000105
0.2636234720001051
0.2636232250001052
0.26362293300010525
0.2636225950001054
0.26362223500010556
0.2636219330001056
0.26362158600010566
0.2636211960001058
0.26362071600010584
0.26362020900010597
0.263619634000106
0.2636190800001062
0.26361846800010624
0.26361784800010635
0.26361726700010646
0.2636167250001065
0.26361626500010665
0.2636157460001067
0.26361532700010687
0.26361496500010695
0.26361455900010694
0.26361421400010715
0.2636139620001072
0.26361366400010733
0.2636134250001074
0.26361316100010757
0.2636129180001076
0.26361261200010766
0.2636122060001079
0.2636117550001079
0.26361130500010804
0.2636108980001081
0.2636105180001082
0.26361021400010826
0.26360997500010835
0.26360968200010854
0.2636093460001086
0.2636090230001087
0.2636087220001088
0.26360841800010887
0.263608039000109
0.26360762700010915
0.2636071440001092
0.2636066080001093
0.2636061050001094
0.26360569200010947
0.2636052810001096
0.26360486500010966
0.26360439400010977
0.2636039350001098
0.26360351200010995
0.26360315300011006
0.26360280600011016
0.2636025580001103
0.26360233000011035
0.2636021140001104
0.2636018680001106
0.26360156500011067
0.26360129700011076
0.26360099900011086
0.26360060900011095
0.263600108000111
0.2635996020001111
0.2635991170001113
0.2635986060001113
0.26359820300011144
0.26359784200011155
0.2635973670001116
0.26359690700011174
0.26359651000011175
0.2635960540001119
0.26359550700011203
0.2635949230001121
0.2635942590001122
0.26359341400011227
0.26359269600011237
0.2635920640001125
0.26359158300011254
0.26359102600011264
0.2635904680001127
0.26358994000011277
0.26358950400011294
0.26358909800011304
0.2635887120001131
0.2635883400001132
0.2635878510001133
0.26358735500011343
0.2635868530001135
0.2635863120001136
0.2635857760001137
0.2635851960001138
0.2635846610001139
0.263584134000114
0.2635836930001141
0.2635832850001142
0.26358294900011425
0.2635826620001143
0.26358239600011446
0.2635821010001146
0.2635817750001147
0.26358139700011474
0.26358097500011485
0.26358053200011494
0.2635800410001151
0.26357955900011515
0.2635791000001152
0.2635786690001154
0.26357825900011544
0.26357788600011556
0.2635774750001157
0.2635771170001157
0.26357669200011585
0.26357622500011585
0.26357582600011603
0.2635753250001161
0.26357484900011624
0.26357449000011635
0.2635742130001164
0.2635737720001165
0.2635733170001166
0.26357289200011674
0.26357242600011677
0.26357203100011684
0.263571634000117
0.26357121500011704
0.26357087200011714
0.2635705150001173
0.2635701350001174
0.2635697560001175
0.2635693080001175
0.2635687480001177
0.2635681310001178
0.2635675540001179
0.2635669880001179
0.26356645100011805
0.2635659710001182
0.26356552400011823
0.26356510100011826
0.26356471400011844
0.2635642880001185
0.2635638190001186
0.2635633200001187
0.26356289100011876
0.26356238100011886
0.263561927000119
0.26356154800011905
0.2635611680001192
0.2635607160001193
0.26356021500011934
0.2635597000001195
0.2635593290001195
0.2635590260001196
0.2635587720001198
0.26355841800011987
0.26355807400011994
0.26355778000012003
0.2635574380001201
0.2635571410001203
0.2635568020001203
0.26355649400012043
0.26355619400012054
0.26355584000012067
0.26355546400012075
0.2635550890001208
0.263554730000121
0.263554395000121
0.2635540810001211
0.26355374700012124
0.26355339200012134
0.2635530360001214
0.2635526240001216
0.26355221000012163
0.26355173900012174
0.2635513340001219
0.26355094700012194
0.263550507000122
0.2635500710001221
0.26354964300012224
0.2635492270001223
0.2635487730001224
0.26354834000012256
0.26354789900012265
0.2635474070001227
0.26354685800012284
0.26354626300012285

Avalanche_Distribution:
1
1
