
Branching_global:
1.00004
1.0040400000000038
0.9936700000000083
0.9563500000000119
0.9614700000000159
0.96376000000002
0.9689100000000239
0.9670800000000281
0.9684500000000319
0.9687900000000359
0.95402000000004
0.9457200000000439
0.9416500000000481
0.9424500000000519
0.9463100000000558
0.94679000000006
0.951690000000064
0.954280000000068
0.9561900000000719
0.958470000000076
0.96196000000008
0.967110000000084
0.9706500000000878
0.974130000000092
0.9662100000000958
0.9694200000000999
0.970880000000104
0.9709200000001079
0.9490000000001119
0.9455800000001159
0.9499900000001198
0.9485600000001239
0.9526500000001279
0.9534200000001319
0.9554300000001359
0.9571600000001399
0.9626600000001438
0.9642800000001479
0.970140000000152
0.9727600000001558
0.97736000000016
0.9804800000001639
0.9854500000001678
0.9834700000001719
0.988740000000176
0.9911900000001799
0.9944900000001838
0.9938200000001879
0.996120000000192
0.9812500000001959
0.9529700000001999
0.9520200000002039
0.9467000000002078
0.9466200000002118
0.9490300000002159
0.9411000000002198
0.9405600000002238
0.9328500000002278
0.9388200000002318
0.9357600000002357
0.9378800000002397
0.9448700000002439
0.9441900000002478
0.9483700000002518
0.9515900000002558
0.9519000000002598
0.9610000000002638
0.9607600000002678
0.9505800000002717
0.9560500000002757
0.9533000000002798
0.9511100000002839
0.9486500000002878
0.9510500000002917
0.9514700000002958
0.9444500000002998
0.9459300000003038
0.9468500000003077
0.9528700000003119
0.9529400000003158
0.9569200000003197
0.9597200000003238
0.9658700000003277
0.9646700000003318
0.9716100000003357
0.9757400000003397
0.9758100000003437
0.9641100000003477
0.9626300000003517
0.9614000000003557
0.9670400000003597
0.9578000000003638
0.9631600000003677
0.9629600000003716
0.9634400000003757
0.9701500000003795
0.9691600000003837
0.9760700000003877
0.9780000000003918
0.9704900000003956

Autocorrelation:
25.000499996641732
0.24802441648667847
-0.15747735392031195
-0.0224057882920554
-0.025450527989978676
-0.027090742972914666
-0.03166205125909653
-0.029873881264270447
-0.031193049588138462
-0.031538370256234405
-0.021244663933132752
-0.01791834140723197
-0.01663295074922841
-0.016871255534967038
-0.018120843832004366
-0.0182889036060684
-0.0201955219473278
-0.021368366263332245
-0.022322105754404697
-0.023575444405999114
-0.025784885984400978
-0.029901591362814613
-0.033569067848285776
-0.038152628339803485
-0.029091690152021902
-0.03219852376914257
-0.03383819667643917
-0.033885436229673535
-0.019103481129805876
-0.017870934385014886
-0.01949172566902944
-0.018935723768570646
-0.02061528203152797
-0.020964466562036883
-0.021932817208418935
-0.022839021792116873
-0.026277760803670013
-0.02749248965279458
-0.03298709201654835
-0.036208418068983506
-0.043667702972754865
-0.050727865455181834
-0.06822730093449023
-0.05999467875057993
-0.08830900306129287
-0.11300664056305693
-0.1809877428367403
-0.1613117811419413
-0.2572316348134922
-0.052831756009151916
-0.020759009436013613
-0.020337920236140106
-0.01825716188826287
-0.018229036861138272
-0.01911502457788464
-0.016472870180522327
-0.01631858141896483
-0.014386240657043902
-0.015839950243429032
-0.015061092541745879
-0.01559253100772295
-0.017634218906189873
-0.017413150461738285
-0.01886416681701653
-0.02015275415819593
-0.020285913015519765
-0.025137710656130803
-0.024980863998635597
-0.019730499385690287
-0.022249383259242344
-0.020909290914192004
-0.019949903634490826
-0.018969803946469566
-0.019924826981950323
-0.020101665416270027
-0.017497037728419245
-0.01798991212242131
-0.01831012445708795
-0.020713885004353547
-0.02074545197427635
-0.022708958164417464
-0.024322790439348166
-0.02879684252503121
-0.027801559664826787
-0.03472127027424167
-0.040718068844015035
-0.04083735585048834
-0.027359868705352272
-0.026256258930589516
-0.02540345544262477
-0.029837012926248924
-0.023193089551722973
-0.026641280347826292
-0.026494694963989665
-0.026849193909532595
-0.03299831217832824
-0.03192281111007252
-0.04128653154324339
-0.04495269166989891
-0.033384321883869764

Average_Activity:
0.0
0.0
0.0
0.0
0.0
0.0
0.0
0.0
0.0
0.0
0.0
0.0
0.0
0.0
0.0
0.0
0.0
0.0
0.0
0.0
0.0
0.0
0.0
0.0
0.0
0.0
0.0
0.0
0.0
0.0
0.0
0.0
0.0
0.0
0.0
0.0
0.0
0.0
0.0
0.0
0.0
0.0
0.0
0.0
1.25
5.0
6.75
8.25
17.5
24.5
24.0
20.5
21.0
17.0
26.75
26.0
16.75
7.25
9.75
16.0
16.5
10.5
16.75
19.0
17.25
7.5
1.5
1.5
3.5
2.0
0.0
0.0
0.0
0.5
0.0
0.0
0.0
0.0
0.0
0.0
0.0
0.0
0.0
0.0
0.0
0.0
0.5
0.0
0.0
0.0
0.0
0.0
0.0
0.25
0.0
0.0
0.0
0.0
0.0
0.0
0.0
0.25
0.0
0.0
0.0
0.0
0.0
0.0
0.0
0.75
0.75
0.0
0.0
0.0
0.0
0.0
0.0
0.0
0.0
0.0
0.25
0.75
0.0
0.25
0.5
0.25
0.0
0.0
0.0
0.0
0.0
0.0
0.0
0.0
0.0
0.0
0.0
0.0
0.0
0.0
0.0
0.0
0.0
0.0
0.0
0.0
0.0
0.0
0.0
0.0
0.0
0.0
0.25
3.0
3.5
5.75
8.0
0.5
0.0
0.0
0.0
0.0
0.0
0.0
0.75
0.0
0.0
0.0
0.0
0.0
0.25
0.0
0.5
2.5
4.0
4.5
1.0
0.25
0.0
0.0
0.0
0.0
0.25
3.25
3.0
2.5
0.0
0.0
0.25
0.0
0.0
0.0
0.0
1.25
5.0
3.0
0.0
1.25
0.25
0.25
0.25
2.0
1.0
0.0
0.0
0.0
0.5
0.75
0.75
0.0
0.5
0.0
0.5
0.0
0.0
0.0
0.0
0.0
0.0
0.0
2.25
1.0
1.0
0.25
0.0
0.0
0.0
1.5
0.75
1.0
7.0
6.25
5.75
5.5
4.75
6.5
5.25
6.25
2.25
0.25
0.0
1.75
1.0
2.75
4.5
11.0
13.75
7.0
5.0
5.0
8.5
11.5
11.0
6.25
6.0
4.75
4.25
2.75
1.25
1.25
3.0
0.0
1.5
6.75
8.5
5.0
4.5
4.5
3.25
0.25
0.0
0.25
0.75
1.25
0.5
0.0
0.25
0.0
1.75
2.5
0.25
0.0
0.5
2.5
2.75
1.75
2.25
2.25
5.25
3.0
1.75
3.5
2.0
0.0
0.0
0.0
0.25
0.5
0.25
3.25
4.25
5.0
0.75
0.0
0.75
2.75
3.0
1.75
1.5
0.25
0.0
0.0
0.0
0.0
0.0
0.0
0.0
0.0
0.0
0.0
0.0
0.0
0.0
0.0
0.0
0.25
0.0
0.0
0.0
0.0
0.0
0.0
0.0
0.0
0.25
0.0
0.0
0.0
0.0
0.25
2.0
0.75
0.0
0.0
0.0
0.25
0.0
0.25
0.0
0.5
0.0
0.0
0.0
0.0
0.0
0.5
2.75
2.5
1.75
1.5
0.25
0.0
0.0
0.0
0.0
0.0
0.0
0.0
0.0
0.0
2.5
7.0
3.0
0.0
0.0
0.0
0.0
0.0
0.0
0.0
0.0
0.0
0.0
0.0
0.0
0.0
0.0
0.5
0.0
0.0
0.0
0.0
0.0
0.0
0.5
0.0
0.25
0.0
0.0
0.75
0.5
0.0
0.0
0.0
0.0
0.0
0.0
0.0
0.0
0.0
0.0
0.25
2.0
0.5
2.0
5.5
8.25
7.0
0.5
0.0
0.0
0.0
0.0
0.0
0.0
0.0
0.0
0.0
0.0
0.0
0.0
0.0
0.0
0.0
0.0
0.0
0.0
0.0
0.0
0.0
0.0
0.0
0.0
0.0
1.25
0.5
0.0
0.0
0.0
0.25
0.0
0.0
0.0
0.0
0.0
0.0
0.0
0.0
0.0
0.0
0.0
0.0
0.0
0.0
0.0
0.0
0.0
0.0
0.0
0.0
0.0
0.0
0.0
0.0
0.0
0.25
0.0
0.0
0.0
0.0
0.0
0.0
0.25
0.0
0.0
0.0
0.0
0.0
0.0
0.0
0.0
0.0
0.0
0.0
0.0
0.0
0.0
0.0
0.0
0.0
0.0
0.0
0.0
0.0
0.0
0.0
0.0
0.0
0.0
0.0
0.0
0.0
0.0
0.0
0.0
0.0
0.0
0.0
0.0
0.0
0.0
0.0
0.0
0.0
0.0
0.0
0.0
0.0
0.0
0.0
0.0
0.0
0.0
0.0
0.0
0.0
0.0
0.25
0.75
0.0
0.0
0.0
0.0
0.0
0.0
0.0
0.0
0.0
0.0
0.0
0.0
0.0
0.0
0.0
0.0
0.0
0.0
0.0
0.25
0.25
2.5
2.0
0.0
0.0
0.0
0.5
0.0
0.0
0.0
0.0
0.0
0.0
0.0
0.0
0.0
0.0
0.0
0.0
0.0
0.0
0.0
0.0
0.0
0.0
0.0
0.0
0.0
0.0
0.0
0.0
0.0
1.0
3.75
3.5
5.25
10.0
8.5
11.75
10.75
7.25
10.5
4.75
0.5
0.0
0.75
0.25
0.25
0.0
0.0
0.0
0.25
0.75
0.0
0.0
0.0
0.0
0.0
0.0
0.0
0.25
0.0
0.0
0.0
0.0
0.0
0.25
0.0
0.0
0.0
0.0
0.0
0.0
0.0
0.0
0.0
0.25
0.25
1.5
3.25
3.0
3.5
1.0
0.5
0.0
0.0
0.0
0.0
0.25
0.25
0.25
1.0
1.25
0.0
0.0
0.25
2.25
2.0
0.0
0.0
0.0
0.0
0.0
0.0
0.0
0.75
2.25
2.0
1.5
1.25
3.25
3.0
1.0
0.75
0.25
0.0
0.0
0.0
0.0
0.0
2.0
2.75
2.25
0.5
0.25
0.5
0.75
4.0
7.0
4.25
9.0
13.0
8.5
4.5
5.5
10.5
13.0
18.0
24.75
20.25
16.5
7.5
0.0
0.0
0.0
0.0
0.0
0.0
0.0
0.0
0.0
0.0
0.0
0.5
0.25
1.25
0.0
0.0
0.0
0.0
0.0
0.5
2.5
5.25
6.75
8.5
2.5
0.75
0.25
0.25
0.0
0.0
0.0
1.0
3.75
1.25
0.0
0.0
0.0
0.0
0.0
0.5
1.0
0.0
0.0
0.0
0.0
0.0
0.5
0.0
0.0
0.25
0.0
0.0
0.0
0.0
0.0
0.0
0.25
0.5
2.25
0.75
0.0
0.0
0.0
0.0
1.25
7.75
7.25
3.75
2.25
0.0
1.25
0.25
0.0
0.0
0.0
0.0
0.0
0.0
0.0
0.0
0.25
2.0
0.75
0.0
0.0
0.0
0.0
0.25
0.0
0.0
0.25
0.0
0.0
0.25
0.0
0.5
0.0
0.5
0.0
0.5
0.0
0.5
2.25
0.0
0.5
0.0
0.0
0.0
0.0
1.25
3.25
2.5
0.5
2.0
0.25
0.25
0.5
0.0
0.0
0.0
0.0
0.0
0.0
0.5
1.25
0.25
0.0
0.0
0.0
0.25
0.0
0.0
0.0
0.25
0.0
0.0
0.0
0.0
0.0
0.25
1.0
2.25
2.25
3.5
0.75
0.0
0.0
0.0
0.0
0.0
0.75
2.5
1.0
0.0
0.0
0.0
0.0
0.0
0.0
0.5
0.5
1.0
0.5
0.0
0.0
0.0
0.0
0.5
0.0
0.0
0.75
0.0
0.0
0.0
0.0
0.0
0.0
0.0
0.0
0.0
0.0
0.0
0.0
0.0
0.25
0.5
3.5
1.25
0.0
0.0
0.0
0.0
0.0
0.0
0.0
0.0
0.0
1.0
0.0
0.0
1.5
0.0
0.0
0.0
0.0
0.0
0.0
0.0
0.25
0.5
0.0
0.0
0.0
0.0
0.0
0.0
0.0
0.0
0.0
0.0
0.25
0.0
0.0
0.0
0.0
0.0
0.0
0.0
0.0
0.25
0.0
0.0
0.0
0.0
0.0
0.0
0.0
0.0
0.0
0.0
0.0
0.0
0.0
0.0
0.0
0.0
0.0
0.0
0.0
0.0
0.0
0.0
0.0
0.0
0.0
0.0
0.0
0.0
0.0
0.0
0.0
0.0
0.0
0.0
0.0
0.0
0.0
0.0
0.0
0.0
0.0
0.0
0.0
0.0
0.0
0.0
0.0
0.0
0.0
0.0
0.0
0.0
0.0
0.0
0.25
0.0
0.0
0.0
0.0
0.0
0.0
0.0
0.0
0.0
0.0
0.0
0.0
0.0
0.0
0.0
0.0
0.0
0.0
0.0
0.0
0.0
0.0
0.0
0.0
0.0
0.0
0.5
0.0
0.0
0.0
0.0
0.0
0.0
0.0
0.0
0.0
0.0
0.0
0.0
0.0
0.0
0.0
0.0
0.0
0.0
0.0
0.0
0.0
0.0
0.0
0.0
0.0
0.0
0.0
0.0
0.0
0.0
0.0
0.0
0.0
0.0
0.0
0.0
0.0
0.0
0.0
0.0
0.0
1.25
1.75
2.5
3.0
2.5
4.25
4.0
0.75
0.0
0.0
0.0
0.0
0.0
0.0
0.0
0.0
0.0
0.0
0.0
0.0
0.0
0.0
0.0
0.0
0.0
0.0
0.0
0.0
0.0
0.0
0.0
0.75
2.0
3.75
4.75
3.0
1.0
0.25
0.25
0.5
0.0
0.0
0.0
0.0
0.0
0.0
0.75
0.0
0.0
0.0
0.0
0.0
0.5
0.0
0.0
0.0
0.0
0.0
0.25
0.0
0.0
0.25
0.0
0.0
0.75
1.0
0.0
0.0
0.0
0.0
0.0
0.0
0.0
0.0
0.0
0.0
0.25
0.0
0.0
0.0
0.0
0.0
0.0
0.0
0.0
0.0
0.0
0.5
0.5
0.0
0.0
0.25
0.0
0.75
0.0
0.0
0.0
0.0
0.0
0.0
0.0
0.0
0.25
3.75
4.75
5.0
0.25
0.0
0.0
0.75
1.25
0.5
1.5
0.75
0.75
0.0
0.0
0.0
0.0
0.0
0.0
1.75
2.5
1.0
0.5
0.5
0.0
0.0
0.0
0.0
0.25
1.5
0.0
0.0
0.0
0.0
0.0
0.0
0.0
0.0
0.0
0.0
0.0
0.5
2.0
2.75
9.5
13.25
15.0
17.25
22.5
24.5
21.5
8.75
1.5
0.25
0.0
0.0
0.0
0.0
0.5
0.25
0.0
0.0
0.0
0.0
0.0
0.0
0.0
0.0
0.0
0.0
0.0
0.25
0.0
0.0
0.25
0.0
0.0
0.25
1.25
1.0
3.75
3.75
6.25
8.75
11.0
7.25
11.25
14.75
14.5
15.0
20.0
24.75
21.75
18.5
12.25
8.5
3.75
2.5
4.5
2.75
1.25
0.0
0.25
1.75
0.0
0.0
0.25
0.0
0.0
0.0
0.0
0.0
0.0
0.0
0.0
0.0
0.75
0.75
1.75
0.75
0.0
0.0
0.0
0.0
2.25
4.25
2.75
2.5
1.0
0.0
3.75
9.0
6.75
4.75
1.75
1.25
1.5
1.0
0.0
0.0
0.0
0.0
0.0
1.25
1.75
0.0
0.0
0.0
0.0
0.0
0.0
0.0
0.25
4.5
5.0
8.25
8.25
1.0
0.0
0.25
0.0
0.0
0.0
0.25
1.0
0.0
0.0
0.0
1.75
1.75
0.0
0.5
0.5
0.0
0.0
0.0
0.0
0.0
0.0
0.0
0.75
0.0
0.0
0.0
0.0
0.0
0.0
0.0
0.0
0.25
0.75
0.0
0.5
0.5
0.0
0.25
0.0
0.0
0.0
0.25
0.0
0.0
0.0
0.25
0.0
2.0
2.0
3.75
11.75
13.0
7.0
6.75
8.75
8.5
11.5
6.5
6.25
1.25
0.25
0.0
0.0
0.0
0.0
0.0
0.0
2.5
0.75
1.0
0.0
0.0
0.5
1.25
1.0
2.75
7.0
9.0
2.0
0.0
0.0
0.0
0.0
0.0
0.0
1.25
2.25
3.5
2.5
9.5
6.25
6.0
2.75
4.25
12.5
7.75
1.5
0.0
0.0
0.0
0.0
0.0
0.0
0.0
0.0
0.0
0.0
0.5
0.0
0.0
0.0
0.0
0.0
0.0
0.0
0.0
0.0
0.25
0.0
0.0
0.0
0.0
0.0
0.0
0.0
0.0
0.0
0.0
0.25
0.5
0.0
0.0
0.0
0.0
0.0
0.0
0.0
0.5
0.0
0.0
0.0
0.25
2.0
2.5
4.5
8.25
9.75
8.25
2.25
0.0
0.0
0.0
0.0
0.0
0.0
0.0
0.0
0.0
0.0
0.0
0.0
0.0
0.0
0.0
0.0
0.0
0.0
0.0
0.0
0.0
0.0
0.0
0.0
0.0
0.0
0.0
0.0
0.0
0.0
0.0
0.0
0.0
0.0
0.0
0.0
0.0
0.0
0.0
0.0
0.0
0.0
0.0
0.0
0.0
0.0
0.0
0.0
0.0
0.0
0.0
0.0
0.0
0.0
0.0
0.0
0.0
0.0
0.0
0.0
0.0
0.0
0.0
0.0
0.0
0.0
0.0
0.0
0.25
1.5
1.5
0.0
0.0
0.0
0.0
0.0
0.0
0.5
0.0
0.0
0.0
0.0
0.0
0.25
0.0
0.0
0.0
0.25
0.5
0.0
0.0
0.0
0.0
0.0
0.0
0.0
0.0
0.0
0.0
0.0
0.0
0.0
1.25
7.25
6.75
1.25
0.0
0.0
0.0
0.0
0.0
0.0
0.0
0.0
0.0
0.0
0.0
0.0
0.0
0.0
0.0
0.0
0.0
0.0
0.0
0.0
0.0
0.75
0.0
0.0
0.0
0.0
0.25
0.0
0.0
0.25
0.5
0.0
0.0
0.0
0.0
0.0
0.0
0.0
0.0
0.0
0.0
0.0
0.0
0.25
0.0
0.0
0.0
0.0
0.0
0.0
0.75
1.5
0.5
0.0
0.0
0.0
0.0
0.0
0.5
0.0
0.25
0.0
0.0
0.0
0.0
0.0
0.0
0.25
0.0
0.0
0.0
0.0
0.0
0.0
0.75
0.0
0.0
0.0
0.0
1.0
2.75
2.25
3.0
1.0
0.0
0.0
0.0
0.0
0.0
0.0
0.0
0.0
0.0
0.25
0.0
0.0
0.0
0.0
0.0
0.75
2.0
3.5
6.0
2.5
1.5
0.0
0.0
0.0
0.0
0.0
0.0
0.0
0.0
0.0
0.0
0.0
0.0
0.0
0.5
0.0
0.0
0.0
0.0
0.75
2.25
3.0
3.5
7.5
15.75
17.0
13.75
0.25
0.0
0.0
0.0
0.0
0.75
0.5
0.0
0.0
0.0
0.0
0.0
0.0
0.0
0.5
0.25
0.0
0.0
0.0
0.25
0.0
0.0
0.0
0.0
1.0
6.0
4.75
6.0
4.5
0.75
0.25
2.75
5.0
2.0
2.25
0.0
0.25
2.25
0.75
0.0
0.0
0.0
0.0
0.25
0.0
0.25
1.75
3.5
0.75
0.0
0.0
0.0
0.75
0.75
2.75
3.0
2.75
0.0
0.5
3.75
3.5
1.25
0.25
1.5
0.75
0.0
0.0
0.0
0.75
1.0
2.75
2.25
0.75
1.0
0.25
0.0
1.0
1.25
3.75
6.5
4.25
3.75
4.5
3.25
3.0
0.75
0.0
0.0
0.0
0.0
0.25
1.0
1.25
3.0
2.0
0.0
0.0
0.0
0.0
0.5
0.0
0.0
0.25
2.0
0.25
0.0
0.0
0.0
1.5
3.75
5.5
5.25
6.75
3.5
0.0
1.75
1.75
2.75
0.75
0.0
0.25
0.0
0.25
0.0
0.5
1.5
0.75
0.75
0.25
0.0
0.0
0.0
0.0
0.0
0.0
0.25
0.25
1.25
0.75
0.0
0.0
0.0
0.0
0.25
0.0
0.0
0.0
0.0
0.0
0.0
0.0
0.25
0.0
0.0
1.0
0.75
0.0
0.0
0.0
0.75
5.25
10.5
8.25
7.5
1.75
3.25
8.5
11.0
6.0
3.75
2.0
2.75
0.0
0.25
0.25
0.0
0.0
0.0
0.0
0.0
0.0
0.0
0.25
0.0
0.0
0.0
0.0
0.0
0.0
0.0
0.0
0.0
0.0
0.0
0.0
0.0
0.0
0.75
1.5
0.0
0.0
0.0
1.0
3.0
4.75
2.5
2.75
0.5
0.0
0.0
0.0
0.0
0.0
0.0
0.0
0.0
0.0
0.25
0.0
0.25
0.0
0.0
0.0
0.0
0.75
1.25
3.25
1.0
0.0
0.0
0.75
0.0
0.0
0.0
0.0
0.0
0.0
1.0
0.0
0.0
0.0
0.0
0.0
0.0
0.0
0.0
0.0
0.0
0.0
0.0
0.0
0.0
0.0
0.0
0.0
0.0
0.0
0.0
0.0
0.0
0.0
0.0
0.0
0.0
0.0
0.0
0.75
1.5
3.0
1.25
3.0
3.25
0.0
0.0
0.0
0.0
0.0
0.0
0.0
0.0
0.0
0.0
0.0
0.0
0.0
0.0
0.0
0.0
0.0
0.0
0.0
0.0
0.0
0.0
0.0
0.0
0.0
0.0
0.0
0.0
0.0
0.0
0.0
0.0
0.0
0.0
0.0
0.0
0.0
0.0
0.0
0.0
0.0
0.0
0.0
0.0
0.0
0.0
0.0
0.0
0.0
0.0
0.0
0.0
0.0
0.0
0.0
0.0
0.0
0.0
0.0
0.0
0.0
0.0
0.0
0.0
0.0
0.0
0.0
0.25
0.0
0.0
0.0
0.0
0.0
0.0
0.0
0.0
0.0
0.0
0.0
0.0
0.0
0.0
0.0
0.0
0.0
0.0
0.0
0.0
0.0
0.0
0.25
0.0
0.0
0.0
0.0
0.0
0.0
0.0
0.0
0.0
0.0
0.0
0.0
0.25
0.0
0.0
0.0
0.0
0.0
0.0
0.0
0.5
0.25
0.0
0.0
0.0
0.0
0.0
0.0
0.0
0.0
0.0
1.5
2.0
0.0
0.0
0.0
0.0
0.0
0.0
0.0
0.0
0.0
0.0
0.0
0.0
0.0
0.0
0.25
0.0
0.0
0.25
0.0
0.0
0.5
0.0
0.0
0.0
0.75
1.25
0.0
0.0
0.0
0.0
0.25
5.0
4.0
0.25
0.0
0.0
0.0
0.0
0.0
0.0
0.0
0.0
0.0
0.0
0.0
0.0
0.25
0.25
0.0
0.0
0.5
0.5
0.0
2.0
8.0
8.75
8.5
8.25
4.0
7.75
9.5
6.5
10.75
12.5
7.75
2.5
3.0
0.0
0.0
1.0
1.75
0.0
1.0
2.0
4.5
3.5
2.75
2.0
0.75
0.0
0.0
0.0
0.5
0.0
0.0
0.0
0.0
0.0
0.0
0.0
0.0
0.25
0.0
2.0
4.25
3.0
2.0
0.25
0.0
0.0
2.0
2.5
2.5
1.5
0.25
0.75
0.0
0.0
0.0
1.25
0.5
0.0
0.25
2.5
3.5
3.0
0.0
2.75
3.75
3.25
2.0
0.0
0.0
0.0
0.0
0.0
0.25
0.5
1.0
0.0
0.0
0.0
0.0
0.0
0.0
0.0
0.0
0.0
0.0
0.0
0.0
0.5
0.0
0.0
0.0
0.0
0.0
0.0
1.25
4.0
1.25
0.0
0.0
0.0
0.0
0.25
0.25
3.25
3.25
1.0
0.75
3.75
10.25
5.25
5.25
3.75
3.5
3.75
4.75
1.0
0.25
0.0
0.0
0.0
0.25
0.0
0.0
0.0
1.25
5.0
1.5
0.25
0.25
2.5
2.0
2.25
0.25
0.0
0.5
0.25
0.0
0.0
0.0
0.0
0.0
0.0
0.0
0.0
0.0
0.5
0.0
0.0
0.0
0.0
0.0
0.0
0.0
0.0
0.0
0.0
0.0
0.75
0.0
0.0
0.0
0.0
0.0
0.0
0.0
0.25
1.5
0.5
0.0
0.0
0.0
0.75
3.25
5.25
4.75
4.0
0.0
0.0
0.0
0.75
4.5
8.0
7.0
4.0
3.5
3.75
0.0
0.0
0.25
1.25
0.0
0.0
0.0
0.0
0.0
0.0
0.0
0.0
0.0
0.0
0.0
1.0
0.0
0.0
0.0
0.0
0.0
0.0
0.5
0.25
0.0
0.0
0.0
0.0
0.0
0.25
0.25
0.25
0.0
0.0
0.0
0.0
0.0
0.0
0.0
0.0
0.0
0.0
0.0
0.0
0.0
0.0
0.0
0.25
0.0
0.0
0.0
0.25
0.0
0.0
0.0
0.0
0.0
0.0
0.0
0.0
0.0
0.0
0.0
0.0
0.0
0.0
0.0
0.0
0.0
0.0
0.0
0.0
0.0
0.0
1.5
1.5
0.0
2.25
2.5
0.75
0.0
0.0
0.0
0.0
0.0
0.0
0.0
0.0
0.0
0.0
0.0
0.0
0.0
0.0
0.0
0.0
0.0
0.25
0.0
0.5
2.0
0.5
0.25
0.0
0.0
0.0
0.0
0.0
0.0
0.0
0.0
0.0
0.5
0.0
0.0
0.0
0.0
0.0
0.0
0.0
0.0
0.0
0.0
0.0
0.0
0.0
0.0
0.0
0.25
2.25
3.75
3.25
6.0
3.75
3.25
2.25
3.75
10.5
10.5
6.0
6.75
12.5
9.75
7.25
7.5
2.25
0.0
0.0
0.0
0.0
0.0
0.0
0.0
0.0
0.0
0.0
0.0
0.0
0.0
0.0
0.0
0.0
0.0
0.0

Average_Alpha:
0.25001
0.25005
0.2500900000000001
0.2501300000000001
0.25017000000000017
0.25021000000000015
0.2502500000000003
0.25029000000000023
0.25033000000000033
0.2503700000000003
0.2504100000000004
0.2504500000000004
0.25049000000000055
0.2505300000000005
0.25057000000000057
0.2506100000000005
0.25065000000000065
0.25069000000000063
0.25073000000000073
0.2507700000000007
0.2508100000000008
0.25085000000000074
0.2508900000000009
0.2509300000000009
0.25097000000000097
0.25101000000000095
0.25105000000000105
0.25109000000000103
0.25113000000000113
0.2511700000000011
0.2512100000000012
0.2512500000000012
0.2512900000000013
0.2513300000000013
0.25137000000000137
0.25141000000000135
0.25145000000000145
0.25149000000000143
0.2515300000000016
0.2515700000000015
0.2516100000000016
0.2516500000000016
0.2516900000000017
0.2517300000000017
0.2517200000000018
0.2515600000000018
0.2513300000000019
0.2510400000000018
0.25038000000000193
0.24944000000000194
0.24852000000000202
0.247740000000002
0.2469400000000021
0.24630000000000213
0.24527000000000218
0.2442700000000022
0.24364000000000224
0.24339000000000227
0.24304000000000228
0.24244000000000232
0.2418200000000024
0.24144000000000243
0.24081000000000247
0.2400900000000025
0.23944000000000254
0.23918000000000256
0.23916000000000265
0.23914000000000266
0.23904000000000272
0.23900000000000274
0.23904000000000278
0.23908000000000282
0.23912000000000289
0.23914000000000288
0.23918000000000297
0.23922000000000299
0.239260000000003
0.2393000000000031
0.2393400000000031
0.23938000000000315
0.23942000000000319
0.23946000000000323
0.23950000000000327
0.2395400000000033
0.23958000000000335
0.23962000000000339
0.23964000000000343
0.23968000000000347
0.23972000000000349
0.23976000000000358
0.2398000000000036
0.2398400000000036
0.23988000000000365
0.23991000000000373
0.23995000000000374
0.23999000000000378
0.24003000000000385
0.24007000000000386
0.24011000000000388
0.24015000000000394
0.24019000000000398
0.24022000000000404
0.24026000000000405
0.2403000000000041
0.24034000000000416
0.2403800000000042
0.2404200000000042
0.24046000000000428
0.2405000000000043
0.24051000000000433
0.2405200000000044
0.24056000000000444
0.24060000000000445
0.2406400000000045
0.24068000000000456
0.24072000000000457
0.24076000000000464
0.24080000000000468
0.2408400000000047
0.24088000000000473
0.2409100000000048
0.24092000000000482
0.24096000000000484
0.2409900000000049
0.24101000000000494
0.24104000000000497
0.241080000000005
0.24112000000000505
0.2411600000000051
0.24120000000000516
0.24124000000000517
0.24128000000000524
0.24132000000000528
0.2413600000000053
0.24140000000000536
0.24144000000000537
0.2414800000000054
0.24152000000000545
0.24156000000000552
0.24160000000000553
0.24164000000000557
0.24168000000000564
0.24172000000000565
0.2417600000000057
0.24180000000000576
0.24184000000000577
0.2418800000000058
0.24192000000000588
0.2419600000000059
0.24200000000000593
0.242040000000006
0.242080000000006
0.24211000000000607
0.2420300000000061
0.24193000000000614
0.2417400000000062
0.24146000000000623
0.24148000000000625
0.24152000000000629
0.24156000000000635
0.2416000000000064
0.2416400000000064
0.2416800000000065
0.2417200000000065
0.24173000000000655
0.24177000000000656
0.24181000000000666
0.24185000000000667
0.2418900000000067
0.24193000000000675
0.2419600000000068
0.24200000000000682
0.24202000000000687
0.24196000000000692
0.24184000000000697
0.241700000000007
0.24170000000000705
0.24173000000000708
0.2417700000000071
0.24181000000000716
0.2418500000000072
0.24189000000000724
0.24192000000000727
0.2418300000000073
0.24175000000000732
0.24169000000000737
0.2417300000000074
0.24177000000000745
0.2418000000000075
0.24184000000000755
0.2418800000000076
0.24192000000000763
0.24196000000000764
0.2419500000000077
0.24179000000000775
0.24171000000000778
0.24175000000000785
0.24174000000000787
0.2417700000000079
0.24180000000000795
0.241830000000008
0.241790000000008
0.24179000000000808
0.24183000000000812
0.24187000000000813
0.24191000000000815
0.24193000000000822
0.24194000000000826
0.2419500000000083
0.24199000000000837
0.24201000000000839
0.24205000000000843
0.24207000000000847
0.2421100000000085
0.24215000000000855
0.2421900000000086
0.2422300000000086
0.24227000000000867
0.2423100000000087
0.24235000000000875
0.24230000000000876
0.24230000000000881
0.24230000000000887
0.2423300000000089
0.24237000000000894
0.242410000000009
0.24245000000000902
0.24243000000000905
0.2424400000000091
0.24244000000000915
0.24220000000000916
0.24199000000000923
0.24180000000000926
0.2416200000000093
0.24147000000000934
0.24125000000000937
0.24108000000000943
0.24087000000000944
0.2408200000000095
0.24085000000000956
0.2408900000000096
0.24086000000000962
0.24086000000000968
0.2407900000000097
0.24065000000000975
0.2402500000000098
0.2397400000000098
0.23950000000000987
0.2393400000000099
0.2391800000000099
0.23888000000000997
0.23846000000001003
0.23806000000001007
0.2378500000000101
0.23765000000001013
0.23750000000001018
0.23737000000001024
0.23730000000001025
0.2372900000000103
0.23728000000001034
0.2372000000000104
0.23724000000001041
0.23722000000001045
0.2369900000000105
0.23669000000001053
0.23653000000001057
0.23639000000001062
0.23625000000001065
0.23616000000001072
0.23619000000001075
0.2362300000000108
0.2362600000000108
0.23627000000001083
0.2362600000000109
0.23628000000001095
0.23632000000001097
0.236350000000011
0.23639000000001106
0.2363600000000111
0.23630000000001114
0.23633000000001117
0.2363700000000112
0.23639000000001123
0.2363300000000113
0.23626000000001132
0.23623000000001138
0.23618000000001144
0.23613000000001147
0.2359600000000115
0.23588000000001152
0.23585000000001155
0.2357500000000116
0.2357100000000117
0.2357500000000117
0.23579000000001174
0.23583000000001178
0.2358600000000118
0.23588000000001186
0.23591000000001192
0.23582000000001194
0.235690000000012
0.23553000000001204
0.23554000000001207
0.23558000000001209
0.23559000000001215
0.23552000000001216
0.23544000000001222
0.23541000000001225
0.23539000000001228
0.2354200000000123
0.23546000000001238
0.23550000000001242
0.23554000000001246
0.2355800000000125
0.23562000000001254
0.23566000000001258
0.23570000000001262
0.23574000000001266
0.2357800000000127
0.23582000000001271
0.23586000000001278
0.23590000000001282
0.23594000000001283
0.2359800000000129
0.23602000000001294
0.23605000000001297
0.236090000000013
0.23613000000001308
0.2361700000000131
0.23621000000001313
0.2362500000000132
0.2362900000000132
0.23633000000001325
0.23637000000001332
0.23640000000001332
0.23644000000001336
0.23648000000001343
0.23652000000001344
0.2365600000000135
0.23659000000001357
0.2365500000000136
0.23656000000001362
0.23660000000001366
0.23664000000001367
0.23668000000001377
0.2367100000000138
0.2367500000000138
0.23678000000001384
0.23682000000001388
0.23684000000001393
0.23688000000001397
0.236920000000014
0.23696000000001405
0.2370000000000141
0.23704000000001413
0.23706000000001415
0.23699000000001422
0.23693000000001427
0.2369000000000143
0.23688000000001433
0.2369100000000144
0.2369500000000144
0.23699000000001444
0.23703000000001448
0.23707000000001455
0.23711000000001456
0.23715000000001463
0.23719000000001467
0.23723000000001468
0.2372700000000147
0.23721000000001477
0.2369700000000148
0.23689000000001484
0.23693000000001488
0.23697000000001492
0.23701000000001496
0.23705000000001503
0.23709000000001504
0.23713000000001508
0.23717000000001515
0.23721000000001516
0.2372500000000152
0.23729000000001527
0.23733000000001528
0.23737000000001535
0.2374100000000154
0.23745000000001543
0.23747000000001542
0.23751000000001551
0.23755000000001553
0.23759000000001557
0.23763000000001563
0.23767000000001565
0.23771000000001566
0.23773000000001573
0.23777000000001575
0.2378000000000158
0.23784000000001584
0.23788000000001588
0.23789000000001592
0.237910000000016
0.237950000000016
0.23799000000001608
0.2380300000000161
0.23807000000001613
0.23811000000001617
0.2381500000000162
0.23819000000001625
0.23823000000001626
0.23827000000001636
0.23831000000001637
0.2383400000000164
0.23830000000001644
0.23832000000001652
0.2382800000000165
0.23810000000001658
0.2378100000000166
0.23757000000001666
0.23759000000001668
0.23763000000001674
0.23767000000001678
0.2377100000000168
0.23775000000001686
0.2377900000000169
0.23783000000001692
0.23787000000001696
0.23791000000001702
0.23795000000001704
0.23799000000001713
0.23803000000001714
0.23807000000001718
0.2381100000000172
0.23815000000001726
0.23819000000001728
0.23823000000001732
0.23827000000001738
0.2383100000000174
0.23835000000001744
0.2383900000000175
0.23843000000001752
0.23847000000001756
0.23851000000001762
0.23855000000001766
0.23859000000001768
0.23858000000001772
0.23860000000001777
0.23864000000001784
0.23868000000001785
0.23872000000001792
0.23875000000001795
0.238790000000018
0.238830000000018
0.23887000000001804
0.2389100000000181
0.23895000000001812
0.23899000000001816
0.23903000000001823
0.23907000000001824
0.23911000000001828
0.23915000000001832
0.23919000000001836
0.2392300000000184
0.23927000000001847
0.23931000000001848
0.23935000000001855
0.2393900000000186
0.23943000000001863
0.23947000000001864
0.23951000000001868
0.23955000000001872
0.2395900000000188
0.2396300000000188
0.23967000000001887
0.23971000000001888
0.23975000000001892
0.23978000000001895
0.23982000000001905
0.23986000000001906
0.2399000000000191
0.23994000000001914
0.23998000000001918
0.24002000000001922
0.24005000000001928
0.2400900000000193
0.24013000000001936
0.24017000000001937
0.2402100000000194
0.24025000000001945
0.2402900000000195
0.24033000000001953
0.24037000000001957
0.24041000000001958
0.24045000000001965
0.2404900000000197
0.24053000000001976
0.24057000000001977
0.24061000000001984
0.24065000000001988
0.2406900000000199
0.2407300000000199
0.24077000000002
0.24081000000002
0.24085000000002005
0.2408900000000201
0.24093000000002013
0.24097000000002014
0.24101000000002024
0.24105000000002025
0.24109000000002032
0.24113000000002036
0.2411700000000204
0.24121000000002038
0.24125000000002048
0.2412900000000205
0.24133000000002056
0.24137000000002057
0.24141000000002064
0.24145000000002065
0.2414900000000207
0.24153000000002073
0.24157000000002077
0.2416100000000208
0.24165000000002085
0.24169000000002086
0.24173000000002093
0.24177000000002097
0.24181000000002104
0.24185000000002105
0.24189000000002112
0.24193000000002116
0.24197000000002117
0.24201000000002118
0.24205000000002128
0.2420900000000213
0.24213000000002133
0.24217000000002137
0.2422100000000214
0.24224000000002144
0.24225000000002148
0.24229000000002152
0.24233000000002158
0.2423700000000216
0.2424100000000217
0.2424500000000217
0.24249000000002174
0.24253000000002178
0.24257000000002182
0.24261000000002184
0.24265000000002193
0.24269000000002194
0.24273000000002196
0.24277000000002202
0.24281000000002206
0.24285000000002208
0.24289000000002214
0.24293000000002218
0.24297000000002222
0.24301000000002226
0.2430400000000223
0.24307000000002232
0.24301000000002237
0.24297000000002242
0.24301000000002243
0.2430500000000225
0.24309000000002254
0.24311000000002256
0.2431500000000226
0.24319000000002264
0.2432300000000227
0.24327000000002272
0.24331000000002276
0.24335000000002283
0.24339000000002284
0.24343000000002288
0.24347000000002295
0.24351000000002299
0.24355000000002303
0.24359000000002307
0.2436300000000231
0.24367000000002312
0.24371000000002316
0.2437500000000232
0.24379000000002324
0.24383000000002328
0.24387000000002335
0.24391000000002339
0.2439500000000234
0.24399000000002344
0.2440300000000235
0.24407000000002352
0.24411000000002356
0.2441100000000236
0.24400000000002364
0.24390000000002368
0.24373000000002373
0.24337000000002376
0.24307000000002382
0.24264000000002386
0.2422500000000239
0.24200000000002392
0.24162000000002395
0.24147000000002403
0.24149000000002405
0.2415300000000241
0.24154000000002412
0.24157000000002415
0.24160000000002424
0.24164000000002425
0.2416800000000243
0.24172000000002433
0.2417500000000244
0.2417600000000244
0.24180000000002447
0.24184000000002448
0.24188000000002455
0.24192000000002456
0.2419600000000246
0.24200000000002464
0.24204000000002468
0.2420700000000247
0.2421100000000248
0.24215000000002482
0.24219000000002486
0.2422300000000249
0.24227000000002494
0.24230000000002497
0.24234000000002504
0.24238000000002508
0.24242000000002512
0.24246000000002513
0.2425000000000252
0.2425400000000252
0.24258000000002528
0.24262000000002526
0.24266000000002536
0.24269000000002539
0.24272000000002544
0.24270000000002545
0.24261000000002547
0.24253000000002553
0.2424300000000256
0.24243000000002562
0.24245000000002567
0.2424900000000257
0.24253000000002573
0.24257000000002577
0.24261000000002583
0.24264000000002586
0.24267000000002592
0.24270000000002592
0.24270000000002598
0.242690000000026
0.24273000000002606
0.24277000000002608
0.24280000000002616
0.24275000000002617
0.2427100000000262
0.24275000000002625
0.2427900000000263
0.2428300000000263
0.24287000000002637
0.2429100000000264
0.24295000000002645
0.2429900000000265
0.24300000000002653
0.24295000000002656
0.24291000000002663
0.24289000000002664
0.2428800000000267
0.24279000000002673
0.24271000000002677
0.24271000000002682
0.24272000000002686
0.2427500000000269
0.24279000000002693
0.242830000000027
0.242870000000027
0.24291000000002705
0.24295000000002706
0.24291000000002713
0.24284000000002717
0.2427900000000272
0.24281000000002723
0.24284000000002728
0.24286000000002733
0.24287000000002734
0.2427500000000274
0.24251000000002745
0.24238000000002752
0.2420600000000275
0.24158000000002758
0.2412800000000276
0.24114000000002764
0.24096000000002768
0.24058000000002772
0.24010000000002776
0.2394200000000278
0.23847000000002785
0.2377000000000279
0.23708000000002794
0.23682000000002795
0.23686000000002802
0.23690000000002806
0.23694000000002807
0.2369800000000281
0.23702000000002818
0.2370600000000282
0.23710000000002823
0.2371400000000283
0.2371800000000283
0.23722000000002835
0.23726000000002842
0.23728000000002844
0.23731000000002847
0.23730000000002852
0.23734000000002856
0.2373800000000286
0.23742000000002866
0.23746000000002868
0.23750000000002874
0.23752000000002874
0.2374600000000288
0.23729000000002884
0.2370600000000289
0.23676000000002892
0.23670000000002894
0.236710000000029
0.23674000000002907
0.2367700000000291
0.2368100000000291
0.23685000000002915
0.23689000000002922
0.23689000000002927
0.2367800000000293
0.23677000000002932
0.23681000000002936
0.2368500000000294
0.23689000000002944
0.23693000000002948
0.23697000000002952
0.23699000000002957
0.23699000000002962
0.23703000000002963
0.2370700000000297
0.2371100000000297
0.23715000000002975
0.2371900000000298
0.2372100000000298
0.2372500000000299
0.23729000000002992
0.23732000000002995
0.23736000000003
0.23740000000003006
0.23744000000003007
0.2374800000000301
0.23752000000003018
0.2375600000000302
0.23759000000003025
0.23761000000003027
0.23756000000003033
0.23757000000003037
0.2376100000000304
0.23765000000003045
0.23769000000003046
0.23773000000003053
0.23772000000003055
0.2374500000000306
0.23720000000003064
0.23709000000003067
0.23704000000003073
0.23708000000003077
0.2370700000000308
0.23710000000003084
0.23714000000003088
0.23718000000003092
0.23722000000003096
0.23726000000003103
0.23730000000003104
0.23734000000003108
0.23738000000003115
0.23742000000003116
0.2374500000000312
0.23741000000003123
0.23742000000003127
0.2374600000000313
0.23750000000003138
0.2375400000000314
0.23758000000003146
0.23761000000003146
0.23765000000003153
0.23769000000003154
0.23772000000003163
0.23776000000003164
0.23780000000003168
0.23783000000003174
0.23787000000003178
0.23789000000003183
0.23793000000003184
0.23795000000003189
0.23799000000003193
0.23801000000003195
0.23805000000003199
0.23807000000003203
0.23802000000003207
0.2380600000000321
0.23808000000003215
0.2381200000000322
0.23816000000003226
0.23820000000003227
0.23824000000003231
0.23823000000003236
0.23814000000003238
0.23808000000003243
0.23810000000003248
0.23806000000003255
0.23809000000003258
0.2381200000000326
0.23814000000003263
0.2381800000000327
0.2382200000000327
0.23826000000003275
0.23830000000003282
0.23834000000003286
0.2383800000000329
0.2384000000000329
0.23839000000003296
0.238420000000033
0.23846000000003306
0.23850000000003307
0.23854000000003311
0.23857000000003317
0.2386100000000332
0.23865000000003322
0.2386900000000333
0.23872000000003335
0.23876000000003336
0.23880000000003337
0.23884000000003341
0.23888000000003348
0.23892000000003352
0.23895000000003355
0.23895000000003358
0.23890000000003364
0.23885000000003367
0.2387500000000337
0.23876000000003375
0.23880000000003382
0.23884000000003386
0.23888000000003387
0.23892000000003394
0.23896000000003398
0.23897000000003402
0.238910000000034
0.23891000000003407
0.23895000000003414
0.23899000000003418
0.2390300000000342
0.2390700000000342
0.2391100000000343
0.2391500000000343
0.23917000000003436
0.23919000000003438
0.23919000000003446
0.23921000000003448
0.2392500000000345
0.23929000000003456
0.2393300000000346
0.23937000000003464
0.23939000000003466
0.23943000000003473
0.23947000000003477
0.2394800000000348
0.23952000000003482
0.23956000000003488
0.23960000000003492
0.23964000000003494
0.239680000000035
0.23972000000003504
0.23976000000003506
0.23980000000003515
0.23984000000003516
0.23988000000003518
0.23992000000003524
0.23996000000003528
0.2400000000000353
0.24003000000003533
0.24005000000003537
0.23995000000003547
0.23994000000003546
0.23998000000003553
0.24002000000003557
0.24006000000003558
0.24010000000003565
0.24014000000003569
0.2401800000000357
0.2402200000000358
0.2402600000000358
0.24030000000003582
0.24030000000003587
0.2403400000000359
0.24038000000003595
0.240360000000036
0.24040000000003606
0.2404400000000361
0.2404800000000361
0.24052000000003615
0.24056000000003622
0.24060000000003623
0.24064000000003627
0.24067000000003633
0.24069000000003637
0.2407300000000364
0.24077000000003643
0.2408100000000365
0.2408500000000365
0.24089000000003657
0.2409300000000366
0.24097000000003663
0.2410100000000367
0.24105000000003673
0.24109000000003675
0.24112000000003678
0.24116000000003687
0.24120000000003688
0.24124000000003692
0.24128000000003696
0.241320000000037
0.24136000000003704
0.24140000000003706
0.24144000000003712
0.24147000000003715
0.24151000000003722
0.24155000000003723
0.24159000000003727
0.24163000000003734
0.24167000000003735
0.2417100000000374
0.24175000000003743
0.24179000000003747
0.2418300000000375
0.24187000000003758
0.2419100000000376
0.24195000000003763
0.2419900000000377
0.24203000000003771
0.24207000000003775
0.2421100000000378
0.24215000000003783
0.24219000000003785
0.24223000000003794
0.24227000000003795
0.24231000000003797
0.24235000000003806
0.24239000000003808
0.2424300000000381
0.24247000000003818
0.2425100000000382
0.24255000000003824
0.24259000000003828
0.24263000000003832
0.24267000000003836
0.2427100000000384
0.24275000000003844
0.2427900000000385
0.24283000000003852
0.24287000000003856
0.24291000000003862
0.24295000000003864
0.24299000000003868
0.24303000000003872
0.24307000000003876
0.24311000000003877
0.24315000000003886
0.24319000000003888
0.24323000000003892
0.24327000000003898
0.243310000000039
0.24335000000003904
0.24339000000003908
0.24343000000003912
0.24347000000003913
0.24351000000003922
0.24355000000003924
0.24359000000003925
0.24363000000003934
0.24366000000003937
0.24370000000003939
0.24374000000003943
0.24378000000003947
0.2438200000000395
0.24386000000003957
0.24390000000003959
0.24394000000003963
0.2439800000000397
0.2440200000000397
0.24406000000003977
0.24410000000003979
0.24414000000003983
0.2441800000000399
0.2442200000000399
0.24426000000003995
0.24430000000003999
0.24434000000004005
0.24438000000004007
0.2444200000000401
0.24446000000004017
0.24450000000004019
0.24454000000004023
0.2445800000000403
0.2446200000000403
0.24466000000004035
0.2447000000000404
0.24472000000004043
0.24476000000004047
0.24480000000004054
0.24484000000004053
0.2448800000000406
0.24492000000004063
0.24496000000004067
0.24500000000004074
0.24504000000004075
0.2450800000000408
0.2451200000000408
0.24516000000004087
0.2452000000000409
0.24524000000004093
0.24528000000004102
0.24532000000004103
0.24536000000004107
0.2454000000000411
0.24544000000004115
0.24548000000004117
0.24552000000004126
0.24556000000004127
0.2456000000000413
0.24564000000004138
0.2456800000000414
0.24572000000004143
0.24576000000004145
0.2458000000000415
0.24584000000004155
0.2458800000000416
0.24592000000004166
0.24596000000004167
0.2460000000000417
0.24604000000004175
0.2460800000000418
0.2461200000000418
0.24616000000004187
0.2462000000000419
0.24624000000004195
0.24628000000004202
0.24632000000004203
0.24636000000004207
0.24635000000004212
0.24632000000004214
0.24626000000004217
0.24618000000004225
0.24612000000004228
0.2459900000000423
0.24587000000004236
0.2458800000000424
0.24592000000004244
0.24596000000004248
0.24600000000004252
0.24604000000004253
0.24608000000004263
0.24612000000004264
0.24616000000004265
0.2462000000000427
0.24624000000004276
0.24628000000004277
0.24632000000004287
0.24636000000004288
0.2464000000000429
0.24644000000004296
0.246480000000043
0.246520000000043
0.24656000000004308
0.24660000000004312
0.24664000000004319
0.24668000000004317
0.24672000000004324
0.24676000000004325
0.24680000000004332
0.24681000000004333
0.24677000000004337
0.24666000000004346
0.24651000000004347
0.24643000000004353
0.24643000000004356
0.2464600000000436
0.24649000000004367
0.24651000000004364
0.24655000000004373
0.24659000000004375
0.24663000000004381
0.24667000000004385
0.24671000000004387
0.2467500000000439
0.246760000000044
0.246800000000044
0.24684000000004402
0.24688000000004406
0.24692000000004413
0.24696000000004414
0.2469800000000442
0.24702000000004423
0.24706000000004427
0.2471000000000443
0.24714000000004438
0.2471800000000444
0.24721000000004442
0.2472500000000445
0.24729000000004453
0.24732000000004456
0.2473600000000446
0.24740000000004467
0.24741000000004468
0.2474100000000447
0.24745000000004475
0.2474900000000448
0.24753000000004483
0.24757000000004487
0.24761000000004493
0.24765000000004495
0.24769000000004499
0.24773000000004503
0.2477700000000451
0.2478100000000451
0.24784000000004514
0.24788000000004518
0.24792000000004527
0.24796000000004528
0.24800000000004532
0.24804000000004534
0.2480800000000454
0.24812000000004542
0.24816000000004548
0.2482000000000455
0.24824000000004554
0.24826000000004558
0.24828000000004563
0.24832000000004567
0.2483600000000457
0.24839000000004574
0.24843000000004578
0.24844000000004585
0.2484800000000459
0.2485200000000459
0.24856000000004594
0.24860000000004598
0.24864000000004602
0.2486800000000461
0.24872000000004613
0.24876000000004614
0.24879000000004617
0.24868000000004623
0.24853000000004627
0.2483700000000463
0.24840000000004636
0.24844000000004637
0.24848000000004644
0.24849000000004648
0.24848000000004652
0.24850000000004654
0.24848000000004658
0.24849000000004662
0.24850000000004666
0.24854000000004672
0.24858000000004676
0.24862000000004678
0.24866000000004684
0.24870000000004688
0.2487400000000469
0.24871000000004692
0.248650000000047
0.24865000000004706
0.24867000000004708
0.24869000000004712
0.24873000000004716
0.2487700000000472
0.24881000000004724
0.24885000000004726
0.2488800000000473
0.24886000000004735
0.2489000000000474
0.2489400000000474
0.24898000000004744
0.2490200000000475
0.24906000000004752
0.2491000000000476
0.24914000000004766
0.24918000000004767
0.2492200000000477
0.24926000000004775
0.2493000000000478
0.24932000000004784
0.24928000000004788
0.24921000000004792
0.24887000000004794
0.24838000000004798
0.24782000000004803
0.24717000000004807
0.2463100000000481
0.24537000000004816
0.24455000000004817
0.24424000000004825
0.2442200000000483
0.24425000000004832
0.24429000000004833
0.24433000000004843
0.24437000000004844
0.24441000000004848
0.2444300000000485
0.24446000000004856
0.2445000000000486
0.24454000000004864
0.24458000000004865
0.24462000000004872
0.24466000000004873
0.24470000000004882
0.24474000000004884
0.24478000000004888
0.24482000000004892
0.24486000000004896
0.24490000000004897
0.24493000000004903
0.24497000000004907
0.2450100000000491
0.24504000000004914
0.2450800000000492
0.24512000000004924
0.24515000000004927
0.24514000000004932
0.24514000000004932
0.2450300000000494
0.24492000000004943
0.24471000000004947
0.2444000000000495
0.24400000000004957
0.24375000000004957
0.2433400000000496
0.24279000000004963
0.2422500000000497
0.24169000000004973
0.2409300000000498
0.23998000000004982
0.23915000000004985
0.2384500000000499
0.23800000000004998
0.23770000000005
0.23759000000005007
0.23753000000005006
0.2373900000000501
0.23732000000005013
0.23731000000005018
0.23735000000005022
0.23738000000005027
0.2373500000000503
0.23739000000005034
0.23743000000005038
0.2374600000000504
0.23750000000005048
0.2375400000000505
0.23758000000005053
0.2376200000000506
0.2376600000000506
0.2377000000000507
0.23774000000005072
0.23778000000005073
0.23782000000005074
0.2378300000000508
0.23784000000005084
0.2378100000000509
0.23782000000005094
0.237860000000051
0.23790000000005102
0.23794000000005108
0.23798000000005112
0.23793000000005116
0.2378000000000512
0.23773000000005123
0.23767000000005126
0.23767000000005128
0.23771000000005135
0.2376000000000514
0.23728000000005142
0.23705000000005144
0.2369000000000515
0.23687000000005154
0.23686000000005156
0.23684000000005165
0.23684000000005165
0.23688000000005172
0.23692000000005176
0.2369600000000518
0.23700000000005184
0.23704000000005185
0.2370300000000519
0.23700000000005195
0.237040000000052
0.23708000000005205
0.23712000000005207
0.23716000000005213
0.23720000000005215
0.2372400000000522
0.2372800000000522
0.23731000000005226
0.23717000000005228
0.23701000000005235
0.2367200000000524
0.2364300000000524
0.23643000000005243
0.2364700000000525
0.23650000000005253
0.2365400000000526
0.2365800000000526
0.23662000000005268
0.2366500000000527
0.23665000000005273
0.23669000000005277
0.23673000000005281
0.23677000000005285
0.23674000000005294
0.23671000000005296
0.23675000000005297
0.23677000000005302
0.23679000000005307
0.2368300000000531
0.23687000000005315
0.23691000000005316
0.23695000000005323
0.23699000000005327
0.23703000000005328
0.23707000000005335
0.23708000000005336
0.23712000000005343
0.23716000000005347
0.2372000000000535
0.23724000000005355
0.2372800000000536
0.23732000000005363
0.23736000000005364
0.2374000000000537
0.23743000000005374
0.23744000000005377
0.23748000000005381
0.2375000000000539
0.23752000000005388
0.23756000000005395
0.23759000000005398
0.23763000000005402
0.23767000000005403
0.2377100000000541
0.23774000000005413
0.2377800000000542
0.2378200000000542
0.23786000000005428
0.2378900000000543
0.23793000000005435
0.2378900000000544
0.23785000000005443
0.23774000000005446
0.2373100000000545
0.23683000000005455
0.2365900000000546
0.23636000000005464
0.23605000000005463
0.2357500000000547
0.23533000000005475
0.23511000000005478
0.23490000000005481
0.23489000000005483
0.2349200000000549
0.23496000000005496
0.23500000000005497
0.235040000000055
0.23508000000005508
0.2351200000000551
0.23516000000005513
0.23510000000005515
0.23511000000005522
0.23511000000005527
0.2351500000000553
0.23519000000005533
0.23521000000005537
0.23520000000005542
0.23520000000005548
0.23513000000005552
0.23489000000005555
0.2345700000000556
0.2345300000000556
0.23457000000005565
0.2346100000000557
0.23465000000005573
0.2346900000000558
0.2347300000000558
0.23477000000005585
0.2347600000000559
0.23471000000005593
0.23461000000005597
0.234550000000056
0.23421000000005607
0.2340000000000561
0.23380000000005613
0.23373000000005617
0.2336000000000562
0.23314000000005627
0.2328700000000563
0.23285000000005635
0.23289000000005639
0.2329300000000564
0.23297000000005647
0.2330100000000565
0.23305000000005655
0.23309000000005659
0.23313000000005663
0.23317000000005667
0.23321000000005668
0.23325000000005672
0.23327000000005677
0.23331000000005683
0.23335000000005687
0.23339000000005689
0.23343000000005695
0.233470000000057
0.233510000000057
0.23355000000005705
0.2335900000000571
0.23363000000005713
0.23366000000005718
0.23370000000005722
0.23374000000005726
0.2337800000000573
0.23382000000005734
0.23386000000005736
0.23390000000005742
0.23394000000005746
0.23398000000005748
0.23402000000005754
0.23406000000005758
0.2340900000000576
0.23411000000005766
0.23415000000005767
0.23419000000005774
0.23423000000005778
0.2342700000000578
0.23431000000005786
0.2343500000000579
0.23439000000005794
0.234410000000058
0.23445000000005803
0.23449000000005804
0.2345300000000581
0.23456000000005817
0.23452000000005818
0.23446000000005823
0.23432000000005826
0.2340300000000583
0.23368000000005834
0.23339000000005836
0.23334000000005842
0.23338000000005846
0.2334200000000585
0.23346000000005854
0.23350000000005858
0.23354000000005862
0.23358000000005866
0.23362000000005873
0.23366000000005874
0.23370000000005878
0.23374000000005882
0.23378000000005886
0.23382000000005887
0.23386000000005894
0.23390000000005898
0.233940000000059
0.23398000000005909
0.2340200000000591
0.23406000000005914
0.2341000000000592
0.23414000000005922
0.23418000000005926
0.23422000000005933
0.23426000000005934
0.23430000000005938
0.23434000000005945
0.23438000000005946
0.2344200000000595
0.2344600000000595
0.23450000000005958
0.2345400000000596
0.23458000000005966
0.2346200000000597
0.23466000000005974
0.23470000000005978
0.23474000000005982
0.23478000000005986
0.2348200000000599
0.23486000000005994
0.23490000000006
0.23494000000006002
0.23498000000006006
0.2350200000000601
0.23506000000006014
0.23510000000006015
0.23514000000006022
0.23518000000006026
0.23522000000006027
0.23526000000006037
0.23530000000006038
0.23534000000006042
0.23538000000006049
0.2354200000000605
0.23546000000006054
0.2355000000000606
0.23554000000006062
0.23558000000006066
0.23562000000006073
0.23566000000006074
0.23570000000006078
0.2357400000000608
0.23578000000006086
0.23582000000006087
0.23586000000006094
0.23590000000006098
0.23594000000006102
0.23598000000006106
0.2360200000000611
0.23606000000006114
0.2360900000000612
0.2360700000000612
0.23605000000006127
0.2360900000000613
0.23613000000006132
0.23617000000006136
0.23621000000006143
0.23625000000006144
0.2362900000000615
0.23631000000006155
0.2363500000000616
0.2363900000000616
0.23643000000006167
0.23647000000006171
0.23651000000006173
0.23654000000006176
0.23658000000006182
0.23662000000006184
0.2366600000000619
0.23669000000006193
0.23671000000006198
0.23675000000006202
0.23679000000006206
0.23683000000006207
0.23687000000006214
0.23691000000006215
0.23695000000006222
0.23699000000006226
0.2370300000000623
0.23707000000006234
0.23711000000006238
0.23715000000006242
0.23719000000006246
0.2372300000000625
0.23722000000006255
0.23697000000006255
0.2367400000000626
0.23673000000006267
0.23677000000006268
0.23681000000006275
0.2368500000000628
0.2368900000000628
0.23693000000006284
0.2369700000000629
0.23701000000006292
0.237050000000063
0.23709000000006303
0.23713000000006307
0.23717000000006308
0.23721000000006312
0.23725000000006316
0.23729000000006323
0.23733000000006324
0.23737000000006328
0.23741000000006335
0.23745000000006336
0.23749000000006343
0.23753000000006347
0.23757000000006348
0.23758000000006355
0.23762000000006356
0.23766000000006363
0.23770000000006367
0.2377400000000637
0.23777000000006374
0.23781000000006378
0.2378500000000638
0.23788000000006385
0.23790000000006387
0.23794000000006393
0.23798000000006397
0.238020000000064
0.23806000000006405
0.2381000000000641
0.23814000000006416
0.23818000000006417
0.2382200000000642
0.23826000000006425
0.2383000000000643
0.23834000000006433
0.23838000000006437
0.23841000000006443
0.23845000000006444
0.2384900000000645
0.23853000000006455
0.23857000000006456
0.2386100000000646
0.23865000000006467
0.2386600000000647
0.23864000000006477
0.23866000000006476
0.2387000000000648
0.23874000000006484
0.23878000000006488
0.2388200000000649
0.238860000000065
0.238880000000065
0.23892000000006505
0.23895000000006508
0.23899000000006512
0.23903000000006516
0.2390700000000652
0.23911000000006524
0.23915000000006528
0.23919000000006532
0.23922000000006538
0.2392600000000654
0.23930000000006543
0.23934000000006553
0.23938000000006554
0.23942000000006558
0.23946000000006562
0.23947000000006566
0.2395100000000657
0.2395500000000657
0.23959000000006578
0.23963000000006582
0.23963000000006585
0.2395600000000659
0.23951000000006592
0.23943000000006598
0.239430000000066
0.23947000000006605
0.2395100000000661
0.23955000000006613
0.23959000000006617
0.2396300000000662
0.23967000000006625
0.23971000000006631
0.23975000000006633
0.23979000000006637
0.23982000000006642
0.23986000000006644
0.23990000000006648
0.23994000000006654
0.23998000000006658
0.2400200000000666
0.24003000000006666
0.23999000000006668
0.23989000000006672
0.2396900000000668
0.23963000000006685
0.23961000000006685
0.2396500000000669
0.23969000000006693
0.23973000000006697
0.239770000000067
0.23981000000006708
0.2398500000000671
0.23989000000006716
0.2399300000000672
0.2399700000000672
0.24001000000006723
0.24005000000006732
0.24009000000006733
0.24013000000006737
0.24015000000006742
0.24019000000006746
0.2402300000000675
0.24027000000006754
0.24031000000006755
0.24032000000006765
0.24027000000006765
0.2401900000000677
0.24009000000006772
0.23983000000006777
0.23924000000006782
0.23860000000006784
0.23809000000006791
0.23812000000006794
0.23816000000006798
0.23820000000006802
0.23824000000006806
0.23828000000006808
0.23829000000006814
0.2383100000000682
0.23835000000006823
0.23839000000006824
0.23843000000006828
0.23847000000006835
0.23851000000006836
0.2385500000000684
0.23859000000006847
0.23861000000006852
0.23864000000006855
0.2386800000000686
0.2387200000000686
0.23876000000006867
0.2387900000000687
0.23883000000006874
0.23887000000006875
0.23891000000006882
0.23895000000006886
0.2389500000000689
0.23875000000006896
0.23860000000006898
0.238400000000069
0.23826000000006906
0.2382700000000691
0.23830000000006912
0.2382300000000692
0.2380700000000692
0.23803000000006927
0.2379800000000693
0.23802000000006934
0.23805000000006937
0.2380000000000694
0.23801000000006944
0.23805000000006948
0.23809000000006952
0.23813000000006956
0.23817000000006963
0.23820000000006966
0.2382400000000697
0.23827000000006973
0.23824000000006976
0.2381400000000698
0.23815000000006983
0.23819000000006987
0.23823000000006994
0.23827000000006995
0.23828000000007
0.23829000000007006
0.2382200000000701
0.23814000000007013
0.23807000000007017
0.2381100000000702
0.23813000000007026
0.2380200000000703
0.23792000000007033
0.23791000000007037
0.2379400000000704
0.23792000000007044
0.2379300000000705
0.23797000000007051
0.23801000000007055
0.23805000000007062
0.23806000000007066
0.23806000000007072
0.23799000000007073
0.23794000000007076
0.23795000000007083
0.23795000000007088
0.2379800000000709
0.23802000000007092
0.23802000000007098
0.238010000000071
0.23790000000007105
0.23768000000007106
0.23755000000007112
0.23744000000007118
0.23730000000007123
0.23721000000007125
0.23713000000007128
0.23714000000007132
0.23718000000007136
0.2372200000000714
0.23726000000007144
0.23730000000007145
0.2373300000000715
0.23733000000007154
0.2373200000000716
0.23724000000007164
0.23720000000007166
0.23724000000007175
0.23728000000007177
0.2373200000000718
0.23736000000007187
0.2373800000000719
0.23742000000007193
0.23746000000007197
0.23749000000007203
0.23745000000007205
0.2374800000000721
0.23752000000007212
0.23756000000007216
0.23760000000007223
0.23758000000007223
0.2374700000000723
0.23729000000007233
0.23712000000007236
0.2368900000000724
0.23679000000007244
0.23683000000007245
0.23680000000007254
0.23677000000007256
0.2367000000000726
0.2367100000000726
0.2367500000000727
0.23678000000007274
0.23682000000007278
0.23685000000007278
0.23689000000007285
0.2369100000000729
0.23689000000007293
0.23690000000007297
0.236910000000073
0.23694000000007304
0.23698000000007313
0.23702000000007312
0.23706000000007318
0.23710000000007317
0.23714000000007326
0.23718000000007328
0.23721000000007333
0.23724000000007336
0.23723000000007344
0.23724000000007345
0.2372800000000735
0.23732000000007356
0.23736000000007357
0.23740000000007358
0.23743000000007364
0.2374700000000737
0.23751000000007372
0.23755000000007376
0.23759000000007383
0.23763000000007384
0.2376700000000739
0.23771000000007395
0.237740000000074
0.237780000000074
0.23782000000007406
0.23782000000007406
0.23783000000007415
0.23787000000007416
0.2379100000000742
0.2379500000000742
0.2379600000000743
0.2377900000000743
0.23741000000007437
0.2371200000000744
0.23686000000007446
0.23683000000007448
0.23674000000007453
0.23644000000007456
0.2360400000000746
0.23584000000007463
0.23573000000007469
0.23569000000007476
0.23562000000007474
0.2356600000000748
0.23569000000007487
0.2357200000000749
0.23576000000007494
0.23580000000007498
0.23584000000007502
0.23588000000007506
0.23592000000007507
0.23596000000007514
0.23600000000007515
0.2360300000000752
0.23607000000007525
0.2361100000000753
0.23615000000007533
0.23619000000007537
0.23623000000007538
0.23627000000007545
0.2363100000000755
0.2363500000000755
0.2363900000000756
0.2364300000000756
0.23647000000007562
0.23651000000007572
0.23655000000007573
0.23659000000007577
0.2366000000000758
0.23658000000007587
0.23662000000007588
0.23666000000007595
0.23670000000007596
0.236700000000076
0.23662000000007605
0.2364700000000761
0.23641000000007611
0.23634000000007616
0.23636000000007618
0.23640000000007624
0.23644000000007628
0.23648000000007632
0.2365200000000764
0.2365600000000764
0.23660000000007644
0.23664000000007646
0.23668000000007652
0.23672000000007654
0.23675000000007662
0.23679000000007663
0.23682000000007666
0.2368600000000767
0.23690000000007677
0.23694000000007678
0.23698000000007685
0.2369900000000769
0.23698000000007693
0.23689000000007696
0.236890000000077
0.23693000000007702
0.2369700000000771
0.23698000000007713
0.23702000000007717
0.2370600000000772
0.23710000000007725
0.23714000000007726
0.2371800000000773
0.2372200000000774
0.2372200000000774
0.2372600000000774
0.23730000000007748
0.23734000000007752
0.23738000000007758
0.2374200000000776
0.23746000000007766
0.23750000000007768
0.23754000000007772
0.23758000000007776
0.23762000000007782
0.23766000000007784
0.2377000000000779
0.23774000000007794
0.23778000000007796
0.23782000000007797
0.23786000000007806
0.23790000000007808
0.2379400000000781
0.23798000000007816
0.23802000000007822
0.23806000000007824
0.2381000000000783
0.23814000000007832
0.23818000000007838
0.2382200000000784
0.23826000000007844
0.23830000000007845
0.23834000000007854
0.23835000000007858
0.2383300000000786
0.23825000000007862
0.23824000000007867
0.23816000000007873
0.23807000000007877
0.2381100000000788
0.23815000000007888
0.23819000000007887
0.2382300000000789
0.23827000000007895
0.23831000000007901
0.23835000000007903
0.2383900000000791
0.23843000000007913
0.23847000000007915
0.23851000000007921
0.23855000000007925
0.23859000000007927
0.23863000000007933
0.23867000000007937
0.23871000000007941
0.23875000000007943
0.2387900000000795
0.2388300000000795
0.23887000000007957
0.23891000000007961
0.23895000000007963
0.2389900000000797
0.23903000000007973
0.23907000000007977
0.23911000000007981
0.23915000000007985
0.2391900000000799
0.23923000000007993
0.23927000000007997
0.23931000000008
0.23935000000008005
0.23939000000008007
0.23943000000008016
0.23947000000008015
0.2395100000000802
0.23955000000008023
0.2395900000000803
0.2396300000000803
0.23967000000008037
0.23971000000008041
0.23975000000008043
0.2397900000000805
0.23983000000008053
0.23987000000008055
0.23991000000008061
0.23995000000008065
0.2399900000000807
0.2400300000000807
0.24007000000008077
0.2401100000000808
0.24015000000008085
0.2401900000000809
0.2402300000000809
0.24027000000008097
0.24031000000008101
0.24035000000008105
0.2403900000000811
0.24043000000008113
0.24047000000008117
0.24051000000008121
0.24055000000008125
0.24059000000008127
0.24063000000008133
0.24067000000008135
0.24071000000008144
0.24075000000008143
0.24078000000008148
0.2408200000000815
0.2408600000000816
0.2409000000000816
0.24094000000008164
0.24098000000008168
0.24102000000008172
0.24106000000008174
0.24110000000008183
0.24114000000008184
0.24118000000008186
0.24122000000008195
0.24126000000008196
0.241300000000082
0.24134000000008204
0.24138000000008208
0.24142000000008215
0.24146000000008216
0.2415000000000822
0.24154000000008222
0.24158000000008228
0.24162000000008232
0.2416600000000824
0.24169000000008242
0.24173000000008243
0.24177000000008247
0.24181000000008251
0.24185000000008255
0.24189000000008257
0.24193000000008266
0.24197000000008267
0.24201000000008271
0.24205000000008278
0.2420900000000828
0.24213000000008283
0.24217000000008287
0.24220000000008293
0.24224000000008294
0.242280000000083
0.24232000000008305
0.2423600000000831
0.2424000000000831
0.24244000000008317
0.24248000000008318
0.2425000000000833
0.24253000000008332
0.24257000000008333
0.24261000000008334
0.24265000000008338
0.24269000000008345
0.24273000000008346
0.2427700000000835
0.24281000000008357
0.24285000000008358
0.24289000000008365
0.24287000000008369
0.2428300000000837
0.24287000000008374
0.2429100000000838
0.24295000000008382
0.2429900000000839
0.24303000000008393
0.24307000000008394
0.243110000000084
0.24315000000008405
0.24319000000008406
0.24323000000008416
0.24327000000008417
0.2433100000000842
0.24335000000008425
0.2433900000000843
0.24342000000008432
0.24346000000008433
0.24350000000008437
0.24353000000008443
0.2435700000000845
0.24361000000008454
0.24363000000008456
0.2436700000000846
0.2437100000000846
0.2437500000000847
0.24376000000008471
0.24375000000008476
0.24379000000008477
0.24383000000008484
0.24387000000008488
0.24391000000008492
0.24394000000008498
0.243780000000085
0.24366000000008506
0.2436900000000851
0.2437300000000851
0.24377000000008517
0.2438100000000852
0.24385000000008522
0.2438900000000853
0.24393000000008533
0.24397000000008534
0.24401000000008544
0.24405000000008545
0.24409000000008546
0.24413000000008553
0.24417000000008557
0.2442000000000856
0.24423000000008566
0.2442700000000857
0.2443100000000857
0.24433000000008576
0.2443500000000858
0.24439000000008584
0.2443500000000859
0.24407000000008594
0.24376000000008594
0.24346000000008602
0.243170000000086
0.24305000000008609
0.24278000000008612
0.24244000000008617
0.2422200000000862
0.24183000000008623
0.2413700000000863
0.2411000000000863
0.24104000000008635
0.24096000000008638
0.24100000000008645
0.2410400000000865
0.24104000000008655
0.24101000000008657
0.2410500000000866
0.24105000000008664
0.24101000000008668
0.24087000000008674
0.24077000000008675
0.2407000000000868
0.24066000000008683
0.24067000000008687
0.2407100000000869
0.24075000000008698
0.240790000000087
0.24081000000008704
0.24085000000008708
0.24089000000008712
0.24093000000008716
0.2409700000000872
0.24101000000008724
0.24105000000008728
0.24109000000008735
0.24113000000008736
0.2411600000000874
0.24120000000008746
0.24116000000008747
0.2410300000000875
0.24095000000008757
0.24091000000008758
0.24094000000008764
0.24098000000008768
0.24102000000008775
0.24098000000008776
0.24092000000008781
0.24086000000008784
0.24084000000008787
0.2408700000000879
0.24088000000008797
0.24092000000008798
0.24096000000008802
0.24100000000008806
0.2409900000000881
0.24101000000008815
0.2410500000000882
0.24108000000008822
0.24102000000008827
0.2409200000000883
0.24084000000008837
0.24088000000008838
0.24081000000008845
0.24070000000008848
0.24061000000008853
0.24057000000008855
0.2406100000000886
0.24065000000008865
0.24069000000008867
0.24073000000008873
0.24077000000008877
0.2408000000000888
0.24082000000008885
0.2408200000000889
0.24086000000008892
0.24090000000008896
0.24094000000008903
0.24098000000008904
0.24102000000008908
0.24106000000008912
0.2411000000000892
0.24114000000008917
0.24118000000008924
0.24122000000008928
0.24126000000008932
0.24130000000008933
0.2413200000000894
0.24136000000008942
0.24140000000008952
0.24144000000008953
0.24148000000008957
0.2415200000000896
0.24156000000008965
0.24155000000008967
0.24143000000008974
0.24142000000008978
0.2414600000000898
0.2415000000000898
0.24154000000008988
0.24158000000008995
0.24161000000008998
0.24164000000009
0.24155000000009005
0.24146000000009007
0.24146000000009013
0.24147000000009014
0.2413600000000902
0.24099000000009022
0.24082000000009027
0.2406500000000903
0.24054000000009035
0.24044000000009041
0.24033000000009042
0.24018000000009046
0.2401800000000905
0.24021000000009052
0.2402500000000906
0.24029000000009063
0.24033000000009067
0.24036000000009072
0.24040000000009076
0.2404400000000908
0.24048000000009082
0.24047000000009086
0.24031000000009092
0.24029000000009096
0.240320000000091
0.24035000000009105
0.2402900000000911
0.2402500000000911
0.24020000000009117
0.2402300000000912
0.24027000000009124
0.2402900000000913
0.24032000000009135
0.24036000000009136
0.2404000000000914
0.24044000000009147
0.24048000000009148
0.24052000000009152
0.24056000000009156
0.2406000000000916
0.24064000000009164
0.24068000000009168
0.2407000000000917
0.24074000000009174
0.2407800000000918
0.24082000000009182
0.24086000000009186
0.2409000000000919
0.24094000000009197
0.24098000000009198
0.24102000000009205
0.2410600000000921
0.2411000000000921
0.24114000000009217
0.24115000000009218
0.24119000000009222
0.2412300000000923
0.24127000000009233
0.24131000000009234
0.24135000000009238
0.24139000000009245
0.24143000000009246
0.24146000000009252
0.24144000000009253
0.24146000000009257
0.2415000000000926
0.24154000000009268
0.2415800000000927
0.24159000000009273
0.24150000000009278
0.24133000000009283
0.24118000000009288
0.24106000000009292
0.24110000000009296
0.24114000000009297
0.24118000000009307
0.24119000000009308
0.24105000000009313
0.24077000000009316
0.2405300000000932
0.24041000000009324
0.24031000000009328
0.24020000000009328
0.24024000000009335
0.2402800000000934
0.24031000000009345
0.24030000000009347
0.24034000000009353
0.24038000000009355
0.2404200000000936
0.24046000000009365
0.24050000000009367
0.2405400000000937
0.24058000000009375
0.2406200000000938
0.24066000000009383
0.2407000000000939
0.2407400000000939
0.24074000000009396
0.240780000000094
0.24082000000009401
0.24086000000009408
0.24090000000009412
0.24094000000009413
0.2409800000000942
0.24100000000009422
0.24103000000009428
0.2410700000000943
0.24111000000009436
0.2411500000000944
0.24119000000009444
0.24123000000009448
0.2412600000000945
0.24129000000009454
0.24132000000009457
0.24136000000009464
0.24140000000009468
0.2414400000000947
0.24148000000009476
0.2415200000000948
0.2415600000000948
0.2416000000000949
0.24164000000009492
0.24168000000009496
0.24172000000009503
0.24176000000009504
0.24180000000009505
0.2418400000000951
0.24188000000009516
0.24192000000009517
0.24195000000009523
0.24199000000009527
0.24203000000009534
0.24207000000009535
0.2421000000000954
0.24214000000009542
0.24218000000009549
0.24222000000009553
0.24226000000009554
0.2423000000000956
0.24234000000009565
0.24238000000009566
0.24242000000009573
0.24246000000009577
0.24250000000009578
0.24254000000009582
0.24258000000009589
0.2426200000000959
0.24266000000009597
0.242700000000096
0.24274000000009605
0.24278000000009606
0.24282000000009613
0.24286000000009614
0.24290000000009618
0.24294000000009625
0.24298000000009629
0.24296000000009632
0.24294000000009636
0.2429800000000964
0.2429300000000964
0.24287000000009648
0.24288000000009652
0.24292000000009653
0.2429600000000966
0.24300000000009664
0.24304000000009665
0.24308000000009672
0.24312000000009676
0.24316000000009677
0.2432000000000968
0.24324000000009688
0.2432800000000969
0.24332000000009693
0.243360000000097
0.243400000000097
0.24344000000009708
0.24348000000009712
0.24352000000009716
0.2435600000000972
0.24359000000009723
0.2436300000000973
0.2436500000000973
0.24361000000009736
0.2436300000000974
0.24366000000009747
0.24370000000009748
0.2437400000000975
0.24378000000009756
0.2438200000000976
0.2438600000000976
0.24390000000009768
0.24394000000009772
0.24398000000009776
0.2440200000000978
0.24404000000009785
0.24408000000009786
0.24412000000009793
0.24416000000009797
0.24420000000009798
0.24424000000009807
0.24428000000009809
0.2443200000000981
0.24436000000009814
0.2444000000000982
0.24444000000009822
0.24448000000009829
0.24452000000009833
0.24456000000009834
0.2446000000000984
0.24464000000009845
0.24467000000009848
0.2446200000000985
0.24451000000009857
0.2444200000000986
0.24422000000009866
0.2441100000000987
0.2440200000000987
0.24397000000009877
0.24386000000009878
0.2434800000000988
0.24310000000009888
0.2429000000000989
0.24267000000009895
0.242210000000099
0.241860000000099
0.24161000000009908
0.2413500000000991
0.24130000000009916
0.2413400000000992
0.2413800000000992
0.24142000000009928
0.2414600000000993
0.24150000000009936
0.24154000000009937
0.24158000000009944
0.24162000000009948
0.2416600000000995
0.24170000000009956
0.2417400000000996
0.2417800000000996
0.24182000000009968
0.24186000000009972
0.24190000000009973
0.2419400000000998
0.24198000000009984
0.24202000000009985

Avalanche_Distribution:
1377
2
2
1
1
6
4
1
3
84
3
1
50
1
36
1
37
5
2
11
2
2
6
2
2
13
5
9
203
427
22
137
1
10
1
17
1
110
3
54
40
1
1
12
1
1
2
36
1
50
2
2
1
5
9
95
7
1
1
1
4
1
19
2
310
4
1
1
3
1
1
1
1
48
1
2
1
2
9
18
60
4
30
1
2
668
2
6
104
4
1
24
6
2
1
1
14
89
6
12
1
1
1
2
2
2
11
2
30
9
3
7
1
1
1
1
39
17
2
2
6
2
3
3
19
4
6
3
1
1
1
2
80
62
3
3
2
1
1
7
1
4
1
3
56
8
11
3
21
4
7
556
1
1
2
1
1
7
870
8
1
6
8
2
51
119
12
109
1
5
14
4
3
1
3
4
1
1
1
356
1
13
4
2
5
87
240
2
1
2
1
2
151
13
2
1
3
66
3
1
3
1
11
2
1
1
3
40
1
65
2
255
3
2
2
1
1
92
49
1
12
1
25
5
35
1
35
10
30
5
1
6
121
5
25
2
10
105
28
1
1
11
3
1
2
8
1
1
7
285
1
1
1
9
58
1
1
25
3
4
51
1
1
1
2
1
14
1
1
2
8
38
2
4
399
11
66
2
1
46
35
3
7
37
47
1
6
2
26
1
34
165
1
1
30
2
1
28
3
2
3
9
72
126
6
4
2
1
1
2
1
1
12
19
3
1
11
2
2
406
