
Branching_global:
0.39999998518414903
0.39999976060066855
0.39999952901285735
0.3999994374069903
0.3999992408347343
0.3999989852604616
0.399998668698335
0.3999984890871483
0.3999981205778693
0.39999793699209796

Autocorrelation:
-0.001091356623820897
-0.0010913559550904976
-0.0010913552655041367
-0.001091354992734486
-0.0010913544074125582
-0.0010913536464042192
-0.0010913527037967655
-0.0010913521689800425
-0.0010913510716944622
-0.0010913505250437624

Average_Activity:
1.0
3.5
0.75
2.0
1.75
1.25
1.25
1.0
1.0
0.5
2.75
2.0
1.75
2.0
1.0
4.75
1.25
0.0
1.25
1.5
2.5
1.25
1.0
1.5
1.75
1.25
2.75
3.0
1.75
1.25
2.75
2.0
2.25
1.0
2.0
4.25
0.75
0.5
1.75
2.5
0.75
2.5
2.0
1.0
1.25
0.5
1.0
1.5
0.75
0.75
0.75
0.25
0.5
1.5
0.75
1.75
0.25
1.25
0.75
0.0
2.5
3.0
1.0
1.0
1.75
1.75
1.75
3.75
1.0
1.5
0.25
1.75
0.75
0.0
1.0
3.75
0.75
1.25
1.75
2.0
2.0
0.25
2.0
3.0
1.75
1.75
2.25
1.25
3.25
1.0
0.75
1.0
2.5
0.75
0.5
0.25
1.0
1.75
0.5
1.25
0.25
1.5
1.5
1.5
2.5
3.25
1.75
1.0
1.25
2.75
1.0
1.25
2.25
2.25
1.0
4.0
1.0
1.25
2.25
2.5
2.25
0.75
1.5
1.75
0.5
0.75
2.0
1.75
2.25
0.25
1.75
2.0
4.0
3.5
0.75
2.75
0.5
0.5
2.25
0.75
5.0
2.5
1.25
1.5
1.5
0.75
0.5
1.0
1.75
2.5
1.5
1.5
1.5
1.25
2.25
1.75
1.75
2.25
2.0
0.75
1.25
1.5
3.25
1.0
1.75
1.75
2.5
1.75
1.25
1.5
1.25
1.5
1.5
0.0
1.0
4.0
1.25
1.75
0.5
1.0
3.0
2.0
2.75
1.0
0.5
1.75
1.0
2.25
2.25
1.75
0.75
2.25
0.5
0.75
1.75
0.75
1.75
2.5
3.25
2.5
1.75
1.0
1.75
3.75
1.0
2.25
1.0
2.0
3.5
1.5
0.75
0.75
1.5
1.0
1.0
1.75
1.25
0.0
1.5
3.25
0.5
1.75
3.25
1.25
1.25
0.25
2.0
0.5
1.25
1.5
1.75
1.0
3.0
3.0
2.5
1.5
1.0
0.75
1.0
1.75
0.25
2.5
1.75
1.75
2.0
0.5
1.25
3.0
1.0
0.5

Average_Alpha:
0.09999999704619336
0.09999998723099546
0.09999998841467661
0.09999998459892503
0.0999999817825526
0.09999998096557815
0.09999998014877866
0.09999998033363909
0.0999999805182741
0.09999998270201867
0.0999999758872259
0.09999997207079613
0.09999996925544147
0.09999996543899474
0.09999996562368424
0.09999995080825685
0.09999994999182764
0.09999995417595631
0.09999995336020283
0.09999995154422225
0.09999994572834198
0.09999994491215232
0.09999994509549373
0.09999994327990756
0.09999994046418931
0.09999993964768251
0.09999993283037042
0.0999999250157582
0.09999992219981076
0.09999992138373907
0.09999991456769379
0.09999991075191147
0.09999990593709825
0.09999990612078638
0.09999990230390142
0.09999988948868929
0.09999989067303451
0.0999998928568988
0.09999989004107618
0.09999988422614993
0.09999988541111242
0.09999987959584015
0.09999987578005329
0.09999987596391087
0.0999998751471984
0.09999987733181465
0.0999998775152625
0.09999987570021097
0.0999998768839407
0.09999987806894356
0.09999987925370385
0.09999988243805867
0.09999988462193718
0.09999988280575696
0.09999988399013446
0.09999988117478904
0.09999988435801227
0.09999988354267728
0.09999988472633865
0.09999988890986276
0.09999988309490913
0.09999987527918226
0.09999987546294918
0.0999998756463147
0.09999987283078295
0.09999987001546573
0.0999998671996772
0.09999985638330673
0.09999985656611284
0.09999985474972596
0.09999985793303662
0.09999985511727434
0.09999985630127525
0.09999986048600773
0.09999986067006714
0.0999998498544784
0.09999985103935298
0.09999985022486257
0.09999984740853506
0.09999984359258351
0.09999983977670815
0.09999984296133399
0.09999983914537075
0.09999983132874239
0.0999998285123732
0.09999982569709745
0.09999982088082245
0.09999982006510617
0.0999998112488611
0.09999981143237843
0.09999981261654325
0.09999981280065204
0.09999980698520666
0.09999980816910005
0.09999981035340869
0.09999981353792456
0.09999981372286722
0.0999998109075455
0.09999981309219667
0.09999981227698786
0.09999981546147249
0.09999981364575851
0.09999981182964109
0.0999998100145524
0.09999980420004781
0.09999979538488592
0.09999979256809353
0.0999997927528256
0.09999979193666665
0.09999978512088563
0.09999978530646034
0.09999978449095474
0.09999977967604667
0.09999977486129696
0.09999977504650048
0.09999976323085331
0.0999997634141355
0.0999997625979463
0.09999975778210239
0.09999975196598271
0.09999974715080401
0.09999974833504523
0.09999974651896967
0.09999974370393098
0.09999974588719292
0.09999974707129751
0.09999974325595837
0.0999997404402592
0.0999997356215849
0.09999973880615833
0.0999997359896502
0.09999973217435218
0.09999972035989776
0.09999971054406742
0.09999971172762843
0.09999970491215998
0.09999970709594445
0.0999997092808778
0.0999997044641388
0.09999970564775952
0.09999968983207373
0.09999968401658765
0.09999968320186392
0.0999996813853451
0.09999967956951501
0.09999968075393571
0.09999968293713522
0.0999996831214695
0.09999968030468835
0.09999967449012023
0.09999967267477991
0.09999967085868698
0.09999966904306992
0.09999966822765884
0.09999966341196027
0.09999966059730568
0.09999965778175425
0.09999965296603228
0.09999964914985066
0.09999965033399641
0.09999964951658566
0.09999964770050664
0.09999963888502819
0.09999963906889556
0.09999963625217363
0.0999996334358526
0.09999962761887175
0.09999962480366555
0.09999962398796786
0.0999996221719648
0.09999962135674875
0.09999961954114094
0.09999961772627895
0.09999962190917117
0.09999962209297157
0.09999961027668652
0.09999960946036911
0.09999960664527185
0.09999960882883357
0.09999960901370478
0.09999960119879864
0.09999959738439275
0.09999959056891325
0.0999995907531623
0.09999959293610763
0.09999959012036248
0.09999959030437998
0.09999958548838264
0.09999958067337383
0.09999957785815085
0.09999957904147863
0.09999957422382301
0.09999957640907053
0.09999957759389135
0.09999957477832919
0.09999957596213305
0.09999957314603536
0.09999956733108815
0.09999955851658629
0.0999995527016583
0.09999954988492775
0.0999995500696834
0.09999954725429705
0.09999953643729655
0.09999953662230653
0.09999953180755378
0.09999953199221917
0.09999952817638069
0.09999951836037346
0.09999951654401798
0.09999951772876962
0.09999951891260314
0.09999951709677737
0.09999951728058218
0.09999951746563715
0.09999951464910943
0.09999951383221027
0.09999951801602829
0.09999951620045297
0.09999950738436517
0.09999950956941797
0.09999950675354378
0.09999949793837516
0.0999994971231802
0.09999949630743725
0.09999949949153346
0.09999949567637148
0.09999949785971586
0.09999949704242862
0.09999949522749559
0.09999949241083245
0.09999949259570232
0.0999994847792911
0.09999947696269659
0.09999947114763591
0.09999946933141447
0.09999946951472395
0.09999947069884664
0.09999947088331558
0.09999946806715038
0.0999994712506551
0.09999946543491581
0.09999946261880888
0.09999945980150172
0.09999945598602421
0.09999945817067628
0.09999945735460215
0.09999944953880692
0.09999944972364032
0.0999994519070578

Avalanche_Distribution:
20
1
8
10
5
6
4
28
8
28
5
16
6
7
9
29
39
1
28
4
18
28
2
5
1
8
1
3
4
1
1
8
5
4
2
6
26
40
10
8
1
2
1
19
7
23
1
27
36
5
17
2
1
11
2
5
1
4
2
9
37
3
17
2
21
24
5
9
22
13
2
27
1
7
38
16
2
9
38
3
3
6
2
1
4
6
13
12
11
42
2
23
45
6
12
25
7
2
37
2
11
20
9
1
11
1
9
44
10
36
29
4
1
17
7
5
21
30
9
21
49
12
25
10
21
