
Branching_global:
1.0000000041765407
1.0000004228850783
1.0000008417094914
1.0000012564080145
1.0000016656482207
1.0000020799053841
1.0000025011765623
1.0000028806615602
1.0000022762552452
1.0000026591312303

Autocorrelation:
239432.60257056882
2364.7091438885845
1188.0588623811016
795.920287558038
600.3673647329927
480.7916011831223
399.812338583897
347.14298067981116
439.31854313965994
376.06317362703163

Average_Activity:
0.0
0.0
0.0
0.0
0.0
0.0
0.0
0.0
0.0
0.0
0.0
0.0
0.0
0.0
0.0
0.0
0.0
0.0
0.0
0.0
0.0
0.0
0.0
0.0
0.0
0.0
0.0
0.0
0.0
0.0
0.0
0.0
0.0
0.0
0.0
0.0
0.0
0.0
0.0
0.0
0.0
0.0
0.0
0.0
0.0
0.0
0.0
0.0
0.0
0.0
0.0
0.0
0.0
0.0
0.0
0.0
0.0
0.0
0.0
0.0
0.0
0.0
0.0
0.0
0.0
0.0
0.0
0.0
0.0
0.0
0.0
0.0
0.0
0.0
0.0
0.0
0.0
0.0
0.0
0.0
0.0
0.0
0.0
0.0
0.0
0.25
0.0
0.0
0.0
0.0
0.0
0.0
0.0
0.0
0.0
0.0
0.0
0.0
0.0
0.0
0.5
0.0
0.0
0.0
0.0
0.0
0.0
0.0
0.0
0.0
0.0
0.0
0.0
0.0
0.0
0.0
0.0
0.0
0.0
0.0
0.0
0.0
0.0
0.0
0.0
0.0
0.0
0.0
0.0
0.0
0.0
0.0
0.0
0.0
0.0
0.0
0.0
0.0
0.0
0.0
0.0
0.0
0.0
0.0
0.0
0.0
0.0
0.0
0.0
0.0
0.0
0.0
0.0
0.0
0.5
0.0
0.25
0.0
0.0
0.25
0.25
0.0
0.0
0.0
0.0
0.0
0.0
0.0
0.0
0.0
0.5
0.0
0.5
0.0
0.0
0.0
0.0
0.0
0.0
0.0
0.0
0.0
0.0
0.0
0.0
0.0
0.0
0.25
2.0
5.75
7.25
4.5
3.75
6.25
4.0
12.25
10.5
5.25
1.0
0.0
0.0
0.0
0.0
0.0
0.0
0.0
0.0
0.0
0.0
0.0
0.0
0.0
0.0
0.0
0.0
0.0
0.0
0.0
0.0
0.0
0.0
0.0
0.0
0.0
0.0
0.0
0.0
0.0
0.0
0.0
0.0
0.0
0.0
0.0
0.0
0.0
0.0
0.0
0.0
0.0
0.0
0.0
0.0
0.0
0.0
0.0
0.0
0.0
0.0
0.0

Average_Alpha:
0.2500000010470815
0.2500000052354075
0.2500000094237335
0.2500000136120595
0.2500000178003855
0.25000002198871146
0.2500000261770375
0.25000003036536345
0.2500000345536894
0.25000003874201543
0.25000004293034145
0.25000004711866747
0.25000005130699343
0.25000005549531945
0.2500000596836454
0.2500000638719714
0.2500000680602974
0.25000007224862336
0.2500000764369494
0.25000008062527534
0.2500000848136014
0.2500000890019274
0.25000009319025335
0.25000009737857937
0.25000010156690533
0.25000010575523135
0.2500001099435573
0.2500001141318833
0.2500001183202093
0.2500001225085353
0.2500001266968613
0.2500001308851873
0.2500001350735133
0.2500001392618393
0.25000014345016525
0.25000014763849127
0.2500001518268173
0.25000015601514325
0.25000016020346927
0.25000016439179523
0.25000016858012125
0.2500001727684472
0.25000017695677323
0.2500001811450992
0.2500001853334252
0.25000018952175124
0.2500001937100772
0.25000019789840316
0.2500002020867292
0.2500002062750552
0.25000021046338117
0.25000021465170713
0.2500002188400332
0.25000022302835917
0.25000022721668513
0.25000023140501115
0.2500002355933372
0.25000023978166314
0.2500002439699891
0.2500002481583151
0.2500002523466411
0.2500002565349671
0.25000026072329307
0.2500002649116191
0.2500002690999451
0.25000027328827107
0.2500002774765971
0.25000028166492305
0.25000028585324907
0.25000029004157504
0.25000029422990105
0.250000298418227
0.25000030260655304
0.25000030679487906
0.250000310983205
0.25000031517153104
0.250000319359857
0.250000323548183
0.250000327736509
0.250000331924835
0.25000033611316097
0.250000340301487
0.25000034448981295
0.250000348678139
0.250000352866465
0.25000035605479093
0.25000036024311695
0.25000036443144297
0.25000036861976893
0.25000037280809495
0.2500003769964209
0.25000038118474693
0.2500003853730729
0.2500003895613989
0.2500003937497249
0.2500003979380509
0.25000040212637686
0.2500004063147029
0.2500004105030289
0.25000041469135487
0.2500004168796809
0.25000042106800685
0.25000042525633287
0.25000042944465883
0.2500004336329848
0.2500004378213108
0.2500004420096368
0.2500004461979628
0.2500004503862888
0.2500004545746148
0.2500004587629408
0.25000046295126677
0.25000046713959273
0.25000047132791875
0.25000047551624477
0.25000047970457073
0.25000048389289675
0.25000048808122277
0.25000049226954874
0.25000049645787475
0.2500005006462008
0.25000050483452674
0.2500005090228527
0.2500005132111787
0.2500005173995047
0.2500005215878307
0.25000052577615667
0.2500005299644827
0.2500005341528087
0.25000053834113467
0.2500005425294607
0.25000054671778665
0.2500005509061127
0.25000055509443864
0.25000055928276466
0.2500005634710906
0.25000056765941664
0.2500005718477426
0.25000057603606857
0.25000058022439464
0.2500005844127206
0.25000058860104657
0.2500005927893726
0.2500005969776986
0.25000060116602457
0.2500006053543506
0.25000060954267656
0.2500006137310025
0.2500006179193286
0.25000062210765456
0.2500006262959806
0.25000063048430654
0.2500006346726325
0.2500006388609585
0.25000064104928454
0.2500006452376105
0.2500006484259365
0.2500006526142625
0.2500006568025885
0.2500006599909145
0.25000066317924047
0.2500006673675665
0.25000067155589245
0.2500006757442184
0.2500006799325445
0.25000068412087045
0.2500006883091965
0.25000069249752244
0.2500006966858484
0.2500007008741744
0.25000070306250044
0.2500007072508264
0.2500007094391524
0.2500007136274784
0.25000071781580435
0.25000072200413037
0.2500007261924564
0.25000073038078235
0.2500007345691083
0.25000073875743434
0.25000074294576036
0.2500007471340863
0.25000075132241234
0.2500007555107383
0.2500007596990643
0.25000076388739034
0.2500007680757163
0.2500007712640423
0.2500007674523683
0.25000074864069427
0.2500007238290203
0.2500007100173463
0.25000069920567225
0.25000067839399825
0.2500006665823242
0.25000062177065024
0.25000058395897623
0.25000056714730223
0.25000056733562825
0.2500005715239543
0.25000057571228024
0.2500005799006062
0.2500005840889322
0.2500005882772582
0.2500005924655842
0.2500005966539102
0.2500006008422362
0.2500006050305622
0.2500006092188882
0.2500006134072142
0.25000061759554015
0.2500006217838662
0.2500006259721922
0.2500006301605182
0.2500006343488442
0.2500006385371702
0.25000064272549616
0.2500006469138222
0.25000065110214814
0.25000065529047416
0.2500006594788001
0.25000066366712614
0.2500006678554521
0.2500006720437781
0.25000067623210415
0.2500006804204301
0.25000068460875613
0.2500006887970821
0.2500006929854081
0.2500006971737341
0.25000070136206004
0.2500007055503861
0.2500007097387121
0.2500007139270381
0.25000071811536406
0.2500007223036901
0.25000072649201605
0.25000073068034206
0.25000073486866803
0.25000073905699405
0.25000074324532007
0.25000074743364603
0.25000075162197205
0.250000755810298
0.250000759998624
0.25000076418695
0.250000768375276
0.25000077256360204
0.250000776751928
0.250000780940254

Avalanche_Distribution:
1
2
2
1
2
2
2
251
