
Branching_global:
1.00004
1.0035400000000039
1.0073400000000081
1.0002700000000118
1.0027400000000162

Autocorrelation:
25.000499996641732
0.2829855812268879
0.1367391725839668
3.7042036810454126
0.3654632756264223

Average_Activity:
0.0
0.0
0.0
0.0
0.0
0.0
0.0
0.0
0.0
0.0
0.0
0.0
0.0
0.0
0.0
0.0
0.0
0.0
0.0
0.75
0.0
0.75
0.0
0.75
0.5
0.25
0.0
0.0
0.25
0.0
0.25
0.0
0.0
0.75
0.0
0.0
0.0
0.0
0.0
0.0
0.0
0.0
0.0
0.0
0.0
0.0
0.0
0.0
0.0
0.0
0.0
0.0
0.0
0.0
0.0
0.5
3.5
2.75
3.5
4.25
5.25
5.25
7.5
10.5
2.0
0.25
0.0
0.0
0.0
0.0
1.5
6.75
5.75
4.75
2.25
0.75
0.25
1.5
0.0
0.0
0.0
0.25
0.0
0.75
2.75
1.25
1.75
0.0
0.0
0.5
0.25
1.25
0.0
0.0
0.0
1.75
0.0
0.0
0.0
0.0
0.0
0.0
0.0
0.0
0.0
0.25
1.75
1.5
2.75
11.5
21.75
9.75
4.0
0.75
0.0
0.25
0.75
0.0
0.0
0.0
0.0
0.0
0.5
1.0
1.75

Average_Alpha:
0.25001
0.25005
0.2500900000000001
0.2501300000000001
0.25017000000000017
0.25021000000000015
0.2502500000000003
0.25029000000000023
0.25033000000000033
0.2503700000000003
0.2504100000000004
0.2504500000000004
0.25049000000000055
0.2505300000000005
0.25057000000000057
0.2506100000000005
0.25065000000000065
0.25069000000000063
0.25073000000000073
0.25074000000000074
0.25078000000000084
0.2507900000000008
0.2508300000000009
0.2508400000000009
0.25086000000000097
0.25089000000000095
0.2509300000000011
0.250970000000001
0.25100000000000117
0.2510400000000011
0.25107000000000124
0.25111000000000117
0.2511500000000013
0.25116000000000127
0.25120000000000137
0.25124000000000135
0.25128000000000145
0.25132000000000143
0.2513600000000015
0.2514000000000015
0.25144000000000166
0.2514800000000016
0.25152000000000174
0.25156000000000167
0.25160000000000177
0.25164000000000175
0.2516800000000019
0.25172000000000183
0.2517600000000019
0.2518000000000019
0.251840000000002
0.251880000000002
0.25192000000000214
0.25196000000000207
0.25200000000000217
0.25202000000000213
0.25192000000000225
0.25185000000000224
0.25175000000000236
0.25162000000000234
0.25145000000000245
0.2512800000000024
0.25102000000000246
0.25064000000000247
0.2506000000000026
0.2506300000000026
0.25067000000000267
0.25071000000000265
0.25075000000000275
0.2507900000000027
0.2507700000000028
0.2505400000000028
0.2503500000000029
0.25020000000000286
0.250150000000003
0.250160000000003
0.2501900000000031
0.250170000000003
0.25021000000000315
0.25025000000000314
0.25029000000000323
0.2503200000000032
0.2503600000000033
0.25037000000000326
0.25030000000000335
0.2502900000000034
0.2502600000000035
0.2503000000000034
0.2503400000000035
0.2503600000000035
0.2503900000000036
0.2503800000000036
0.2504200000000037
0.2504600000000037
0.2505000000000038
0.25047000000000375
0.2505100000000039
0.2505500000000038
0.250590000000004
0.2506300000000039
0.250670000000004
0.250710000000004
0.2507500000000041
0.25079000000000407
0.2508300000000042
0.2508600000000042
0.25083000000000427
0.25081000000000425
0.25074000000000435
0.2503200000000043
0.24949000000000437
0.2491400000000044
0.2490200000000045
0.24903000000000453
0.2490700000000046
0.24910000000000457
0.24911000000000463
0.24915000000000465
0.24919000000000474
0.24923000000000473
0.24927000000000482
0.24931000000000483
0.2493300000000049
0.2493300000000049
0.249300000000005

Avalanche_Distribution:
3
3
3
2
1
1
1
3
181
87
7
1
26
3
5
7
216
4
13
