
Branching_global:
3.997000000000001e-09
3.8612799999999966e-07
7.34350999999998e-07
1.0276330000000017e-06
1.317162000000008e-06
1.5587300000000104e-06
1.8231510000000033e-06
2.019374999999997e-06
2.229868999999991e-06
2.3624329999999863e-06

Autocorrelation:
-5.1712399865655326e-05
-6.771811722185702e-05
-7.080007551205219e-05
-7.252550698540006e-05
-7.385507388872114e-05
-7.478514692361756e-05
-7.567190464084123e-05
-7.626181366775377e-05
-7.684287826540991e-05
-7.718539720858106e-05

Average_Activity:
0.25
1.0
1.5
1.0
0.75
1.75
1.5
0.75
1.0
1.0
0.75
0.5
1.25
0.75
1.5
0.25
1.5
1.25
1.5
1.25
1.25
0.0
0.75
0.25
0.25
1.25
0.75
1.5
0.5
1.5
0.75
2.25
0.25
0.25
1.5
1.25
1.75
0.75
1.25
0.75
0.75
0.75
0.75
0.75
1.25
1.25
0.5
0.25
1.0
0.5
1.0
1.0
0.75
1.0
1.75
0.75
1.5
0.75
1.75
0.75
0.75
0.25
1.5
1.5
0.25
1.0
1.0
1.5
1.25
1.5
0.75
0.5
1.25
1.0
2.25
1.75
1.25
0.75
0.5
0.0
1.25
1.25
2.25
1.0
1.75
0.5
0.5
1.0
0.5
0.75
0.25
1.0
0.5
1.25
1.0
0.75
1.25
1.0
1.5
1.25
0.5
1.25
1.75
0.25
1.5
1.25
1.0
1.0
1.25
1.25
0.75
0.25
0.5
0.75
1.0
1.5
1.0
1.0
0.5
1.75
1.0
0.5
2.0
1.25
0.75
1.0
0.5
0.75
0.5
0.25
1.5
0.5
1.5
1.25
1.25
1.0
1.25
0.75
0.75
0.75
1.25
1.5
0.75
0.75
0.25
1.5
1.25
1.0
1.25
0.5
1.0
1.5
1.0
1.5
0.5
1.5
1.75
1.0
1.75
0.25
1.0
1.25
0.5
0.25
1.25
1.25
1.25
1.0
1.5
1.25
0.5
1.0
0.75
1.25
1.0
0.5
1.0
1.5
0.75
0.75
0.75
1.25
1.5
0.5
1.5
2.5
1.75
0.75
1.25
0.25
0.75
0.0
1.75
1.5
0.25
0.75
0.5
1.0
0.5
1.0
1.25
1.5
1.0
1.25
0.5
1.25
0.25
2.25
0.5
1.75
1.0
1.0
0.0
1.0
1.5
0.75
0.75
1.25
0.5
1.0
1.5
0.75
1.75
1.75
1.0
0.75
1.25
1.25
2.0
1.5
0.5
0.75
0.75
1.0
0.5
1.5
1.0
0.25
1.75
0.5
0.25
0.5
0.75
1.25
0.0
0.5
0.75
1.0
1.0
0.75

Average_Alpha:
9.990000000000004e-10
4.986e-09
8.948000000000002e-09
1.2902999999999998e-08
1.6858000000000004e-08
2.0717999999999994e-08
2.4574999999999987e-08
2.8488999999999998e-08
3.2363e-08
3.6224000000000014e-08
4.0107000000000016e-08
4.402300000000002e-08
4.778800000000005e-08
5.163200000000005e-08
5.530200000000005e-08
5.924300000000004e-08
6.286400000000001e-08
6.6523e-08
7.009499999999999e-08
7.375399999999999e-08
7.735799999999996e-08
8.135799999999998e-08
8.509599999999992e-08
8.900399999999994e-08
9.29079999999999e-08
9.644899999999991e-08
1.0013899999999986e-07
1.0363299999999989e-07
1.0741199999999985e-07
1.1072199999999986e-07
1.143609999999998e-07
1.1725099999999982e-07
1.212029999999998e-07
1.2507299999999979e-07
1.2833999999999973e-07
1.3164099999999974e-07
1.3474799999999975e-07
1.3830599999999973e-07
1.415479999999997e-07
1.4508199999999968e-07
1.486639999999997e-07
1.521729999999997e-07
1.5566899999999965e-07
1.5915499999999963e-07
1.6242399999999963e-07
1.6564099999999965e-07
1.6941099999999958e-07
1.7322499999999957e-07
1.767499999999996e-07
1.8035999999999958e-07
1.835639999999995e-07
1.8682299999999948e-07
1.9037099999999955e-07
1.935299999999995e-07
1.9625099999999947e-07
1.9973299999999942e-07
2.023929999999995e-07
2.0592899999999943e-07
2.0853699999999943e-07
2.1183199999999935e-07
2.152159999999995e-07
2.1897399999999943e-07
2.2155599999999966e-07
2.2404599999999962e-07
2.277889999999998e-07
2.3090499999999972e-07
2.340579999999999e-07
2.366589999999999e-07
2.3930000000000003e-07
2.42087e-07
2.452480000000002e-07
2.486840000000002e-07
2.5124200000000034e-07
2.5419600000000025e-07
2.559120000000005e-07
2.580260000000005e-07
2.609780000000006e-07
2.6434300000000056e-07
2.680220000000007e-07
2.720220000000007e-07
2.747890000000008e-07
2.7745000000000083e-07
2.7853200000000095e-07
2.8174300000000096e-07
2.837150000000011e-07
2.8703800000000106e-07
2.904200000000012e-07
2.9357100000000125e-07
2.9686800000000136e-07
3.0012000000000134e-07
3.0402600000000153e-07
3.0720800000000154e-07
3.1067600000000156e-07
3.137290000000016e-07
3.1622500000000173e-07
3.193110000000018e-07
3.2151900000000176e-07
3.239720000000018e-07
3.26080000000002e-07
3.28488000000002e-07
3.32010000000002e-07
3.3438700000000205e-07
3.361330000000022e-07
3.397210000000022e-07
3.4130400000000225e-07
3.440400000000023e-07
3.4672500000000244e-07
3.493140000000025e-07
3.515540000000025e-07
3.542190000000025e-07
3.568980000000026e-07
3.6045500000000276e-07
3.6397700000000273e-07
3.6702700000000285e-07
3.693410000000029e-07
3.7091600000000295e-07
3.7339000000000295e-07
3.75670000000003e-07
3.7888300000000306e-07
3.795820000000032e-07
3.8191600000000303e-07
3.84949000000003e-07
3.8569000000000287e-07
3.8743800000000284e-07
3.9024700000000277e-07
3.925100000000027e-07
3.9593100000000254e-07
3.988400000000026e-07
4.018160000000024e-07
4.052990000000024e-07
4.0667000000000225e-07
4.1043900000000226e-07
4.119920000000021e-07
4.1447600000000216e-07
4.1619000000000193e-07
4.1803000000000195e-07
4.2001900000000185e-07
4.2282600000000183e-07
4.252840000000017e-07
4.2802800000000175e-07
4.295600000000015e-07
4.306830000000015e-07
4.338970000000014e-07
4.3701500000000143e-07
4.404390000000013e-07
4.4193300000000134e-07
4.443700000000011e-07
4.4680000000000117e-07
4.4832700000000097e-07
4.5113400000000105e-07
4.5295200000000094e-07
4.539580000000008e-07
4.558580000000007e-07
4.568910000000007e-07
4.601840000000006e-07
4.6152900000000064e-07
4.6144800000000047e-07
4.635450000000005e-07
4.640670000000003e-07
4.6743100000000034e-07
4.689050000000002e-07
4.7065700000000024e-07
4.7402300000000014e-07
4.77372e-07
4.78849e-07
4.81415e-07
4.826219999999998e-07
4.850839999999999e-07
4.868779999999998e-07
4.888699999999998e-07
4.920229999999996e-07
4.935219999999996e-07
4.956689999999995e-07
4.982129999999996e-07
5.002849999999994e-07
5.031819999999994e-07
5.048499999999993e-07
5.057349999999993e-07
5.079069999999992e-07
5.10448999999999e-07
5.12409999999999e-07
5.14594999999999e-07
5.152659999999989e-07
5.178029999999989e-07
5.188029999999987e-07
5.195479999999988e-07
5.202829999999988e-07
5.224219999999987e-07
5.239819999999984e-07
5.277509999999985e-07
5.299879999999984e-07
5.339879999999984e-07
5.334959999999984e-07
5.337649999999984e-07
5.369879999999982e-07
5.394949999999981e-07
5.42969999999998e-07
5.445629999999982e-07
5.474689999999979e-07
5.490569999999979e-07
5.497349999999978e-07
5.50058999999998e-07
5.519429999999977e-07
5.530879999999977e-07
5.567519999999976e-07
5.572939999999977e-07
5.605909999999975e-07
5.588579999999976e-07
5.616859999999975e-07
5.620119999999974e-07
5.633549999999974e-07
5.651179999999973e-07
5.691179999999972e-07
5.709809999999972e-07
5.715049999999971e-07
5.745559999999972e-07
5.768839999999971e-07
5.777099999999969e-07
5.80778999999997e-07
5.833149999999968e-07
5.844079999999968e-07
5.864459999999967e-07
5.871429999999968e-07
5.871479999999966e-07
5.886549999999965e-07
5.907329999999967e-07
5.912059999999966e-07
5.933759999999965e-07
5.928329999999964e-07
5.934039999999964e-07
5.955829999999963e-07
5.977439999999961e-07
6.004219999999961e-07
6.014389999999963e-07
6.039339999999961e-07
6.044919999999961e-07
6.065149999999961e-07
6.095679999999961e-07
6.07867999999996e-07
6.107369999999961e-07
6.137769999999961e-07
6.171329999999962e-07
6.186919999999962e-07
6.183249999999965e-07
6.223249999999966e-07
6.250889999999967e-07
6.284369999999967e-07
6.302229999999968e-07
6.32057999999997e-07
6.339809999999971e-07

Avalanche_Distribution:
3
11
3
1
13
5
6
3
2
5
1
8
1
6
7
6
7
1
3
1
1
3
3
2
6
2
6
1
11
1
1
6
5
9
4
3
2
3
2
2
4
4
8
1
1
3
1
1
1
3
1
6
3
9
7
5
7
3
1
3
6
6
5
3
1
11
7
4
1
8
19
3
3
1
5
4
11
6
6
2
4
2
3
4
1
1
4
3
3
6
6
7
4
1
1
12
1
9
2
4
2
7
5
3
1
2
5
8
3
1
4
1
10
3
12
3
4
2
2
3
1
1
1
7
6
11
2
2
5
5
1
3
2
11
4
1
6
7
2
5
5
4
6
1
6
4
15
4
3
1
1
7
1
2
1
5
4
3
7
6
5
1
1
4
3
5
5
8
3
3
2
3
6
2
5
5
19
1
2
2
3
1
3
13
2
2
1
2
3
2
1
3
11
3
1
5
4
3
1
1
8
11
6
4
2
7
1
2
5
1
1
2
4
4
3
14
7
5
8
11
1
1
1
2
3
2
3
1
9
1
1
7
2
1
1
1
3
4
1
2
3
4
1
3
2
1
1
