
Branching_global:
0.9199999980000001
0.9200003909999995
0.9200002619999994
0.9200005229999995
0.9200009239999992
0.9200012619999989
0.9200016939999986
0.9200018899999987
0.9200023229999984
0.9200026369999981
0.9200030059999978
0.9200034389999977
0.9200038419999976
0.9200036129999972
0.9200039349999971
0.9200043699999969
0.9200046469999967
0.9200044659999964
0.9200048069999964
0.920005343999996
0.9200056529999958
0.9200060269999956
0.9200062349999955
0.9200067749999952
0.9200071439999951
0.9200073469999948
0.9200075599999945
0.9200077939999943
0.9200082109999942
0.920008589999994
0.9200087929999938
0.9200093349999935
0.9200097409999932
0.9200099699999931
0.920010365999993
0.9200106469999926
0.9200110869999925
0.9200114889999923
0.9200118639999921
0.9200122489999918
0.9200127359999917
0.9200130379999915
0.9200134329999912
0.9200138539999909
0.9200141739999909
0.9200145749999905
0.9200148239999905
0.92001537799999
0.9200157429999899
0.9200161029999897
0.9200164899999895
0.9200169619999893
0.9200169299999891
0.9200168619999889
0.9200170329999887
0.9200175549999885
0.9200179509999882
0.9200182349999879
0.9200187099999878
0.9200190259999875
0.9200193759999875
0.9200198189999873
0.920020335999987
0.9200205599999868
0.9200211139999867
0.9200214349999863
0.9200217959999861
0.9200221399999859
0.9200226469999857
0.9200229039999855
0.9200232579999853
0.9200236109999851
0.9200240539999849
0.9200243969999847
0.9200246589999844
0.9200251049999842
0.9200255629999842
0.9200258769999837
0.9200262989999836
0.9200267819999834
0.9200271659999832
0.9200274409999829
0.9200279059999827
0.9200282749999826
0.9200284769999824
0.9200290499999821
0.920029363999982
0.9200299299999817
0.9200302309999815
0.9200304419999813
0.9200307969999811
0.9200313099999808
0.9200317139999806
0.9200321179999804
0.9200325709999801
0.9200328989999801
0.9200332419999798
0.9200338219999796
0.9200340689999794
0.9200343989999792

Autocorrelation:
-0.011993052024926898
-0.011993113467060845
-0.011993093298965581
-0.011993134104248838
-0.011993196797941924
-0.011993249642490267
-0.0119933171841012
-0.011993347828220667
-0.011993415527241012
-0.011993464621215044
-0.011993522314944348
-0.011993590015852458
-0.011993653026824575
-0.011993617221504453
-0.011993667567908168
-0.011993735583102997
-0.011993778894313457
-0.011993750593452394
-0.011993803911755689
-0.011993887877277426
-0.01199393619314418
-0.011993994673041776
-0.011994027196857677
-0.011994111634476492
-0.011994169334171299
-0.011994201077048634
-0.011994234383787624
-0.011994270974493975
-0.01199433618153952
-0.011994395447045598
-0.0119944271910699
-0.011994511946839958
-0.011994575436231497
-0.011994611247034482
-0.011994673173622798
-0.011994717116851298
-0.011994785925373496
-0.01199484879200286
-0.011994907436815987
-0.011994967646062494
-0.011995043807679469
-0.011995091037730927
-0.011995152812673956
-0.011995218654487065
-0.011995268700984156
-0.011995331416065756
-0.011995370359163404
-0.011995457004515
-0.011995514091006876
-0.011995570396002058
-0.011995630924436835
-0.011995704748023027
-0.01199569974300658
-0.011995689107359963
-0.011995715852917397
-0.011995797497957646
-0.011995859436284825
-0.011995903857078714
-0.011995978153125272
-0.011996027580036319
-0.011996082325488362
-0.011996151618275675
-0.011996232486900458
-0.011996267525081641
-0.011996354182854413
-0.011996404394856552
-0.011996460864287259
-0.011996514674966749
-0.011996593983991811
-0.011996634186386345
-0.011996689562870097
-0.011996744783410965
-0.011996814083532602
-0.011996867740812945
-0.01199690872715033
-0.011996978498403074
-0.011997050147718668
-0.011997099270212364
-0.011997165288948099
-0.011997240851531013
-0.011997300926781964
-0.011997343949776897
-0.011997416698422955
-0.011997474428595382
-0.01199750603178788
-0.011997595679335915
-0.011997644806110987
-0.011997733360443713
-0.011997780454335864
-0.011997813467209026
-0.011997869010587588
-0.011997949275551784
-0.011998012486891267
-0.011998075698869055
-0.011998146578405266
-0.011998197900071504
-0.011998251569215192
-0.011998342322749968
-0.01199838097163749
-0.011998432608175378

Average_Activity:
0.25
0.5
0.0
0.0
0.0
0.0
0.0
0.0
0.0
0.0
0.0
0.0
0.0
0.0
0.25
0.0
0.0
0.0
0.0
0.0
0.0
0.0
0.0
0.0
0.0
0.0
0.0
0.5
0.25
0.0
0.0
0.0
0.0
0.0
0.0
0.0
0.0
1.0
3.25
5.75
11.25
5.25
3.0
0.0
0.25
0.25
0.0
0.25
0.0
0.0
0.0
0.0
0.0
0.0
2.0
3.25
1.75
1.0
0.0
0.0
0.0
0.0
0.25
2.0
0.0
0.0
0.0
0.0
0.0
0.0
0.0
0.0
0.0
0.0
0.0
0.0
0.0
0.0
0.0
0.0
0.0
0.0
0.0
0.0
0.0
0.0
0.0
0.0
0.0
0.0
0.0
0.0
0.0
0.0
0.0
0.0
0.0
1.0
0.25
0.0
0.0
0.0
0.0
0.0
0.0
0.25
1.25
0.0
0.0
0.0
0.0
0.0
0.0
0.25
0.0
0.0
0.0
0.0
0.0
0.0
0.0
0.0
0.0
0.0
0.0
0.0
0.0
0.0
0.0
0.0
0.0
0.0
0.25
0.0
0.0
0.0
0.0
0.0
0.0
0.0
0.0
0.0
0.0
0.0
0.0
0.0
0.0
0.0
0.0
0.0
0.5
2.0
1.5
2.5
3.0
2.5
0.0
0.0
0.0
0.0
0.0
0.0
0.0
0.0
0.0
0.0
0.0
0.0
0.0
0.0
0.0
0.0
0.0
0.0
0.0
0.0
0.0
0.0
0.0
0.0
0.0
0.0
0.0
0.0
0.0
0.0
0.0
0.0
0.0
0.0
0.0
0.0
0.0
0.0
0.0
0.0
0.0
0.0
0.0
0.0
0.0
0.0
0.0
0.0
0.0
0.0
0.0
0.0
0.0
0.0
0.0
0.0
0.25
0.0
0.0
0.0
0.0
0.0
0.0
0.0
0.0
0.25
0.5
0.75
0.0
0.0
0.0
0.0
0.0
0.0
0.0
0.0
0.0
0.0
0.0
0.0
0.0
0.0
0.0
0.0
0.0
0.0
0.0
1.25
0.0
0.0
0.0
0.0
0.0
0.0
0.0
0.0
0.0
0.0
0.0
0.0
0.0
0.0
0.0
0.0
0.0
0.0
0.0
0.0
0.0
0.0
0.0
0.0
0.0
0.0
0.0
0.0
0.0
0.0
0.0
0.0
0.0
0.0
0.0
0.0
0.0
0.25
0.0
0.0
0.0
0.0
0.0
0.0
0.0
0.25
0.0
0.0
0.0
0.0
0.0
0.0
0.0
0.0
0.0
0.0
0.0
0.0
0.75
0.0
3.0
4.0
4.25
3.0
6.75
10.75
5.0
1.0
0.75
0.0
0.0
0.0
0.0
0.0
0.0
0.0
0.0
0.0
0.0
0.0
0.0
0.0
0.0
0.0
0.0
0.0
0.0
0.0
0.0
0.25
1.0
1.75
0.0
0.25
1.5
0.0
0.0
0.0
0.0
0.0
0.0
0.0
0.0
0.0
0.0
0.0
0.0
0.0
0.0
0.0
0.0
0.0
0.0
0.0
0.0
0.0
0.0
0.0
0.0
0.0
0.0
0.0
0.25
0.0
0.0
0.0
0.0
0.0
0.0
0.0
0.0
0.0
0.0
0.0
0.0
0.0
0.0
0.0
0.0
0.0
0.25
1.0
0.0
0.25
0.0
0.0
0.0
0.0
0.0
0.0
0.0
0.0
0.0
0.0
0.0
0.0
0.0
0.0
1.5
4.75
5.75
4.25
3.25
3.0
5.0
5.25
1.25
1.0
0.0
0.0
0.25
0.0
0.0
0.0
0.0
0.0
0.0
0.0
0.0
0.0
0.0
0.25
1.0
0.0
0.0
0.0
0.0
0.0
0.75
1.25
1.25
1.5
0.0
0.0
0.0
0.0
0.0
0.0
0.0
0.0
0.0
0.0
0.0
0.0
0.0
0.0
0.0
0.0
0.0
0.0
0.0
0.0
0.0
0.0
0.0
0.0
0.0
0.0
0.0
0.0
0.0
0.0
0.0
0.0
0.0
0.0
0.0
0.0
0.0
0.0
0.0
0.0
0.0
0.0
0.0
0.0
0.0
0.0
0.0
0.0
0.0
0.0
0.0
0.0
0.0
0.0
0.0
0.0
0.0
0.0
0.0
0.0
0.0
0.0
0.0
0.0
0.0
0.0
0.0
0.0
0.0
0.0
0.0
0.0
0.0
0.0
0.0
0.0
0.0
0.0
0.0
0.0
0.0
0.0
0.0
0.0
0.5
0.0
0.0
0.0
0.0
0.0
0.0
0.0
0.0
0.0
0.0
0.0
0.0
0.0
0.0
0.75
1.5
0.25
0.0
0.0
0.0
0.0
1.0
1.0
0.75
0.0
0.0
0.0
0.0
0.0
0.25
0.0
0.0
0.0
0.0
0.0
0.0
0.0
0.0
0.0
0.0
0.0
0.0
0.0
0.0
0.0
0.0
0.0
0.0
0.0
0.0
0.0
0.0
0.0
0.0
0.0
0.0
0.0
0.25
0.0
0.0
0.0
0.25
0.0
0.0
0.0
0.0
0.0
0.0
0.0
0.0
0.0
0.0
0.0
0.0
0.0
0.0
0.0
0.0
0.0
0.0
0.0
0.0
0.0
0.0
0.0
0.5
0.0
0.0
0.0
0.0
0.0
0.0
0.0
0.0
0.0
0.0
0.0
0.0
0.0
0.0
1.75
4.5
4.25
3.25
0.0
0.0
0.0
0.0
0.0
0.0
0.0
0.0
0.0
0.0
0.0
0.0
0.0
0.0
0.0
0.0
0.0
0.0
1.25
2.5
3.25
0.0
0.0
0.0
0.0
0.0
0.0
0.0
0.0
0.0
0.0
0.0
0.0
0.0
0.0
0.0
0.0
0.0
0.25
1.25
1.25
0.0
0.0
0.0
0.0
0.0
0.25
3.75
1.25
0.0
0.0
0.0
0.0
0.0
0.0
0.0
0.0
0.0
0.0
0.0
0.0
0.0
0.0
0.0
0.0
1.25
1.25
0.0
0.0
0.0
0.0
0.0
0.0
0.0
0.0
0.0
0.0
0.0
0.0
0.0
2.0
1.0
0.0
0.0
0.25
1.5
0.5
0.0
0.0
0.0
0.0
0.0
0.0
0.0
0.0
0.0
0.0
0.5
0.0
0.0
0.0
0.0
0.0
0.0
0.0
0.0
0.0
0.0
0.0
0.0
0.5
1.75
1.25
0.0
0.0
0.0
0.0
0.0
0.0
0.0
0.0
0.0
0.0
0.0
0.0
0.0
0.0
0.0
0.0
0.0
0.0
0.0
0.0
0.0
0.0
0.0
0.0
0.0
0.0
0.0
0.0
0.0
0.0
0.0
0.0
0.0
0.0
0.0
0.0
0.0
0.0
0.0
0.0
0.0
0.0
0.0
0.0
0.0
0.0
0.0
0.0
0.25
0.0
0.0
0.0
0.0
0.0
0.0
0.0
0.0
0.0
0.0
0.0
0.0
0.0
0.0
0.25
0.0
0.0
0.0
0.0
0.0
0.0
0.0
1.0
7.0
1.25
0.0
0.0
0.0
0.0
0.0
0.0
0.0
0.0
0.0
0.0
0.0
0.0
0.0
0.0
0.0
0.0
0.0
0.0
0.0
0.0
0.0
0.0
0.0
0.0
0.0
0.0
0.0
0.0
0.0
0.0
0.0
0.0
0.0
0.0
0.0
0.0
0.0
0.0
0.0
0.0
0.0
0.0
0.0
0.0
0.0
0.0
0.0
0.0
0.0
0.0
0.0
0.0
0.0
0.0
0.0
0.0
0.0
0.0
0.0
0.0
0.0
0.0
0.0
0.5
0.0
0.0
0.0
0.0
0.0
0.0
0.0
0.0
0.0
0.5
0.0
0.0
0.0
0.0
0.75
0.0
0.0
0.0
0.0
0.0
0.0
0.0
0.0
0.0
0.0
0.0
0.0
0.0
0.0
0.0
0.0
0.0
0.0
0.0
0.0
0.0
0.0
0.0
0.0
0.0
0.0
0.0
0.0
0.0
0.0
0.0
0.0
0.0
0.0
0.0
0.0
0.0
0.0
0.0
0.0
0.0
0.0
0.0
0.0
0.0
0.0
0.0
0.0
0.0
0.0
0.0
0.0
0.0
0.0
0.0
0.0
0.0
0.0
0.0
0.0
0.0
0.0
0.0
0.0
0.0
0.0
0.0
0.0
0.0
0.0
0.0
0.0
0.0
0.0
0.25
0.0
0.0
0.0
0.0
0.0
0.0
0.0
0.0
0.0
0.0
0.0
0.0
0.0
0.0
0.0
0.0
0.0
0.0
0.0
0.0
0.0
0.0
0.0
0.0
0.0
0.0
0.0
0.0
0.0
0.0
0.0
0.0
0.0
0.0
0.0
0.0
0.0
0.0
0.0
0.0
0.0
0.0
0.0
0.0
0.0
0.0
0.0
0.0
0.0
0.0
0.0
0.0
0.0
0.0
0.0
0.0
0.0
0.0
0.0
0.0
0.25
0.25
0.0
0.0
0.0
0.0
0.0
0.0
0.0
0.0
0.0
0.0
0.25
0.0
0.0
0.0
0.25
0.0
0.0
0.25
0.75
0.0
0.0
0.0
0.0
0.0
0.0
0.0
0.0
0.0
0.0
0.0
0.0
0.0
0.0
0.0
0.0
0.0
0.0
0.0
0.0
0.0
0.0
0.0
0.0
0.0
0.0
0.0
0.0
0.0
0.0
0.0
0.0
0.0
0.0
0.0
0.0
0.0
0.0
0.0
0.0
0.0
0.0
0.0
0.0
1.25
0.0
0.0
0.0
0.0
0.0
0.0
0.0
0.0
0.0
0.0
0.75
0.25
0.0
0.0
0.0
0.0
0.5
2.0
1.75
0.0
0.0
0.0
0.0
0.0
0.0
0.0
0.0
0.0
0.0
0.0
0.0
0.0
0.0
0.0
0.0
0.0
0.0
0.0
0.0
0.0
0.0
0.0
0.0
0.0
0.0
0.0
0.0
0.0
0.0
0.0
0.0
0.0
0.0
0.0
0.0
0.0
0.0
0.0
0.0
0.0
0.0
0.0
0.0
0.25
0.0
0.0
0.0
0.0
0.0
0.0
0.0
0.0
0.0
0.0
0.0
0.0
0.0
0.25
0.0
0.0
0.0
0.0
0.0
0.0
0.0
0.0
0.0
0.0
1.0
0.0
0.0
0.0
0.0
0.0
0.0
0.0
0.0
0.0
0.0
0.0
0.0
0.0
0.0
0.25
0.0
0.0
0.0
0.0
0.0
0.0
0.0
0.0
0.0
0.0
0.0
0.0
0.0
0.0
0.0
0.0
0.0
0.0
0.0
0.0
0.0
0.0
0.0
0.0
0.0
0.0
0.0
0.0
0.0
0.0
0.0
0.0
0.0
0.0
0.0
0.0
0.0
0.0
0.0
0.0
0.0
0.0
0.0
0.0
0.0
0.0
0.0
0.0
0.0
0.0
0.0
0.0
0.0
0.0
0.0
0.0
0.0
0.0
0.0
0.0
0.0
0.0
0.0
0.0
0.0
0.0
0.75
0.0
0.0
0.0
0.0
0.0
0.0
0.0
0.0
0.0
0.0
0.0
0.0
0.0
0.0
0.0
0.0
0.0
0.0
0.0
0.0
0.0
0.0
0.0
0.0
0.0
0.0
0.0
0.0
0.0
0.0
0.0
0.0
2.5
5.0
4.25
5.5
6.25
1.75
0.0
0.0
0.0
1.25
3.5
2.0
3.0
3.25
6.0
4.0
1.25
1.5
1.75
1.75
6.0
3.25
0.0
0.0
0.0
0.0
0.0
0.0
0.0
0.0
0.0
0.0
0.0
0.0
0.0
0.0
0.0
0.0
0.0
0.0
0.0
0.0
0.0
0.0
0.0
0.0
0.0
0.0
0.0
0.0
0.0
0.0
0.0
0.0
0.0
0.0
0.0
0.0
0.0
0.0
0.0
0.0
0.0
0.0
0.0
0.0
0.0
0.0
0.0
0.0
0.0
0.0
0.0
0.0
0.0
0.0
0.0
0.0
0.0
0.0
0.0
0.0
0.0
0.0
0.0
0.0
0.0
0.0
0.0
0.0
0.0
0.0
0.0
0.0
0.0
0.0
0.0
0.0
0.0
0.0
0.0
0.0
0.0
0.0
0.0
0.0
0.0
0.0
0.0
0.0
0.0
0.0
0.0
0.0
0.0
0.0
0.0
0.0
0.0
0.0
0.0
0.0
0.0
0.0
0.0
0.0
0.0
0.0
0.0
0.0
0.0
0.25
0.0
0.0
0.0
0.0
0.0
0.0
0.0
0.0
0.0
0.0
0.0
0.0
0.0
0.0
0.0
0.0
0.0
0.0
0.0
0.0
0.0
0.0
0.0
0.0
0.0
0.0
0.0
0.0
0.0
0.0
0.0
0.0
0.0
0.0
0.0
0.0
0.0
0.0
0.0
0.0
0.0
0.0
0.0
0.0
0.0
0.0
0.0
0.0
0.0
0.0
0.25
0.25
0.0
0.0
0.0
0.0
0.0
0.0
0.0
0.0
0.0
0.0
0.0
0.0
0.0
0.0
0.0
0.5
0.0
0.0
0.0
0.0
0.0
0.0
0.0
0.0
0.0
0.0
0.0
0.0
0.0
0.0
0.0
0.0
0.0
0.0
0.0
0.0
0.0
0.0
0.0
0.0
0.0
0.0
0.0
0.0
0.0
0.0
0.0
0.0
0.0
0.0
0.0
0.0
0.0
0.0
0.0
0.0
0.0
0.0
0.0
0.0
0.0
0.0
0.0
0.0
0.0
0.0
0.0
0.0
0.0
0.0
0.0
0.0
0.0
0.0
0.0
0.0
0.0
0.0
0.25
0.25
0.0
0.0
0.0
0.0
0.0
0.0
0.0
0.0
0.0
0.0
0.0
0.0
0.0
0.0
0.0
0.0
0.0
0.0
0.0
0.0
0.0
0.0
0.0
0.0
0.0
0.0
0.0
0.0
0.0
1.0
1.25
0.0
0.0
0.0
0.0
0.0
0.0
0.0
0.0
0.0
0.0
0.0
0.0
0.0
0.0
0.0
0.0
0.0
0.0
0.0
0.0
0.0
0.0
0.0
0.0
0.0
0.0
0.0
0.0
0.0
0.0
0.0
0.25
0.0
0.0
0.0
0.0
0.0
0.0
0.0
0.0
0.25
0.0
0.0
0.0
0.0
0.0
0.0
0.0
0.0
0.0
0.0
0.0
0.0
0.0
0.0
0.0
0.0
0.0
0.0
0.0
0.0
0.0
0.0
1.25
0.5
0.0
0.0
0.0
0.0
0.0
0.0
0.0
0.0
0.0
0.0
0.0
0.0
0.0
0.0
0.0
0.0
0.0
0.0
0.25
0.75
0.0
0.0
0.0
0.0
0.0
0.0
0.0
0.0
0.0
0.0
0.0
0.0
0.0
0.0
0.0
0.0
0.0
0.0
0.0
1.0
0.0
0.0
0.0
0.0
0.0
0.0
0.0
0.0
0.0
0.0
0.0
0.0
0.0
0.0
0.0
0.0
0.0
0.0
0.0
0.0
0.0
0.0
0.0
0.0
0.0
0.0
2.75
1.0
0.0
0.0
0.0
0.0
0.0
0.0
0.0
0.0
0.0
0.0
0.0
0.0
0.0
0.0
0.0
0.0
0.0
0.0
0.0
0.0
0.0
0.0
0.0
0.0
0.0
0.0
0.0
0.0
0.0
0.0
0.0
0.0
0.0
0.0
0.0
0.0
0.0
0.0
0.0
0.0
0.0
0.0
0.0
0.0
0.0
0.0
0.0
0.0
0.25
2.5
1.5
0.0
0.0
0.0
0.0
0.0
0.0
0.0
0.25
0.0
0.0
1.5
1.25
0.0
0.0
0.0
0.0
0.0
0.0
0.0
0.0
0.0
0.0
0.0
0.0
0.0
0.0
0.0
0.0
0.0
0.0
0.0
0.0
0.0
0.0
0.0
0.0
0.0
0.0
0.0
0.0
0.0
0.0
0.0
0.0
0.0
0.0
0.0
0.0
3.0
1.25
0.0
0.0
0.0
0.0
0.0
0.0
0.0
0.25
0.25
0.0
0.0
0.0
0.0
0.0
0.0
0.0
0.0
0.0
0.0
0.0
0.0
0.0
0.0
0.0
0.0
0.0
0.0
0.0
0.0
0.0
0.0
0.0
0.0
0.0
0.0
0.0
0.0
0.0
0.0
0.0
0.0
0.0
0.0
0.0
0.0
0.0
0.0
0.0
0.0
0.0
0.0
0.0
0.0
0.0
0.0
0.0
0.0
0.0
0.0
0.0
0.0
0.0
0.0
0.0
0.0
0.0
0.0
0.0
0.0
0.0
0.0
0.0
0.0
0.0
0.0
0.0
0.0
0.0
0.0
0.0
0.0
0.0
0.0
0.0
0.0
0.0
0.0
0.0
0.0
0.0
0.0
0.25
0.0
0.25
0.0
0.0
0.0
0.0
0.0
0.0
0.0
0.0
0.0
0.0
0.0
0.0
0.0
0.0
0.0
0.0
0.0
0.0
0.0
0.0
0.0
0.0
0.0
0.0
0.0
0.0
0.0
0.0
0.0
0.0
0.0
0.0
0.0
0.0
0.25
0.0
0.0
0.0
0.0
0.0
0.0
0.0
0.0
0.0
0.0
0.0
0.0
0.0
0.0
0.0
0.0
0.0
0.25
0.0
0.25
0.0
0.0
0.0
0.0
0.0
0.0
0.0
0.0
0.0
0.0
0.0
0.0
0.0
0.0
0.0
0.0
0.0
0.0
0.0
0.0
0.0
0.0
0.0
0.0
0.0
0.0
0.0
0.0
0.0
0.0
0.0
0.0
0.0
0.0
0.0
0.0
0.0
0.0
0.0
0.0
0.0
0.0
0.0
0.5
1.25
0.0
0.0
0.0
0.0
0.0
0.0
0.0
0.0
0.0
0.0
0.0
0.0
0.0
0.0
0.0
0.0
0.0
0.0
0.0
0.0
0.0
0.0
0.0
0.0
0.0
0.0
0.0
0.0
0.0
0.0
0.0
0.0
0.0
0.0
0.0
0.0
0.0
0.0
0.0
0.0
0.0
0.0
0.0
0.0
0.0
0.0
0.0
0.0
0.0
0.0
0.0
0.0
0.0
0.0
0.0
0.0
0.0
0.0
0.0
0.0
0.0
0.0
0.0
0.0
0.0
0.0
0.0
0.0
0.0
0.0
0.0
0.0
0.0
0.25
0.0
0.0
0.0
0.0
0.0
0.0
0.0
0.0
0.0
0.0
0.0
0.0
0.0
0.0
0.0
0.0
0.0
0.0
0.0
0.0
0.0
0.0
0.0
0.0
0.0
0.0
0.0
0.0
0.0
0.0
0.0
0.0
0.0
0.0
0.0
0.0
0.0
0.0
0.0
0.0
0.0
0.0
0.0
0.0
0.0
0.0
0.0
0.0
0.0
0.0
0.0
0.0
0.0
0.25
0.0
0.0
0.0
0.0
0.0
0.0
0.0
0.0
0.0
0.0
0.0
0.0
0.0
0.0
0.0
0.0
0.0
0.0
0.25
0.0
0.0
0.0
0.0
0.0
0.0
0.0
0.0
0.0
0.0
0.0
0.0
0.0
0.0
0.0
0.0
0.0
0.0
0.0
0.0
0.0
0.0
0.0
0.0
0.0
0.0
0.0
0.0
0.0
0.0
0.0
0.0
0.0
0.0
0.0
0.0
0.0
0.0
0.0
0.0
0.0
0.0
0.0
0.0
0.0
0.0
0.0
0.0
0.0
0.0
0.0
0.0
0.0
0.0
0.0
0.0
0.0
0.0
0.0
0.0
0.0
0.0
0.0
0.0
0.0
0.0
0.0
0.0
0.0
0.0
0.0
0.0
0.0
0.0
0.0
0.0
0.0
0.0
0.0
0.0
0.0
0.0
1.5
1.5
0.0
0.0
0.0
0.0
0.0
0.0
0.0
0.0
0.0
0.0
0.0
0.0
0.0
0.0
0.0
0.0
0.0
0.0
0.0
0.0
0.0
0.0
0.0
0.0
0.0
0.0
0.0
0.0
0.0
0.0
0.0
0.0
0.0
0.0
0.0
0.0
0.0
1.0
0.25
0.0
0.0
0.0
0.0
0.0
0.0
0.0
0.0
0.0
0.0
0.0
0.0
0.0
0.0
0.0
0.0
0.0
0.0
0.0
0.0
0.0
0.0
0.0
0.0
0.0
0.0
0.0
0.0
0.0
0.0
0.0
0.0
0.0
0.0
0.0
0.0
0.0
0.0
0.0
0.0
0.0
0.0
0.0
0.0
0.0
0.0
0.0
0.0
0.0
0.0
0.0
0.0
0.0
0.0
1.25
1.25
0.25
0.0
0.0
0.0
0.0
0.0
0.0
0.0
0.75
0.0
0.0
0.0
0.0
0.0
0.0
0.0
0.0
0.0
0.0
0.0
0.0
0.0
0.0
0.0
0.0
0.0
0.0
0.0
0.0
0.0
0.0
0.0
0.0
0.0
0.0
0.0
0.0
0.0
0.0
0.0
0.0
0.0
0.0
0.0
0.0
0.0
0.0
0.0
0.0
0.0
0.0
0.25
0.0
0.0
0.0
0.0
0.0
0.0
0.0
0.0
0.0
0.0
0.0
0.0
0.0
0.0
0.0
0.0
0.0
0.0
0.0
0.0
0.0
0.75
0.25
0.0
0.0
0.0
0.0
0.0
0.0
0.0
0.0
0.0
0.0
0.0
0.0
0.0
0.0
0.0
0.0
0.0
0.0
0.0
0.0
0.0
0.0
0.0
0.0
0.0
0.0
0.0
0.0
0.0
0.0
0.0
0.0
0.0
0.0
0.0
0.0
1.25
2.5
0.5
0.0
0.0
0.0
0.0
0.0
0.0
0.0
0.0
0.0
0.0
0.0
0.0
0.0
0.0
0.0
0.0
0.0
0.0
0.0
0.0
0.0
0.0
0.25
0.0
0.0
0.0
0.0
0.0
0.0
0.0
0.0
0.0
0.0
0.0
0.0
0.0
0.0
0.0
0.0
0.0
0.0
0.0

Average_Alpha:
0.23000000000000007
0.23000000199999998
0.23000000599999995
0.23000001000000006
0.23000001400000003
0.23000001799999995
0.23000002199999994
0.23000002600000005
0.23000003000000002
0.23000003399999996
0.23000003799999993
0.23000004200000004
0.23000004599999999
0.23000004999999993
0.23000005299999993
0.23000005700000004
0.230000061
0.23000006499999995
0.23000006899999995
0.23000007300000005
0.23000007699999997
0.23000008099999994
0.2300000849999999
0.230000089
0.230000093
0.23000009699999993
0.23000010099999993
0.230000103
0.23000010599999995
0.23000010999999992
0.2300001139999999
0.230000118
0.23000012199999997
0.23000012599999992
0.23000012999999989
0.230000134
0.23000013799999994
0.23000013799999988
0.2300001289999999
0.23000011
0.23000006899999995
0.23000005199999987
0.23000004399999985
0.23000004799999996
0.23000005099999993
0.23000005399999987
0.23000005799999984
0.23000006099999995
0.23000006499999992
0.2300000689999999
0.23000007299999986
0.23000007699999994
0.2300000809999999
0.23000008499999985
0.23000008099999986
0.23000007199999994
0.2300000689999999
0.23000006899999986
0.23000007299999983
0.23000007699999994
0.2300000809999999
0.23000008499999985
0.23000008799999982
0.23000008399999994
0.23000008799999988
0.23000009199999982
0.23000009599999982
0.23000009999999993
0.2300001039999999
0.23000010799999981
0.2300001119999998
0.2300001159999999
0.23000011999999986
0.2300001239999998
0.2300001279999998
0.23000013199999989
0.23000013599999988
0.23000013999999983
0.2300001439999998
0.2300001479999999
0.23000015199999985
0.2300001559999998
0.23000015999999976
0.2300001639999999
0.23000016799999987
0.23000017199999978
0.23000017599999978
0.2300001799999999
0.23000018399999986
0.23000018799999977
0.23000019199999977
0.23000019599999988
0.23000019999999985
0.23000020399999976
0.23000020799999976
0.23000021199999987
0.23000021599999984
0.23000021599999973
0.23000021899999973
0.23000022299999984
0.23000022699999983
0.23000023099999975
0.23000023499999975
0.23000023899999986
0.23000024299999985
0.23000024599999977
0.23000024499999974
0.23000024899999982
0.23000025299999982
0.2300002569999997
0.2300002609999997
0.23000026499999981
0.2300002689999998
0.2300002719999997
0.2300002759999997
0.2300002799999998
0.2300002839999998
0.23000028799999972
0.23000029199999972
0.23000029599999983
0.23000029999999974
0.23000030399999968
0.23000030799999974
0.2300003119999998
0.23000031599999976
0.2300003199999997
0.2300003239999997
0.2300003279999998
0.23000033199999975
0.2300003359999997
0.2300003399999997
0.23000034399999977
0.23000034699999974
0.2300003509999997
0.23000035499999968
0.23000035899999977
0.23000036299999974
0.23000036699999968
0.23000037099999968
0.23000037499999978
0.23000037899999973
0.23000038299999967
0.23000038699999964
0.23000039099999975
0.23000039499999975
0.23000039899999966
0.23000040299999966
0.23000040699999977
0.2300004109999997
0.23000041499999965
0.23000041699999965
0.23000041299999974
0.2300004109999997
0.23000040499999963
0.23000039699999963
0.23000039099999972
0.2300003949999997
0.23000039899999963
0.23000040299999963
0.2300004069999997
0.2300004109999997
0.23000041499999963
0.23000041899999962
0.23000042299999973
0.23000042699999967
0.23000043099999964
0.23000043499999961
0.2300004389999997
0.23000044299999967
0.2300004469999996
0.2300004509999996
0.23000045499999971
0.23000045899999963
0.2300004629999996
0.2300004669999996
0.23000047099999968
0.23000047499999965
0.2300004789999996
0.2300004829999996
0.23000048699999967
0.23000049099999964
0.2300004949999996
0.23000049899999958
0.2300005029999997
0.23000050699999963
0.2300005109999996
0.23000051499999954
0.23000051899999965
0.23000052299999965
0.23000052699999957
0.23000053099999956
0.23000053499999967
0.23000053899999962
0.23000054299999953
0.23000054699999953
0.23000055099999964
0.23000055499999963
0.23000055899999955
0.23000056299999955
0.23000056699999966
0.2300005709999996
0.23000057499999954
0.23000057899999957
0.23000058299999962
0.2300005869999996
0.23000059099999953
0.23000059499999953
0.2300005989999996
0.2300006029999996
0.23000060699999955
0.23000061099999952
0.2300006149999996
0.23000061799999957
0.23000062199999952
0.2300006259999995
0.2300006299999996
0.23000063399999957
0.23000063799999954
0.2300006419999995
0.2300006459999996
0.23000064999999956
0.2300006529999995
0.2300006549999995
0.23000065599999958
0.23000065999999955
0.2300006639999995
0.23000066799999952
0.23000067199999957
0.23000067599999954
0.23000067999999949
0.23000068399999948
0.23000068799999956
0.23000069199999956
0.2300006959999995
0.23000069999999948
0.23000070399999956
0.23000070799999953
0.23000071199999944
0.23000071599999944
0.23000071999999955
0.23000072399999955
0.23000072799999946
0.23000073199999946
0.23000073099999954
0.2300007349999995
0.23000073899999948
0.23000074299999942
0.23000074699999953
0.23000075099999953
0.23000075499999945
0.23000075899999944
0.23000076299999953
0.2300007669999995
0.2300007709999994
0.2300007749999994
0.23000077899999952
0.23000078299999951
0.23000078699999943
0.23000079099999943
0.23000079499999954
0.23000079899999948
0.23000080299999942
0.23000080699999942
0.2300008109999995
0.23000081499999947
0.2300008189999994
0.2300008229999994
0.23000082699999946
0.23000083099999946
0.2300008349999994
0.23000083899999943
0.23000084299999948
0.23000084699999945
0.2300008509999994
0.23000085499999937
0.23000085899999947
0.23000086299999947
0.23000086699999941
0.23000087099999939
0.23000087499999947
0.23000087899999944
0.23000088199999935
0.23000088599999938
0.23000088999999946
0.23000089399999946
0.23000089799999937
0.23000090199999937
0.23000090599999945
0.23000090999999942
0.23000091299999936
0.23000091699999933
0.23000092099999944
0.23000092499999944
0.23000092899999935
0.23000093299999935
0.23000093699999946
0.2300009409999994
0.23000094499999937
0.23000094899999934
0.23000095299999943
0.2300009569999994
0.23000096099999934
0.23000096199999934
0.23000096599999945
0.2300009579999994
0.23000094599999932
0.23000093299999935
0.23000092499999944
0.23000090199999937
0.2300008629999993
0.23000084699999934
0.2300008469999994
0.23000084799999937
0.2300008519999993
0.2300008559999993
0.2300008599999994
0.23000086399999936
0.23000086799999928
0.2300008719999993
0.23000087599999938
0.23000087999999935
0.2300008839999993
0.2300008879999993
0.2300008919999994
0.23000089599999932
0.23000089999999926
0.2300009039999993
0.23000090799999937
0.23000091199999934
0.23000091599999928
0.23000091999999928
0.23000092399999938
0.2300009279999993
0.23000093099999927
0.23000093099999927
0.23000092799999933
0.2300009319999993
0.23000093499999927
0.23000093299999927
0.23000093699999935
0.2300009409999993
0.23000094499999926
0.23000094899999926
0.23000095299999931
0.23000095699999928
0.23000096099999923
0.23000096499999928
0.2300009689999993
0.2300009729999993
0.23000097699999925
0.23000098099999922
0.23000098499999932
0.23000098899999927
0.2300009929999992
0.23000099699999924
0.2300010009999993
0.2300010049999993
0.2300010089999992
0.2300010129999992
0.23000101699999928
0.23000102099999928
0.2300010249999992
0.23000102899999922
0.2300010329999993
0.23000103699999927
0.23000104099999918
0.2300010439999992
0.2300010479999993
0.23000105199999926
0.23000105599999918
0.2300010599999992
0.23000106399999926
0.23000106799999923
0.23000107199999917
0.23000107599999922
0.23000107999999927
0.23000108399999925
0.2300010879999992
0.23000109199999919
0.23000109599999924
0.2300010999999992
0.23000110399999918
0.23000110799999918
0.23000111199999923
0.2300011149999992
0.23000111499999915
0.23000111899999917
0.23000112199999923
0.2300011259999992
0.23000112999999914
0.2300011339999992
0.23000113799999922
0.23000114199999921
0.23000114599999916
0.23000114999999915
0.23000115399999918
0.23000115799999918
0.23000116199999912
0.23000116599999915
0.2300011699999992
0.2300011739999992
0.23000117799999914
0.23000117599999914
0.2300011609999992
0.23000114199999916
0.23000112899999914
0.23000111999999914
0.23000111199999917
0.23000109599999916
0.23000107899999908
0.2300010779999991
0.23000107799999922
0.23000108199999914
0.2300010859999991
0.2300010889999991
0.23000109299999918
0.23000109699999913
0.2300011009999991
0.23000110499999912
0.23000110899999915
0.23000111299999912
0.2300011169999991
0.23000112099999911
0.23000112499999914
0.2300011289999991
0.23000113199999908
0.23000113199999908
0.23000113599999916
0.2300011399999991
0.23000114399999905
0.2300011479999991
0.23000115199999913
0.23000115299999913
0.23000115199999904
0.23000115099999904
0.23000114899999913
0.23000115299999907
0.23000115699999907
0.23000116099999907
0.2300011649999991
0.23000116899999906
0.23000117299999906
0.23000117699999906
0.2300011809999991
0.23000118499999908
0.23000118899999905
0.23000119299999902
0.23000119699999907
0.23000120099999907
0.23000120499999901
0.23000120899999904
0.2300012129999991
0.23000121699999906
0.23000122099999903
0.23000122499999903
0.23000122899999909
0.23000123299999906
0.230001236999999
0.23000124099999902
0.23000124499999908
0.23000124899999905
0.230001252999999
0.23000125699999902
0.23000126099999907
0.230001264999999
0.23000126899999898
0.230001272999999
0.23000127699999906
0.23000128099999903
0.23000128499999897
0.23000128899999903
0.23000129299999908
0.230001296999999
0.230001300999999
0.230001304999999
0.23000130899999902
0.230001312999999
0.23000131699999896
0.23000132099999895
0.23000132499999904
0.230001328999999
0.23000133299999898
0.23000133699999895
0.230001340999999
0.230001344999999
0.23000134899999897
0.23000135299999896
0.23000135699999902
0.230001360999999
0.23000136499999893
0.23000136899999893
0.23000137299999904
0.23000137699999898
0.23000138099999892
0.23000138499999895
0.230001388999999
0.23000139299999897
0.2300013969999989
0.23000140099999894
0.230001404999999
0.23000140899999894
0.23000141299999893
0.23000141699999893
0.23000142099999896
0.23000142499999893
0.23000142899999892
0.23000143299999892
0.23000143699999898
0.23000144099999895
0.23000144499999892
0.2300014489999989
0.23000145299999894
0.23000145699999894
0.23000146099999888
0.2300014649999989
0.23000146899999896
0.23000147299999893
0.2300014769999989
0.2300014809999989
0.23000148499999895
0.23000148699999892
0.23000149099999884
0.2300014949999989
0.23000149899999894
0.2300015029999989
0.23000150699999886
0.23000151099999888
0.23000151499999894
0.2300015189999989
0.23000152299999885
0.23000152699999887
0.23000153099999893
0.23000153499999887
0.23000153899999884
0.23000154299999886
0.23000154399999895
0.2300015419999989
0.23000154499999884
0.23000154899999886
0.23000155299999892
0.23000155699999886
0.23000156099999886
0.23000156099999886
0.2300015609999989
0.23000156199999888
0.23000156599999882
0.23000156999999882
0.2300015739999989
0.23000157799999885
0.23000158199999882
0.23000158499999884
0.2300015889999989
0.23000159299999884
0.2300015969999988
0.2300016009999988
0.23000160499999892
0.23000160899999883
0.23000161299999883
0.23000161699999883
0.23000162099999885
0.23000162499999885
0.2300016289999988
0.23000163299999882
0.23000163699999887
0.2300016409999988
0.23000164499999878
0.2300016489999988
0.23000165299999883
0.23000165699999883
0.23000166099999877
0.23000166499999877
0.23000166899999885
0.2300016729999988
0.23000167699999877
0.23000168099999876
0.23000168499999887
0.23000168899999882
0.23000169299999873
0.23000169599999878
0.23000169999999884
0.23000170399999878
0.23000170799999875
0.23000171099999875
0.2300017149999988
0.2300017189999988
0.23000172299999871
0.23000172699999874
0.23000173099999882
0.23000173499999876
0.23000173899999873
0.23000174299999876
0.2300017469999988
0.23000175099999876
0.23000175499999873
0.23000175899999875
0.23000176299999878
0.23000176699999877
0.23000177099999872
0.23000177499999874
0.2300017789999988
0.23000178299999874
0.2300017869999987
0.2300017909999987
0.23000179499999876
0.23000179899999876
0.2300018029999987
0.2300018049999987
0.23000180899999878
0.23000181299999872
0.2300018169999987
0.2300018209999987
0.23000182499999874
0.23000182899999874
0.23000183299999866
0.23000183699999868
0.23000184099999876
0.23000184499999873
0.23000184899999868
0.23000185299999867
0.23000185699999875
0.23000186099999873
0.23000185799999867
0.2300018439999987
0.23000183099999874
0.2300018219999987
0.23000182599999863
0.23000182999999869
0.2300018339999987
0.23000183799999868
0.23000184199999865
0.23000184599999868
0.2300018499999987
0.23000185399999867
0.23000185799999862
0.23000186199999864
0.2300018659999987
0.23000186999999866
0.23000187399999864
0.23000187799999866
0.23000188199999871
0.23000188599999866
0.2300018899999986
0.23000189399999862
0.23000189299999868
0.23000188699999866
0.2300018779999986
0.23000188199999863
0.23000188599999868
0.23000188999999863
0.23000189399999862
0.23000189799999862
0.23000190199999868
0.23000190599999862
0.2300019099999986
0.23000191399999861
0.23000191799999864
0.23000192199999864
0.23000192599999858
0.2300019299999986
0.23000193399999866
0.23000193799999863
0.23000194199999857
0.23000194599999862
0.23000194899999865
0.2300019479999986
0.23000194699999854
0.23000195099999857
0.23000195499999865
0.23000195899999862
0.23000196299999856
0.23000196699999859
0.23000196999999864
0.2300019589999986
0.23000195799999856
0.23000196199999856
0.23000196599999861
0.23000196999999858
0.23000197399999853
0.23000197799999855
0.23000198199999858
0.23000198599999858
0.23000198999999855
0.23000199399999854
0.2300019979999986
0.23000200199999857
0.2300020059999985
0.23000200999999854
0.2300020139999986
0.23000201799999853
0.23000202199999853
0.23000202099999853
0.23000201999999859
0.23000202399999856
0.23000202799999853
0.23000203199999852
0.23000203599999858
0.23000203999999855
0.23000204399999852
0.23000204799999852
0.23000205199999857
0.23000205599999854
0.23000205999999848
0.23000206399999854
0.23000206799999856
0.23000207199999853
0.23000206799999848
0.2300020679999985
0.23000207199999856
0.2300020759999985
0.23000207899999847
0.2300020769999985
0.23000207899999855
0.2300020829999985
0.2300020869999985
0.23000209099999847
0.23000209499999852
0.23000209899999852
0.23000210299999843
0.23000210699999848
0.23000211099999854
0.23000211499999848
0.23000211899999845
0.23000212099999848
0.2300021249999985
0.2300021289999985
0.23000213299999842
0.23000213699999847
0.23000214099999852
0.23000214499999846
0.23000214899999843
0.23000215299999846
0.2300021569999985
0.23000216099999846
0.23000216499999843
0.23000216899999845
0.2300021709999985
0.23000216799999845
0.2300021669999984
0.23000217099999845
0.23000217499999848
0.23000217899999845
0.23000218299999842
0.23000218699999844
0.23000219099999847
0.23000219499999847
0.2300021989999984
0.2300022029999984
0.23000220699999846
0.23000221099999843
0.2300022149999984
0.23000221899999843
0.23000222299999845
0.23000222699999842
0.23000223099999836
0.2300022349999984
0.23000223899999844
0.23000224299999844
0.23000224699999836
0.2300022509999984
0.23000225499999846
0.2300022589999984
0.23000226299999837
0.2300022669999984
0.23000227099999843
0.2300022749999984
0.23000227899999837
0.2300022829999984
0.23000228699999845
0.2300022909999984
0.23000229499999833
0.2300022989999984
0.2300023029999984
0.23000230699999838
0.23000231099999832
0.23000231499999838
0.2300023189999984
0.2300023229999984
0.23000232699999834
0.23000233099999837
0.23000233499999836
0.23000233899999836
0.23000234299999833
0.23000234699999833
0.23000235099999838
0.23000235499999838
0.2300023589999983
0.23000236199999835
0.23000236599999838
0.23000236999999837
0.2300023739999983
0.23000237799999831
0.23000238199999837
0.23000238599999837
0.23000238999999828
0.23000239399999833
0.23000239799999836
0.2300024019999983
0.2300024059999983
0.2300024099999983
0.23000241399999835
0.23000241799999832
0.23000242099999826
0.23000242499999832
0.23000242899999837
0.23000243299999829
0.23000243699999828
0.2300024409999983
0.23000244499999833
0.2300024489999983
0.23000244899999828
0.2300024249999983
0.23000242399999835
0.23000242799999832
0.23000243199999823
0.23000243599999828
0.23000243999999834
0.23000244399999825
0.23000244799999825
0.23000245199999828
0.2300024559999983
0.23000245999999827
0.2300024639999982
0.23000246799999827
0.2300024719999983
0.23000247599999826
0.23000247999999823
0.23000248399999826
0.2300024879999983
0.23000249199999825
0.23000249599999822
0.23000249999999822
0.23000250399999828
0.23000250799999825
0.23000251199999822
0.23000251599999824
0.23000251999999827
0.23000252399999824
0.23000252799999824
0.2300025319999982
0.23000253599999826
0.23000253999999826
0.23000254399999817
0.23000254799999822
0.23000255199999828
0.23000255599999825
0.2300025599999982
0.23000256399999822
0.23000256799999827
0.2300025719999982
0.23000257599999818
0.2300025799999982
0.23000258399999826
0.2300025879999982
0.23000259199999817
0.2300025959999982
0.23000259999999823
0.2300026039999982
0.23000260799999817
0.2300026119999982
0.23000261599999822
0.23000261999999821
0.23000262399999816
0.2300026279999982
0.23000263199999824
0.23000263599999818
0.23000263999999815
0.23000264399999815
0.2300026479999982
0.23000265199999817
0.2300026559999981
0.23000265999999814
0.23000266399999822
0.23000266799999816
0.2300026719999981
0.23000267599999816
0.2300026779999982
0.23000268199999818
0.2300026859999981
0.23000268999999815
0.2300026939999982
0.23000269799999815
0.23000270199999812
0.2300027059999981
0.23000270999999817
0.23000271399999814
0.23000271599999808
0.23000271999999813
0.2300027239999982
0.23000272799999813
0.23000273199999807
0.23000273299999813
0.23000273699999818
0.23000274099999815
0.23000274499999807
0.23000274899999812
0.23000275299999817
0.23000275699999811
0.23000276099999808
0.23000276499999808
0.23000276899999816
0.2300027729999981
0.23000277699999805
0.2300027809999981
0.23000278499999813
0.2300027889999981
0.23000279299999807
0.23000279699999812
0.23000280099999815
0.2300028049999981
0.23000280899999806
0.23000281299999809
0.2300028169999981
0.23000282099999808
0.23000282499999805
0.23000282899999805
0.23000283299999813
0.23000283699999807
0.23000284099999802
0.23000284499999804
0.2300028489999981
0.2300028529999981
0.230002856999998
0.23000286099999806
0.2300028649999981
0.23000286899999806
0.23000287299999803
0.23000287699999808
0.23000288099999808
0.23000288499999805
0.230002888999998
0.23000289299999804
0.2300028969999981
0.23000290099999804
0.23000290499999798
0.23000290899999803
0.23000291299999806
0.23000291699999803
0.230002920999998
0.23000292499999803
0.23000292899999805
0.23000293299999802
0.230002936999998
0.23000294099999802
0.23000294499999804
0.230002948999998
0.23000295299999798
0.23000295699999798
0.23000296099999804
0.23000296499999803
0.23000296899999795
0.230002972999998
0.23000297699999805
0.230002980999998
0.23000298499999794
0.230002988999998
0.23000299299999805
0.23000299699999802
0.23000300099999793
0.23000300499999798
0.23000300899999804
0.23000301299999798
0.23000301699999795
0.23000302099999795
0.23000302499999803
0.23000302899999797
0.23000303199999791
0.23000303599999797
0.23000303999999802
0.23000304399999794
0.23000304799999793
0.23000305199999796
0.230003055999998
0.23000305999999796
0.23000306399999793
0.23000306799999795
0.23000307199999798
0.23000307599999795
0.23000307999999792
0.23000308399999791
0.230003087999998
0.23000309199999794
0.2300030959999979
0.2300030999999979
0.23000310399999796
0.23000310799999793
0.23000311199999787
0.23000311599999793
0.23000311999999798
0.23000312399999792
0.2300031279999979
0.23000313199999792
0.23000313599999794
0.23000313999999794
0.23000314399999786
0.2300031479999979
0.23000315199999796
0.2300031559999979
0.23000315999999785
0.2300031639999979
0.23000316799999795
0.2300031719999979
0.23000317599999787
0.2300031799999979
0.23000318399999792
0.2300031879999979
0.23000319199999786
0.2300031959999979
0.2300031999999979
0.23000320399999788
0.23000320799999785
0.23000321199999785
0.2300032159999979
0.2300032199999979
0.23000322399999784
0.23000322799999787
0.23000323199999792
0.23000323599999786
0.2300032399999978
0.23000324399999783
0.2300032479999979
0.23000325199999788
0.2300032559999978
0.23000325999999785
0.2300032639999979
0.23000326799999787
0.23000327199999782
0.23000327499999781
0.2300032779999979
0.23000328199999787
0.23000328599999778
0.23000328999999783
0.2300032939999979
0.2300032979999978
0.2300033019999978
0.2300033059999978
0.23000330999999788
0.23000331399999782
0.2300033179999978
0.23000332099999782
0.23000332499999787
0.2300033289999978
0.23000333299999778
0.2300033359999978
0.23000333999999784
0.2300033439999978
0.23000334699999778
0.2300033479999978
0.23000335199999786
0.23000335599999777
0.23000335999999777
0.23000336399999777
0.2300033679999978
0.2300033719999978
0.23000337599999776
0.2300033799999978
0.2300033839999978
0.2300033879999978
0.23000339199999775
0.23000339599999775
0.2300033999999978
0.23000340399999777
0.23000340799999774
0.23000341199999774
0.2300034159999978
0.23000341999999777
0.2300034239999977
0.23000342799999773
0.2300034319999978
0.23000343599999776
0.23000343999999773
0.23000344399999773
0.23000344799999778
0.23000345199999778
0.2300034559999977
0.23000345999999774
0.2300034639999978
0.2300034679999977
0.2300034719999977
0.23000347599999774
0.23000347999999776
0.23000348399999773
0.2300034879999977
0.2300034919999977
0.23000349599999775
0.23000349999999772
0.2300035039999977
0.23000350799999772
0.23000351199999772
0.23000351599999772
0.23000351999999766
0.23000352399999768
0.23000352299999777
0.23000352699999768
0.23000353099999768
0.23000353499999768
0.2300035389999977
0.2300035429999977
0.23000354699999764
0.2300035509999977
0.23000355499999772
0.2300035589999977
0.23000356299999766
0.2300035639999977
0.23000356699999774
0.2300035709999977
0.23000357499999763
0.23000357899999768
0.2300035829999977
0.23000358499999765
0.2300035809999976
0.23000357799999768
0.2300035819999977
0.23000358599999765
0.23000358999999765
0.23000359399999765
0.23000359799999767
0.23000360199999767
0.2300036059999976
0.23000360999999764
0.2300036139999977
0.23000361799999766
0.2300036219999976
0.23000362599999763
0.23000362999999768
0.23000363399999763
0.2300036379999976
0.23000364199999762
0.23000364599999767
0.23000364999999764
0.2300036539999976
0.2300036579999976
0.23000366199999767
0.2300036659999976
0.23000366999999758
0.2300036739999976
0.23000367799999766
0.23000368199999763
0.23000368599999757
0.23000368999999762
0.23000369399999765
0.2300036979999976
0.23000370199999756
0.23000370599999762
0.23000370999999764
0.23000371399999758
0.23000371799999758
0.2300037219999976
0.2300037259999976
0.23000372999999757
0.23000373399999757
0.23000373799999754
0.2300037419999976
0.2300037459999976
0.23000374999999754
0.23000375399999756
0.23000375699999762
0.23000376099999756
0.23000376499999756
0.23000376899999755
0.23000377299999758
0.23000377699999758
0.23000378099999752
0.23000378499999755
0.2300037889999976
0.23000379299999757
0.2300037969999975
0.23000380099999754
0.2300038049999976
0.23000380899999753
0.2300038119999975
0.23000381599999753
0.23000381999999758
0.23000382399999753
0.2300038279999975
0.23000383199999755
0.23000383599999757
0.23000383999999752
0.23000384399999751
0.2300038479999975
0.23000385199999754
0.2300038519999975
0.23000385599999748
0.2300038599999975
0.23000386399999756
0.2300038679999975
0.23000387199999747
0.2300038759999975
0.23000387999999752
0.2300038839999975
0.2300038879999975
0.2300038919999975
0.23000389599999752
0.23000389999999749
0.23000390399999748
0.23000390799999745
0.2300039109999975
0.2300039149999975
0.23000391899999745
0.23000392299999747
0.23000392699999753
0.23000393099999747
0.23000393499999747
0.23000393899999744
0.2300039429999975
0.23000394699999746
0.23000395099999743
0.23000395499999746
0.2300039589999975
0.23000396299999748
0.23000396699999742
0.23000397099999745
0.2300039749999975
0.23000397899999744
0.23000398299999741
0.23000398699999744
0.2300039909999975
0.23000399499999744
0.2300039989999974
0.23000400299999746
0.23000400699999748
0.23000401099999743
0.23000401499999742
0.23000401899999742
0.23000402299999745
0.23000402699999745
0.2300040309999974
0.23000403499999741
0.23000403899999747
0.23000404299999744
0.2300040469999974
0.2300040509999974
0.23000405499999746
0.23000405899999743
0.2300040629999974
0.2300040669999974
0.23000407099999742
0.2300040749999974
0.23000407899999736
0.2300040829999974
0.23000408699999744
0.2300040909999974
0.23000409499999735
0.23000409899999738
0.23000410299999743
0.23000410699999738
0.23000411099999735
0.23000411499999737
0.23000411899999743
0.23000412299999737
0.23000412699999734
0.23000413099999736
0.23000413499999742
0.23000413899999736
0.23000414299999736
0.23000414699999736
0.23000415099999738
0.23000415499999735
0.23000415899999732
0.23000416299999735
0.23000416699999737
0.23000417099999737
0.2300041749999973
0.23000417599999737
0.23000417999999737
0.23000418399999734
0.23000418799999733
0.2300041919999973
0.23000419599999736
0.23000419999999733
0.2300042039999973
0.23000420799999732
0.23000421199999738
0.23000421599999735
0.23000421999999732
0.23000422399999731
0.23000422799999737
0.23000423199999734
0.23000423599999728
0.2300042399999973
0.23000424399999736
0.23000424799999733
0.23000425199999727
0.2300042559999973
0.23000425999999732
0.2300042639999973
0.23000426799999726
0.2300042719999973
0.23000427599999734
0.23000427999999729
0.23000428399999726
0.23000428799999728
0.23000429199999733
0.23000429599999728
0.23000429999999725
0.2300043039999973
0.23000429799999733
0.23000428199999728
0.23000426899999724
0.23000425099999725
0.23000422999999728
0.23000422699999726
0.23000423099999723
0.23000423499999725
0.2300042389999973
0.23000423799999725
0.23000422799999723
0.23000422399999726
0.23000421599999726
0.2300042069999972
0.23000418699999722
0.23000417499999726
0.23000417399999729
0.23000417199999726
0.2300041689999972
0.23000416599999723
0.23000414599999727
0.23000413699999722
0.2300041409999972
0.23000414499999722
0.23000414899999724
0.23000415299999724
0.23000415699999718
0.2300041609999972
0.23000416499999723
0.2300041689999972
0.2300041729999972
0.2300041769999972
0.23000418099999723
0.23000418499999722
0.23000418899999717
0.2300041929999972
0.23000419699999725
0.2300042009999972
0.23000420499999716
0.23000420899999718
0.2300042129999972
0.2300042169999972
0.23000422099999712
0.23000422499999718
0.2300042289999972
0.23000423299999714
0.23000423699999714
0.23000424099999717
0.23000424499999722
0.2300042489999972
0.23000425299999713
0.23000425699999716
0.2300042609999972
0.23000426499999715
0.23000426899999712
0.23000427299999718
0.2300042769999972
0.23000428099999715
0.23000428499999714
0.23000428899999714
0.23000429299999717
0.23000429699999714
0.2300043009999971
0.23000430499999713
0.23000430899999716
0.23000431299999716
0.23000431699999713
0.2300043209999971
0.23000432499999715
0.23000432899999712
0.2300043329999971
0.23000433699999712
0.23000434099999717
0.23000434499999714
0.23000434899999708
0.2300043529999971
0.23000435699999713
0.23000436099999713
0.23000436499999707
0.2300043689999971
0.23000437299999715
0.23000437699999712
0.23000438099999707
0.2300043849999971
0.23000438899999712
0.2300043929999971
0.23000439699999706
0.23000440099999708
0.2300044049999971
0.2300044089999971
0.23000441299999705
0.23000441699999707
0.2300044209999971
0.23000442499999707
0.23000442899999707
0.23000443299999707
0.2300044369999971
0.2300044409999971
0.23000444499999703
0.23000444899999706
0.2300044529999971
0.23000445699999705
0.23000446099999702
0.23000446499999705
0.23000446899999707
0.23000447299999707
0.230004476999997
0.23000448099999704
0.23000448499999707
0.230004488999997
0.230004492999997
0.23000449699999703
0.23000450099999709
0.23000450499999706
0.230004508999997
0.23000451299999702
0.23000451699999708
0.23000452099999702
0.230004524999997
0.23000452899999704
0.23000453299999707
0.230004536999997
0.230004540999997
0.230004544999997
0.23000454899999703
0.230004552999997
0.23000455699999697
0.230004560999997
0.23000456499999702
0.23000456899999702
0.230004572999997
0.23000457599999696
0.23000457999999702
0.230004583999997
0.23000458799999698
0.23000459199999698
0.23000459599999704
0.230004599999997
0.23000460399999695
0.23000460799999697
0.230004611999997
0.230004615999997
0.23000461999999694
0.23000462399999697
0.23000462799999702
0.230004631999997
0.23000463599999693
0.23000463999999696
0.23000464399999698
0.23000464799999695
0.23000465199999692
0.23000465599999695
0.230004659999997
0.23000466399999697
0.23000466799999691
0.23000467199999694
0.23000467599999697
0.23000467999999694
0.23000468399999693
0.23000468799999696
0.23000469199999696
0.23000469599999696
0.2300046999999969
0.23000470399999692
0.23000470799999698
0.23000471199999692
0.23000471599999692
0.23000471999999691
0.23000472399999694
0.23000472799999694
0.23000473199999685
0.2300047359999969
0.23000473999999693
0.2300047439999969
0.23000474799999687
0.2300047519999969
0.23000475599999692
0.2300047599999969
0.23000476399999686
0.2300047679999969
0.23000477199999694
0.23000477599999689
0.23000477899999686
0.2300047819999969
0.23000478599999694
0.23000478999999688
0.23000479399999688
0.23000479799999687
0.23000480199999693
0.23000480599999687
0.23000480999999684
0.2300048139999969
0.23000481799999686
0.23000482199999686
0.23000482599999683
0.23000482999999686
0.23000483399999688
0.23000483799999685
0.23000484199999685
0.23000484399999688
0.23000484799999688
0.23000485199999685
0.23000485599999684
0.23000485999999684
0.23000486399999687
0.23000486799999686
0.2300048719999968
0.23000487599999683
0.23000487999999686
0.23000488399999683
0.2300048879999968
0.23000489199999682
0.23000489599999685
0.23000489999999685
0.2300049039999968
0.23000490799999682
0.23000491199999684
0.2300049159999968
0.23000491999999678
0.2300049239999968
0.23000492799999683
0.2300049319999968
0.2300049359999968
0.2300049399999968
0.23000494399999685
0.23000494799999682
0.23000495199999677
0.23000495599999682
0.23000495999999682
0.2300049639999968
0.23000496799999678
0.23000497199999678
0.2300049759999968
0.2300049799999968
0.23000498399999675
0.23000498799999677
0.23000499199999677
0.23000499599999677
0.23000499999999677
0.23000500399999677
0.2300050079999968
0.2300050119999968
0.2300050159999967
0.23000501999999676
0.2300050239999968
0.23000502799999678
0.23000503199999672
0.23000503599999678
0.23000503999999677
0.23000504399999674
0.23000504799999671
0.23000505199999674
0.23000505599999677
0.23000505999999674
0.2300050639999967
0.23000506799999676
0.23000507199999676
0.23000507599999673
0.2300050799999967
0.23000508399999672
0.23000508799999675
0.23000509199999672
0.2300050949999967
0.23000509799999674
0.23000510199999674
0.2300051059999967
0.2300051099999967
0.2300051139999967
0.23000511799999673
0.2300051219999967
0.23000512599999667
0.2300051299999967
0.23000513399999672
0.2300051379999967
0.2300051419999967
0.23000514599999666
0.23000514999999672
0.2300051539999967
0.23000515799999666
0.23000516199999668
0.2300051659999967
0.23000516999999668
0.23000517399999665
0.23000517799999667
0.2300051819999967
0.2300051859999967
0.23000518999999667
0.23000519399999667
0.23000519799999672
0.23000520199999663
0.23000520599999663
0.23000520999999666
0.2300052139999967
0.23000521399999668
0.23000521299999663
0.23000521699999665
0.23000522099999668
0.23000522499999668
0.23000522899999662
0.23000523299999664
0.23000523699999667
0.23000524099999664
0.2300052449999966
0.23000524899999664
0.23000525299999666
0.23000525699999666
0.2300052609999966
0.2300052649999966
0.23000526899999665
0.23000527299999662
0.2300052769999966
0.23000528099999662
0.23000528499999667
0.23000528899999664
0.23000529299999659
0.2300052969999966
0.2300053009999966
0.23000530499999658
0.23000530899999658
0.23000531299999663
0.23000531699999663
0.2300053209999966
0.2300053249999966
0.23000532899999657
0.23000533299999662
0.2300053369999966
0.2300053399999966
0.23000534399999656
0.2300053479999966
0.2300053519999966
0.23000535599999655
0.23000535999999658
0.23000536399999658
0.23000536799999657
0.23000537199999654
0.23000537499999654
0.2300053789999966
0.2300053829999966
0.23000538699999654
0.23000539099999656
0.2300053949999966
0.23000539899999656
0.23000540299999653
0.23000540699999655
0.2300054109999966
0.23000541499999655
0.23000541899999652
0.23000542299999654
0.23000542699999657
0.2300054309999965
0.2300054349999965
0.23000543899999656
0.23000544299999653
0.23000544699999653
0.23000545099999653
0.23000545499999653
0.23000545899999655
0.2300054629999965
0.2300054619999965
0.23000546399999652
0.23000546799999655
0.23000547199999652
0.2300054759999965
0.23000547999999651
0.23000548399999654
0.2300054879999965
0.23000549199999648
0.2300054959999965
0.2300054999999965
0.2300055039999965
0.23000550799999647
0.2300055119999965
0.23000551599999652
0.23000551999999647
0.23000552399999646
0.2300055279999965
0.2300055319999965
0.23000553599999649
0.23000553899999648
0.23000553999999648
0.2300055439999965
0.23000554799999648
0.23000555199999645
0.23000555599999645
0.2300055599999965
0.23000556399999647
0.23000556799999644
0.23000557199999644
0.2300055759999965
0.23000557999999643
0.2300055839999964
0.23000558799999646
0.23000559199999648
0.23000559599999645
0.23000559999999642
0.23000560399999642
0.23000560799999648
0.23000561199999645
0.2300056159999964
0.23000561599999644
0.23000561999999644
0.23000562399999644
0.23000562799999638
0.23000563199999643
0.23000563599999646
0.23000563999999643
0.23000564399999637
0.23000564799999643
0.23000565199999645
0.2300056559999964
0.2300056599999964
0.2300056639999964
0.23000566799999644
0.23000567199999641
0.23000567599999636
0.2300056799999964
0.2300056839999964
0.23000568799999638
0.23000569199999638
0.2300056959999964
0.2300056999999964
0.2300057039999964
0.23000570799999637
0.23000571199999642
0.2300057159999964
0.2300057199999964
0.23000571299999634
0.23000571299999636
0.2300057169999964
0.23000572099999636
0.23000572499999636
0.23000572899999636
0.23000573299999638
0.23000573699999638
0.23000574099999632
0.23000574499999635
0.2300057489999964
0.23000575299999634
0.2300057569999963
0.23000576099999634
0.2300057649999964
0.23000576899999634
0.2300057729999963
0.23000577699999636
0.23000578099999638
0.23000578499999633
0.2300057889999963
0.23000579299999635
0.23000579699999638
0.23000580099999632
0.23000580499999632
0.23000580899999631
0.23000581299999634
0.2300058169999963
0.23000582099999628
0.23000582499999633
0.23000582899999636
0.2300058329999963
0.2300058369999963
0.2300058409999963
0.23000584499999632
0.23000584899999632
0.2300058529999963
0.2300058569999963
0.23000586099999634
0.2300058649999963
0.23000586899999625
0.23000587299999628
0.23000587699999633
0.2300058809999963
0.23000588499999625
0.23000588899999627
0.23000589299999633
0.23000589699999624
0.23000590099999624
0.2300059049999963
0.2300059079999963
0.23000590199999624
0.23000589999999624
0.23000590399999626
0.2300059079999963
0.23000591199999626
0.23000591599999623
0.23000591999999626
0.23000592399999628
0.23000592799999625
0.23000593099999622
0.23000593499999625
0.23000593899999627
0.23000593699999625
0.23000593599999622
0.23000593999999625
0.23000594399999627
0.23000594799999624
0.2300059519999962
0.2300059559999962
0.23000595999999626
0.23000596399999626
0.23000596799999617
0.23000597199999623
0.23000597599999625
0.23000597999999622
0.2300059839999962
0.2300059879999962
0.23000599199999625
0.23000599599999622
0.23000599999999619
0.2300060039999962
0.23000600799999626
0.23000601199999618
0.23000601599999615
0.2300060199999962
0.23000602399999626
0.2300060279999962
0.23000603199999617
0.2300060359999962
0.2300060399999962
0.23000604399999616
0.23000604799999616
0.23000605199999619
0.23000605599999618
0.23000605999999618
0.23000606399999615
0.23000606799999615
0.2300060719999962
0.23000607599999617
0.23000607999999614
0.23000607199999615
0.23000607099999618
0.23000607499999617
0.23000607899999614
0.23000608299999617
0.23000608699999617
0.23000609099999617
0.23000609499999608
0.23000609899999613
0.2300061019999962
0.23000610499999613
0.23000610899999613
0.23000611299999615
0.23000611699999615
0.23000612099999615
0.23000612499999612
0.23000612899999612
0.23000613299999617
0.23000613699999614
0.23000614099999608
0.23000614499999614
0.23000614899999616
0.2300061529999961
0.23000615699999608
0.2300061609999961
0.23000616499999615
0.23000616899999612
0.23000617299999607
0.23000617699999612
0.23000618099999615
0.2300061849999961
0.2300061889999961
0.23000619299999608
0.2300061969999961
0.2300062009999961
0.23000620499999605
0.2300062089999961
0.23000621299999613
0.23000621699999607
0.23000622099999607
0.23000622499999607
0.2300062289999961
0.2300062329999961
0.23000623699999606
0.23000624099999606
0.23000624499999608
0.23000624899999605
0.23000625299999602
0.23000625699999608
0.2300062609999961
0.23000626499999607
0.23000626899999604
0.23000627299999604
0.2300062769999961
0.230006280999996
0.230006284999996
0.23000628899999606
0.2300062929999961
0.23000629699999603
0.23000630099999603
0.23000630499999605
0.23000630899999608
0.23000631299999602
0.23000631699999602
0.23000632099999604
0.23000632499999604
0.23000632899999604
0.230006332999996
0.23000633699999604
0.23000634099999603
0.23000634499999603
0.23000634899999597
0.230006352999996
0.23000635699999605
0.230006360999996
0.230006364999996
0.23000636899999602
0.23000637299999602
0.23000637699999602
0.23000638099999599
0.23000638499999598
0.23000638899999604
0.230006392999996
0.23000639699999595
0.230006400999996
0.23000640499999603
0.23000640899999597
0.23000641299999594
0.23000641699999597
0.23000642099999602
0.230006424999996
0.23000642899999593
0.23000643299999599
0.230006435999996
0.23000643999999595
0.23000644299999595
0.23000644699999595
0.230006450999996
0.23000645499999597
0.23000645899999592
0.23000646299999597
0.23000646699999597
0.23000647099999594
0.23000647499999594
0.23000647899999596
0.23000648299999596
0.23000648699999596
0.23000649099999593
0.23000649499999593
0.23000649899999595
0.23000650299999592
0.23000650699999592
0.23000651099999594
0.23000651499999597
0.23000651899999594
0.2300065229999959
0.2300065269999959
0.23000653099999596
0.2300065349999959
0.23000653899999587
0.23000654299999593
0.23000654699999595
0.2300065509999959
0.2300065549999959
0.2300065589999959
0.23000656299999594
0.23000656699999586
0.23000657099999586
0.2300065749999959
0.23000657899999594
0.23000658199999588
0.23000658599999588
0.23000658999999588
0.2300065939999959
0.2300065979999959
0.23000660199999584
0.2300066059999959
0.23000660999999592
0.23000661399999586
0.23000661799999586
0.23000662199999586
0.23000662599999588
0.23000662999999585
0.23000663399999585
0.23000663799999585
0.2300066419999959
0.23000664599999587
0.23000664999999582
0.23000665299999584
0.23000665699999587
0.23000665999999587
0.23000666399999584
0.23000666799999583
0.23000667199999586
0.23000667599999583
0.2300066799999958
0.23000668399999585
0.23000668799999585
0.23000669199999585
0.23000669599999582
0.23000669999999582
0.23000670399999587
0.2300067079999958
0.23000671199999578
0.23000671599999584
0.23000671999999583
0.2300067239999958
0.2300067279999958
0.23000673199999583
0.23000673599999583
0.2300067399999958
0.23000674399999577
0.23000674799999582
0.23000675199999582
0.2300067559999958
0.23000675999999579
0.2300067639999958
0.2300067679999958
0.2300067719999958
0.23000677599999578
0.23000677999999578
0.23000678399999583
0.23000678799999577
0.23000679199999577
0.2300067959999958
0.2300067999999958
0.2300068039999958
0.23000680799999573
0.23000681199999576
0.2300068159999958
0.23000681999999575
0.23000682399999572
0.23000682799999575
0.23000683199999578
0.23000683399999577
0.23000683299999575
0.23000683699999575
0.23000684099999577
0.23000684499999574
0.23000684899999574
0.23000685299999576
0.23000685699999576
0.23000686099999576
0.23000686499999567
0.23000686899999573
0.23000687299999578
0.23000687699999572
0.2300068809999957
0.23000688499999575
0.23000688899999575
0.23000689299999572
0.23000689699999569
0.2300069009999957
0.23000690499999576
0.2300069089999957
0.2300069129999957
0.23000691699999573
0.23000692099999573
0.2300069249999957
0.23000692899999567
0.2300069329999957
0.23000693699999572
0.23000694099999572
0.23000694499999566
0.2300069489999957
0.2300069529999957
0.2300069569999957
0.23000696099999568
0.23000696499999568
0.2300069689999957
0.2300069729999957
0.23000697699999567
0.23000698099999567
0.2300069849999957
0.2300069889999957
0.23000699299999564
0.23000699699999566
0.23000700099999571
0.23000700499999568
0.23000700899999563
0.23000701299999565
0.23000701699999568
0.23000702099999568
0.23000702499999562
0.23000702899999567
0.2300070329999957
0.23000703699999564
0.23000704099999564
0.23000704499999564
0.23000704899999566
0.23000705299999566
0.2300070569999956
0.23000706099999566
0.23000706499999565
0.23000706899999562
0.2300070729999956
0.23000707699999562
0.23000708099999564
0.23000708499999564
0.2300070889999956
0.2300070929999956
0.23000709699999564
0.2300071009999956
0.2300071049999956
0.23000710899999563
0.23000711299999563
0.23000711699999563
0.23000712099999554
0.2300071249999956
0.23000712799999565
0.2300071319999956
0.23000713599999556
0.2300071399999956
0.2300071439999956
0.2300071479999956
0.23000715199999555
0.23000715599999558
0.23000715999999563
0.23000716399999557
0.23000716799999557
0.2300071719999956
0.2300071759999956
0.23000717999999556
0.23000718399999553
0.23000718799999556
0.23000719199999559
0.23000719599999556
0.23000719999999553
0.23000720399999558
0.23000720799999555
0.23000721199999558
0.23000721599999555
0.23000721999999554
0.23000722399999557
0.23000722799999554
0.23000723199999554
0.23000723599999554
0.23000723999999556
0.23000724399999556
0.2300072479999955
0.23000725199999553
0.23000725599999555
0.23000725999999555
0.2300072639999955
0.23000726799999552
0.23000727199999554
0.23000727599999557
0.23000727999999548
0.23000728399999554
0.23000728799999554
0.2300072919999955
0.2300072959999955
0.2300072999999955
0.23000730399999555
0.23000730799999553
0.23000731199999547
0.23000731599999552
0.23000731999999552
0.2300073239999955
0.23000732799999546
0.2300073319999955
0.2300073359999955
0.2300073399999955
0.23000734299999548
0.2300073469999955
0.2300073509999955
0.23000735499999547
0.23000735899999547
0.2300073629999955
0.2300073669999955
0.2300073709999955
0.2300073749999954
0.23000737899999546
0.2300073829999955
0.23000738699999546
0.23000739099999543
0.23000739499999545
0.23000739899999548
0.23000740299999548
0.23000740699999542
0.23000741099999544
0.2300074149999955
0.2300074179999954
0.2300074219999954
0.23000742599999544
0.23000742999999546
0.23000743399999543
0.2300074379999954
0.23000744199999543
0.23000744599999548
0.2300074499999954
0.2300074539999954
0.23000745799999545
0.23000746199999542
0.23000746599999541
0.2300074699999954
0.23000747399999544
0.23000747799999544
0.23000748199999538
0.23000748599999538
0.2300074899999954
0.23000749399999543
0.2300074979999954
0.2300075019999954
0.2300075059999954
0.23000750999999542
0.2300075139999954
0.23000751799999536
0.23000752199999538
0.2300075259999954
0.2300075299999954
0.23000753399999535
0.2300075379999954
0.2300075419999954
0.2300075459999954
0.23000754999999537
0.23000755399999537
0.23000755799999542
0.23000756199999536
0.23000756599999533
0.2300075699999954
0.2300075739999954
0.23000757799999536
0.23000758199999533
0.23000758599999535
0.23000758999999538
0.23000759399999537
0.23000759799999534
0.23000760199999537
0.23000760599999537
0.23000760999999534
0.23000761399999534
0.23000761799999533
0.23000762199999536
0.23000762599999536
0.2300076299999953
0.23000763399999533
0.23000763799999538
0.23000764199999532
0.2300076459999953
0.23000764999999532
0.23000765399999534
0.23000765799999534
0.23000766199999528
0.2300076659999953
0.23000766999999536
0.23000767399999528
0.23000767799999527
0.2300076819999953
0.23000768599999533
0.2300076899999953
0.23000769399999527
0.2300076979999953
0.23000770199999535
0.23000770599999526
0.23000770999999526
0.2300077139999953
0.23000771799999528
0.23000772199999528
0.23000772599999528
0.2300077299999953
0.2300077339999953
0.23000773799999524
0.23000774199999524
0.23000774599999527
0.23000774399999532
0.2300077419999953
0.23000774599999524
0.23000774999999526
0.2300077539999953
0.23000775799999526
0.23000776199999523
0.23000776599999526
0.23000776999999528
0.23000777399999525
0.2300077779999952
0.23000778199999525
0.2300077859999953
0.23000778999999522
0.2300077939999952
0.23000779799999527
0.23000780199999526
0.23000780599999524
0.23000780999999523
0.23000781399999523
0.23000781799999526
0.2300078219999952
0.2300078259999952
0.23000782999999525
0.23000783399999525
0.23000783799999522
0.2300078419999952
0.23000784599999521
0.23000784999999524
0.2300078539999952
0.23000785799999518
0.2300078619999952
0.23000786599999523
0.23000786999999523
0.23000787399999517
0.23000787799999517
0.23000788199999522
0.23000788599999522
0.23000788999999514
0.2300078899999952
0.2300078929999952
0.2300078969999952
0.23000790099999519
0.23000790499999516
0.2300079089999952
0.23000791299999518
0.23000791699999515
0.23000792099999517
0.2300079249999952
0.23000792899999517
0.23000793299999514
0.23000793699999514
0.2300079409999952
0.23000794499999516
0.23000794899999513
0.23000795299999516
0.23000795699999518
0.23000796099999513
0.23000796499999512
0.23000796899999515
0.23000797299999515
0.23000797699999515
0.23000798099999514
0.23000798499999514
0.23000798899999517
0.23000799299999514
0.2300079969999951
0.23000800099999513
0.23000800499999516
0.23000800899999513
0.23000801299999513
0.2300080169999951
0.23000802099999512
0.23000802499999512
0.2300080289999951
0.23000803299999512
0.23000803699999514
0.2300080409999951
0.23000804499999508
0.23000804899999508
0.23000805299999513
0.23000805699999513
0.23000806099999507
0.2300080649999951
0.23000806899999515
0.23000807299999507
0.23000807699999506
0.2300080809999951
0.23000808499999512
0.2300080889999951
0.23000809299999506
0.23000809699999508
0.23000810099999508
0.23000810499999505
0.23000810899999505
0.23000810799999505
0.2300081069999951
0.2300081099999951
0.23000811399999505
0.23000811799999507
0.2300081219999951
0.23000812599999507
0.230008129999995
0.23000813399999506
0.2300081379999951
0.23000813899999506
0.230008142999995
0.23000814699999503
0.23000815099999508
0.23000815499999505
0.230008158999995
0.23000816299999502
0.23000816699999507
0.23000817099999504
0.23000817499999499
0.23000817899999504
0.23000818299999506
0.230008186999995
0.230008190999995
0.230008194999995
0.23000819899999506
0.23000820299999503
0.230008206999995
0.23000821099999502
0.23000821499999502
0.230008218999995
0.23000822299999496
0.230008226999995
0.230008230999995
0.230008234999995
0.23000823899999498
0.23000824299999498
0.230008246999995
0.23000825099999497
0.23000825499999497
0.230008258999995
0.230008262999995
0.230008266999995
0.230008270999995
0.23000827499999496
0.23000827899999501
0.23000828299999496
0.23000828699999493
0.23000829099999498
0.23000829499999498
0.23000829899999498
0.23000830299999492
0.23000830699999497
0.230008309999995
0.23000831399999494
0.23000831799999494
0.23000832199999494
0.230008325999995
0.23000832999999496
0.23000833399999493
0.23000833799999493
0.23000834199999498
0.23000834599999492
0.2300083499999949
0.23000835399999495
0.23000835799999497
0.23000836199999491
0.2300083659999949
0.23000836999999497
0.23000837399999494
0.23000837799999493
0.2300083819999949
0.2300083859999949
0.23000838999999496
0.23000839399999493
0.2300083949999949
0.23000839799999492
0.23000840199999492
0.2300084059999949
0.2300084099999949
0.2300084139999949
0.2300084179999949
0.2300084219999949
0.23000842599999488
0.2300084299999949
0.23000843399999493
0.2300084379999949
0.23000844199999484
0.23000844599999487
0.23000844999999492
0.2300084539999949
0.23000845799999484
0.2300084619999949
0.2300084659999949
0.23000846999999489
0.23000847399999483
0.23000847799999488
0.2300084819999949
0.23000848599999485
0.23000848999999485
0.23000849399999487
0.2300084979999949
0.23000850199999484
0.2300085059999948
0.23000850999999486
0.23000851399999486
0.23000851799999486
0.2300085219999948
0.23000852599999486
0.23000852999999488
0.23000853399999482
0.23000853799999482
0.23000854199999485
0.23000854099999488
0.23000853499999482
0.23000853699999482
0.23000854099999485
0.23000854499999482
0.23000854899999482
0.23000855299999481
0.2300085569999948
0.23000856099999484
0.2300085649999948
0.2300085689999948
0.23000857299999478
0.23000857699999483
0.23000858099999483
0.23000858499999477
0.2300085889999948
0.23000859299999482
0.2300085969999948
0.23000860099999476
0.23000860499999481
0.2300086089999948
0.23000861299999478
0.23000861699999478
0.23000862099999478
0.2300086249999948
0.23000862799999477
0.23000863199999474
0.23000863599999477
0.2300086399999948
0.23000864399999477
0.23000864799999474
0.23000865199999476
0.2300086559999948
0.23000865999999476
0.23000866399999476
0.23000866799999478
0.23000867199999475
0.23000867599999475
0.23000867999999475
0.23000868399999472
0.23000868799999477
0.23000869199999477
0.23000869599999474
0.23000869999999474
0.23000870399999476

Avalanche_Distribution:
3
1
3
118
2
1
32
9
5
6
1
1
48
1
2
4
5
1
1
3
154
1
11
7
1
5
1
140
1
5
19
2
10
11
1
1
1
2
55
28
11
21
10
12
9
2
14
1
1
37
2
2
3
1
2
1
1
4
5
4
17
1
1
4
1
3
101
154
1
2
2
2
9
1
1
7
4
4
15
17
1
11
17
2
1
1
1
1
1
7
1
1
1
12
5
11
3
1
4
17
1
