
Branching_global:
1.00004
1.0038800000000039
1.007810000000008
1.0114900000000118
1.0153600000000162
1.0176900000000197
1.021300000000024
1.0254300000000278
1.025670000000032
1.0293500000000357
1.0334900000000402
1.037450000000044
1.0415100000000481
1.0457400000000519
1.049800000000056
0.9983300000000601
0.986370000000064
0.9899500000000679
0.994730000000072
0.998250000000076
1.00203000000008
1.004690000000084
1.010490000000088
1.013000000000092
1.0160500000000958
1.0202300000001
1.0251300000001038
1.027770000000108
1.0324800000001122
1.035690000000116
1.03922000000012
1.046250000000124
0.9863700000001279
0.9618300000001319
0.967000000000136
0.96961000000014
0.974110000000144
0.978100000000148
0.9829100000001519
0.9859400000001559
0.9882500000001598
0.9916400000001638
0.9953500000001679
0.9997800000001719
1.002720000000176
1.00467000000018
1.008550000000184
1.013600000000188
1.018920000000192
1.022890000000196
1.0266200000002
1.031350000000204
1.0345800000002077
1.037590000000212
1.041610000000216
1.0430700000002198
1.0496600000002239
0.9272900000002278
0.9275300000002318
0.9298700000002359
0.9372700000002399
0.9368400000002438
0.9432200000002479
0.9405200000002518
0.9474700000002558
0.9479100000002597
0.9537600000002637
0.9556900000002678
0.9634900000002719
0.9619700000002759
0.9638700000002798
0.9648300000002838
0.9684100000002878
0.9718000000002918
0.9773900000002957
0.9821200000002998
0.9830900000003037
0.9903700000003077
0.9916700000003118
0.9960700000003158
0.9995400000003197
1.0009000000003239
1.0057500000003277
1.0095000000003318
1.0129200000003358
1.0178400000003398
1.0235400000003438
1.024880000000348
1.029110000000352
1.031490000000356
1.0379500000003596
1.039150000000364
1.045730000000368
1.0510700000003717
1.055250000000376
1.0578400000003798
1.0608500000003838
1.0650600000003878
1.067350000000392
0.9580500000003958

Autocorrelation:
25.000499996641732
0.258231636055025
0.1285403248069321
0.08753124987575119
0.06560289640239929
0.057027651220935394
0.047446600459994964
0.039821540855952284
0.03945386759399121
0.034569139661192023
0.03035691453080443
0.02719920594698161
0.024587191377801385
0.022358975290154376
0.020576271472051717
-0.5983022559481416
-0.07286642789221516
-0.09900164582744478
-0.18925288035795473
-0.5709284254923155
0.49311066842384876
0.2137192262813288
0.095828015039351
0.07742200057341947
0.06280396907534512
0.04992986832405172
0.04029100773969367
0.03650780023437767
0.031285513745549866
0.028516130693208
0.025993989518198476
0.022117854054684867
-0.0728664278925588
-0.025695342228423013
-0.02980023395700814
-0.032402989301607656
-0.03812276582364489
-0.045160255191618766
-0.0580123142624321
-0.07062257535750027
-0.0846053980174407
-0.11911652528848307
-0.21455337504502728
-4.544954530670116
0.36814683244082197
0.21463237404373767
0.11745835485451288
0.07402828607127805
0.05335256069327227
0.04418531367003636
0.038063550748919615
0.03239535429010754
0.02941561706320231
0.027099744908847805
0.024529287245409637
0.023714503261363314
0.02063289243119869
-0.01324697625443456
-0.013292544715034299
-0.013753174179855757
-0.01543593760455453
-0.015327369061461127
-0.017106964120239824
-0.016307264030415516
-0.018532244461181912
-0.018693084950748576
-0.02112235245772501
-0.022064492336001322
-0.02688665687199612
-0.0257917993192709
-0.027174763556859355
-0.027930340306283098
-0.031152912280062957
-0.03495860916925928
-0.04372631182623625
-0.055426908160662015
-0.058635184349578595
-0.10334135353247786
-0.11954732213896192
-0.2539525980839519
-2.1734130066471113
1.1116110357450097
0.17441256567429167
0.10576236996233682
0.07789831103514677
0.05655233810456656
0.042978944685341094
0.04069087810402113
0.03485006503709609
0.03225352939622448
0.02684735723675545
0.0260395839859554
0.022363756909516176
0.020076816746848563
0.018595066251711014
0.01778438779468333
0.016928931485381514
0.01586517505092344
0.015342378754070986
-0.02333433109827741

Average_Activity:
0.0
0.0
0.0
0.0
0.25
1.0
0.0
0.0
0.0
0.0
0.0
0.0
0.0
0.0
0.0
0.0
0.0
0.0
0.0
0.0
0.0
0.0
0.0
0.0
0.0
0.0
0.0
0.0
0.0
0.0
0.0
0.0
0.0
0.0
0.0
0.0
0.0
0.0
0.0
0.0
0.0
0.0
0.0
0.0
0.0
0.0
0.0
0.0
0.0
0.0
0.0
0.0
0.0
0.0
0.25
0.0
0.0
0.0
0.0
0.0
0.0
0.0
0.0
0.0
0.75
1.0
0.0
0.0
0.0
0.0
0.0
0.0
0.0
0.0
0.25
0.0
0.0
0.0
0.0
0.0
0.0
0.0
0.0
0.0
0.0
0.0
0.0
0.0
0.0
0.0
0.0
0.0
0.0
0.0
0.5
0.0
0.0
0.0
0.0
0.0
0.0
0.0
0.0
0.0
0.0
0.0
0.5
0.0
0.25
6.25
0.25
0.0
0.0
0.25
0.75
0.0
0.0
0.0
0.0
0.0
0.0
0.75
2.75
0.5
0.0
0.0
0.0
0.0
0.0
0.75
0.0
0.0
0.0
1.0
0.5
0.0
0.0
0.0
0.0
0.0
0.0
0.0
0.0
0.0
0.0
0.0
0.0
0.0
0.0
0.0
0.0
0.0
0.0
0.0
0.0
0.0
0.0
0.0
0.0
0.0
0.0
0.0
0.0
0.0
0.0
0.0
0.0
0.0
0.0
0.0
0.0
0.0
0.0
0.0
0.0
0.0
0.0
0.0
0.0
0.0
0.0
0.0
0.0
0.0
0.0
0.0
0.0
0.25
4.25
4.0
2.5
3.25
1.5
2.25
2.5
1.0
0.0
0.0
0.0
0.0
0.0
0.0
0.0
0.0
0.0
0.0
0.0
0.0
0.0
0.0
0.0
0.0
0.0
0.0
0.0
0.0
0.0
0.0
0.0
0.0
0.0
0.0
0.0
0.0
0.0
0.0
0.0
0.0
0.0
0.0
0.0
0.0
0.0
0.0
0.0
0.0
0.0
0.0
0.0
0.0
0.0
0.0
0.0
0.0
0.0
0.0
0.0
1.0
0.25
0.0
0.0
0.0
0.0
0.0
0.0
0.0
0.0
0.0
0.0
0.0
0.0
0.0
0.0
0.0
0.0
0.0
0.0
0.0
0.0
0.0
0.0
0.0
0.0
0.0
0.0
0.0
0.0
0.0
0.0
0.0
0.0
0.0
0.0
0.0
0.0
0.0
0.0
0.0
0.0
0.0
0.0
0.0
0.0
0.0
0.0
0.0
0.0
0.0
0.0
0.0
0.0
0.0
0.0
0.0
0.0
0.0
0.0
0.0
0.0
0.0
0.0
0.0
0.0
0.0
0.0
0.0
0.0
0.0
0.0
0.0
0.0
0.0
0.0
0.0
0.0
0.0
0.0
0.0
0.0
0.0
0.0
0.0
0.0
0.0
0.0
0.0
0.0
0.0
0.0
0.25
0.75
0.0
0.0
0.0
0.0
0.0
0.0
0.0
0.0
0.0
0.0
0.0
0.0
0.0
0.0
0.0
0.0
0.0
0.0
0.0
0.0
0.5
1.5
5.5
13.0
19.25
25.5
35.0
32.75
34.0
40.5
32.25
28.0
21.75
25.5
27.25
33.75
19.0
6.75
6.25
3.25
2.0
8.0
7.25
5.0
5.25
3.25
1.75
0.0
0.0
0.0
0.0
0.0
0.0
0.5
0.25
0.0
0.0
0.0
0.0
0.0
0.0
0.0
0.0
0.0
0.0
0.0
0.0
0.0
0.0
0.0
0.0
0.0
0.0
0.0
0.0
0.0
0.0
0.0
0.0
0.0
0.0
0.0
0.0
0.0
0.0
0.0
0.0
0.0
0.25
0.0
0.0
0.0
0.0
0.0
0.0
0.0
0.0
0.0
0.0
0.0
0.0
0.0
0.0
0.0
0.0
0.0
0.0
0.0
0.0
0.0
0.0
0.0
0.0
0.0
0.0
0.0
0.0
0.5
0.0
0.0
0.0
0.0
0.0
0.0
0.0
0.25
0.0
0.0
0.0
0.0
0.0
0.0
0.25
2.25
0.25
0.0
0.0
0.0
0.0
0.0
0.0
0.0
0.0
0.0
0.0
0.0
0.0
0.0
0.0
0.0
0.0
0.0
0.0
0.0
0.0
0.25
1.0
1.0
0.0
0.0
0.0
0.5
0.0
0.0
0.0
0.0
0.0
0.0
0.0
0.0
0.0
0.0
0.0
0.0
0.0
0.0
0.0
0.0
0.0
0.0
0.0
0.0
0.0
0.0
0.0
0.0
0.0
0.0
0.0
0.0
0.0
0.0
0.0
0.0
0.0
0.0
0.0
0.0
0.0
0.0
0.0
0.0
0.0
0.0
0.0
0.0
0.0
0.0
0.0
0.0
0.0
0.0
0.0
0.0
0.0
0.0
0.0
0.0
0.0
0.0
0.0
0.0
0.0
0.0
0.0
0.0
0.0
0.0
0.0
0.0
0.0
0.0
0.0
0.0
0.0
0.0
0.0
0.0
0.0
0.0
0.0
0.0
0.0
0.0
0.25
0.0
0.0
0.0
0.0
0.0
0.0
0.0
0.0
0.0
0.0
0.0
0.0
0.0
0.0
0.0
0.0
0.0
0.0
0.0
0.0
0.0
0.0
0.0
0.0
0.0
0.0
0.0
0.0
0.0
0.0
0.0
0.0
0.0
0.0
0.0
0.0
0.0
0.0
0.0
0.0
0.0
0.0
0.0
0.0
0.0
0.0
0.0
0.0
0.0
0.0
0.0
0.0
0.0
0.0
0.0
0.0
0.0
0.0
0.0
0.0
0.0
0.0
0.0
0.0
0.0
0.0
0.0
0.0
0.0
0.0
0.0
0.25
0.0
0.0
0.0
0.0
0.0
0.0
0.0
0.0
0.0
0.25
1.75
1.75
2.0
0.25
0.0
0.0
0.0
0.0
0.0
0.0
0.0
0.0
0.0
0.0
0.0
0.0
0.0
0.0
0.0
0.0
0.0
0.25
0.0
0.0
0.0
0.0
0.0
0.0
0.0
0.0
0.0
0.0
0.0
0.0
0.0
0.0
0.0
0.0
0.0
0.0
0.0
0.0
0.0
0.0
0.0
0.0
0.0
0.0
0.0
0.0
0.0
0.0
0.0
0.0
0.0
0.0
0.0
0.0
0.0
0.0
0.0
0.0
0.0
0.0
0.0
0.0
0.0
0.0
0.0
0.0
0.0
0.0
0.0
0.0
0.0
0.0
0.0
0.0
0.0
0.0
0.0
0.0
0.0
0.0
0.0
0.0
0.5
0.0
0.0
0.0
0.0
0.0
0.0
0.0
0.0
0.0
0.0
0.5
0.0
0.0
0.0
0.0
0.0
0.0
0.0
0.0
0.0
0.0
0.0
0.0
0.0
0.0
0.0
0.0
0.0
0.25
4.0
11.75
10.5
8.75
4.75
3.25
7.0
13.75
16.5
32.5
40.5
49.5
38.5
29.25
41.0
30.75
33.0
32.0
30.5
39.75
27.25
16.25
18.25
11.5
6.75
1.5
0.0
0.0
0.0
0.0
0.0
0.0
0.0
0.0
0.0
0.0
0.5
0.0
0.0
0.0
0.0
0.0
0.0
0.0
0.0
0.0
0.0
0.0
0.0
0.0
0.0
0.0
0.0
0.0
0.0
0.0
0.0
0.0
0.0
0.0
0.0
0.0
0.0
0.0
0.0
0.0
0.0
0.0
0.0
0.0
0.0
0.0
0.0
0.0
0.0
0.0
0.0
0.0
0.0
0.0
0.0
0.0
0.0
0.0
0.0
0.0
0.0
0.0
0.0
0.0
0.0
0.0
0.0
0.0
0.0
0.0
0.0
0.0
0.0
0.0
0.0
0.0
0.0
0.0
0.0
0.0
0.0
0.0
0.0
0.0
0.0
0.25
0.0
0.0
0.0
0.0
0.0
0.0
0.0
0.0
0.0
0.0
0.0
0.0
0.0
0.0
0.0
0.0
0.0
0.0
0.0
0.0
0.0
0.0
0.0
0.0
0.0
0.0
0.0
0.0
0.0
0.0
0.0
0.0
0.0
0.0
0.0
0.25
3.75
3.0
0.0
0.0
0.0
0.0
0.0
0.0
0.0
0.0
0.0
0.0
0.0
0.0
0.0
0.0
0.0
0.0
0.0
0.0
0.0
0.0
0.0
0.0
0.0
0.0
0.5
0.0
0.0
0.0
0.0
0.0
0.0
0.0
0.0
0.0
0.0
0.0
0.0
0.0
0.0
0.0
0.0
0.0
0.0
0.0
0.0
0.0
0.0
0.0
0.0
0.0
0.0
0.0
0.0
0.25
0.0
0.0
0.0
0.0
0.0
0.0
0.0
0.0
0.0
0.0
0.0
2.5
4.5
1.25
1.0
0.0
0.0
0.0
0.0
0.0
0.0
0.0
0.0
0.0
0.0
0.0
0.0
0.0
0.0
0.0
0.0
0.0
0.0
0.0
0.0
0.0
0.0
0.0
0.75
0.0
0.0
0.0
0.0
0.0
0.0
0.0
0.0
0.0
0.0
0.0
0.0
0.0
0.0
0.0
0.0
0.0
0.0
0.0
0.0
0.0
0.0
0.0
0.0
0.0
0.0
0.0
0.0
0.0
0.5
0.0
0.0
0.0
0.0
0.5
0.25
0.0
0.0
0.0
0.0
0.0
0.0
0.0
0.0
0.0
0.0
0.0
0.0
0.0
0.0
0.0
0.0
0.0
2.0
1.75
0.0
0.5
0.0
0.25
1.5
0.0
0.0
0.0
0.0
0.0
0.0
0.0
0.0
0.0
0.0
0.0
0.25
0.25
0.0
0.0
0.0
0.0
0.0
0.0
0.0
0.0
0.0
0.0
0.0
0.0
0.0
0.0
0.0
0.0
0.0
0.0
0.5
0.0
0.0
0.0
0.0
0.0
0.0
0.25
0.0
0.0
0.25
0.0
0.0
0.0
0.0
0.0
0.0
0.0
0.0
0.0
0.0
0.0
0.0
0.0
0.0
0.0
0.0
0.0
0.0
0.0
0.0
0.0
0.0
0.0
0.0
0.0
0.0
0.0
0.0
0.0
0.0
0.0
0.0
0.0
0.0
0.0
0.0
0.0
0.0
0.0
0.0
0.0
0.0
0.0
0.0
0.0
0.0
0.0
0.0
0.0
0.0
0.0
0.0
0.0
0.0
0.0
0.0
0.0
0.0
0.0
0.0
0.0
0.0
0.0
0.0
0.0
0.0
0.0
0.0
0.0
0.0
0.0
0.0
0.0
0.0
0.0
0.0
0.0
0.0
0.0
0.0
0.0
0.0
0.0
0.0
0.0
0.0
0.0
0.0
0.0
0.0
0.0
0.0
0.0
0.0
0.0
0.0
0.0
0.0
0.0
0.0
0.0
0.0
0.0
0.0
0.0
0.0
0.0
0.0
0.0
0.0
0.0
0.0
0.0
0.25
0.25
0.0
0.0
0.0
0.0
0.0
0.0
0.0
0.5
0.0
0.0
0.0
0.0
0.0
0.0
0.0
0.0
0.0
0.0
0.0
0.0
0.0
0.0
0.0
0.0
0.0
0.0
0.0
0.0
0.0
0.0
0.0
0.0
0.0
0.0
0.0
0.0
0.0
0.0
0.0
0.0
0.0
0.25
0.0
0.0
0.0
0.0
0.0
0.0
0.0
0.0
0.0
0.0
0.0
0.0
0.0
0.0
0.0
0.0
0.0
0.0
0.0
0.0
0.0
0.0
0.0
0.0
0.0
0.0
0.0
0.0
0.0
0.25
0.0
0.0
0.0
0.0
0.5
0.0
0.0
0.0
0.0
0.0
0.0
0.0
0.0
0.0
0.0
0.0
0.0
0.0
0.5
0.0
0.0
0.0
0.0
0.0
0.0
0.0
0.0
0.0
0.0
0.0
0.0
0.0
0.0
0.0
0.0
0.0
0.0
0.0
0.0
0.0
0.0
0.0
0.0
0.0
0.0
0.0
0.0
0.0
0.0
0.0
0.0
0.0
0.0
0.0
0.0
0.0
0.0
0.0
0.0
0.0
0.0
0.0
0.0
0.0
0.0
0.0
0.0
0.0
0.0
0.0
0.0
0.0
0.0
0.0
0.0
0.0
0.0
0.0
0.0
0.0
0.0
0.25
0.0
0.0
0.25
4.75
13.0
27.5
33.5
47.5
46.5
65.25
60.5
57.0
43.75
41.0
34.25
30.0
36.5
42.0
27.75
26.5
23.0
26.5
30.25
14.5
16.0
18.5
11.25
10.25
6.5
4.5
3.25
6.0
2.0
1.75
0.0
0.0
0.0
0.0
0.0
0.0
0.5
0.0
0.0
0.0
0.0
0.0
0.0
0.0
0.0
0.0
0.0
0.0
0.0
0.0
0.0
0.0
0.0
0.0
0.0
0.0
0.0
0.0
0.0
0.0
0.0
0.0
0.0
0.0
0.25
0.0
0.0
0.75
0.0
0.0
0.0
0.0
0.0
0.0
0.0
0.0
0.0
0.0
0.0
0.25
0.0
0.0
0.0
0.0
0.0
0.0
0.25
1.0
1.25
1.25
0.25
0.0
0.0
0.0
0.0
0.0
0.0
0.0
0.0
0.0
0.0
0.0
0.0
0.0
0.0
0.0
0.0
0.0
0.0
0.0
0.0
0.0
0.0
0.0
0.0
0.0
0.0
0.0
0.0
0.0
0.0
0.0
0.0
0.0
0.0
0.0
0.0
0.0
0.0
0.0
0.0
0.0
0.0
0.0
0.0
0.0
0.0
0.0
0.0
0.0
0.0
0.0
0.0
0.0
0.0
0.0
0.0
0.0
0.0
0.75
4.0
5.0
7.25
5.25
4.25
2.75
0.0
0.0
0.0
0.0
0.0
0.0
0.0
0.0
0.0
0.0
0.0
0.0
0.0
0.0
0.0
0.0
0.0
0.0
0.0
0.0
0.0
0.0
0.0
0.0
0.0
0.0
0.0
0.0
0.0
0.0
0.0
0.0
0.0
0.0
0.0
0.0
0.0
0.0
0.0
0.0
0.0
0.0
0.0
0.0
0.0
0.0
0.0
0.0
0.0
0.0
0.0
0.0
0.0
0.0
0.0
0.0
1.0
2.0
0.0
1.5
2.75
0.5
0.0
0.0
0.0
0.0
0.0
0.0
0.0
0.0
0.0
0.0
0.0
0.0
0.0
0.0
0.0
0.0
0.0
0.0
0.0
0.0
0.0
0.0
0.0
0.0
0.0
0.0
0.0
0.0
0.0
0.0
0.0
0.0
0.0
0.0
0.0
0.0
0.0
0.0
0.0
0.0
0.0
0.0
0.0
0.0
0.0
0.0
0.0
0.0
0.0
0.0
0.0
0.25
1.0
0.0
0.0
0.0
0.0
0.0
0.0
0.0
0.0
0.0
0.0
0.0
0.0
0.0
0.0
0.0
0.0
0.0
0.0
0.0
0.0
0.25
0.0
0.0
0.0
0.5
0.5
0.0
0.0
0.0
0.0
0.0
0.0
0.0
0.0
0.0
0.0
0.0
0.0
0.0
0.0
0.0
0.0
0.0
4.25
3.5
6.5
6.25
2.75
2.5
1.0
1.0
1.0
2.0
2.25
0.5
0.0
0.0
0.0
0.0
0.0
0.0
0.0
0.0
0.0
0.0
0.0
0.0
0.0
0.0
0.0
0.0
0.0
0.0
0.0
0.0
0.0
0.0
0.0
0.0
0.5
1.25
1.75
1.25
0.0
0.0
0.0
0.0
0.0
0.0
0.0
0.25
0.0
0.0
0.0
0.0
0.0
0.0
0.0
0.0
0.25
0.0
0.0
0.0
0.0
0.0
0.25
0.25
0.0
0.0
0.0
0.0
0.0
0.0
0.0
0.0
0.0
0.0
0.0
0.0
0.0
0.0
0.0
3.0
2.25
1.25
0.0
0.0
0.0
0.0
0.0
0.0
0.0
0.0
0.0
0.0
0.0
0.0
0.0
0.0
0.0
0.0
0.0
0.0
0.0
0.0
0.0
0.0
0.0
0.0
0.0
0.0
0.0
0.0
0.0
0.0
0.0
0.0
0.0
0.0
0.0
0.0
0.0
0.0
0.0
0.0
0.0
0.0
0.0
0.0
0.0
0.0
0.0
0.0
0.0
0.0
0.0
0.0
0.0
0.0
0.0
0.0
0.0
0.0
0.0
0.25
0.0
0.0
0.0
0.0
0.0
0.0
0.0
0.0
0.0
0.0
0.0
0.0
0.0
0.0
0.0
0.0
0.0
0.0
0.0
0.0
0.0
0.0
0.0
0.0
0.0
0.0
0.0
0.0
0.0
0.0
0.0
0.25
0.0
0.0
0.0
0.25
0.0
0.0
0.0
0.0
0.0
0.0
0.0
0.0
0.0
0.0
0.0
0.0
0.0
0.0
0.0
0.0
0.0
0.0
0.0
0.0
0.0
0.0
0.0
0.0
0.25
0.0
0.0
0.0
0.0
0.0
0.0
0.0
0.0
0.0
0.0
0.0
0.0
0.0
0.0
0.0
0.0
0.0
0.0
0.0
0.0
0.0
0.0
0.0
0.0
0.0
0.0
0.0
0.0
0.0
0.0
0.0
0.0
0.0
0.0
0.0
0.0
0.0
0.0
0.0
0.0
0.0
0.0
0.0
0.0
0.0
0.0
0.0
0.0
0.0
0.0
0.0
0.0
0.0
0.0
0.0
0.0
0.0
0.0
0.0
0.0
0.0
0.0
0.0
0.0
0.0
0.0
0.0
0.0
0.0
0.0
0.0
0.0
0.0
0.0
0.0
0.0
0.0
0.0
0.5
0.5
0.5
0.0
0.0
0.0
0.0
0.0
0.0
0.0
0.0
0.0
0.0
0.0
0.0
0.0
0.0
0.0
0.0
0.0
0.0
0.25
2.0
0.0
0.0
0.0
0.0
0.0
0.0
0.25
1.75
2.0
3.0
0.25
0.25
2.75
1.5
0.0
0.0
0.0
0.0
0.0
0.0
0.25
2.0
4.75
0.0
0.0
0.0
0.0
0.0
0.0
0.0
0.0
0.0
0.0
0.0
0.0
0.0
0.5
0.5
0.0
0.0
0.0
0.0
0.0
0.0
0.0
0.0
0.0
0.0
0.0
0.0
0.0
0.0
0.0
0.0
0.0
0.0
0.0
0.0
0.0
0.0
0.0
0.0
0.0
0.0
0.0
0.0
0.0
0.0
0.0
0.0
0.0
0.0
0.0
0.0
0.0
0.0
0.0
0.0
0.0
0.0
0.0
0.0
0.0
0.0
0.0
0.0
0.0
0.0
0.0
0.0
0.0
0.0
0.0
0.0
0.0
0.0
0.0
0.0
0.0
0.0
0.0
0.0
0.0
0.0
0.0
0.0
0.0
0.0
0.0
0.0
0.0
0.0
0.0
0.0
0.0
0.0
0.0
0.0
0.0
0.0
0.0
0.0
0.0
0.0
0.0
0.0
0.0
0.0
0.0
0.0
0.0
0.0
0.0
0.0
0.0
0.0
0.0
0.0
0.0
0.0
0.0
0.0
0.0
0.0
0.0
0.0
0.0
0.0
0.0
0.0
0.0
0.0
0.0
0.0
0.0
0.0
0.0
0.75
1.25
0.0
0.0
0.0
0.0
0.0
0.0
0.0
0.0
0.0
0.0
0.0
0.0
0.0
0.0
0.5
0.0
0.0
0.0
0.0
0.0
0.0
0.0
0.0
0.0
0.0
0.0
0.0
0.0
0.0
0.0
0.0
0.0
0.0
0.0
0.0
0.0
0.0
0.0
0.0
0.0
0.0
0.0
0.0
0.0
0.0
0.0
0.0
0.0
0.0
0.0
0.0
0.0
0.0
0.0
0.0
0.0
0.0
0.0
0.0
0.0
0.0
0.0
0.0
0.0
0.0
0.0
0.0
0.0
0.0
0.0
0.0
0.0
0.0
0.0
0.0
0.0
0.0
0.0
0.0
0.0
0.0
0.0
0.0
0.0
0.0
0.0
0.0
0.0
0.0
0.0
0.0
0.0
0.0
0.0
0.0
0.0
0.0
0.0
0.0
0.0
0.0
0.0
0.0
0.0
0.0
0.0
0.0
0.0
0.0
0.0
0.0
0.0
0.0
0.0
0.0
0.0
0.0
0.0
0.0
0.0
0.0
0.0
0.0
0.0
0.0
0.0
0.0
0.0
0.0
0.0
0.0
0.0
0.0
0.0
0.0
0.0
0.0
0.0
0.0
0.0
0.0
0.0
0.0
0.0
0.0
0.0
0.0
0.0
0.0
0.0
0.0
0.0
0.0
0.0
0.0
0.0
0.0
0.0
0.0
0.0
0.0
0.0
0.0
0.0
0.0
0.0
0.0
0.0
0.0
0.0
0.0
0.0
0.0
0.0
0.0
0.0
0.0
0.0
0.0
0.0
0.0
0.0
0.0
0.0
0.0
0.0
0.0
0.0
0.0
0.0
0.0
0.0
0.0
0.0
0.0
0.0
0.0
0.0
0.0
0.0
0.0
0.0
0.0
0.0
0.0
0.0
0.0
0.0
0.0
0.0
0.0
0.0
0.0
0.0
0.0
0.0
0.0
0.0
0.25
0.0
0.0
0.0
0.0
0.0
0.0
0.25
0.25
0.0
0.0
0.0
0.0
0.0
0.0
0.0
0.0
0.0
0.0
0.0
0.0
0.0
0.0
0.0
0.0
0.0
0.0
0.0
0.0
0.0
0.25
1.5
3.0
0.0
0.0
0.0
0.0
0.0
0.0
0.0
0.0
0.0
0.0
0.0
0.0
0.0
0.25
0.0
0.0
0.0
0.0
0.0
0.0
0.0
0.0
0.0
0.0
0.0
0.0
2.75
5.25
6.0
6.75
22.75
26.75
30.0
35.25
20.5
29.5
52.25
62.5
60.5
63.5
63.5
56.75
61.75
44.5
29.0
17.0
10.75
8.75
3.0
2.75
0.0
0.0
0.0
0.0
0.0
0.0
0.0
0.0
0.0
0.0
0.0
0.0
0.0
0.0
0.25
0.0
0.0
0.0
0.5
0.0

Average_Alpha:
0.25001
0.25005
0.2500900000000001
0.2501300000000001
0.25016000000000016
0.25016000000000016
0.25020000000000026
0.25024000000000024
0.2502800000000004
0.2503200000000003
0.2503600000000004
0.2504000000000004
0.2504400000000005
0.2504800000000005
0.2505200000000006
0.25056000000000056
0.25060000000000066
0.2506400000000006
0.25068000000000074
0.2507200000000007
0.25076000000000087
0.2508000000000008
0.2508400000000009
0.2508800000000009
0.250920000000001
0.25096000000000096
0.25100000000000106
0.25104000000000104
0.25108000000000114
0.2511200000000011
0.2511600000000012
0.2512000000000012
0.2512400000000013
0.2512800000000013
0.25132000000000143
0.25136000000000136
0.25140000000000146
0.25144000000000144
0.25148000000000154
0.2515200000000015
0.25156000000000167
0.2516000000000016
0.2516400000000017
0.2516800000000017
0.2517200000000018
0.25176000000000176
0.25180000000000186
0.25184000000000184
0.25188000000000194
0.25192000000000186
0.251960000000002
0.252000000000002
0.25204000000000215
0.2520800000000021
0.25211000000000217
0.25215000000000215
0.25219000000000225
0.25223000000000223
0.2522700000000024
0.2523100000000023
0.25235000000000246
0.2523900000000024
0.2524300000000025
0.25247000000000247
0.2524800000000026
0.25248000000000254
0.25252000000000263
0.2525600000000026
0.25260000000000277
0.2526400000000027
0.25268000000000285
0.25272000000000283
0.25276000000000287
0.25280000000000286
0.25283000000000294
0.252870000000003
0.252910000000003
0.252950000000003
0.25299000000000316
0.2530300000000031
0.25307000000000324
0.2531100000000032
0.2531500000000033
0.2531900000000033
0.2532300000000034
0.2532700000000033
0.2533100000000034
0.2533500000000034
0.25339000000000356
0.25343000000000354
0.2534700000000036
0.2535100000000036
0.2535500000000037
0.25359000000000365
0.2536100000000038
0.25365000000000376
0.25369000000000386
0.25373000000000384
0.2537700000000039
0.2538100000000039
0.253850000000004
0.253890000000004
0.2539300000000041
0.2539700000000041
0.2540100000000042
0.25405000000000416
0.25407000000000424
0.2541100000000042
0.2541400000000043
0.2539300000000043
0.25396000000000446
0.2540000000000044
0.2540400000000045
0.25407000000000446
0.2540800000000046
0.25412000000000456
0.25416000000000466
0.2542000000000046
0.25424000000000474
0.2542800000000047
0.2543200000000048
0.2543300000000048
0.2542600000000049
0.2542800000000049
0.254320000000005
0.25436000000000497
0.25440000000000507
0.25444000000000505
0.25448000000000515
0.2544900000000051
0.25453000000000525
0.2545700000000052
0.2546100000000053
0.2546100000000053
0.2546300000000054
0.25467000000000534
0.2547100000000055
0.25475000000000547
0.25479000000000557
0.2548300000000055
0.25487000000000565
0.2549100000000056
0.2549500000000057
0.2549900000000057
0.25503000000000575
0.25507000000000574
0.2551100000000059
0.2551500000000058
0.25519000000000597
0.25523000000000595
0.255270000000006
0.255310000000006
0.2553500000000061
0.25539000000000606
0.2554300000000062
0.2554700000000062
0.2555100000000063
0.25555000000000627
0.25559000000000637
0.25563000000000635
0.25567000000000645
0.2557100000000064
0.2557500000000065
0.25579000000000646
0.25583000000000655
0.25587000000000654
0.2559100000000067
0.2559500000000066
0.25599000000000677
0.25603000000000675
0.25607000000000685
0.2561100000000068
0.2561500000000069
0.25619000000000686
0.25623000000000695
0.256270000000007
0.25631000000000703
0.25635000000000707
0.25639000000000717
0.2564300000000071
0.25647000000000725
0.25651000000000723
0.25655000000000727
0.2565900000000073
0.2566300000000074
0.25667000000000734
0.2567100000000075
0.25674000000000746
0.2566100000000075
0.2564900000000075
0.2564300000000076
0.2563400000000076
0.25632000000000765
0.2562700000000077
0.25621000000000776
0.25621000000000776
0.25625000000000786
0.2562900000000078
0.25633000000000794
0.2563700000000079
0.256410000000008
0.256450000000008
0.2564900000000081
0.25653000000000803
0.2565700000000082
0.25661000000000816
0.25665000000000826
0.25669000000000824
0.25673000000000834
0.25677000000000827
0.2568100000000084
0.2568500000000084
0.2568900000000085
0.2569300000000085
0.2569700000000086
0.2570100000000085
0.25705000000000866
0.2570900000000086
0.25713000000000874
0.2571700000000087
0.25721000000000876
0.2572500000000088
0.2572900000000089
0.25733000000000883
0.257370000000009
0.25741000000000896
0.257450000000009
0.25749000000000904
0.25753000000000914
0.2575700000000091
0.2576100000000092
0.2576500000000092
0.25769000000000924
0.2577300000000093
0.2577700000000094
0.2578100000000093
0.25785000000000946
0.25789000000000945
0.25793000000000954
0.2579700000000095
0.2580100000000096
0.25805000000000955
0.2580900000000097
0.2581300000000097
0.2581700000000097
0.2582100000000097
0.2582500000000099
0.25825000000000975
0.25828000000000995
0.2583200000000099
0.25836000000001
0.25840000000000996
0.25844000000001005
0.2584800000000101
0.2585200000000102
0.25856000000001017
0.25860000000001027
0.2586400000000102
0.25868000000001035
0.25872000000001033
0.2587600000000104
0.2588000000000104
0.2588400000000105
0.25888000000001044
0.2589200000000106
0.25896000000001057
0.2590000000000106
0.2590400000000106
0.25908000000001075
0.2591200000000107
0.2591600000000108
0.2592000000000108
0.2592400000000109
0.2592800000000109
0.259320000000011
0.2593600000000109
0.25940000000001107
0.25944000000001105
0.25948000000001115
0.25952000000001113
0.2595600000000112
0.25960000000001116
0.2596400000000113
0.25968000000001124
0.25972000000001133
0.25976000000001137
0.2598000000000114
0.2598400000000114
0.2598800000000116
0.25992000000001153
0.2599600000000116
0.2600000000000116
0.26004000000001165
0.26008000000001164
0.2601200000000118
0.2601600000000117
0.26020000000001187
0.26024000000001185
0.2602800000000119
0.2603200000000119
0.260360000000012
0.260400000000012
0.2604400000000121
0.2604800000000121
0.2605200000000122
0.26056000000001217
0.2606000000000123
0.26064000000001225
0.26068000000001235
0.26072000000001233
0.26076000000001237
0.26080000000001236
0.2608400000000125
0.26088000000001244
0.2609200000000126
0.2609600000000125
0.2610000000000126
0.26104000000001265
0.26108000000001275
0.26112000000001273
0.2611600000000128
0.26120000000001276
0.2612400000000129
0.2612800000000129
0.261320000000013
0.26136000000001297
0.26140000000001307
0.261440000000013
0.26148000000001315
0.26152000000001313
0.26156000000001317
0.26160000000001316
0.2616400000000133
0.26168000000001324
0.2617200000000134
0.26176000000001337
0.26180000000001347
0.26184000000001345
0.26188000000001355
0.2619100000000135
0.2619200000000136
0.2619600000000136
0.2620000000000138
0.2620400000000137
0.2620800000000138
0.2621200000000138
0.2621600000000138
0.2622000000000138
0.26224000000001396
0.2622800000000139
0.26232000000001404
0.26236000000001397
0.26240000000001407
0.26244000000001405
0.26248000000001415
0.26252000000001413
0.2625600000000143
0.2626000000000142
0.26264000000001436
0.26268000000001435
0.26272000000001444
0.26274000000001446
0.26272000000001444
0.26254000000001454
0.26206000000001456
0.2613300000000146
0.2603500000000147
0.25899000000001465
0.2577200000000147
0.2564000000000148
0.25482000000001476
0.25357000000001484
0.25249000000001487
0.25166000000001487
0.25068000000001495
0.249630000000015
0.24832000000001506
0.24760000000001503
0.2473700000000151
0.24716000000001515
0.24707000000001517
0.24703000000001524
0.24675000000001526
0.2465000000000153
0.24634000000001532
0.2461700000000154
0.24608000000001545
0.24605000000001548
0.2460900000000155
0.24613000000001553
0.2461700000000156
0.2462100000000156
0.24625000000001568
0.2462900000000157
0.24631000000001574
0.24634000000001577
0.2463800000000158
0.24642000000001582
0.2464600000000159
0.24650000000001596
0.246540000000016
0.246580000000016
0.2466200000000161
0.2466600000000161
0.24670000000001613
0.24674000000001614
0.24678000000001624
0.24682000000001625
0.24686000000001632
0.24690000000001636
0.24694000000001637
0.24698000000001638
0.24702000000001648
0.2470600000000165
0.24710000000001653
0.2471400000000166
0.24718000000001664
0.24722000000001665
0.24726000000001672
0.24730000000001673
0.2473400000000168
0.24738000000001678
0.24742000000001688
0.2474600000000169
0.24750000000001693
0.24754000000001697
0.24758000000001704
0.24762000000001705
0.2476600000000171
0.24769000000001712
0.2477300000000172
0.24777000000001723
0.24781000000001727
0.2478500000000173
0.24789000000001732
0.24793000000001736
0.24797000000001743
0.24801000000001744
0.2480500000000175
0.24809000000001755
0.24813000000001756
0.24817000000001763
0.24821000000001767
0.24825000000001768
0.24829000000001772
0.2483300000000178
0.24837000000001783
0.24841000000001787
0.2484500000000179
0.24849000000001795
0.24853000000001796
0.248570000000018
0.24861000000001804
0.24865000000001808
0.24869000000001812
0.2487300000000182
0.24877000000001823
0.24881000000001824
0.2488300000000183
0.24887000000001833
0.2489100000000184
0.2489500000000184
0.24899000000001847
0.24903000000001851
0.24907000000001853
0.24911000000001857
0.24914000000001862
0.24918000000001866
0.2492200000000187
0.24926000000001874
0.24930000000001876
0.24934000000001882
0.24938000000001886
0.2494100000000189
0.24936000000001896
0.24939000000001899
0.24943000000001903
0.24947000000001904
0.2495100000000191
0.24955000000001912
0.24959000000001919
0.2496300000000192
0.24967000000001927
0.2497100000000193
0.24975000000001932
0.24979000000001939
0.24983000000001943
0.24987000000001944
0.24991000000001953
0.24995000000001955
0.24999000000001959
0.25003000000001957
0.25007000000001967
0.2501100000000197
0.25015000000001975
0.2501900000000198
0.2502200000000198
0.25022000000001987
0.25022000000001987
0.25026000000001997
0.25030000000001995
0.25034000000002
0.25036000000002007
0.2504000000000201
0.25044000000002015
0.2504800000000202
0.2505200000000202
0.2505600000000202
0.2506000000000203
0.25064000000002035
0.25068000000002033
0.2507200000000204
0.25076000000002047
0.25080000000002045
0.25084000000002055
0.2508800000000206
0.2509200000000206
0.25096000000002067
0.2510000000000207
0.25104000000002075
0.2510800000000208
0.2511200000000208
0.25116000000002087
0.25120000000002085
0.25124000000002095
0.251280000000021
0.251320000000021
0.25136000000002107
0.25140000000002105
0.25144000000002115
0.2514800000000212
0.2515200000000212
0.25156000000002127
0.2516000000000213
0.25164000000002135
0.2516800000000214
0.2517200000000214
0.25176000000002147
0.2518000000000215
0.2518400000000215
0.2518800000000216
0.2519200000000216
0.2519600000000216
0.2520000000000217
0.25204000000002175
0.25208000000002173
0.2521200000000218
0.25216000000002187
0.2522000000000219
0.25224000000002195
0.252280000000022
0.252320000000022
0.25236000000002207
0.2524000000000221
0.25244000000002215
0.25248000000002213
0.2525200000000222
0.25256000000002227
0.2526000000000223
0.25264000000002235
0.25268000000002233
0.2527200000000224
0.25276000000002247
0.2528000000000225
0.25284000000002255
0.2528800000000226
0.2529200000000226
0.25296000000002267
0.2530000000000227
0.25304000000002275
0.2530800000000228
0.25312000000002277
0.25316000000002287
0.2532000000000229
0.2532400000000229
0.253280000000023
0.253320000000023
0.253360000000023
0.2534000000000231
0.25344000000002315
0.2534800000000232
0.2535200000000232
0.25356000000002327
0.2536000000000233
0.25364000000002335
0.2536700000000234
0.2537100000000234
0.25375000000002346
0.2537900000000235
0.25383000000002354
0.2538700000000236
0.2539100000000236
0.25395000000002366
0.2539900000000237
0.25403000000002374
0.2540700000000238
0.2541100000000238
0.25415000000002386
0.2541900000000239
0.2542300000000239
0.254270000000024
0.254310000000024
0.25435000000002406
0.2543900000000241
0.2544300000000241
0.2544700000000242
0.2545100000000242
0.2545500000000242
0.2545900000000243
0.25463000000002434
0.2546700000000244
0.2547100000000244
0.25475000000002446
0.25479000000002444
0.25483000000002454
0.2548700000000246
0.2549100000000246
0.25495000000002466
0.2549900000000247
0.25503000000002474
0.2550700000000248
0.2551100000000248
0.25515000000002486
0.2551900000000249
0.25523000000002494
0.255270000000025
0.255310000000025
0.25535000000002506
0.2553900000000251
0.2554300000000251
0.2554700000000252
0.25551000000002516
0.25555000000002526
0.2555900000000253
0.25563000000002534
0.2556700000000254
0.25571000000002536
0.25575000000002546
0.2557900000000255
0.2558300000000255
0.2558700000000256
0.2559100000000256
0.25595000000002566
0.2559900000000257
0.25603000000002574
0.2560700000000257
0.2561100000000258
0.25615000000002586
0.25619000000002584
0.25623000000002594
0.256270000000026
0.25631000000002596
0.25635000000002606
0.2563900000000261
0.2564300000000261
0.2564700000000262
0.2565100000000263
0.25654000000002625
0.2565800000000263
0.2566200000000263
0.25666000000002637
0.2567000000000264
0.25674000000002645
0.2567800000000265
0.2568200000000265
0.25686000000002657
0.2569000000000266
0.2569300000000267
0.2569000000000267
0.25687000000002674
0.25683000000002676
0.2568600000000268
0.2569000000000269
0.25694000000002687
0.25698000000002696
0.25702000000002695
0.257060000000027
0.2571000000000271
0.2571400000000271
0.2571800000000271
0.2572200000000272
0.25726000000002724
0.25730000000002723
0.2573400000000273
0.25738000000002736
0.25742000000002735
0.25746000000002744
0.25750000000002743
0.2575400000000275
0.25757000000002755
0.2576100000000276
0.2576500000000276
0.2576900000000276
0.25773000000002766
0.2577700000000277
0.2578100000000278
0.25785000000002783
0.2578900000000278
0.2579300000000279
0.25797000000002795
0.25801000000002794
0.258050000000028
0.2580900000000281
0.25813000000002806
0.25817000000002815
0.2582100000000282
0.2582500000000282
0.2582900000000283
0.2583300000000283
0.2583700000000283
0.2584100000000284
0.2584500000000284
0.2584900000000284
0.2585300000000285
0.25857000000002855
0.25861000000002854
0.25865000000002863
0.2586900000000286
0.25873000000002866
0.25877000000002875
0.25881000000002874
0.2588500000000288
0.2588900000000289
0.25893000000002886
0.2589700000000289
0.259010000000029
0.25905000000002903
0.259090000000029
0.2591300000000291
0.2591700000000291
0.25921000000002914
0.25925000000002923
0.2592900000000293
0.25933000000002926
0.25937000000002935
0.25941000000002934
0.25945000000002943
0.2594900000000295
0.25953000000002946
0.2595700000000295
0.2596100000000296
0.2596500000000296
0.2596900000000297
0.2597300000000297
0.25977000000002975
0.2598100000000298
0.25985000000002983
0.2598900000000298
0.2599300000000299
0.2599700000000299
0.26001000000003
0.26005000000003
0.26009000000003
0.2601300000000301
0.26015000000003013
0.2601900000000302
0.2602300000000302
0.2602700000000302
0.2603100000000303
0.2603500000000304
0.2603900000000303
0.2604300000000304
0.26047000000003045
0.2605100000000305
0.26055000000003053
0.26057000000003055
0.2606100000000306
0.2606500000000307
0.2606900000000307
0.2607300000000307
0.26077000000003075
0.2608100000000308
0.26085000000003083
0.26089000000003093
0.26093000000003097
0.26097000000003095
0.26101000000003105
0.26105000000003103
0.2610900000000311
0.2611300000000311
0.26117000000003116
0.26121000000003125
0.2612500000000313
0.2612800000000313
0.26116000000003137
0.2607300000000314
0.2603500000000314
0.26004000000003147
0.25989000000003154
0.2598000000000315
0.2595600000000316
0.25905000000003164
0.2584300000000317
0.25717000000003165
0.2555900000000317
0.25365000000003174
0.2521500000000318
0.2510200000000319
0.24942000000003187
0.24823000000003193
0.246950000000032
0.245710000000032
0.24453000000003206
0.2429800000000321
0.24193000000003212
0.24132000000003218
0.24063000000003223
0.24021000000003223
0.2399800000000323
0.23996000000003231
0.24000000000003235
0.2400400000000324
0.24008000000003243
0.24012000000003247
0.24016000000003251
0.24020000000003255
0.2402400000000326
0.24028000000003266
0.24032000000003267
0.24036000000003271
0.24038000000003273
0.2404200000000328
0.24046000000003284
0.24050000000003285
0.24054000000003292
0.24058000000003296
0.240620000000033
0.24066000000003304
0.24070000000003308
0.24074000000003312
0.24078000000003316
0.2408200000000332
0.24086000000003324
0.24090000000003328
0.2409400000000333
0.2409800000000334
0.2410200000000334
0.24106000000003341
0.2411000000000335
0.24114000000003352
0.24118000000003356
0.2412200000000336
0.24126000000003364
0.24130000000003365
0.24134000000003372
0.24138000000003376
0.24142000000003377
0.24146000000003384
0.24150000000003388
0.24154000000003392
0.241580000000034
0.241620000000034
0.24166000000003401
0.24170000000003408
0.24174000000003412
0.24178000000003413
0.2418200000000342
0.24186000000003424
0.24190000000003428
0.24194000000003432
0.24198000000003436
0.2420200000000344
0.24206000000003444
0.24210000000003448
0.24214000000003452
0.24218000000003456
0.24222000000003457
0.24226000000003467
0.24230000000003468
0.2423400000000347
0.2423800000000348
0.2424200000000348
0.24246000000003484
0.24250000000003488
0.24254000000003492
0.24258000000003493
0.242620000000035
0.24266000000003504
0.24270000000003505
0.24274000000003512
0.24278000000003516
0.2428200000000352
0.24286000000003527
0.24290000000003528
0.2429400000000353
0.24298000000003536
0.2430200000000354
0.24306000000003541
0.24310000000003548
0.24314000000003552
0.24318000000003556
0.24322000000003557
0.24326000000003564
0.24330000000003565
0.24334000000003572
0.24337000000003575
0.24341000000003582
0.24345000000003586
0.24349000000003587
0.24353000000003588
0.24357000000003595
0.243610000000036
0.243650000000036
0.2436900000000361
0.2437300000000361
0.24377000000003615
0.24381000000003622
0.24385000000003623
0.24389000000003624
0.24393000000003634
0.24397000000003635
0.24401000000003636
0.24405000000003646
0.24409000000003647
0.2441300000000365
0.24417000000003658
0.2442100000000366
0.24425000000003663
0.24429000000003667
0.2443300000000367
0.24437000000003675
0.2444100000000368
0.24445000000003683
0.24449000000003687
0.2445300000000369
0.24457000000003695
0.24461000000003702
0.24465000000003703
0.2446900000000371
0.24473000000003714
0.24477000000003715
0.24480000000003718
0.24469000000003724
0.24461000000003727
0.2446500000000373
0.24469000000003738
0.2447300000000374
0.24477000000003743
0.24481000000003747
0.2448500000000375
0.24489000000003755
0.2449300000000376
0.24497000000003763
0.24501000000003767
0.24505000000003774
0.24509000000003778
0.2451300000000378
0.24517000000003786
0.24521000000003787
0.2452500000000379
0.24529000000003792
0.24533000000003802
0.24537000000003803
0.24541000000003807
0.24545000000003814
0.24549000000003815
0.24553000000003816
0.24557000000003826
0.24559000000003828
0.24563000000003832
0.24567000000003839
0.2457100000000384
0.24575000000003844
0.2457900000000385
0.24583000000003852
0.24587000000003859
0.2459100000000386
0.24595000000003864
0.24599000000003865
0.24603000000003875
0.24607000000003876
0.2461100000000388
0.24615000000003884
0.24619000000003888
0.2462300000000389
0.24627000000003896
0.246310000000039
0.24635000000003904
0.2463900000000391
0.24643000000003915
0.24647000000003916
0.24651000000003923
0.24655000000003924
0.24659000000003928
0.24663000000003932
0.24667000000003936
0.24671000000003937
0.24674000000003943
0.24678000000003947
0.24682000000003954
0.24686000000003958
0.2469000000000396
0.24694000000003966
0.2469800000000397
0.2470200000000397
0.24706000000003978
0.24710000000003982
0.24714000000003986
0.2471800000000399
0.24712000000003992
0.24698000000003995
0.24697000000004002
0.24697000000004005
0.24701000000004006
0.24705000000004013
0.24709000000004017
0.24713000000004018
0.24717000000004027
0.2472100000000403
0.2472500000000403
0.24729000000004037
0.2473300000000404
0.24737000000004042
0.24741000000004046
0.24745000000004053
0.24749000000004054
0.2475300000000406
0.24757000000004065
0.2476100000000407
0.24765000000004073
0.24769000000004077
0.24773000000004078
0.24777000000004082
0.2478100000000409
0.2478500000000409
0.24789000000004097
0.24790000000004103
0.24794000000004104
0.24798000000004106
0.2480200000000411
0.24806000000004116
0.24810000000004118
0.24814000000004124
0.24818000000004128
0.24822000000004132
0.24826000000004136
0.2483000000000414
0.24834000000004144
0.24838000000004148
0.24842000000004152
0.24846000000004156
0.2485000000000416
0.24854000000004162
0.24858000000004168
0.24862000000004172
0.24866000000004174
0.2487000000000418
0.24874000000004184
0.24878000000004188
0.24882000000004192
0.24886000000004196
0.24890000000004198
0.24894000000004204
0.24898000000004208
0.24902000000004212
0.2490600000000422
0.2490800000000422
0.24912000000004225
0.24916000000004226
0.24920000000004233
0.24924000000004234
0.2492600000000424
0.24929000000004245
0.2493300000000425
0.24937000000004253
0.24941000000004254
0.24945000000004258
0.24949000000004265
0.2495300000000427
0.24957000000004273
0.24961000000004277
0.2496500000000428
0.24969000000004285
0.2497300000000429
0.24977000000004293
0.24981000000004297
0.24985000000004304
0.24989000000004302
0.2499300000000431
0.2499700000000431
0.24993000000004317
0.2499000000000432
0.24994000000004324
0.2499600000000433
0.2500000000000433
0.25003000000004333
0.25001000000004336
0.25005000000004346
0.25009000000004344
0.25013000000004354
0.2501700000000436
0.2502100000000436
0.25025000000004366
0.2502900000000437
0.25033000000004374
0.2503700000000438
0.2504100000000438
0.25045000000004386
0.2504800000000439
0.2505100000000439
0.25055000000004396
0.25059000000004406
0.25063000000004404
0.2506700000000441
0.25071000000004406
0.25075000000004416
0.2507900000000442
0.25083000000004424
0.2508700000000443
0.2509100000000443
0.25095000000004436
0.2509900000000444
0.25103000000004444
0.2510700000000445
0.2511100000000445
0.25115000000004456
0.2511900000000446
0.25123000000004464
0.25125000000004466
0.25129000000004476
0.25133000000004474
0.2513700000000448
0.2514100000000448
0.2514500000000449
0.2514900000000449
0.25152000000004493
0.25156000000004497
0.25160000000004507
0.2516300000000451
0.25167000000004514
0.2517100000000452
0.2517500000000452
0.25179000000004526
0.2518300000000453
0.25187000000004534
0.2519100000000454
0.2519500000000454
0.2519900000000454
0.2520300000000455
0.25207000000004554
0.2521100000000455
0.2521500000000456
0.2521900000000456
0.2522300000000457
0.25227000000004574
0.2523100000000458
0.25235000000004576
0.25239000000004586
0.2524300000000459
0.25247000000004594
0.252510000000046
0.252550000000046
0.252590000000046
0.2526300000000461
0.25267000000004614
0.2527100000000462
0.25275000000004616
0.25279000000004626
0.25283000000004624
0.25287000000004634
0.2529100000000464
0.2529500000000464
0.25299000000004646
0.2530300000000465
0.25307000000004654
0.2531100000000466
0.2531500000000466
0.25319000000004666
0.2532300000000467
0.2532700000000467
0.2533100000000468
0.2533500000000468
0.2533900000000468
0.2534300000000469
0.2534700000000469
0.253510000000047
0.253550000000047
0.25359000000004706
0.25363000000004704
0.25367000000004714
0.2537100000000472
0.2537500000000472
0.25379000000004726
0.2538300000000473
0.2538700000000473
0.2539100000000474
0.2539500000000474
0.25399000000004746
0.25403000000004744
0.25407000000004754
0.2541100000000475
0.2541500000000476
0.25419000000004766
0.25423000000004764
0.25427000000004774
0.2543100000000478
0.2543500000000478
0.25439000000004786
0.2544300000000479
0.25447000000004794
0.254510000000048
0.25455000000004796
0.25459000000004806
0.2546300000000481
0.2546700000000481
0.2547100000000482
0.25475000000004816
0.2547900000000482
0.2548300000000483
0.25487000000004834
0.2549100000000483
0.2549500000000484
0.25499000000004846
0.2550300000000485
0.25507000000004854
0.2551100000000486
0.25515000000004856
0.25519000000004866
0.2552300000000487
0.25527000000004874
0.2553100000000487
0.2553500000000488
0.2553900000000488
0.2554300000000489
0.25547000000004894
0.2555100000000489
0.255550000000049
0.25559000000004906
0.2556300000000491
0.25567000000004914
0.2557100000000492
0.2557500000000492
0.25579000000004926
0.25583000000004924
0.25587000000004934
0.2559100000000494
0.25595000000004936
0.25599000000004946
0.25603000000004944
0.2560700000000495
0.2561100000000496
0.2561500000000496
0.25618000000004965
0.25621000000004973
0.2562500000000497
0.25629000000004976
0.25633000000004985
0.25637000000004984
0.2564100000000499
0.25645000000004997
0.25649000000004996
0.25651000000005003
0.25655000000005007
0.25659000000005006
0.25663000000005015
0.25667000000005014
0.2567100000000502
0.25675000000005027
0.25679000000005026
0.2568300000000503
0.2568700000000504
0.25691000000005043
0.25695000000005047
0.2569900000000505
0.2570300000000505
0.25707000000005054
0.25711000000005063
0.25715000000005067
0.25719000000005066
0.2572300000000507
0.2572700000000508
0.25731000000005083
0.2573500000000508
0.25739000000005086
0.25743000000005095
0.25747000000005094
0.25751000000005103
0.257550000000051
0.25759000000005106
0.25763000000005115
0.2576700000000512
0.2577100000000512
0.2577500000000512
0.2577900000000513
0.2578300000000513
0.2578600000000514
0.25790000000005137
0.25794000000005146
0.2579800000000515
0.25802000000005154
0.2580600000000516
0.25810000000005157
0.2581400000000516
0.2581800000000517
0.25822000000005174
0.2582600000000518
0.2583000000000518
0.25834000000005186
0.2583800000000519
0.25842000000005194
0.2584600000000519
0.25850000000005197
0.258540000000052
0.2585800000000521
0.25862000000005214
0.2586600000000521
0.2587000000000522
0.25874000000005226
0.25878000000005225
0.25882000000005234
0.2588600000000523
0.25890000000005237
0.25894000000005246
0.2589800000000525
0.2590200000000525
0.25905000000005257
0.2590900000000526
0.25913000000005265
0.2591700000000527
0.25921000000005273
0.25923000000005275
0.25927000000005285
0.25931000000005283
0.25935000000005287
0.25939000000005297
0.259430000000053
0.259470000000053
0.25951000000005303
0.25955000000005307
0.2595900000000531
0.2596300000000532
0.2596700000000532
0.25971000000005323
0.2597500000000533
0.2597700000000533
0.2598100000000534
0.25985000000005337
0.2598900000000534
0.2599300000000535
0.25997000000005355
0.26001000000005353
0.2600500000000536
0.26009000000005367
0.2601300000000537
0.26017000000005375
0.26021000000005373
0.26025000000005377
0.26029000000005387
0.2603300000000539
0.2603700000000539
0.260410000000054
0.260450000000054
0.260490000000054
0.2605300000000541
0.2605700000000541
0.26061000000005413
0.2606500000000542
0.26069000000005427
0.26073000000005425
0.26077000000005435
0.2608100000000544
0.2608500000000544
0.26089000000005447
0.26093000000005445
0.26097000000005455
0.2610100000000546
0.2610500000000546
0.26109000000005467
0.26113000000005465
0.26117000000005475
0.26121000000005473
0.26125000000005477
0.2612900000000548
0.2613300000000549
0.2613700000000549
0.261410000000055
0.261450000000055
0.261490000000055
0.2615300000000551
0.26157000000005515
0.26161000000005513
0.2616500000000552
0.26169000000005527
0.26173000000005525
0.26177000000005535
0.2618100000000554
0.26185000000005537
0.26189000000005547
0.2619300000000555
0.2619700000000555
0.2620100000000556
0.2620500000000556
0.2620900000000556
0.2621300000000557
0.26217000000005575
0.26221000000005573
0.2622500000000558
0.2622800000000558
0.2623200000000559
0.26236000000005594
0.26239000000005597
0.262240000000056
0.26176000000005606
0.2607000000000561
0.2594000000000561
0.2575400000000561
0.2557200000000562
0.2531500000000563
0.2507700000000563
0.24853000000005632
0.24682000000005636
0.2452200000000564
0.24389000000005642
0.24273000000005646
0.2413100000000565
0.23967000000005656
0.23860000000005657
0.23758000000005663
0.23670000000005667
0.2356800000000567
0.23451000000005673
0.2339700000000568
0.2333700000000568
0.23267000000005686
0.2322600000000569
0.23189000000005694
0.23167000000005697
0.23153000000005705
0.23144000000005707
0.23124000000005712
0.2312000000000571
0.23117000000005716
0.23121000000005723
0.23125000000005724
0.2312900000000573
0.23133000000005735
0.2313700000000574
0.2314100000000574
0.23143000000005745
0.2314700000000575
0.2315100000000575
0.2315500000000576
0.2315900000000576
0.23163000000005765
0.2316700000000577
0.23171000000005773
0.23175000000005774
0.2317900000000578
0.23183000000005785
0.23187000000005786
0.23191000000005796
0.23195000000005797
0.231990000000058
0.23203000000005808
0.2320700000000581
0.23211000000005813
0.2321500000000582
0.2321900000000582
0.23223000000005822
0.2322700000000583
0.23231000000005833
0.23235000000005837
0.2323900000000584
0.23243000000005845
0.2324700000000585
0.23251000000005853
0.23254000000005856
0.23258000000005863
0.23262000000005867
0.23263000000005868
0.23267000000005875
0.23271000000005876
0.23275000000005883
0.23279000000005887
0.23283000000005888
0.23287000000005895
0.23291000000005896
0.23295000000005903
0.23299000000005907
0.23303000000005908
0.23307000000005915
0.23310000000005918
0.23314000000005922
0.23318000000005923
0.23322000000005932
0.23326000000005934
0.23330000000005938
0.23334000000005944
0.23337000000005947
0.2333700000000595
0.23336000000005952
0.23335000000005957
0.23338000000005962
0.23342000000005964
0.23346000000005973
0.23350000000005974
0.23354000000005976
0.23358000000005985
0.23362000000005986
0.2336600000000599
0.23370000000005994
0.23374000000005998
0.23378000000006
0.23382000000006006
0.2338600000000601
0.23390000000006014
0.23394000000006013
0.23398000000006022
0.23402000000006024
0.2340600000000603
0.23410000000006034
0.23414000000006038
0.23418000000006042
0.2342200000000605
0.23426000000006048
0.23430000000006054
0.23434000000006058
0.23438000000006062
0.23442000000006066
0.23446000000006068
0.23450000000006072
0.23454000000006078
0.2345800000000608
0.23462000000006086
0.2346600000000609
0.23470000000006092
0.234740000000061
0.23478000000006102
0.23482000000006104
0.23486000000006113
0.23490000000006114
0.23494000000006118
0.23498000000006122
0.23502000000006126
0.23506000000006128
0.23510000000006134
0.23514000000006138
0.23518000000006142
0.2352200000000614
0.2352600000000615
0.23530000000006152
0.23534000000006158
0.23538000000006162
0.23542000000006166
0.2354600000000617
0.23550000000006177
0.23554000000006176
0.23558000000006182
0.23562000000006186
0.2356600000000619
0.23570000000006192
0.235710000000062
0.235590000000062
0.23543000000006206
0.2351800000000621
0.2350100000000621
0.23488000000006218
0.23481000000006222
0.23485000000006226
0.2348900000000623
0.23493000000006234
0.23497000000006238
0.2350100000000624
0.2350500000000625
0.23509000000006247
0.23513000000006254
0.2351700000000626
0.23521000000006262
0.23525000000006266
0.2352900000000627
0.23533000000006274
0.23537000000006275
0.23541000000006282
0.23545000000006286
0.2354900000000629
0.23553000000006297
0.23557000000006298
0.23561000000006302
0.23565000000006303
0.2356900000000631
0.2357300000000631
0.23577000000006318
0.23581000000006322
0.23585000000006326
0.2358900000000633
0.23593000000006334
0.23597000000006338
0.23601000000006342
0.23605000000006346
0.2360900000000635
0.23613000000006354
0.23617000000006358
0.23621000000006362
0.23625000000006366
0.23629000000006367
0.23633000000006377
0.23637000000006375
0.23641000000006382
0.2364500000000639
0.2364900000000639
0.23653000000006394
0.23657000000006398
0.23661000000006402
0.23665000000006403
0.2366900000000641
0.23673000000006414
0.23677000000006418
0.23681000000006425
0.23685000000006426
0.2368900000000643
0.2369300000000643
0.23697000000006438
0.2370100000000644
0.23705000000006446
0.2370500000000645
0.23701000000006453
0.2370500000000646
0.2370300000000646
0.23696000000006467
0.2369800000000647
0.23702000000006473
0.23706000000006477
0.2371000000000648
0.23714000000006485
0.23718000000006487
0.23722000000006493
0.23726000000006497
0.23730000000006501
0.23734000000006505
0.2373800000000651
0.23742000000006513
0.23746000000006517
0.2375000000000652
0.23754000000006525
0.2375800000000653
0.23762000000006533
0.23766000000006537
0.23770000000006541
0.23774000000006543
0.2377800000000655
0.23782000000006553
0.23786000000006555
0.23790000000006564
0.23794000000006565
0.2379800000000657
0.23802000000006573
0.23806000000006577
0.2381000000000658
0.23814000000006583
0.2381800000000659
0.2382200000000659
0.23826000000006597
0.23830000000006601
0.23834000000006605
0.23838000000006607
0.23842000000006613
0.23846000000006615
0.23850000000006621
0.23854000000006625
0.2385800000000663
0.23862000000006633
0.23866000000006637
0.23870000000006641
0.23874000000006645
0.23878000000006647
0.23882000000006653
0.23886000000006657
0.23890000000006661
0.23894000000006665
0.2389800000000667
0.2390200000000667
0.23905000000006676
0.2390500000000668
0.23909000000006686
0.2391300000000669
0.2391700000000669
0.23921000000006695
0.23925000000006702
0.23929000000006703
0.23933000000006713
0.23937000000006714
0.23941000000006718
0.2394500000000672
0.23949000000006726
0.23953000000006727
0.23957000000006734
0.23961000000006738
0.23965000000006742
0.23969000000006746
0.2397300000000675
0.2397700000000675
0.23981000000006755
0.23985000000006762
0.23988000000006765
0.2399200000000677
0.23996000000006773
0.24000000000006777
0.24002000000006782
0.24004000000006787
0.2400800000000679
0.24012000000006795
0.240160000000068
0.24020000000006803
0.24024000000006804
0.2402800000000681
0.24032000000006815
0.24036000000006816
0.24040000000006825
0.24044000000006827
0.2404800000000683
0.24052000000006837
0.24056000000006839
0.2406000000000684
0.24064000000006847
0.2406800000000685
0.24072000000006855
0.24059000000006858
0.24049000000006862
0.24027000000006865
0.2400600000000687
0.23999000000006873
0.23993000000006878
0.2399300000000688
0.23993000000006884
0.2399300000000689
0.23989000000006894
0.23984000000006897
0.23986000000006902
0.23990000000006903
0.2399400000000691
0.23998000000006914
0.24002000000006918
0.24006000000006922
0.24010000000006926
0.24014000000006927
0.24018000000006937
0.24022000000006938
0.2402600000000694
0.24030000000006949
0.2403400000000695
0.24038000000006954
0.24042000000006955
0.24046000000006962
0.24050000000006963
0.2405400000000697
0.24058000000006974
0.24062000000006975
0.24066000000006982
0.24070000000006986
0.2407400000000699
0.2407800000000699
0.24082000000006998
0.24084000000007
0.24083000000007007
0.2408000000000701
0.24079000000007014
0.24083000000007015
0.2408700000000702
0.24091000000007023
0.2409500000000703
0.24099000000007031
0.24103000000007035
0.24107000000007042
0.24110000000007045
0.2411400000000705
0.24118000000007056
0.24122000000007057
0.24126000000007058
0.24130000000007065
0.2413400000000707
0.2413800000000707
0.24142000000007077
0.2414500000000708
0.24149000000007084
0.2415300000000709
0.24157000000007092
0.24161000000007096
0.241650000000071
0.24168000000007106
0.2417100000000711
0.2417500000000711
0.2417900000000712
0.2418300000000712
0.24187000000007125
0.24191000000007132
0.24195000000007133
0.24199000000007137
0.2420300000000714
0.24207000000007145
0.24211000000007146
0.24215000000007153
0.24219000000007157
0.2422300000000716
0.24227000000007165
0.2423100000000717
0.24223000000007172
0.24218000000007178
0.2421700000000718
0.24221000000007187
0.2422500000000719
0.24229000000007192
0.24233000000007196
0.242370000000072
0.24241000000007204
0.24245000000007205
0.24249000000007215
0.24253000000007216
0.2425700000000722
0.24261000000007227
0.24265000000007228
0.2426900000000723
0.24273000000007236
0.2427700000000724
0.24281000000007244
0.2428500000000725
0.24289000000007252
0.24293000000007256
0.24297000000007263
0.24301000000007264
0.24305000000007268
0.24309000000007275
0.24313000000007276
0.24317000000007283
0.24321000000007284
0.24325000000007288
0.24329000000007292
0.24333000000007296
0.243370000000073
0.24341000000007307
0.24345000000007308
0.24349000000007315
0.2435300000000732
0.2435700000000732
0.24361000000007324
0.24365000000007328
0.24369000000007332
0.24373000000007333
0.24377000000007343
0.24381000000007344
0.24385000000007348
0.24389000000007355
0.24393000000007356
0.24397000000007357
0.24401000000007364
0.24405000000007368
0.2440900000000737
0.2441300000000738
0.2441700000000738
0.24421000000007384
0.2442500000000739
0.24429000000007392
0.24433000000007393
0.24437000000007403
0.24441000000007404
0.2444500000000741
0.24449000000007412
0.24453000000007416
0.2445600000000742
0.24460000000007426
0.24464000000007427
0.24468000000007434
0.24472000000007435
0.2447600000000744
0.24480000000007446
0.2448400000000745
0.2448800000000745
0.24492000000007458
0.24496000000007462
0.24500000000007463
0.2450400000000747
0.24508000000007474
0.24512000000007475
0.2451600000000748
0.24520000000007486
0.24524000000007487
0.2452800000000749
0.24532000000007498
0.245360000000075
0.24540000000007506
0.2454400000000751
0.2454800000000751
0.24552000000007512
0.24556000000007522
0.24560000000007523
0.24564000000007527
0.24568000000007534
0.24572000000007538
0.24576000000007542
0.24580000000007543
0.24583000000007546
0.24587000000007556
0.24591000000007557
0.2459500000000756
0.24598000000007564
0.2460200000000757
0.24606000000007572
0.24610000000007576
0.2461400000000758
0.24618000000007587
0.24622000000007585
0.24626000000007595
0.24630000000007596
0.246340000000076
0.24638000000007604
0.24642000000007608
0.2464600000000761
0.24650000000007616
0.2465400000000762
0.24658000000007627
0.24662000000007628
0.24666000000007635
0.24670000000007636
0.2467400000000764
0.24678000000007644
0.2468200000000765
0.24686000000007652
0.24690000000007659
0.2469400000000766
0.24697000000007666
0.24701000000007667
0.24705000000007676
0.24709000000007675
0.24713000000007682
0.24717000000007683
0.2472100000000769
0.2472500000000769
0.24729000000007698
0.24733000000007702
0.24737000000007706
0.24741000000007707
0.24745000000007716
0.24749000000007718
0.24753000000007722
0.24757000000007726
0.2476100000000773
0.2476500000000773
0.24769000000007735
0.2477300000000774
0.24777000000007746
0.24781000000007747
0.24785000000007756
0.24789000000007758
0.2479300000000776
0.24797000000007766
0.2480100000000777
0.2480500000000777
0.2480900000000778
0.24813000000007782
0.24817000000007786
0.2482100000000779
0.24825000000007794
0.24829000000007795
0.248330000000078
0.24837000000007806
0.2484100000000781
0.2484500000000781
0.24849000000007818
0.2485300000000782
0.24857000000007826
0.2486100000000783
0.2486500000000783
0.24869000000007838
0.24873000000007842
0.24877000000007846
0.2488100000000785
0.24885000000007854
0.24889000000007858
0.2489300000000786
0.24897000000007863
0.2490100000000787
0.24905000000007874
0.24909000000007875
0.24913000000007882
0.24917000000007886
0.24921000000007887
0.24925000000007894
0.24929000000007898
0.24933000000007902
0.24937000000007908
0.2494100000000791
0.24945000000007914
0.24949000000007918
0.24953000000007922
0.24957000000007923
0.24961000000007927
0.24965000000007934
0.24969000000007938
0.2497300000000794
0.24977000000007946
0.24981000000007947
0.2498500000000795
0.24989000000007958
0.2499300000000796
0.24997000000007966
0.25001000000007967
0.2500500000000797
0.2500900000000798
0.2501100000000798
0.25013000000007984
0.2501500000000799
0.2501900000000799
0.25023000000007994
0.25027000000008
0.25031000000008
0.25035000000008006
0.25039000000008016
0.25043000000008014
0.2504700000000802
0.2505100000000803
0.25055000000008026
0.2505900000000803
0.25063000000008034
0.2506700000000804
0.2507100000000805
0.25075000000008046
0.2507900000000805
0.25083000000008054
0.2508700000000806
0.2509000000000806
0.2508600000000807
0.2509000000000807
0.25094000000008077
0.2509800000000808
0.25102000000008085
0.2510600000000809
0.2511000000000809
0.25113000000008096
0.251100000000081
0.25106000000008105
0.2509800000000811
0.2510100000000811
0.25104000000008114
0.2509700000000812
0.2509500000000813
0.2509900000000813
0.25103000000008135
0.2510700000000814
0.25111000000008143
0.2511500000000814
0.25119000000008146
0.25122000000008154
0.25118000000008156
0.2510300000000816
0.2510700000000816
0.25111000000008166
0.2511500000000817
0.2511900000000818
0.25123000000008183
0.2512700000000818
0.2513100000000819
0.25135000000008195
0.25139000000008194
0.251430000000082
0.2514700000000821
0.2515100000000821
0.2515500000000821
0.2515700000000822
0.25159000000008225
0.25163000000008223
0.2516700000000823
0.25171000000008237
0.25175000000008235
0.2517900000000824
0.25183000000008243
0.2518700000000825
0.2519100000000825
0.2519500000000826
0.2519900000000826
0.25203000000008263
0.25207000000008273
0.2521100000000827
0.25215000000008275
0.2521900000000828
0.25223000000008283
0.2522700000000829
0.2523100000000829
0.25235000000008295
0.252390000000083
0.25243000000008303
0.2524700000000831
0.2525100000000831
0.25255000000008315
0.2525900000000832
0.25263000000008323
0.2526700000000833
0.2527100000000833
0.25275000000008335
0.2527900000000834
0.25283000000008343
0.25287000000008353
0.2529100000000835
0.25295000000008355
0.25299000000008365
0.25303000000008363
0.2530700000000837
0.2531100000000837
0.25315000000008375
0.2531900000000838
0.2532300000000839
0.2532700000000839
0.2533100000000839
0.253350000000084
0.253390000000084
0.25343000000008403
0.2534700000000841
0.2535100000000841
0.25355000000008415
0.2535900000000842
0.25363000000008423
0.2536700000000843
0.2537100000000843
0.25375000000008435
0.2537900000000844
0.25383000000008443
0.2538700000000845
0.2539100000000845
0.25395000000008455
0.2539900000000846
0.25403000000008463
0.2540700000000847
0.2541100000000847
0.2541500000000848
0.2541900000000848
0.25423000000008483
0.25427000000008493
0.2543100000000849
0.25435000000008495
0.254390000000085
0.25443000000008503
0.2544700000000851
0.25451000000008517
0.25455000000008515
0.2545900000000852
0.2546300000000853
0.2546700000000853
0.2547100000000853
0.25475000000008535
0.2547900000000854
0.25483000000008543
0.2548700000000855
0.2549100000000855
0.25495000000008555
0.2549900000000856
0.25503000000008563
0.2550700000000857
0.2551100000000857
0.25515000000008575
0.2551900000000858
0.25523000000008583
0.2552700000000859
0.2553100000000859
0.25535000000008595
0.255390000000086
0.25543000000008603
0.2554700000000861
0.2555100000000861
0.2555500000000862
0.2555900000000862
0.25563000000008623
0.2556700000000863
0.2557100000000863
0.25575000000008635
0.25579000000008645
0.25583000000008643
0.2558700000000865
0.25591000000008657
0.25595000000008655
0.2559900000000866
0.2560300000000866
0.2560700000000867
0.2561100000000867
0.2561500000000867
0.2561900000000868
0.2562300000000869
0.2562700000000869
0.2563100000000869
0.25635000000008695
0.25636000000008696
0.25635000000008706
0.25639000000008705
0.25643000000008714
0.2564700000000872
0.25651000000008717
0.25655000000008726
0.2565900000000873
0.2566300000000873
0.2566700000000874
0.2567100000000874
0.2567500000000874
0.2567900000000875
0.25683000000008754
0.25687000000008753
0.2569100000000876
0.2569300000000876
0.2569700000000877
0.2570100000000878
0.25705000000008776
0.2570900000000878
0.2571300000000879
0.2571700000000879
0.2572100000000879
0.257250000000088
0.257290000000088
0.25733000000008804
0.25737000000008814
0.2574100000000881
0.25745000000008816
0.2574900000000882
0.25753000000008824
0.2575700000000883
0.2576100000000883
0.2576500000000883
0.2576900000000884
0.25773000000008844
0.2577700000000885
0.2578100000000885
0.25785000000008856
0.2578900000000886
0.2579300000000887
0.2579700000000887
0.2580100000000887
0.25805000000008876
0.2580900000000888
0.25813000000008884
0.2581700000000889
0.2582100000000889
0.25825000000008896
0.25829000000008906
0.25833000000008904
0.25837000000008914
0.2584100000000891
0.25845000000008916
0.2584900000000892
0.25853000000008924
0.2585700000000893
0.2586100000000893
0.2586500000000894
0.2586900000000894
0.2587300000000895
0.25877000000008943
0.2588100000000895
0.2588500000000896
0.25889000000008955
0.25893000000008964
0.2589700000000897
0.2590100000000897
0.25905000000008976
0.25909000000008986
0.2591300000000898
0.2591700000000899
0.25921000000009
0.2592500000000899
0.25929000000009
0.25933000000009004
0.2593700000000901
0.2594100000000901
0.2594500000000902
0.25949000000009015
0.25953000000009024
0.25957000000009034
0.25961000000009027
0.25965000000009036
0.25969000000009046
0.25973000000009044
0.2597700000000905
0.2598100000000906
0.2598500000000905
0.2598900000000906
0.2599300000000907
0.25997000000009063
0.2600100000000907
0.26005000000009076
0.2600900000000908
0.26013000000009084
0.2601700000000909
0.2602100000000909
0.26025000000009096
0.260290000000091
0.260330000000091
0.2603700000000911
0.2604100000000911
0.26045000000009116
0.2604900000000912
0.26053000000009124
0.2605700000000913
0.2606100000000913
0.26065000000009136
0.2606900000000914
0.26073000000009144
0.26077000000009143
0.2608100000000915
0.2608500000000916
0.2608900000000916
0.2609300000000917
0.2609700000000917
0.2610100000000917
0.26105000000009176
0.2610900000000918
0.26113000000009184
0.2611700000000919
0.261210000000092
0.26125000000009196
0.26129000000009206
0.261330000000092
0.2613700000000921
0.2614100000000921
0.2614500000000921
0.2614900000000922
0.26153000000009224
0.2615700000000923
0.2616100000000923
0.2616500000000924
0.26169000000009235
0.26173000000009244
0.26177000000009254
0.26181000000009247
0.26185000000009256
0.2618900000000926
0.26193000000009264
0.2619700000000927
0.2620100000000928
0.2620500000000927
0.2620900000000928
0.2621300000000929
0.26217000000009283
0.2622100000000929
0.26225000000009296
0.262290000000093
0.26233000000009304
0.26237000000009314
0.26241000000009307
0.26245000000009316
0.26249000000009326
0.2625300000000932
0.2625700000000933
0.2626100000000933
0.26265000000009336
0.2626900000000934
0.26273000000009344
0.2627700000000935
0.2628100000000935
0.26285000000009356
0.26289000000009355
0.26293000000009364
0.2629700000000937
0.2630100000000937
0.26305000000009376
0.2630900000000938
0.26313000000009384
0.2631700000000939
0.2632100000000939
0.26325000000009396
0.263290000000094
0.263330000000094
0.2633700000000941
0.2634100000000942
0.26345000000009416
0.2634900000000942
0.26353000000009424
0.2635700000000943
0.2636100000000943
0.26365000000009436
0.2636900000000944
0.26373000000009444
0.26377000000009454
0.2638100000000945
0.2638500000000946
0.2638900000000946
0.26393000000009464
0.26397000000009474
0.26401000000009467
0.26405000000009476
0.2640900000000948
0.26413000000009484
0.2641700000000949
0.264210000000095
0.2642500000000949
0.264290000000095
0.2643300000000951
0.26437000000009503
0.2644100000000951
0.26445000000009516
0.2644900000000952
0.26453000000009524
0.26457000000009534
0.2646100000000953
0.26465000000009536
0.26469000000009546
0.2647300000000954
0.2647700000000955
0.2648100000000955
0.26485000000009556
0.2648900000000956
0.2649300000000957
0.26497000000009563
0.2650100000000957
0.2650500000000958
0.26508000000009574
0.26512000000009583
0.26516000000009593
0.2652000000000959
0.26524000000009595
0.26528000000009605
0.265320000000096
0.26535000000009606
0.26538000000009615
0.26542000000009613
0.26546000000009623
0.2655000000000962
0.2655400000000963
0.26558000000009635
0.26562000000009633
0.26566000000009643
0.26570000000009647
0.2657400000000965
0.2657800000000965
0.2658200000000966
0.26586000000009663
0.26590000000009667
0.2659400000000967
0.2659800000000967
0.2660200000000968
0.26606000000009683
0.26610000000009687
0.26614000000009685
0.26618000000009695
0.26622000000009693
0.26625000000009696
0.26623000000009706
0.26615000000009714
0.2661900000000971
0.26623000000009717
0.2662700000000972
0.26631000000009725
0.2663500000000973
0.2663900000000973
0.26643000000009737
0.2664700000000974
0.26651000000009745
0.2665500000000975
0.2665900000000976
0.2666300000000975
0.2666700000000976
0.2667000000000977
0.2667400000000977
0.2667800000000977
0.26682000000009776
0.2668600000000978
0.26690000000009784
0.2669400000000979
0.2669800000000979
0.26702000000009796
0.267060000000098
0.26710000000009804
0.2671400000000981
0.2671800000000981
0.2671100000000981
0.26694000000009815
0.26674000000009823
0.2665100000000983
0.26564000000009835
0.26461000000009843
0.2634500000000984
0.26208000000009846
0.2613000000000985
0.26016000000009853
0.2581100000000986
0.2556500000000986
0.25327000000009864
0.25077000000009864
0.24827000000009872
0.24604000000009876
0.24361000000009878
0.24187000000009884
0.24075000000009886
0.2401100000000989
0.23972000000009894
0.239410000000099
0.23933000000009902
0.23926000000009906
0.23930000000009913
0.23934000000009917
0.23938000000009918
0.23942000000009922
0.23946000000009926
0.23950000000009933
0.2395400000000993
0.2395800000000994
0.23962000000009942
0.23966000000009946
0.23970000000009953
0.23974000000009954
0.23978000000009955
0.23982000000009965
0.23985000000009968
0.23989000000009972
0.23993000000009973
0.2399700000000998
0.23999000000009982
0.24003000000009989

Avalanche_Distribution:
1
4
1
7
1
2
2
27
4
16
3
6
86
5
4
1775
2
1
1
2
1
11
9
2
1
1
24
1
2
2
2237
2
1
28
2
1
37
3
2
3
15
2
7
2
2
1
1
2
2
1
1
2
2
1
3247
2
1
3
1
16
117
12
19
5
1
2
2
134
19
1
1
2
26
1
1
1
1
4
2
9
29
18
28
4
8
2
1
2
19
1
2888
1
2
