
Branching_global:
0.8920000039999999
0.8919997069999998
0.8919996799999996
0.8919998319999994
0.8920001399999992
0.891999480999999
0.8919996109999987
0.8919994259999985
0.8919993799999983
0.8919991489999982

Autocorrelation:
-0.008749737579787137
-0.008749712089163768
-0.008749709771841306
-0.008749722817523509
-0.008749749252307811
-0.008749692692352215
-0.008749703849800217
-0.008749687971901463
-0.00874968402389182
-0.008749664198068155

Average_Activity:
0.0
0.5
0.5
0.0
0.0
0.0
0.0
0.0
0.0
0.0
0.25
2.5
5.5
2.25
0.0
0.0
1.25
0.25
0.75
6.25
8.75
4.25
5.75
4.5
0.0
1.0
0.0
0.0
0.0
0.5
3.0
7.0
8.0
3.0
0.25
0.0
0.0
0.25
0.5
0.0
0.0
0.0
0.0
0.0
0.0
0.0
0.25
0.0
0.0
0.0
1.0
2.5
1.5
4.5
1.5
0.0
0.0
0.0
0.0
0.0
0.25
0.0
0.0
0.25
0.25
0.25
0.0
0.0
0.0
0.0
0.25
0.0
1.0
1.5
1.25
0.0
0.25
0.0
0.0
0.75
0.25
1.5
0.25
1.5
0.25
0.0
0.5
0.5
0.25
1.25
1.25
0.0
0.0
0.0
0.25
0.0
0.0
0.25
0.0
0.0
0.0
0.0
0.0
1.25
1.0
5.5
10.0
0.0
0.0
0.0
1.25
3.75
3.5
7.5
7.0
4.5
7.5
6.25
2.5
1.25
0.0
0.0
0.25
0.0
0.0
0.0
1.25
1.5
0.25
0.25
0.0
0.0
0.0
0.0
0.0
0.0
0.0
0.25
2.25
2.75
4.75
3.25
2.75
0.25
0.0
0.25
0.0
0.0
0.5
0.25
1.75
2.0
0.25
0.0
0.25
0.5
0.0
0.0
1.25
3.25
5.5
3.75
4.75
4.0
2.5
0.0
0.0
0.0
1.5
3.0
4.25
2.75
0.0
0.25
1.25
0.5
0.0
0.25
0.0
0.5
1.0
0.0
0.0
0.0
0.0
1.0
2.5
3.25
0.5
0.0
0.0
0.0
0.0
0.5
4.0
1.75
0.25
0.0
0.0
0.0
0.5
0.75
0.0
0.0
0.25
2.0
3.0
5.25
5.75
5.5
1.0
1.25
4.0
6.75
2.5
0.0
0.0
0.0
0.0
0.0
0.0
0.0
0.75
1.5
0.0
0.25
0.0
1.25
1.0
0.0
0.0
0.0
0.0
0.0
0.0
0.25
1.75
0.25
0.75
0.75
1.0
0.0
0.0
0.25
1.75
0.25
0.0
2.0
0.0
0.0

Average_Alpha:
0.22300000099999998
0.22300000299999997
0.22300000500000006
0.223000009
0.22300001299999997
0.22300001699999997
0.22300002100000002
0.223000025
0.22300002899999993
0.2230000329999999
0.223000036
0.22300003
0.22300001199999994
0.22300000699999992
0.22300001100000003
0.223000015
0.2230000139999999
0.2230000169999999
0.22300001800000002
0.22299999699999998
0.22299996599999994
0.22299995299999992
0.22299993399999998
0.22299991999999996
0.2229999239999999
0.2229999239999999
0.222999928
0.22299993199999998
0.2229999359999999
0.2229999379999999
0.22299992999999999
0.22299990599999994
0.2229998779999999
0.22299986999999988
0.222999873
0.22299987699999993
0.22299988099999987
0.2229998839999999
0.22299988599999995
0.22299988999999992
0.22299989399999987
0.22299989799999986
0.22299990199999997
0.22299990599999994
0.22299990999999988
0.22299991399999985
0.22299991699999996
0.2229999209999999
0.22299992499999985
0.22299992899999987
0.22299992899999996
0.2229999229999999
0.22299992099999985
0.22299990699999986
0.22299990499999992
0.2229999089999999
0.22299991299999986
0.22299991699999985
0.2229999209999999
0.22299992499999988
0.22299992799999985
0.22299993199999982
0.22299993599999993
0.22299993899999987
0.22299994199999984
0.22299994499999984
0.2229999489999999
0.2229999529999999
0.22299995699999983
0.2229999609999998
0.22299996399999988
0.22299996799999985
0.2229999679999998
0.2229999659999998
0.2229999649999999
0.22299996899999985
0.2229999719999998
0.2229999759999998
0.22299997999999988
0.22299998099999985
0.2229999839999998
0.2229999819999998
0.22299998499999987
0.22299998299999985
0.2229999859999998
0.2229999899999998
0.22299999199999984
0.22299999399999984
0.22299999699999978
0.22299999599999978
0.22299999499999984
0.22299999899999984
0.22300000299999975
0.22300000699999975
0.22300000999999986
0.2230000139999998
0.22300001799999974
0.22300002099999977
0.22300002499999982
0.22300002899999982
0.22300003299999974
0.22300003699999973
0.22300004099999984
0.2230000399999998
0.22300003999999973
0.22300002199999977
0.22299998599999984
0.2229999899999998
0.22299999399999973
0.22299999799999978
0.2229999969999998
0.2229999859999998
0.2229999759999997
0.22299994999999972
0.2229999259999998
0.22299991199999977
0.22299988599999973
0.22299986499999974
0.2229998589999998
0.22299985799999975
0.22299986199999972
0.2229998659999997
0.22299986899999977
0.22299987299999977
0.22299987699999968
0.2229998809999997
0.2229998799999998
0.2229998779999997
0.2229998809999997
0.2229998839999997
0.22299988799999976
0.2229998919999997
0.2229998959999997
0.2229998999999997
0.22299990399999972
0.22299990799999972
0.22299991199999972
0.22299991499999972
0.22299990999999972
0.22299990299999967
0.22299988799999965
0.22299987899999968
0.22299987199999977
0.22299987499999968
0.22299987899999965
0.22299988199999968
0.22299988599999973
0.22299988999999967
0.22299989199999964
0.2229998949999997
0.2229998919999997
0.22299988799999965
0.22299989099999964
0.22299989499999964
0.2229998979999997
0.22299989999999967
0.2229999039999996
0.22299990799999966
0.2229999069999997
0.22299989799999967
0.22299987999999962
0.22299986899999966
0.2229998539999997
0.22299984199999967
0.22299983599999962
0.22299983999999967
0.22299984399999964
0.22299984799999964
0.2229998459999996
0.22299983799999964
0.22299982499999968
0.2229998179999996
0.2229998219999996
0.22299982499999965
0.22299982399999968
0.22299982599999965
0.22299982999999962
0.22299983299999962
0.22299983699999967
0.22299983899999962
0.22299983899999962
0.2229998429999996
0.22299984699999964
0.22299985099999964
0.22299985499999958
0.2229998549999996
0.22299984899999964
0.22299983999999962
0.22299984199999956
0.22299984599999959
0.22299984999999964
0.22299985399999964
0.22299985799999955
0.22299985999999958
0.2229998479999996
0.22299984499999959
0.22299984799999956
0.22299985199999958
0.22299985599999964
0.22299985999999958
0.22299986199999955
0.22299986299999955
0.2229998669999996
0.2229998709999996
0.22299987399999951
0.22299986999999957
0.2229998619999996
0.22299984499999953
0.22299982599999954
0.22299980799999958
0.22299980799999958
0.22299980699999955
0.22299979499999953
0.22299977199999954
0.22299976599999957
0.22299976999999957
0.2229997739999995
0.22299977799999954
0.22299978199999956
0.22299978599999953
0.2229997899999995
0.22299979399999953
0.22299979499999958
0.22299979299999953
0.2229997969999995
0.2229997999999995
0.22299980399999955
0.2229998029999995
0.2229998029999995
0.22299980699999952
0.22299981099999955
0.22299981499999952
0.2229998189999995
0.2229998229999995
0.22299982699999954
0.22299982999999945
0.22299982699999948
0.2229998299999995
0.2229998309999995
0.2229998319999995
0.22299983199999945
0.2229998359999995
0.22299983999999953
0.22299984299999948
0.22299983999999948
0.22299984299999948
0.2229998469999995
0.22299984299999948
0.22299984699999945
0.2229998509999995

Avalanche_Distribution:
2
2
42
6
121
4
87
1
2
1
44
1
1
2
1
4
11
1
3
8
7
2
2
11
1
1
5
66
180
1
11
2
65
1
2
1
15
1
1
2
100
46
8
1
6
29
25
1
5
91
58
9
1
9
8
4
7
1
8
8
