
Branching_global:
1.00004
1.0040400000000038
1.008040000000008
1.011960000000012
1.0143100000000163
1.0173300000000198
1.0070400000000241
0.9776600000000281
0.9671800000000319
0.966970000000036
0.94078000000004
0.945360000000044
0.948680000000048
0.951050000000052
0.954820000000056
0.9576100000000599
0.9593200000000639
0.9595000000000679
0.955940000000072
0.9577000000000759
0.9606300000000799
0.9633400000000839
0.9627700000000879
0.9654900000000919
0.969760000000096
0.9711400000001
0.9691200000001039
0.973240000000108
0.9410000000001119
0.9396300000001159

Autocorrelation:
25.000499996641732
0.24802441648667847
0.12487744213237502
0.0841110493823303
0.07038001791238098
0.05820197271215999
0.14254486993420587
-0.04426087462545791
-0.029966445245120616
-0.029772708183420284
-0.016381100251520352
-0.017796928332148222
-0.018981190562212376
-0.019924826981850264
-0.021629834906440104
-0.02308686000640396
-0.02407864344607462
-0.024187912875913476
-0.022192568311959874
-0.02313706032550265
-0.02489670372683642
-0.02677457451906247
-0.026356897440322775
-0.02847418151697479
-0.03256622422070177
-0.03414759429838262
-0.031880805829110716
-0.03686694742004682
-0.01644408517644219
-0.016059330044550683

Average_Activity:
0.0
0.0
0.0
0.0
0.0
0.0
0.0
0.0
0.0
0.0
0.0
0.0
0.0
0.0
0.0
0.0
0.0
0.0
0.0
0.0
0.0
0.0
0.0
0.0
0.0
0.0
0.0
0.0
0.0
0.0
0.0
0.0
0.0
0.0
0.0
0.0
0.0
0.0
0.0
0.0
0.0
0.0
0.0
0.0
0.0
0.0
0.0
0.0
0.0
0.0
0.0
0.0
0.0
0.0
0.0
0.0
0.0
0.0
0.0
0.0
0.0
0.0
0.0
0.0
0.0
0.0
0.0
0.0
0.0
0.0
0.25
0.25
0.0
0.0
0.0
0.0
0.0
0.0
0.0
0.0
0.0
0.0
0.0
0.0
0.0
2.0
2.25
2.5
3.25
1.0
0.0
0.0
0.0
0.0
0.0
0.0
0.0
0.0
0.0
0.0
0.0
0.25
0.0
0.0
0.0
0.0
0.0
0.0
0.0
0.0
0.0
0.75
0.0
0.0
0.0
1.25
1.75
0.25
0.25
0.0
0.0
0.0
0.0
0.5
0.0
0.0
0.0
0.0
0.0
0.0
0.0
1.0
1.25
2.5
1.5
0.0
0.0
0.0
0.0
0.0
0.0
0.5
1.5
4.25
4.5
8.25
10.5
8.75
13.25
12.5
20.0
21.25
13.75
14.5
18.75
16.5
17.5
16.5
14.5
18.25
15.25
8.75
2.0
2.75
4.5
3.0
1.75
0.0
0.0
0.0
0.75
3.25
4.25
2.75
3.75
5.75
6.75
7.0
4.75
8.0
7.0
5.0
4.5
6.5
5.0
5.0
5.0
6.75
5.25
2.25
1.75
1.75
1.5
1.5
0.25
1.5
0.25
0.0
0.0
0.75
2.75
2.75
0.0
0.0
0.0
0.0
0.0
0.0
0.0
0.0
1.75
2.75
4.5
3.75
0.25
0.25
0.0
0.0
0.0
0.0
0.0
1.0
1.5
1.25
0.0
0.0
0.0
0.0
0.0
0.0
0.0
0.0
0.0
0.5
2.5
8.25
9.0
10.75
3.5
6.25
9.75
12.0
14.75
12.5
6.0
11.75
10.5
16.25
22.0
17.25
13.25
8.5
1.75
0.0
0.0
0.0
0.0
0.0
0.0
0.0
0.0
0.0
0.0
0.0
0.0
0.0
0.0
0.0
0.0
0.0
0.25
0.75
0.0
0.0
0.0
0.0
0.0
0.0
0.0
0.5
0.0
0.25
0.0
0.0
0.0
0.0
0.0
0.0
0.0
0.5
0.0
0.0
0.0
0.0
0.0
0.0
0.0
0.0
0.0
0.0
0.0
0.0
0.0
0.0
0.0
0.0
0.0
0.0
0.25
0.0
0.0
0.0
0.0
0.0
0.0
0.0
0.0
0.0
0.0
0.0
0.0
0.0
0.0
0.0
0.0
0.0
0.0
0.0
0.0
0.0
0.0
0.0
0.5
0.0
0.0
0.0
0.0
0.0
0.0
0.0
0.0
0.5
2.5
2.0
2.0
1.0
1.25
0.5
0.25
0.0
0.0
0.0
0.0
0.0
0.0
0.0
0.0
0.0
0.0
1.75
0.5
0.0
0.0
0.0
0.0
0.0
0.0
0.0
0.0
0.0
0.25
0.0
0.0
0.0
0.25
0.0
0.0
0.0
0.0
1.25
0.25
1.25
3.75
5.0
4.0
1.0
0.0
0.0
0.0
0.0
0.0
0.0
0.0
0.0
0.0
0.0
0.0
0.0
0.25
0.0
0.0
0.0
0.0
0.0
0.0
0.0
0.5
0.0
0.0
0.0
0.0
0.0
0.0
0.75
0.75
0.0
0.0
0.0
0.0
0.0
1.0
3.75
4.25
5.5
1.5
0.25
0.0
2.5
5.25
4.5
8.75
10.5
6.5
3.75
1.5
0.0
0.0
0.0
0.0
0.0
0.0
0.0
0.25
0.25
0.25
0.0
0.75
1.0
2.0
2.5
3.25
2.25
0.25
0.0
0.0
0.0
0.0
0.0
0.0
0.0
0.25
2.0
1.5
0.0
0.0
0.0
0.0
1.0
0.0
0.0
0.0
0.0
0.0
0.0
1.25
0.75
0.0
0.25
0.0
0.0
0.0
0.0
0.0
0.0
0.5
0.25
0.0
0.0
0.0
0.25
0.75
0.0
0.0
0.0
1.0
1.5
2.25
1.25
4.25
5.5
3.25
1.0
0.0
0.0
0.0
0.0
0.0
0.0
0.0
0.0
0.0
0.0
0.0
0.0
0.0
0.0
0.0
0.0
0.0
0.0
0.0
0.0
0.0
0.0
0.0
0.0
0.0
0.0
0.0
0.0
0.0
1.75
0.75
0.0
0.0
0.0
0.0
1.75
8.5
6.0
1.0
0.0
0.0
0.0
2.25
4.0
3.0
1.5
1.5
0.25
0.0
0.0
0.0
0.0
0.0
0.0
0.0
0.0
0.0
0.0
0.0
0.0
0.0
0.0
0.0
0.0
0.0
0.0
0.0
0.0
0.0
0.0
0.75
0.5
0.0
0.25
0.0
0.0
0.0
0.0
0.5
0.0
0.0
0.0
0.0
0.0
0.0
0.0
0.0
0.25
0.0
0.0
0.25
0.0
0.0
0.0
0.0
0.0
0.0
0.0
0.0
0.0
0.0
0.0
0.0
0.0
0.0
0.0
0.25
0.0
0.0
0.0
0.0
0.0
0.0
0.0
0.75
2.5
3.0
2.75
1.0
0.0
0.0
0.0
0.0
1.0
7.75
4.5
4.75
9.0
4.25
0.25
0.0
0.0
0.0
0.75
1.75
0.0
0.0
0.0
0.0
0.75
0.0
0.0
0.0
0.25
0.0
0.75
0.0
0.25
0.5
0.0
0.0
0.0
1.25
0.75
0.0
0.5
0.5
0.0
0.0
0.0
0.0
0.0
0.0
0.0
0.0
0.0
0.0
0.0
0.25
0.0
0.0
0.0
0.0
0.0
0.0
0.0
0.25
0.5
0.0
0.25
5.25
30.25
36.25
28.0
27.75
15.0
15.5
14.75
10.75
8.5
7.75
4.25
0.0
0.0
0.0
0.0
1.0
2.25
5.75
6.0
8.5
9.0
6.25
2.75
0.25
0.75
0.0
0.0
1.0
1.5
2.0
0.0
1.25
4.0
2.0
0.0
0.0
0.0
0.0
0.25
0.0
0.0
0.0
0.0
0.5
4.0
1.75
0.0
0.0
0.5
1.25
1.75
5.0
2.5
0.0
0.5
0.75
0.0
0.0
0.25
0.5
1.25
0.25
0.0
0.25
0.0
0.0
1.25

Average_Alpha:
0.25001
0.25005
0.2500900000000001
0.2501300000000001
0.25017000000000017
0.25021000000000015
0.2502500000000003
0.25029000000000023
0.25033000000000033
0.2503700000000003
0.2504100000000004
0.2504500000000004
0.25049000000000055
0.2505300000000005
0.25057000000000057
0.2506100000000005
0.25065000000000065
0.25069000000000063
0.25073000000000073
0.2507700000000007
0.2508100000000008
0.25085000000000074
0.2508900000000009
0.2509300000000009
0.25097000000000097
0.25101000000000095
0.25105000000000105
0.25109000000000103
0.25113000000000113
0.2511700000000011
0.2512100000000012
0.2512500000000012
0.2512900000000013
0.2513300000000013
0.25137000000000137
0.25141000000000135
0.25145000000000145
0.25149000000000143
0.2515300000000016
0.2515700000000015
0.2516100000000016
0.2516500000000016
0.2516900000000017
0.2517300000000017
0.2517700000000018
0.25181000000000175
0.25185000000000185
0.2518900000000018
0.25193000000000193
0.2519700000000019
0.252010000000002
0.252050000000002
0.2520900000000021
0.252130000000002
0.25217000000000217
0.25221000000000215
0.25225000000000225
0.25229000000000223
0.25233000000000233
0.2523700000000023
0.2524100000000024
0.2524500000000024
0.2524900000000025
0.2525300000000025
0.25257000000000257
0.25261000000000255
0.25265000000000265
0.25269000000000263
0.25273000000000273
0.2527700000000027
0.2528000000000028
0.2528300000000028
0.2528700000000029
0.25291000000000285
0.25295000000000295
0.252990000000003
0.25303000000000303
0.253070000000003
0.25311000000000317
0.2531500000000031
0.25319000000000325
0.2532300000000032
0.25327000000000327
0.2533100000000033
0.25335000000000335
0.25331000000000337
0.2532600000000035
0.2532000000000035
0.25311000000000355
0.2531100000000035
0.2531500000000036
0.25319000000000363
0.25323000000000373
0.25327000000000366
0.25331000000000375
0.2533500000000038
0.25339000000000383
0.2534300000000038
0.25347000000000397
0.2535100000000039
0.253550000000004
0.253580000000004
0.2536200000000041
0.2536600000000041
0.2537000000000042
0.2537400000000042
0.2537800000000042
0.25382000000000426
0.25386000000000436
0.2539000000000043
0.25394000000000444
0.25395000000000445
0.2539900000000045
0.2540300000000045
0.25407000000000457
0.25406000000000456
0.2540300000000047
0.2540600000000046
0.25409000000000476
0.25413000000000474
0.25417000000000484
0.25421000000000477
0.2542500000000049
0.2542700000000049
0.254310000000005
0.25435000000000496
0.25439000000000506
0.25443000000000504
0.25447000000000514
0.2545100000000051
0.2545500000000052
0.25455000000000516
0.2545400000000053
0.2544800000000053
0.2544600000000054
0.25450000000000533
0.2545400000000055
0.25458000000000547
0.25462000000000556
0.25466000000000555
0.2547000000000056
0.2547200000000056
0.2547000000000057
0.2545700000000057
0.25443000000000576
0.25414000000000575
0.25376000000000587
0.25345000000000584
0.25296000000000596
0.25250000000000594
0.251740000000006
0.250930000000006
0.2504200000000061
0.2498800000000061
0.24917000000000616
0.24855000000000618
0.24789000000000624
0.24727000000000626
0.24673000000000633
0.24604000000000634
0.2454700000000064
0.24516000000000643
0.24512000000000647
0.24505000000000648
0.24491000000000657
0.24483000000000657
0.24480000000000662
0.24484000000000666
0.2448800000000067
0.24492000000000672
0.24493000000000678
0.24484000000000683
0.24471000000000687
0.2446400000000069
0.24453000000000696
0.244340000000007
0.24411000000000704
0.24387000000000705
0.24372000000000713
0.24344000000000712
0.24320000000000722
0.24304000000000725
0.24290000000000725
0.24268000000000728
0.24252000000000737
0.24236000000000738
0.24220000000000744
0.24197000000000748
0.2418000000000075
0.24175000000000757
0.2417200000000076
0.24169000000000762
0.24167000000000766
0.24165000000000772
0.24168000000000775
0.24166000000000779
0.24169000000000784
0.24173000000000786
0.24177000000000792
0.24178000000000793
0.241710000000008
0.24164000000000802
0.24168000000000808
0.2417200000000081
0.24176000000000814
0.2418000000000082
0.24184000000000822
0.24188000000000823
0.24192000000000832
0.24196000000000834
0.2419300000000084
0.24186000000000843
0.24172000000000846
0.2416100000000085
0.24164000000000854
0.2416700000000086
0.2417100000000086
0.24175000000000868
0.24179000000000872
0.24183000000000873
0.24187000000000874
0.24187000000000883
0.24185000000000886
0.2418400000000089
0.24188000000000895
0.24192000000000896
0.24196000000000903
0.24200000000000904
0.2420400000000091
0.24208000000000915
0.2421200000000092
0.24216000000000923
0.24220000000000924
0.2422200000000093
0.24216000000000934
0.24187000000000938
0.24155000000000945
0.24116000000000945
0.2410600000000095
0.24085000000000953
0.24050000000000957
0.2400600000000096
0.23951000000000966
0.2390500000000097
0.23885000000000975
0.2384200000000098
0.2380400000000098
0.23743000000000983
0.2365900000000099
0.23594000000000995
0.23545000000000998
0.23515000000001002
0.23512000000001007
0.23516000000001008
0.23520000000001015
0.23524000000001016
0.2352800000000102
0.23532000000001022
0.2353600000000103
0.23540000000001035
0.23544000000001036
0.23548000000001043
0.23552000000001044
0.23556000000001048
0.23560000000001055
0.23564000000001056
0.23568000000001063
0.23572000000001064
0.2357600000000107
0.23580000000001072
0.23583000000001078
0.23584000000001082
0.23588000000001086
0.23592000000001087
0.23596000000001094
0.23600000000001098
0.23604000000001102
0.23608000000001106
0.2361200000000111
0.23614000000001112
0.23618000000001116
0.23621000000001124
0.23625000000001126
0.23629000000001127
0.23633000000001134
0.23637000000001138
0.23641000000001142
0.23645000000001143
0.2364900000000115
0.23651000000001152
0.23655000000001158
0.23659000000001162
0.23663000000001164
0.2366700000000117
0.23671000000001174
0.23675000000001176
0.23679000000001182
0.23683000000001186
0.23687000000001188
0.23691000000001192
0.23695000000001198
0.236990000000012
0.2370300000000121
0.2370700000000121
0.23711000000001212
0.2371500000000122
0.23719000000001222
0.23723000000001224
0.23726000000001227
0.23730000000001233
0.23734000000001237
0.23738000000001241
0.23742000000001245
0.2374600000000125
0.23750000000001253
0.23754000000001255
0.23758000000001261
0.23762000000001265
0.2376600000000127
0.23770000000001276
0.23774000000001277
0.23778000000001281
0.23782000000001283
0.2378600000000129
0.23790000000001293
0.23794000000001297
0.23798000000001301
0.23802000000001305
0.23806000000001307
0.23810000000001313
0.23814000000001317
0.2381800000000132
0.23820000000001326
0.2382400000000133
0.23828000000001334
0.23832000000001338
0.23836000000001342
0.23840000000001346
0.2384400000000135
0.23848000000001354
0.23852000000001355
0.2385400000000136
0.23848000000001365
0.2384400000000137
0.23840000000001374
0.2384000000000138
0.2383900000000138
0.23841000000001386
0.2384400000000139
0.23848000000001396
0.23852000000001397
0.238560000000014
0.23860000000001405
0.2386400000000141
0.23868000000001413
0.23872000000001417
0.2387600000000142
0.23880000000001425
0.2388400000000143
0.23881000000001432
0.23883000000001436
0.23887000000001438
0.23891000000001447
0.2389500000000145
0.23899000000001452
0.2390300000000146
0.2390700000000146
0.23911000000001464
0.2391500000000147
0.23919000000001472
0.23922000000001478
0.23926000000001482
0.23930000000001483
0.2393400000000149
0.23937000000001496
0.23941000000001497
0.239450000000015
0.23949000000001505
0.2395300000000151
0.23952000000001514
0.2395500000000152
0.23954000000001519
0.23943000000001524
0.23927000000001528
0.23915000000001532
0.23915000000001538
0.23919000000001542
0.23923000000001549
0.2392700000000155
0.23931000000001554
0.23935000000001558
0.23939000000001562
0.23943000000001563
0.23947000000001573
0.23951000000001574
0.23955000000001575
0.23959000000001585
0.23963000000001586
0.2396600000000159
0.23970000000001596
0.239740000000016
0.239780000000016
0.23982000000001608
0.2398600000000161
0.23990000000001613
0.2399400000000162
0.23996000000001622
0.24000000000001626
0.24004000000001627
0.24008000000001636
0.24012000000001638
0.24016000000001642
0.24020000000001648
0.2402100000000165
0.24022000000001653
0.2402600000000166
0.2403000000000166
0.24034000000001665
0.24038000000001672
0.24042000000001673
0.2404200000000168
0.24031000000001682
0.24018000000001685
0.2400000000000169
0.23998000000001693
0.24001000000001696
0.240050000000017
0.23999000000001705
0.2398200000000171
0.23968000000001713
0.23937000000001718
0.23899000000001722
0.23877000000001727
0.2386600000000173
0.2386400000000173
0.23868000000001738
0.23872000000001742
0.23876000000001743
0.2388000000000175
0.23884000000001754
0.23888000000001755
0.23892000000001762
0.23895000000001765
0.2389800000000177
0.23901000000001774
0.23905000000001778
0.23906000000001779
0.23906000000001784
0.23902000000001788
0.23896000000001794
0.23887000000001796
0.23882000000001802
0.23885000000001805
0.23889000000001806
0.2389300000000181
0.23897000000001817
0.2390100000000182
0.23905000000001825
0.2390900000000183
0.23913000000001833
0.23916000000001836
0.23912000000001843
0.23910000000001844
0.2391400000000185
0.23918000000001854
0.23922000000001856
0.2392600000000186
0.23926000000001865
0.2393000000000187
0.23934000000001873
0.23938000000001877
0.23942000000001884
0.23946000000001885
0.2395000000000189
0.23949000000001894
0.23950000000001898
0.23954000000001902
0.23957000000001907
0.2396100000000191
0.23965000000001913
0.2396900000000192
0.2397300000000192
0.23977000000001925
0.2398100000000193
0.23983000000001933
0.2398600000000194
0.23990000000001943
0.23994000000001947
0.2399800000000195
0.24001000000001954
0.2400200000000196
0.24006000000001962
0.24010000000001966
0.2401400000000197
0.2401400000000197
0.2401200000000198
0.24007000000001982
0.24006000000001984
0.2399300000000199
0.23975000000001995
0.23966000000001997
0.23966000000002002
0.23970000000002006
0.2397400000000201
0.23978000000002012
0.23982000000002018
0.2398600000000202
0.23990000000002024
0.2399400000000203
0.23998000000002032
0.24002000000002038
0.2400600000000204
0.24010000000002046
0.2401400000000205
0.24018000000002052
0.24022000000002058
0.24026000000002062
0.24030000000002064
0.2403400000000207
0.24038000000002074
0.24042000000002076
0.24046000000002082
0.24050000000002084
0.24054000000002088
0.24058000000002094
0.24062000000002098
0.24066000000002102
0.24070000000002106
0.2407400000000211
0.24078000000002112
0.24082000000002116
0.2407900000000212
0.24080000000002127
0.2408400000000213
0.24088000000002133
0.2409200000000214
0.2409600000000214
0.24093000000002146
0.2406300000000215
0.24043000000002152
0.24043000000002154
0.2404700000000216
0.24051000000002165
0.2405500000000217
0.24050000000002172
0.24038000000002177
0.2403000000000218
0.24028000000002186
0.24026000000002187
0.2402900000000219
0.24033000000002197
0.240370000000022
0.24041000000002205
0.2404500000000221
0.24049000000002213
0.24053000000002214
0.24057000000002218
0.24061000000002225
0.24065000000002226
0.24069000000002233
0.24073000000002237
0.2407700000000224
0.24081000000002245
0.24085000000002246
0.24089000000002253
0.24093000000002257
0.24097000000002258
0.24101000000002265
0.2410500000000227
0.2410900000000227
0.24113000000002277
0.2411700000000228
0.24118000000002285
0.2412000000000229
0.2412400000000229
0.24127000000002294
0.24131000000002303
0.24135000000002305
0.24139000000002306
0.24143000000002315
0.24145000000002315
0.2414900000000232
0.24153000000002323
0.24157000000002327
0.2416100000000233
0.24165000000002337
0.24169000000002341
0.24173000000002343
0.2417700000000235
0.24180000000002355
0.24184000000002356
0.24188000000002358
0.24191000000002363
0.2419500000000237
0.24199000000002371
0.24203000000002378
0.24207000000002382
0.24211000000002386
0.24215000000002387
0.24219000000002394
0.24223000000002395
0.24227000000002402
0.24231000000002403
0.2423500000000241
0.24239000000002414
0.24243000000002415
0.24247000000002422
0.24251000000002423
0.2425400000000243
0.2425800000000243
0.24262000000002437
0.2426600000000244
0.24270000000002442
0.24274000000002452
0.24278000000002453
0.24282000000002457
0.2428300000000246
0.24277000000002466
0.2426900000000247
0.24262000000002473
0.2426200000000248
0.2426600000000248
0.24270000000002484
0.2427400000000249
0.24278000000002492
0.24278000000002498
0.242510000000025
0.24237000000002504
0.24222000000002508
0.24190000000002512
0.24177000000002516
0.2418000000000252
0.24184000000002526
0.2418800000000253
0.24192000000002534
0.24193000000002535
0.24190000000002537
0.24194000000002547
0.24198000000002548
0.24202000000002552
0.2420600000000256
0.2420700000000256
0.24211000000002564
0.24215000000002568
0.24219000000002575
0.24222000000002578
0.2422600000000258
0.24227000000002585
0.2423100000000259
0.24234000000002592
0.24236000000002597
0.242400000000026
0.24244000000002605
0.24248000000002612
0.2424700000000261
0.24248000000002617
0.2425200000000262
0.24254000000002623
0.24256000000002628
0.24260000000002635
0.24264000000002636
0.2426800000000264
0.24272000000002647
0.24276000000002648
0.24280000000002652
0.2428400000000266
0.24288000000002663
0.24292000000002664
0.24296000000002668
0.24300000000002672
0.24303000000002675
0.2430700000000268
0.24311000000002683
0.2431500000000269
0.24319000000002694
0.24323000000002695
0.24327000000002702
0.24331000000002706
0.2433400000000271
0.24336000000002714
0.24340000000002715
0.24343000000002724
0.2432600000000273
0.24209000000002726
0.24068000000002732
0.23960000000002737
0.2385300000000274
0.23797000000002744
0.2373900000000275
0.23684000000002753
0.23645000000002755
0.23615000000002762
0.23588000000002762
0.2357500000000277
0.2357900000000277
0.23583000000002777
0.2358700000000278
0.23591000000002785
0.23591000000002788
0.23586000000002794
0.23567000000002797
0.235470000000028
0.23517000000002805
0.2348500000000281
0.23464000000002813
0.2345700000000282
0.23460000000002817
0.23461000000002824
0.23465000000002828
0.2346900000000283
0.23469000000002838
0.23467000000002838
0.23463000000002843
0.23467000000002847
0.2346600000000285
0.23454000000002856
0.2345000000000286
0.23454000000002861
0.23458000000002868
0.23462000000002872
0.23466000000002876
0.23469000000002882
0.23473000000002883
0.23477000000002884
0.23481000000002894
0.23485000000002895
0.234870000000029
0.23475000000002905
0.23472000000002907
0.23476000000002908
0.23480000000002918
0.23482000000002917
0.23481000000002925
0.2347800000000293
0.23462000000002933
0.23456000000002933
0.23460000000002942
0.23462000000002944
0.23463000000002948
0.23467000000002952
0.23471000000002956
0.2347400000000296
0.23476000000002964
0.23475000000002968
0.23478000000002971
0.23482000000002975
0.23485000000002978
0.23489000000002982
0.2349300000000299
0.2349200000000299

Avalanche_Distribution:
1
1
44
1
3
12
2
2
4
21
1094
424
7
25
52
1
15
788
4
2
1
1
1
1
2
39
1
9
1
1
6
60
1
2
6
64
1
173
1
2
48
15
4
8
1
2
1
4
4
76
10
69
50
5
1
2
1
1
1
40
126
10
3
1
3
3
8
4
1
3
817
167
3
18
29
1
25
2
42
5
1
8
1
6
