
Branching_global:
0.40000000118405354

Autocorrelation:
-0.0010913566714629867

Average_Activity:
0.25
4.5
3.5
3.25
3.0
2.75
4.75
3.25
2.75
1.5
2.75
1.75
2.75
1.5
2.75
0.75
1.25
1.25
3.0
0.25
1.25
2.25
4.5
0.5
1.75

Average_Alpha:
0.10000000004598471
0.09999998622985369
0.09999997641465204
0.09999996759788224
0.09999995978132858
0.09999995296523922
0.09999993814793358
0.09999992933303548
0.09999992251718164
0.09999992070156756
0.09999991388686624
0.09999991107069953
0.09999990425458836
0.09999990243988628
0.0999998956227166
0.09999989680672129
0.09999989599115773
0.0999998951764036
0.09999988736079493
0.09999989054449519
0.09999988972781453
0.09999988491142783
0.09999987109566771
0.09999987327977498
0.09999987046461417

Avalanche_Distribution:
66
48
33
1
19
4
18
3
31
1
