
Branching_global:
1.040000004
1.0400004000000111
1.0400007740000217
1.0400011500000328
1.0400015410000438
1.0400017510000548
1.0400015500000652
1.0399803740000757
1.039953924000086
1.039928253000096
1.0399148250001065
1.0399113750001172
1.0399116410001281
1.0398921240001386
1.0398643850001486
1.039846074000159
1.0398219780001692
1.0397966710001791
1.0397680230001893
1.0397498130001996
1.0397185780002096
1.0396903700002198
1.0396622650002296
1.03963433000024
1.03960199700025
1.03957450700026
1.03955216600027
1.0395273950002804
1.039515716000291
1.0395151300003018
1.0395166220003125
1.0395169200003234
1.0395177910003344
1.0395175340003453
1.0395173710003565
1.0395120770003667
1.039482923000377
1.0394448880003868
1.0394083000003966
1.0393837750004067
1.039358882000417
1.039325547000427
1.039297451000437
1.039268799000447
1.039242302000457
1.0392241240004674
1.0391954060004776
1.0391654870004876
1.0391375820004976
1.0391127130005078

Autocorrelation:
0.02549672919070817
0.025496481661472552
0.02549624788836076
0.02549601286953103
0.02549576847963595
0.025495637223604723
0.025495762854336128
0.025509005534861056
0.02552556609285483
0.02554165989096123
0.025550086488476738
0.02555225241444411
0.02555208540508499
0.025564345158085106
0.025581790276056105
0.025593319411283948
0.025608507104213436
0.025624477888494566
0.025642581642513696
0.025654102793524508
0.02567388923415779
0.025691784918997804
0.025709640571315567
0.025727413310083
0.02574801543555846
0.025765558145888885
0.025779832987834848
0.02579567934699811
0.025803157459271087
0.02580353279395041
0.02580257718555739
0.025802386328713036
0.025801828505254906
0.02580199309583315
0.025802097487073072
0.025805488429266218
0.02582417860136243
0.02584860377237731
0.025872144200594784
0.025887947872602016
0.025904008818205575
0.025925548377972833
0.025943731110391995
0.02596230045914768
0.02597949728398159
0.025991308428045513
0.02600999025325383
0.026029482496868074
0.02604768947552512
0.026063937467574287

Average_Activity:
0.0
0.0
0.0
0.0
0.0
0.0
0.0
0.0
0.0
0.0
0.0
0.0
0.0
0.0
0.0
0.0
0.0
0.0
0.0
0.0
0.0
0.25
0.0
0.0
0.0
0.0
0.0
0.0
0.0
0.0
0.0
0.0
1.25
0.0
0.0
0.0
0.0
0.0
0.0
0.0
0.0
0.0
0.0
0.0
0.0
0.0
0.0
0.0
0.0
0.0
0.0
0.0
0.0
0.0
0.0
0.0
0.0
0.0
0.0
0.0
0.25
0.25
0.0
0.0
0.0
0.0
0.0
0.0
0.0
1.25
0.25
0.0
0.0
0.0
0.0
0.0
0.0
0.0
0.0
0.0
0.0
0.0
0.0
0.0
0.0
0.25
0.0
0.0
0.0
0.0
0.0
0.0
0.0
0.0
0.0
0.0
0.0
0.75
0.0
0.0
0.0
0.0
0.0
0.0
0.0
0.0
0.0
0.0
0.0
0.0
0.0
0.25
3.5
3.25
1.0
0.0
0.0
0.0
0.0
0.0
2.5
0.25
0.0
0.0
0.0
0.0
0.0
0.0
0.0
0.0
0.0
1.75
4.25
4.0
11.5
7.5
1.25
0.0
0.0
0.0
0.0
0.0
0.0
0.0
0.0
0.0
0.0
0.0
0.0
0.75
4.75
11.25
24.75
31.75
34.0
41.5
31.25
34.5
29.5
37.5
48.0
48.0
49.25
41.75
49.0
55.5
75.25
73.5
72.5
84.25
70.0
84.25
78.25
88.75
80.25
74.25
82.0
67.0
73.75
73.25
54.5
45.75
48.75
49.5
48.75
47.25
43.0
43.75
46.75
59.25
71.75
73.0
70.0
66.5
69.75
91.75
92.75
88.25
89.0
85.75
92.75
82.25
80.75
75.5
73.0
65.75
51.5
48.25
63.75
77.25
71.0
59.25
52.0
59.5
79.0
77.75
97.5
76.75
52.75
38.25
37.0
59.75
65.75
71.5
69.0
61.5
57.75
43.5
48.75
44.25
30.25
25.0
20.75
27.5
27.5
30.75
34.0
31.25
39.0
50.25
41.25
33.75
38.5
28.5
35.0
37.25
39.5
38.0
27.5
25.75
19.25
26.75
23.0
20.75
22.0
22.75
20.75
25.25
21.0
13.75
4.5
4.25
2.0
0.25
0.25
0.0
0.0
0.0
0.0
0.0
0.0
0.0
0.0
0.0
0.0
0.0
0.0
0.0
0.0
0.0
0.0
0.0
0.0
0.0
0.0
0.0
0.25
0.0
0.0
0.0
0.0
0.0
0.0
0.0
0.0
0.0
0.0
0.0
0.0
1.25
3.5
10.25
15.75
20.25
28.0
35.5
28.5
30.5
30.75
41.75
48.75
39.25
35.75
33.25
46.75
57.0
70.0
69.0
85.5
89.0
94.0
74.25
68.25
74.75
63.0
58.75
69.5
65.75
78.75
78.25
79.0
65.75
66.75
71.75
64.0
64.5
67.0
60.5
66.5
79.0
77.5
86.75
79.5
73.5
61.5
44.25
48.75
45.0
61.75
91.0
104.0
109.0
91.5
98.75
84.0
85.0
76.75
60.5
52.25
42.25
35.0
35.75
32.25
34.0
27.0
18.25
18.75
21.0
17.5
16.25
24.25
32.5
32.25
33.75
38.0
41.75
44.0
42.5
41.75
43.75
51.0
44.75
56.75
69.75
87.5
83.5
72.75
72.0
64.5
59.0
50.5
35.0
34.75
55.5
80.5
73.5
69.0
72.5
70.75
76.25
76.25
68.75
52.75
54.75
56.0
54.5
45.5
34.25
39.5
39.75
45.75
59.0
63.5
71.75
65.5
61.0
73.5
85.0
81.75
76.25
76.75
82.25
86.75
76.75
78.0
80.25
95.75
103.0
95.0
73.25
46.5
37.5
42.25
49.25
60.75
72.25
77.75
92.0
98.5
105.5
106.0
93.5
84.0
70.0
76.0
74.0
61.25
60.25
62.0
54.75
62.0
66.5
77.25
67.5
63.25
81.0
76.5
49.25
30.5
32.5
31.5
31.25
39.5
41.0
33.0
41.0
35.0
33.25
30.75
24.75
30.0
30.75
41.5
49.75
67.75
59.0
83.25
101.5
115.0
116.25
85.0
87.25
81.75
96.25
91.25
96.25
75.0
77.0
71.75
68.5
65.0
65.75
74.25
76.5
82.75
83.25
69.25
58.5
43.75
46.25
59.5
63.5
70.5
90.5
110.25
109.75
86.5
67.25
57.75
53.25
62.5
78.0
66.0
58.0
54.5
58.75
59.75
76.25
96.25
100.25
81.25
61.5
49.75
59.5
41.0
48.75
58.5
61.0
70.0
64.75
63.5
56.75
72.0
67.25
86.25
74.25
76.0
80.0
82.25
69.0
69.5
62.75
75.0
91.75
83.5
76.0
81.5
71.0
68.75
57.25
59.75
53.75
67.75
54.75
54.75
72.0
79.5
100.75
97.75
86.0
68.0
51.5
47.0
48.75
61.0
70.0
79.5
71.75
79.25
86.75
86.5
77.0
76.5
78.25
81.5
79.75
84.0
71.0
81.0
63.5
69.5
85.5
102.5
105.5
83.0
76.5
88.0
82.75
87.75
82.75
74.0
77.25
80.25
70.25
62.5
68.75
72.5
74.75
83.25
78.5
80.75
76.5
72.5
74.0
74.25
65.0
62.75
53.5
57.5
70.25
76.5
87.75
90.0
77.25
81.75
73.75
76.25
67.25
63.0
60.0
66.5
62.75
78.5
81.25
81.5
73.5
67.0
61.5
64.0
56.5
43.75
30.0
27.75
24.5
44.75
41.0
33.75
35.5
36.75
60.25
65.5
63.75
79.5
78.25
63.25
72.5
73.0
80.25
70.25
85.5
78.5
75.0
87.5
83.75
105.0
97.0
77.5
76.0
73.0
64.0
68.5
67.75
58.5
51.75
55.5
58.75
63.25
69.75
69.75
50.0
32.5
34.25
29.75
34.5
36.75
40.0
40.75
53.0
50.75
38.0
41.75
39.0
40.0
40.5
39.0
48.0
44.75
33.5
36.25
41.25
28.0
28.25
21.0
13.0
8.5
6.75
7.25
6.0
4.5
3.75
6.5
4.5
1.75
2.25
3.75
6.0
7.5
6.75
5.75
1.0
0.0
2.0
0.0
0.0
0.0
0.0
0.0
0.0
0.0
0.0
0.0
0.0
0.0
0.0
0.0
0.0
0.0
0.0
0.0
0.0
0.0
0.0
0.0
0.0
0.0
0.0
0.0
0.0
0.0
0.0
0.0
0.0
0.0
0.0
0.0
0.0
0.0
0.0
0.0
0.0
0.0
0.0
0.0
0.0
0.0
0.0
0.0
0.0
0.0
0.0
0.0
0.0
0.0
0.0
0.0
0.0
0.0
0.0
0.0
0.0
0.0
0.0
0.0
0.0
0.0
0.0
0.0
0.0
0.0
0.0
0.0
0.0
0.0
1.75
0.0
0.25
0.0
0.0
1.0
0.0
0.0
0.0
0.0
0.0
0.0
0.0
0.0
0.0
0.0
0.0
0.0
0.0
0.0
0.0
0.0
0.0
0.0
0.0
0.0
0.0
0.0
0.0
0.0
1.5
1.75
1.5
0.25
0.0
0.0
0.0
0.0
0.0
0.0
0.0
0.0
0.0
0.0
0.0
0.0
0.0
0.0
0.0
0.0
0.0
0.0
0.0
0.0
0.0
0.0
0.0
0.0
0.0
0.0
0.0
0.0
0.0
0.5
0.0
0.0
0.0
0.0
0.0
0.0
0.0
0.0
0.0
0.0
2.25
3.25
6.25
7.0
9.0
12.5
15.25
13.75
19.25
27.75
29.25
18.75
12.25
12.75
22.0
28.0
42.0
41.25
27.75
27.5
38.5
40.25
51.5
49.25
50.0
61.0
79.25
69.25
72.0
87.75
87.5
78.25
73.5
67.5
82.0
98.0
93.25
93.0
108.75
112.0
97.5
95.5
89.25
79.75
84.25
78.0
86.25
92.75
84.75
95.75
92.75
104.0
112.25
101.25
98.0
86.75
93.75
114.25
122.0
112.0
83.5
86.75
95.25
89.5
101.5
107.0
100.25
101.0
99.5
114.25
105.0
79.25
78.0
79.0
94.0
96.25
100.75
95.25
109.25
97.0
89.0
93.5
84.5
94.5
123.5
120.75
89.25
76.25
84.5
94.75
90.75
90.5
84.5
60.25
64.75
75.5
77.25
64.0
60.5
58.25
59.0
51.25
47.5
50.25
51.25
86.0
85.75
78.25
81.25
76.5
70.5
63.0
60.5
66.5
64.75
54.5
45.75
44.5
43.25
40.75
30.25
33.75
42.0
34.75
36.5
30.0
33.75
51.0
66.5
62.5
68.5
76.75
66.5
68.25
52.25
53.5
50.25
59.75
65.75
83.25
79.0
93.25
122.5
131.25
134.0
121.75
97.0
104.25
81.0
64.5
66.75
66.75
73.0
81.75
82.25
73.75
61.5
54.25
55.25
65.0
48.75
72.0
88.25
101.25
113.0
100.5
97.5
78.0
77.25
62.0
58.75
62.25
59.0
63.0
80.5
88.75
90.5
65.25
56.0
57.75
61.75
82.0
82.75
73.25
91.75
94.75
88.25
81.5
80.5
89.75
84.0
63.5
61.0
65.25
65.5
70.5
68.25
73.0
62.75
51.75
71.5
66.75
66.25
66.75
67.75
58.25
51.75
63.75
81.75
94.25
106.5
100.75
98.75
79.75
64.25
54.75
54.5
56.0
59.25
67.0
61.0
62.25
71.75
70.0
69.75
67.75
99.25
102.5
98.25
67.75
61.0
70.25
77.25
80.0
85.0
74.5
70.25
63.0
41.25
35.75
45.0
41.5
47.75
47.0
38.0
18.75
13.75
20.25
24.5
35.0
35.25
42.25
45.75
65.25
67.5
54.5
44.0
57.25
66.0
73.0
66.0
75.0
72.75
74.75
63.0
63.5
57.0
65.0
61.0
72.25
65.5
61.25
56.75
68.75
77.5
65.5
57.0
49.5
74.75
92.0
81.0
56.0
61.0
74.0
75.5
75.75
69.25
71.0
73.75
58.25
57.5
65.75
59.0
60.25
66.75
68.0
72.25
75.25
88.75
89.25
83.75
82.75
84.25
67.0
68.0
78.5
62.75
71.25
66.25
66.75
60.75
75.5
78.75
71.0
67.0
67.25
81.5
85.75
78.0
89.5
64.0
61.0
61.0
56.0
56.5
65.75
64.75
70.75
87.25
82.5
84.0
82.5
75.25
73.25
68.0
64.5
63.5
58.5
76.25
71.0
65.75
63.0
80.5
83.5
85.0
66.25
71.5
80.5
91.0
94.0
116.0
119.5
94.0
91.0
69.0
64.75
57.75
47.0
44.0
46.5
56.5
43.0
47.5
48.25
65.0
61.25
45.25
31.75
27.75
35.25
26.5
19.0
22.25
20.5
23.0
27.5
32.25
44.0
57.75
50.5
58.0
67.0
100.75
109.75
94.75
104.25
85.0
93.0
98.75
82.5
87.75
95.0
83.5

Average_Alpha:
0.260000001
0.26000000500000015
0.2600000090000002
0.26000001300000036
0.2600000170000004
0.26000002100000064
0.26000002500000063
0.26000002900000085
0.26000003300000085
0.260000037000001
0.260000041000001
0.26000004500000123
0.26000004900000123
0.26000005300000145
0.26000005700000145
0.26000006100000167
0.2600000650000018
0.2600000690000019
0.260000073000002
0.2600000770000021
0.26000008100000216
0.2600000840000023
0.2600000880000024
0.2600000920000025
0.2600000960000026
0.2600001000000028
0.2600001040000028
0.260000108000003
0.260000112000003
0.2600001160000032
0.2600001200000032
0.26000012400000344
0.2600001230000034
0.26000012700000363
0.26000013100000363
0.26000013500000385
0.26000013900000385
0.26000014300000407
0.2600001470000042
0.2600001510000043
0.2600001550000044
0.2600001590000045
0.2600001630000046
0.26000016700000467
0.2600001710000048
0.2600001750000049
0.260000179000005
0.26000018300000516
0.2600001870000052
0.2600001910000054
0.26000019500000543
0.2600001990000056
0.26000020300000565
0.2600002070000058
0.26000021100000587
0.260000215000006
0.2600002190000061
0.2600002230000062
0.2600002270000063
0.26000023100000647
0.2600002340000065
0.2600002370000067
0.26000024100000674
0.2600002450000069
0.26000024900000696
0.26000025300000706
0.2600002570000072
0.2600002610000073
0.2600002650000074
0.26000026400000753
0.26000026700000756
0.2600002710000077
0.2600002750000078
0.26000027900000794
0.26000028300000805
0.2600002870000082
0.26000029100000827
0.2600002950000085
0.26000029900000843
0.26000030300000865
0.26000030700000865
0.26000031100000887
0.26000031500000886
0.2600003190000091
0.2600003230000091
0.2600003260000093
0.26000033000000927
0.2600003340000095
0.26000033800000955
0.2600003420000097
0.2600003460000098
0.2600003500000099
0.26000035400001004
0.26000035800001015
0.26000036200001025
0.26000036600001036
0.2600003700000104
0.2600003710000106
0.26000037500001066
0.2600003790000109
0.2600003830000109
0.26000038700001105
0.26000039100001104
0.26000039500001126
0.26000039900001126
0.2600004030000115
0.2600004070000115
0.2600004110000117
0.26000041500001175
0.2600004190000119
0.260000423000012
0.26000042600001216
0.2600004160000121
0.26000040700001237
0.26000040700001237
0.2600004110000126
0.2600004150000126
0.2600004190000128
0.2600004230000128
0.260000427000013
0.260000421000013
0.2600004240000133
0.2600004280000132
0.26000043200001344
0.26000043600001344
0.26000044000001366
0.2600004440000137
0.2600004480000139
0.2600004520000139
0.2600004560000141
0.26000046000001414
0.2600004570000143
0.2600004440000143
0.26000043200001455
0.26000039000001457
0.26000036400001475
0.26000036300001483
0.260000367000015
0.26000037100001505
0.2600003750000152
0.26000037900001527
0.2600003830000154
0.26000038700001543
0.2600003910000156
0.26000039500001565
0.2600003990000158
0.26000040300001587
0.2600004070000161
0.26000041100001614
0.2600004120000163
0.2600003970000163
0.2600003560000165
0.2600002610000165
0.2600001380000167
0.2600000060000168
0.25999984400001686
0.25999972300001695
0.2599995890000171
0.2599994750000172
0.2599993290000173
0.2599991410000174
0.2599989530000175
0.2599987600000177
0.2599985970000177
0.25999840500001786
0.2599981870000179
0.25999789000001805
0.2599976000000181
0.25999731400001824
0.25999698100001833
0.2599967050000184
0.25999637200001846
0.25999606300001865
0.25999571200001875
0.25999539500001884
0.25999510200001896
0.259994778000019
0.25999451400001916
0.25999422300001923
0.25999393400001936
0.2599937200000194
0.2599935410000195
0.2599933500000196
0.25999315600001977
0.2599929650000198
0.2599927800000199
0.25999261200002005
0.2599924410000202
0.2599922580000203
0.25999202500002044
0.2599917420000205
0.25999145400002055
0.2599911780000207
0.2599909160000208
0.2599906410000209
0.25999027800002095
0.25998991100002106
0.2599895620000211
0.2599892100000213
0.2599888710000214
0.2599885040000215
0.2599881790000215
0.25998786000002166
0.2599875620000218
0.2599872740000219
0.25998701500002197
0.259986813000022
0.25998662400002215
0.2599863730000223
0.2599860680000224
0.2599857880000225
0.25998555500002263
0.2599853510000227
0.2599851170000228
0.2599848050000229
0.259984498000023
0.2599841120000231
0.2599838090000232
0.2599836020000233
0.25998345300002335
0.2599833090000235
0.2599830740000236
0.25998281500002374
0.25998253300002383
0.2599822610000239
0.25998201900002404
0.2599817920000241
0.25998162200002417
0.2599814310000243
0.2599812580000245
0.25998114100002445
0.25998104500002467
0.25998096600002474
0.25998086000002485
0.25998075400002496
0.259980635000025
0.2599805030000251
0.25998038200002527
0.25998023000002535
0.2599800330000255
0.2599798720000256
0.2599797410000257
0.2599795910000257
0.2599794810000259
0.259979345000026
0.25997920000002606
0.2599790460000262
0.25997889800002627
0.25997879200002644
0.2599786930000265
0.2599786200000266
0.2599785170000267
0.2599784290000268
0.25997835000002695
0.25997826600002705
0.2599781790000271
0.2599781000000272
0.2599780030000273
0.2599779230000274
0.25997787200002753
0.2599778580000277
0.25997784500002785
0.2599778410000279
0.259977844000028
0.25997784700002813
0.25997785100002824
0.2599778550000284
0.25997785900002846
0.2599778630000286
0.2599778670000287
0.25997787100002884
0.2599778750000289
0.259977879000029
0.2599778830000291
0.2599778870000292
0.2599778910000293
0.25997789500002944
0.25997789900002954
0.25997790300002965
0.25997790700002976
0.25997791100002987
0.25997791500003
0.25997791900003003
0.25997792300003014
0.25997792700003025
0.25997793100003036
0.2599779340000305
0.25997793800003055
0.2599779420000307
0.25997794600003077
0.25997795000003093
0.259977954000031
0.2599779580000312
0.2599779620000313
0.2599779660000314
0.25997797000003153
0.25997797400003164
0.25997797800003175
0.2599779820000318
0.25997798100003194
0.25997797100003206
0.25997793400003216
0.2599778750000323
0.25997779800003235
0.25997769000003246
0.2599775520000326
0.2599774420000327
0.25997732400003276
0.2599772050000329
0.25997704200003297
0.2599768510000331
0.25997669800003326
0.25997655900003325
0.25997643000003334
0.25997624700003347
0.2599760230000336
0.25997574700003373
0.2599754750000338
0.25997513700003394
0.259974785000034
0.25997441300003415
0.25997412000003417
0.2599738510000343
0.25997355600003447
0.25997330800003454
0.2599730770000347
0.25997280300003467
0.25997254400003483
0.2599722330000349
0.259971924000035
0.25997161200003516
0.25997135300003527
0.2599710900000354
0.25997080700003544
0.2599705550000355
0.25997030100003565
0.25997003700003574
0.25996979900003575
0.25996953700003594
0.25996922500003605
0.25996891900003616
0.25996857600003626
0.2599682620000363
0.2599679720000364
0.25996773000003653
0.25996755700003665
0.2599673660000367
0.2599671900000369
0.259966947000037
0.25996658700003705
0.2599661750000371
0.2599657430000373
0.2599653810000373
0.2599649900000375
0.25996465800003754
0.2599643220000376
0.25996401900003774
0.25996378100003786
0.25996357600003794
0.2599634110000381
0.25996327500003813
0.2599631360000383
0.2599630110000384
0.25996287900003845
0.2599627750000386
0.2599627060000387
0.25996263500003874
0.2599625550000389
0.259962489000039
0.2599624280000391
0.2599623350000392
0.2599622090000393
0.25996208400003945
0.25996195300003955
0.2599618050000396
0.25996164200003974
0.25996147000003983
0.25996130400003997
0.25996114100004003
0.2599609700000401
0.25996077000004025
0.2599605950000404
0.25996037200004046
0.2599600970000405
0.25995975100004065
0.25995942100004077
0.2599591340000409
0.25995885000004104
0.2599585960000411
0.2599583640000412
0.2599581660000413
0.25995803000004136
0.2599578950000415
0.2599576770000416
0.2599573590000417
0.2599570690000418
0.2599567970000419
0.2599565110000419
0.2599562320000421
0.2599559310000422
0.2599556300000423
0.25995535900004235
0.25995515200004254
0.25995493700004263
0.2599547170000427
0.2599545030000428
0.2599543250000429
0.259954192000043
0.25995403800004313
0.25995388300004324
0.2599537040000433
0.25995347200004343
0.2599532220000435
0.2599529390000437
0.2599526810000437
0.2599524410000438
0.2599521510000439
0.259951815000044
0.25995149200004414
0.2599511910000442
0.2599508880000443
0.25995056300004443
0.2599502200000446
0.2599499170000446
0.2599496090000447
0.2599492920000448
0.2599489130000449
0.259948505000045
0.2599481290000451
0.2599478400000452
0.25994765800004527
0.25994751200004546
0.2599473470000455
0.25994715400004564
0.2599469150000457
0.25994663000004586
0.25994632300004594
0.2599459590000461
0.2599455690000461
0.2599451510000462
0.25994473100004634
0.2599443610000465
0.2599440290000465
0.25994375300004663
0.2599434530000467
0.2599431610000468
0.25994292000004693
0.2599426830000471
0.2599424390000471
0.25994222400004724
0.25994198000004737
0.25994171800004745
0.2599414130000475
0.2599411470000476
0.2599408980000477
0.25994057800004783
0.25994027600004793
0.25994008300004806
0.2599399650000481
0.2599398390000482
0.25993971700004836
0.25993959600004846
0.25993944200004854
0.25993928200004873
0.25993915400004874
0.2599389940000489
0.25993885800004896
0.2599387290000491
0.2599386100000492
0.2599385150000493
0.2599383990000494
0.25993828000004954
0.2599381180000496
0.25993792300004975
0.2599376560000498
0.2599374240000499
0.25993709500005
0.2599366930000501
0.25993623700005025
0.2599357760000503
0.2599354400000504
0.2599350950000505
0.2599347720000506
0.2599343910000507
0.25993403000005083
0.2599336490000509
0.25993335300005105
0.2599330490000511
0.25993276600005116
0.2599324960000513
0.2599322400000514
0.2599319810000515
0.2599316880000516
0.2599313860000517
0.25993105900005187
0.2599307300000519
0.259930457000052
0.25993022700005214
0.2599300560000522
0.2599298750000523
0.25992964100005234
0.2599293910000525
0.25992911300005267
0.2599287550000527
0.25992831800005284
0.25992788300005293
0.259927541000053
0.2599272760000531
0.2599270490000532
0.25992684000005334
0.2599265940000534
0.2599262860000536
0.25992602600005366
0.2599257980000537
0.25992558400005383
0.25992535300005387
0.2599251180000541
0.2599248170000541
0.2599244360000542
0.25992403900005434
0.2599237180000544
0.2599234760000545
0.2599232810000546
0.25992304700005475
0.25992288700005484
0.25992269600005496
0.25992246600005503
0.25992222600005516
0.2599219500000552
0.25992169500005535
0.25992144500005543
0.2599212220000555
0.2599209380000556
0.2599206730000558
0.2599203320000559
0.2599200390000559
0.25991973900005605
0.25991942300005616
0.25991909800005625
0.25991882600005634
0.2599185520000564
0.2599183050000565
0.2599180090000567
0.25991764600005673
0.2599173160000568
0.25991701600005696
0.259916694000057
0.25991641400005716
0.2599161430000572
0.2599159180000573
0.25991568300005746
0.25991547200005755
0.25991520500005766
0.25991499000005774
0.25991477500005783
0.259914491000058
0.25991417700005803
0.25991377800005816
0.2599133910000583
0.2599130510000583
0.2599127830000585
0.25991258100005854
0.25991239700005864
0.25991220600005877
0.2599119660000589
0.259911690000059
0.25991137600005904
0.25991109300005916
0.2599107800000593
0.25991043700005934
0.25991009500005946
0.25990979100005956
0.25990948900005967
0.2599091800000598
0.25990885800005986
0.25990854300006
0.25990821100006006
0.25990793100006016
0.25990761100006027
0.25990736100006034
0.2599070870000605
0.2599067490000606
0.25990634300006066
0.2599059250000607
0.2599055970000609
0.259905295000061
0.25990494700006106
0.2599046200000612
0.25990427300006125
0.25990394600006134
0.2599036540000615
0.25990334900006157
0.25990303200006165
0.25990275500006177
0.25990250900006184
0.25990223800006196
0.25990195200006205
0.2599016570000621
0.25990132800006227
0.2599010180000623
0.25990069900006246
0.2599003970000625
0.25990011100006266
0.25989981900006276
0.2598995260000629
0.2598992700000629
0.259899023000063
0.2598988130000632
0.2598985870000633
0.25989831000006336
0.25989800800006346
0.25989766100006356
0.25989730500006364
0.25989700000006377
0.25989667700006386
0.25989638600006404
0.2598960850000641
0.25989582000006417
0.2598955720000643
0.25989533600006437
0.2598950740000645
0.25989482700006455
0.2598945170000647
0.25989419600006475
0.2598938740000649
0.25989358400006496
0.2598933200000651
0.2598930780000652
0.25989282600006525
0.25989260400006536
0.2598924330000655
0.2598923170000656
0.2598922100000657
0.2598921160000658
0.2598919410000659
0.25989178100006605
0.2598916500000661
0.2598915120000662
0.2598913690000663
0.25989113200006647
0.2598908740000665
0.2598906230000666
0.2598903090000667
0.25989000000006685
0.2598897510000669
0.25988946500006704
0.25988917700006714
0.2598888600000672
0.25988858300006734
0.25988824500006746
0.2598879350000675
0.25988763900006767
0.25988729300006774
0.2598869620000678
0.25988654600006794
0.259886162000068
0.25988585600006814
0.25988555600006824
0.25988526800006834
0.25988501600006847
0.2598847460000685
0.2598844790000686
0.25988424900006873
0.25988404600006887
0.2598838280000689
0.259883597000069
0.2598833480000691
0.25988307300006924
0.2598827980000693
0.25988260200006946
0.2598824760000696
0.2598823430000697
0.25988222800006977
0.25988209400006984
0.25988195100007
0.25988179500007
0.25988163600007014
0.2598814280000703
0.2598812290000703
0.25988108100007046
0.25988091800007057
0.25988076600007065
0.25988061000007084
0.2598804520000709
0.259880300000071
0.2598801120000711
0.2598799370000712
0.2598798070000713
0.25987966600007145
0.25987950500007156
0.2598793970000717
0.2598792880000717
0.25987920800007186
0.25987916000007194
0.2598791300000721
0.25987910700007216
0.2598790820000723
0.2598790620000724
0.2598790480000725
0.2598790370000726
0.25987901500007277
0.25987900100007283
0.2598789980000729
0.259878993000073
0.25987898200007314
0.25987896200007327
0.2598789360000734
0.25987891300007343
0.25987889400007363
0.25987889400007375
0.25987889800007385
0.25987889400007397
0.259878898000074
0.2598789020000742
0.2598789060000742
0.25987891000007435
0.25987891400007446
0.25987891800007457
0.2598789220000747
0.2598789260000748
0.2598789300000749
0.259878934000075
0.2598789380000751
0.2598789420000753
0.25987894600007533
0.25987895000007544
0.25987895400007555
0.25987895800007565
0.25987896200007576
0.2598789660000759
0.259878970000076
0.2598789740000761
0.2598789780000762
0.2598789820000763
0.2598789860000764
0.2598789900000765
0.2598789940000766
0.2598789980000767
0.25987900200007685
0.25987900600007696
0.25987901000007707
0.2598790140000772
0.2598790180000773
0.2598790220000774
0.2598790260000775
0.2598790300000776
0.25987903400007767
0.25987903800007783
0.2598790420000779
0.25987904600007805
0.2598790500000781
0.25987905400007827
0.2598790580000783
0.2598790620000785
0.2598790660000786
0.25987907000007876
0.2598790740000788
0.2598790780000789
0.25987908200007903
0.25987908600007914
0.25987909000007925
0.25987909400007936
0.25987909800007947
0.2598791020000796
0.2598791060000797
0.2598791100000798
0.2598791140000799
0.25987911800008
0.25987912200008007
0.2598791260000802
0.2598791300000803
0.2598791340000805
0.2598791380000805
0.2598791420000807
0.2598791460000808
0.25987915000008094
0.259879154000081
0.25987915800008116
0.25987916200008115
0.2598791660000813
0.2598791700000814
0.25987917400008154
0.25987917800008165
0.2598791750000818
0.2598791790000819
0.259879182000082
0.2598791860000821
0.2598791900000822
0.2598791900000823
0.2598791940000824
0.2598791980000825
0.25987920200008263
0.25987920600008274
0.2598792100000828
0.2598792140000829
0.25987921800008307
0.2598792220000831
0.2598792260000833
0.2598792300000834
0.2598792340000835
0.2598792380000836
0.2598792420000837
0.25987924600008383
0.25987925000008394
0.259879254000084
0.2598792580000841
0.2598792620000842
0.2598792660000843
0.25987927000008443
0.2598792740000846
0.2598792780000847
0.2598792820000848
0.2598792860000849
0.25987928400008503
0.2598792810000851
0.2598792790000853
0.25987928200008537
0.2598792860000855
0.2598792900000856
0.2598792940000857
0.2598792980000858
0.2598793020000859
0.25987930600008596
0.2598793100000861
0.2598793140000862
0.2598793180000863
0.2598793220000864
0.25987932600008656
0.2598793300000867
0.2598793340000868
0.25987933800008695
0.25987934200008705
0.25987934600008716
0.2598793500000872
0.2598793540000873
0.25987935800008743
0.25987936200008754
0.25987936600008765
0.25987937000008776
0.25987937400008787
0.259879378000088
0.2598793820000881
0.2598793860000882
0.2598793900000883
0.25987939400008836
0.25987939800008847
0.2598794000000886
0.2598794040000887
0.2598794080000888
0.2598794120000889
0.259879416000089
0.25987942000008923
0.2598794240000893
0.25987942800008945
0.25987943200008956
0.2598794360000896
0.2598794400000897
0.25987943500008986
0.2598794260000899
0.25987940500009005
0.2598793810000901
0.25987934900009024
0.2598793030000904
0.25987924600009044
0.2598791950000906
0.25987912200009067
0.25987901500009075
0.2598789020000909
0.259878831000091
0.25987878600009107
0.25987873900009123
0.25987865500009133
0.25987854700009144
0.25987838300009153
0.25987822200009164
0.2598781150000917
0.25987800900009184
0.2598778590000919
0.2598777020000921
0.25987750000009213
0.2598773070000922
0.2598771110000923
0.25987687100009244
0.2598765580000925
0.25987628500009263
0.2598760010000927
0.2598756540000929
0.2598753080000929
0.25987499900009303
0.2598747090000932
0.25987444300009327
0.2598741190000934
0.2598737310000935
0.25987336200009353
0.2598729940000936
0.2598725630000937
0.2598721190000938
0.259871733000094
0.259871355000094
0.2598710020000941
0.25987068700009425
0.25987035400009434
0.2598700460000945
0.25986970500009454
0.25986933800009465
0.25986900300009474
0.2598686240000948
0.25986825700009497
0.259867845000095
0.2598674000000951
0.25986699900009524
0.2598666110000953
0.2598662680000954
0.2598658970000955
0.25986544400009565
0.2598649600000957
0.2598645160000958
0.2598641860000959
0.25986384300009596
0.2598634660000961
0.25986311200009615
0.2598627100000963
0.25986228600009637
0.2598618890000965
0.2598614890000966
0.2598610950000967
0.25986064200009673
0.2598602260000969
0.259859913000097
0.2598596050000971
0.2598592930000972
0.2598589210000972
0.2598585400000974
0.25985814100009746
0.2598577640000976
0.25985733100009767
0.25985694700009776
0.25985659500009783
0.2598562250000979
0.25985589100009804
0.2598555170000981
0.2598550270000982
0.2598545480000984
0.25985419500009843
0.25985389400009856
0.25985356000009857
0.25985318500009874
0.25985282600009885
0.259852468000099
0.259852134000099
0.25985189700009914
0.2598516420000992
0.25985134400009935
0.2598510390000994
0.25985078700009956
0.25985054900009963
0.2598503200000997
0.25985008800009984
0.2598498870001
0.2598497010001
0.2598495040001002
0.25984930300010023
0.2598489630001004
0.25984862400010045
0.2598483150001006
0.25984799400010067
0.25984769200010077
0.2598474140001009
0.259847166000101
0.25984692800010106
0.2598466660001012
0.2598464110001013
0.25984619700010136
0.2598460180001015
0.2598458440001016
0.25984567500010164
0.2598455160001018
0.2598453990001019
0.259845268000102
0.2598451040001021
0.2598449690001022
0.2598448270001023
0.25984471100010237
0.2598445800001025
0.2598443800001026
0.2598441180001027
0.25984387200010284
0.2598436020001029
0.259843299000103
0.25984303700010314
0.2598427680001032
0.25984256300010333
0.25984235300010344
0.2598421560001035
0.2598419210001036
0.2598416620001037
0.25984133300010387
0.259841021000104
0.259840652000104
0.2598401660001041
0.25983964500010426
0.25983911300010437
0.25983863000010443
0.2598382460001045
0.25983783300010466
0.25983751300010466
0.25983725900010485
0.2598369960001049
0.259836733000105
0.25983644500010505
0.2598361220001052
0.2598357970001053
0.2598355060001054
0.2598352640001055
0.2598350510001056
0.2598348340001057
0.2598345780001058
0.2598343870001059
0.259834103000106
0.2598337540001061
0.25983335300010624
0.25983290500010636
0.2598325070001064
0.2598321210001065
0.25983181300010666
0.25983150800010674
0.2598312640001068
0.2598310330001069
0.259830788000107
0.25983055600010707
0.25983030800010726
0.25982999000010726
0.2598296390001074
0.25982928100010755
0.25982902400010766
0.25982880400010777
0.25982857700010775
0.2598283340001079
0.259828010000108
0.2598276830001081
0.25982739400010824
0.2598270310001084
0.2598266560001084
0.2598263070001085
0.2598259850001086
0.25982566700010873
0.2598253120001088
0.25982498000010895
0.25982473000010897
0.2598244900001091
0.25982423300010926
0.25982397500010934
0.25982369700010943
0.2598234280001095
0.25982314000010964
0.25982289300010974
0.2598226900001098
0.2598224080001099
0.25982214500011
0.25982188400011014
0.2598216210001102
0.2598213540001103
0.25982112500011045
0.25982092200011053
0.25982067100011064
0.2598203480001107
0.25981997500011084
0.25981955300011095
0.259819154000111
0.25981876300011114
0.2598184480001112
0.25981819500011133
0.25981798000011147
0.2598177660001115
0.25981754600011164
0.2598173130001118
0.2598170490001119
0.25981680900011195
0.259816564000112
0.25981628100011217
0.2598160050001122
0.2598157300001124
0.25981546300011243
0.25981507000011256
0.25981466400011266
0.2598142750001127
0.25981400800011284
0.25981376800011297
0.25981349100011303
0.25981318600011316
0.25981287000011327
0.2598125340001134
0.25981224000011344
0.25981196300011355
0.25981171500011363
0.25981155400011374
0.25981141500011384
0.259811239000114
0.2598110770001141
0.25981089000011415
0.2598107060001143
0.2598105580001143
0.2598104870001145
0.25981043600011455
0.2598103590001147
0.2598102650001148
0.2598101290001149
0.259809992000115
0.25980982700011507
0.2598096480001152
0.2598093910001153
0.25980912500011544
0.25980891100011555
0.25980873900011564
0.25980851400011573
0.2598082540001158
0.2598079660001159
0.259807706000116
0.25980741000011615
0.2598071230001162
0.25980682800011634
0.2598065800001164
0.25980633000011655
0.25980610600011667
0.25980585000011674
0.25980561000011687
0.259805325000117
0.259805067000117
0.2598048260001172
0.25980460300011726
0.2598043320001174
0.2598040260001175
0.25980376800011756
0.25980354400011774
0.2598033500001178
0.25980305500011786
0.259802691000118
0.25980237100011805
0.2598021510001182
0.25980191100011824
0.2598016190001184
0.2598013210001185
0.25980102200011856
0.2598007490001186
0.25980046900011877
0.2598001780001189
0.25979994900011893
0.25979972300011905
0.2597994640001192
0.2597992320001193
0.2597989950001194
0.25979873200011944
0.2597984640001196
0.25979817900011964
0.2597978820001198
0.2597975310001199
0.25979717800012
0.25979684700012007
0.25979652000012016
0.2597961870001203
0.2597959230001204
0.25979565500012053
0.25979534500012064
0.2597950980001207
0.25979481700012075
0.25979455600012086
0.259794293000121
0.25979405400012107
0.25979375600012117
0.25979344500012125
0.2597931650001214
0.2597929010001214
0.25979263600012154
0.2597923140001217
0.25979197500012174
0.25979166700012185
0.259791313000122
0.25979106100012206
0.2597908210001222
0.25979058100012226
0.2597903610001224
0.2597901390001225
0.2597898800001226
0.2597896250001227
0.2597893460001228
0.25978900100012287
0.259788675000123
0.2597883430001231
0.2597880170001232
0.25978772000012335
0.2597874310001234
0.25978716300012356
0.25978690900012363
0.25978665900012365
0.25978642900012383
0.2597861280001239
0.259785848000124
0.2597855890001241
0.25978534100012424
0.2597850230001243
0.2597846930001244
0.2597843570001245
0.2597840960001246
0.25978381400012474
0.25978349600012485
0.259783136000125
0.259782764000125
0.25978230400012514
0.25978183000012517
0.25978145800012525
0.25978109800012533
0.2597808260001255
0.2597805710001256
0.2597803440001257
0.25978016000012577
0.25977998800012586
0.25977980600012596
0.2597795840001261
0.25977941600012616
0.2597792300001263
0.25977904100012644
0.2597787850001266
0.2597785440001266
0.25977836700012674
0.25977824400012683
0.25977813700012703
0.259778000000127
0.2597778980001271
0.2597778260001273
0.2597777410001274
0.2597776630001274
0.2597775750001276
0.25977746900012766
0.2597773440001278
0.25977717200012784
0.25977694500012805
0.25977674700012815
0.2597765190001282
0.25977625500012835
0.25977585600012837
0.2597754210001285
0.2597750460001286
0.2597746330001287
0.2597742970001288
0.25977392900012886
0.259773538000129
0.2597732120001291
0.2597728650001292
0.2597724890001293
0.25977215900012934

Avalanche_Distribution:
1
5
2
6
1
3
32
11
121
23027
1
1
100732
8
7
1
4
20
2
