
Branching_global:
0.9999999770000002
1.0000001970000103
1.0000005930000209
1.0000009950000308
1.0000013760000412
1.0000017670000516
1.000002166000062
1.0000025480000716
1.0000029390000822
1.0000033910000934
1.000003753000103
1.0000041630001137
1.0000045540001248
1.0000049620001354
1.0000053660001467
1.0000057470001569
1.0000061680001686
1.000006529000178
1.0000069510001899
1.0000073860002012
1.0000077680002122
1.0000081500002223
1.0000085670002339
1.0000089730002444
1.0000093480002552
1.0000097540002657
1.0000100950002764
1.0000105550002882
1.0000109390002991
1.0000113390003094
1.0000117230003207
1.0000121400003315
1.0000125470003425
1.0000129290003528
1.0000133250003642
1.000013697000374
1.0000141150003854
1.0000145190003964
1.0000149620004086
1.0000153390004185
1.0000157300004295
1.00001613400044
1.0000165550004516
1.0000169390004623
1.0000172770004736
1.0000176540004835
1.000018071000495
1.0000184720005059
1.000018896000517
1.0000192770005274
1.0000196550005385
1.0000200870005493
1.0000204850005603
1.000020877000571
1.0000212810005824
1.0000216480005923
1.0000220340006032
1.0000224680006147
1.0000228870006258
1.0000232690006365
1.0000236740006472
1.000024065000658
1.0000244580006692
1.0000248540006793
1.0000252660006912
1.0000256800007017
1.0000260540007122
1.0000264550007232
1.0000268120007334
1.0000272940007453
1.0000277020007569
1.0000280650007662
1.000028453000778
1.0000288880007886
1.0000292980008005
1.0000296710008107
1.0000300670008215
1.0000304790008325
1.0000308430008429
1.000031255000854
1.0000316690008653
1.0000320930008766
1.0000324240008864
1.0000328540008974
1.0000332430009085
1.0000336580009195
1.0000340210009304
1.0000344120009406
1.0000348370009522
1.0000352780009636
1.000035640000974
1.0000360470009846
1.0000364400009962
1.000036818001006
1.0000372710010181
1.0000376230010286
1.000038029001039
1.0000384200010497
1.0000387800010615
1.0000391600010716

Autocorrelation:
-43478.260759726305
5076.142366457552
1686.341081473595
1005.0255945052884
726.744664264055
565.9314398932347
461.6810038718632
392.46516715023284
340.2522768062056
294.89875197841053
266.4539965567073
240.21187945616046
219.5876700918751
201.53213496606324
186.35904876349827
174.0043233339855
162.1276032197815
153.16330789167063
143.86468827203396
135.3917771122669
128.73376115859924
122.69988315636549
116.72747241664395
111.44594441746183
106.97525103682493
102.5225394455065
99.0594373564952
94.74232592919077
91.41653187166041
88.19169611131626
85.30289466275504
82.37282064953361
79.70082459482731
77.34600024758566
75.04740226280197
73.00918603973494
70.84711513846656
68.87576501002623
66.83648266745776
65.19379634897254
63.573289108234185
61.98140818773523
60.4052099183114
59.03586056937275
57.8809174661553
56.64488498853458
55.33777920905895
54.136488121810245
52.921751725855565
51.87579037766405
50.87813788206338
49.783940664027746
48.816705643830545
47.90010112155996
46.99077172570799
46.194142488839006
45.384904673876804
44.5082431280149
43.69342491864965
42.97613163862748
42.24093138532632
41.55462310864293
40.8869164113702
40.23547113609738
39.57937962440252
38.94130890267578
38.38232131755904
37.80053676452258
37.29723178377785
36.63858795454739
36.09897565571633
35.63206859547339
35.146177875517935
34.61694878953411
34.132521728599755
33.70344134346678
33.25955386640796
32.809974477763944
32.422766724784196
31.995379942143405
31.577119804676617
31.159942015398908
30.84185123900821
30.43819320619566
30.08202009686759
29.711117760630962
29.394109022521913
29.060129564363013
28.705611593021025
28.346777356485646
28.058860621920562
27.7420588697479
27.442870267575337
27.16112720854856
26.83101092181987
26.57998522292657
26.296220964405723
26.02860964485437
25.78698717128199
25.536760789246856

Average_Activity:
1.0
4.75
2.0
1.75
3.25
0.0
0.0
0.0
0.0
0.0
0.0
0.0
0.0
0.0
0.0
0.0
0.0
0.0
0.0
0.0
0.0
0.0
0.0
0.0
0.0
0.0
0.0
0.0
0.0
0.0
0.0
0.0
0.0
0.0
0.0
0.0
0.0
0.0
0.0
0.0
0.0
0.0
0.0
0.0
0.0
0.0
0.0
0.0
0.0
0.0
0.0
0.0
0.0
0.0
0.0
0.0
0.0
0.0
0.0
0.0
0.0
0.0
0.0
0.0
0.0
0.0
0.0
0.0
0.0
0.0
0.0
0.0
0.0
0.0
0.0
0.0
0.0
0.0
0.0
0.0
0.0
0.0
0.0
0.0
0.0
0.0
0.0
0.0
0.0
0.0
0.0
0.0
0.0
0.0
0.0
0.0
0.0
0.0
0.0
0.0
0.0
0.0
0.0
0.0
0.0
0.0
0.0
0.0
0.0
0.0
0.0
0.0
0.0
0.0
0.25
1.25
1.25
0.0
0.0
0.0
0.0
0.0
0.0
0.0
0.0
0.0
0.0
0.0
0.0
0.0
0.0
0.0
0.0
0.0
0.0
0.0
0.0
0.0
0.0
0.0
0.0
0.0
0.0
0.0
0.0
0.0
0.0
0.0
0.0
0.0
0.0
0.0
0.0
0.0
0.0
0.0
0.0
0.0
0.0
0.0
0.0
0.0
0.0
0.0
0.0
0.0
0.0
0.0
0.0
0.0
0.0
0.0
0.0
0.0
0.0
0.0
0.0
0.0
0.0
0.0
0.0
0.0
0.0
0.0
0.0
0.0
0.0
0.0
0.0
0.0
0.0
0.0
0.0
0.0
0.0
0.0
0.0
0.0
0.0
0.0
0.0
0.0
0.0
0.0
0.0
0.0
0.0
0.0
0.0
0.0
0.0
0.0
0.0
0.0
0.0
0.0
0.0
0.0
0.0
0.0
0.0
0.0
0.0
0.0
0.0
0.0
0.0
0.0
0.0
0.0
0.0
0.0
0.0
0.0
0.0
0.0
0.0
0.0
0.0
0.0
0.0
0.0
0.0
0.0
0.0
0.0
0.0
0.0
0.0
0.0
0.0
0.0
0.0
0.0
0.0
0.0
0.0
0.0
0.0
0.0
0.0
0.0
0.0
0.0
0.0
0.0
0.0
0.0
0.0
0.0
0.0
0.0
0.0
0.0
0.0
0.0
0.0
0.0
0.0
0.0
0.0
0.0
0.0
0.0
0.0
0.0
0.0
0.0
0.0
0.0
0.0
0.0
0.0
0.0
0.0
0.0
0.0
0.0
0.0
0.0
0.0
0.0
0.0
0.0
0.0
0.0
0.0
0.0
0.0
0.0
0.0
0.0
0.0
0.0
0.0
0.0
0.0
0.0
0.0
0.0
0.0
0.0
0.0
0.0
0.0
0.0
0.0
0.0
0.0
0.0
0.0
0.0
0.0
0.0
0.0
0.0
0.0
0.0
0.0
0.0
0.0
0.0
0.0
0.0
0.0
0.0
0.0
0.0
0.0
0.0
0.0
0.0
0.0
0.0
0.0
0.0
0.0
0.0
0.0
0.0
0.0
0.0
0.0
0.0
0.0
0.0
0.0
0.0
0.0
0.0
0.0
0.0
0.0
0.0
0.0
0.0
0.0
0.0
0.0
0.0
0.0
0.0
0.0
0.0
0.0
0.0
0.0
0.0
0.0
0.0
0.0
0.0
0.0
0.0
0.0
0.0
0.0
0.0
0.0
0.0
0.0
0.0
0.0
0.0
0.0
0.0
0.0
0.0
0.0
0.0
0.0
0.0
0.0
0.0
0.0
0.0
0.0
0.0
0.0
0.0
0.0
0.0
0.0
0.0
0.0
0.0
0.0
0.0
0.0
0.0
0.0
0.0
0.0
0.0
0.0
0.0
0.0
0.0
0.0
0.0
0.0
0.0
0.0
0.0
0.0
0.0
0.0
0.0
0.0
0.0
0.0
0.0
0.0
0.0
0.0
0.0
0.0
0.0
0.0
0.0
0.0
0.0
0.0
0.0
0.0
0.0
0.0
0.0
0.0
0.0
0.0
0.0
0.0
0.0
0.0
0.0
0.0
0.0
0.0
0.0
0.0
0.0
0.0
0.0
0.0
0.0
0.0
0.0
0.0
0.0
0.0
0.0
0.0
0.0
0.0
0.0
0.0
0.0
0.0
0.0
0.0
0.0
0.0
0.0
0.0
0.0
0.0
0.0
0.0
0.0
0.0
0.0
0.0
0.0
0.0
0.0
0.0
0.0
0.0
0.0
0.0
0.0
0.0
0.0
0.0
0.0
0.0
0.0
0.0
0.0
0.0
0.0
0.0
0.0
0.0
0.0
0.0
0.0
0.0
0.0
0.0
0.0
0.0
0.0
0.0
0.0
0.0
0.0
0.0
0.0
0.0
0.0
0.0
0.0
0.0
0.0
0.0
0.0
0.0
0.0
0.0
0.0
0.0
0.0
0.0
0.0
0.0
0.0
0.0
0.0
0.0
0.0
0.0
0.0
0.0
0.0
0.0
0.0
0.0
0.0
0.0
0.0
0.0
0.0
0.0
0.0
0.0
0.0
0.0
0.0
0.0
0.0
0.0
0.0
0.0
0.0
0.0
0.0
0.0
0.0
0.0
0.0
0.0
0.0
0.0
0.0
0.0
0.0
0.0
0.0
0.0
0.0
0.0
0.0
0.0
0.0
0.0
0.0
0.0
0.0
0.0
0.0
0.0
0.0
0.0
0.0
0.0
0.0
0.0
0.0
0.0
0.0
0.0
0.0
0.0
0.0
0.0
0.0
1.25
0.25
0.0
0.0
0.0
0.0
0.0
0.0
0.0
0.0
0.0
0.0
0.0
0.0
0.0
0.0
0.0
0.0
0.0
0.0
0.0
0.0
0.0
0.0
0.0
0.0
0.0
0.0
0.0
0.0
0.0
0.0
0.0
0.0
0.0
0.0
0.0
0.0
0.0
0.0
0.0
0.0
0.0
0.0
0.0
0.0
0.0
0.0
0.0
0.0
0.0
0.0
0.0
0.0
0.0
0.0
0.0
0.0
0.0
0.0
0.0
0.0
0.0
0.0
0.0
0.0
0.0
0.0
0.0
0.0
0.0
0.0
0.0
0.0
0.0
0.0
0.0
0.0
0.0
0.0
0.0
0.0
0.0
0.0
0.0
0.0
0.0
0.0
0.0
0.0
0.0
0.0
0.0
0.0
0.0
0.0
0.0
0.0
0.0
0.0
0.0
0.0
0.0
0.0
0.0
0.0
0.0
0.0
0.0
0.0
0.0
0.0
0.0
0.0
0.0
0.0
0.0
0.0
0.0
0.0
0.0
0.0
0.0
0.0
0.0
0.0
0.0
0.0
0.0
0.0
0.0
0.0
0.0
0.0
0.0
0.0
0.0
0.0
0.0
0.0
0.0
0.0
0.0
0.0
0.0
0.0
0.0
0.0
0.0
0.0
0.0
0.0
0.0
0.0
0.0
0.0
0.0
0.0
0.0
0.0
0.0
0.0
0.0
0.0
0.0
0.0
0.0
0.0
0.0
0.0
0.0
0.0
0.0
0.0
0.0
0.0
0.0
0.0
0.0
0.0
0.0
0.0
0.0
0.0
0.0
0.0
0.0
0.0
0.0
0.0
0.0
0.0
0.0
0.0
0.0
0.0
0.0
0.0
0.0
0.0
0.0
0.0
0.0
0.0
0.0
0.0
0.0
0.0
0.0
0.0
0.0
0.0
0.0
0.0
0.0
0.0
0.0
0.0
0.0
0.0
0.0
0.0
0.0
0.0
0.0
0.0
0.0
0.0
0.0
0.0
0.0
0.0
0.0
0.0
0.0
0.0
0.0
0.0
0.0
0.0
0.0
0.0
0.0
0.0
0.0
0.0
0.0
0.0
0.0
0.0
0.0
0.0
0.0
0.0
0.0
0.0
0.0
0.0
0.0
0.0
0.0
0.0
0.0
0.0
0.0
0.0
0.0
0.0
0.0
0.0
0.0
0.0
0.0
0.0
0.0
0.0
0.0
0.0
0.0
0.0
0.0
0.0
0.0
0.0
0.0
0.0
0.0
0.0
0.0
0.0
0.0
0.0
0.0
0.0
0.0
0.0
0.0
0.0
0.0
0.0
0.0
0.0
0.0
0.0
0.0
0.0
0.0
0.0
0.0
0.0
0.0
0.0
0.0
0.0
0.0
0.0
0.0
0.0
0.0
0.0
0.0
0.0
0.0
0.0
0.0
0.0
0.0
0.0
0.0
0.0
0.0
0.0
0.0
0.0
0.0
0.0
0.0
0.0
0.0
0.0
0.0
0.0
0.0
0.0
0.0
0.0
0.0
0.0
0.0
0.0
0.0
0.0
0.0
0.0
0.0
0.0
0.0
0.0
0.0
0.0
0.0
0.0
0.0
0.0
0.0
0.0
0.0
0.0
0.0
0.0
0.0
0.0
0.0
0.0
0.0
0.0
0.0
0.0
0.0
0.0
0.0
0.0
0.0
0.0
0.0
0.0
0.0
0.0
0.0
0.0
0.0
0.0
0.0
0.0
0.0
0.0
0.0
0.0
0.0
0.0
0.0
0.0
0.0
0.0
0.0
0.0
0.0
0.0
0.0
0.0
0.0
0.0
0.0
0.0
0.0
0.0
0.0
0.0
0.0
0.0
0.0
0.0
0.0
0.0
0.0
0.0
0.0
0.0
0.0
0.0
0.0
0.0
0.0
0.0
0.0
0.0
0.0
0.25
1.75
1.5
0.25
0.0
0.0
0.0
0.0
0.0
0.0
0.0
0.0
0.0
0.0
0.0
0.0
0.0
0.0
0.0
0.0
0.0
0.0
0.0
0.0
0.0
0.0
0.0
0.0
0.0
0.0
0.0
0.0
0.0
0.0
0.0
0.0
0.0
0.0
0.0
0.0
0.0
0.0
0.0
0.0
0.0
0.0
0.0
0.0
0.0
0.0
0.0
0.0
0.0
0.0
0.0
0.0
0.0
0.0
0.0
0.0
0.0
0.0
0.0
0.0
0.0
0.0
0.0
0.0
0.0
0.0
0.0
0.0
0.0
0.0
0.0
0.0
0.0
0.0
0.0
0.0
0.0
0.0
0.0
0.0
0.0
0.0
0.0
0.0
0.0
0.0
0.0
0.0
0.0
0.0
0.0
0.0
0.0
0.0
0.0
0.0
0.0
0.0
0.0
0.0
0.0
0.0
0.0
0.0
0.0
0.0
0.0
0.0
0.0
0.0
0.0
0.0
0.0
0.0
0.0
0.0
0.0
0.0
0.0
0.0
0.0
0.0
0.0
0.0
0.0
0.0
0.0
0.0
0.0
0.0
0.0
0.0
0.0
0.0
0.0
0.0
0.0
0.0
0.0
0.0
0.0
0.0
0.0
0.0
0.0
0.0
0.0
0.0
0.0
0.0
0.0
0.0
0.0
0.0
0.0
0.0
0.0
0.0
0.0
0.0
0.0
0.0
0.0
0.0
0.0
0.0
0.0
0.0
0.0
0.0
0.0
0.0
0.0
0.0
0.0
0.0
0.0
0.0
0.0
0.0
0.0
0.0
0.0
0.0
0.0
0.0
0.0
0.0
0.0
0.0
0.0
0.0
0.0
0.0
0.0
0.0
0.0
0.0
0.0
0.0
0.0
0.0
0.0
0.0
0.0
0.0
0.0
0.0
0.0
0.0
0.0
0.0
0.0
0.0
0.0
0.0
0.0
0.0
0.0
0.0
0.0
0.0
0.0
0.0
0.0
0.0
0.0
0.0
0.0
0.0
0.0
0.0
0.0
0.0
0.0
0.0
0.0
0.0
0.0
0.0
0.0
0.0
0.0
0.0
0.0
0.0
0.0
0.0
0.0
0.0
0.0
0.0
0.0
0.0
0.0
0.0
0.0
0.0
0.0
0.0
0.0
0.0
0.0
0.0
0.0
0.0
0.0
0.0
0.0
0.0
0.0
0.0
0.0
0.0
0.0
0.0
0.0
0.0
0.0
0.0
0.0
0.0
0.25
0.0
0.0
0.0
0.0
0.0
0.0
0.0
0.0
0.0
0.0
0.0
0.0
0.0
0.0
0.0
0.0
0.0
0.0
0.0
0.0
0.0
0.0
0.0
0.0
0.0
0.0
0.0
0.0
0.0
0.0
0.0
0.0
0.0
0.0
0.0
0.0
0.0
0.0
0.0
0.0
0.0
0.0
0.0
0.0
0.0
0.0
0.0
0.0
0.0
0.0
0.0
0.0
0.0
0.0
0.0
0.0
0.0
0.0
0.0
0.0
0.0
0.0
0.0
0.0
0.0
0.0
0.0
0.0
0.0
0.0
0.0
0.0
0.0
0.0
0.0
0.0
0.0
0.0
0.0
0.0
0.0
0.0
0.0
0.0
0.0
0.0
0.0
0.0
0.0
0.0
0.0
0.0
0.0
0.0
0.0
0.0
0.0
0.0
0.0
0.0
0.0
0.0
0.0
0.0
0.0
0.0
0.0
0.0
0.0
0.0
0.0
0.0
0.0
0.0
0.0
0.0
0.0
0.0
0.0
0.0
0.0
0.0
0.0
0.0
0.0
0.0
0.0
0.0
0.0
0.0
0.0
0.0
0.0
0.0
0.0
0.0
0.0
0.0
0.0
0.0
0.0
0.0
0.0
0.0
0.0
0.0
0.0
0.0
0.0
0.0
0.0
0.0
0.0
0.0
0.0
0.0
0.0
0.0
0.0
0.0
0.0
0.0
0.0
0.0
0.0
0.0
0.0
0.0
0.0
0.0
0.0
0.0
0.0
0.0
0.0
0.0
0.0
0.0
0.0
0.0
0.0
0.0
0.0
0.0
0.0
0.0
0.0
0.0
0.0
0.0
0.0
0.0
0.0
0.0
0.0
0.0
0.0
0.0
0.0
0.0
0.0
0.0
0.0
0.0
0.0
0.0
0.0
0.0
0.0
0.0
0.0
0.0
0.0
0.0
0.0
0.0
0.0
0.0
0.0
0.0
0.0
0.0
0.0
0.0
0.0
0.0
0.0
0.0
0.0
0.0
0.0
0.0
0.0
0.0
0.0
0.0
0.0
0.0
0.0
0.0
0.0
0.0
0.0
0.0
0.0
0.0
0.0
0.0
0.0
0.0
0.0
0.0
0.0
0.0
0.0
0.0
0.0
0.0
0.0
0.0
0.0
0.0
0.0
0.0
0.0
0.0
0.0
0.0
0.0
0.0
0.0
0.0
0.0
0.0
0.0
0.0
0.0
0.0
0.0
0.0
0.0
0.0
0.0
0.0
0.0
0.0
0.0
0.0
0.0
0.0
0.0
0.0
0.0
0.0
0.0
0.0
0.0
0.0
0.0
0.0
0.0
0.0
0.0
0.0
0.0
0.0
0.0
0.0
0.0
0.0
0.0
0.0
0.0
0.0
0.0
0.0
0.0
0.0
0.0
0.0
0.0
0.0
0.0
0.0
0.0
0.0
0.0
0.0
0.0
0.0
0.0
0.0
0.0
0.0
0.0
0.0
0.0
0.0
0.0
0.0
0.0
0.0
0.0
0.0
0.0
0.0
0.0
0.0
0.0
0.0
0.0
0.0
0.0
0.0
0.0
0.0
0.0
0.0
0.0
0.0
0.0
0.0
0.0
0.0
0.0
0.0
0.0
0.0
0.0
0.0
0.0
0.0
0.0
0.0
0.0
0.0
0.0
0.0
0.0
0.0
0.0
0.0
0.0
0.0
0.0
0.0
0.0
0.0
0.0
0.0
0.0
0.0
0.0
0.0
0.0
0.0
0.0
0.0
0.0
0.0
0.0
0.0
0.0
0.0
0.0
0.0
0.0
0.0
0.0
0.0
0.0
0.0
0.0
0.0
0.0
0.0
0.0
0.0
0.0
0.0
0.0
0.0
0.0
0.0
0.0
0.0
0.0
0.0
0.0
0.0
0.0
0.0
0.0
0.0
0.0
0.0
0.0
0.0
0.0
0.0
0.0
0.0
0.0
0.0
0.0
0.0
0.0
0.0
0.0
0.0
0.0
0.0
0.0
0.0
0.0
0.0
0.0
0.0
0.0
0.0
0.0
0.0
0.0
0.0
0.0
0.0
0.0
0.0
0.0
0.0
0.0
0.0
0.0
0.0
0.0
0.0
0.0
0.0
0.0
0.0
0.0
0.0
0.0
0.0
0.0
0.0
0.0
0.0
0.0
0.0
0.0
0.0
0.0
0.0
0.0
0.0
0.0
0.0
0.0
0.0
0.0
0.0
0.0
0.0
0.0
0.0
0.0
0.0
0.0
0.0
0.0
0.0
0.0
0.0
0.0
0.0
0.0
0.0
0.0
0.0
0.0
0.0
0.0
0.0
0.0
0.0
0.0
0.0
0.0
0.0
0.0
0.0
0.0
0.0
0.0
0.0
0.0
0.0
0.0
0.0
0.0
0.0
0.0
0.0
0.0
0.0
0.0
0.0
0.0
0.0
0.0
0.0
0.0
0.0
0.0
0.0
0.0
0.0
0.0
0.0
0.0
0.0
0.0
0.0
0.0
0.0
0.0
0.0
0.0
0.0
0.0
0.0
0.0
0.0
0.0
0.0
0.0
0.0
0.0
0.0
0.0
0.0
0.0
0.0
0.0
0.0
0.0
0.0
0.0
0.0
0.0
0.0
0.0
0.0
0.0
0.0
0.0
0.0
0.0
0.0
0.0
0.0
0.0
0.0
0.0
0.0
0.0
0.0
0.0
0.0
0.0
0.0
0.0
0.0
0.0
0.0
0.0
0.0
0.0
0.0
0.0
0.0
0.0
0.0
0.0
0.0
0.0
0.0
0.0
0.0
0.0
0.0
0.0
0.0
0.0
0.0
0.0
0.0
0.0
0.0
0.0
0.0
0.0
0.0
0.0
0.0
0.0
0.0
0.0
0.0
0.0
0.0
0.0
0.0
0.0
0.0
0.0
0.0
0.0
0.0
0.0
0.0
0.0
0.0
0.0
0.0
0.0
0.0
0.0
0.0
0.0
0.0
0.0
0.0
0.0
0.0
0.0
0.0
0.0
0.0
0.0
0.0
0.0
0.0
0.0
0.0
0.0
0.0
0.0
0.0
0.0
0.0
0.0
0.0
0.0
0.0
0.0
0.0
0.0
0.0
0.0
0.0
0.0
0.0
0.0
0.0
0.0
0.0
0.0
0.0
0.0
0.0
0.0
0.0
0.0
0.0
0.0
0.0
0.0
0.0
0.0
0.0
0.0
0.0
0.0
0.0
0.0
0.0
0.0
0.0
0.0
0.0
0.0
0.0
0.0
0.0
0.0
0.0
0.0
0.0
0.0
0.0
0.0
0.0
0.0
0.0
0.0
0.0
0.0
0.0
0.0
0.0
0.0
0.0
0.0
0.0
0.0
0.0
0.25
1.75
0.0
0.0
0.0
0.0
0.0
0.0
0.0
0.0
0.0
0.0
0.0
0.0
0.0
0.0
0.0
0.0
0.0
0.0
0.0
0.0
0.0
0.0
0.0
0.0
0.0
0.0
0.0
0.0
0.0
0.0
0.0
0.0
0.0
0.0
0.0
0.0
0.0
0.0
0.0
0.0
0.0
0.0
0.0
0.0
0.0
0.0
0.0
0.0
0.0
0.0
0.0
0.0
0.0
0.0
0.0
0.0
0.0
0.0
0.0
0.0
0.0
0.0
0.0
0.0
0.0
0.0
0.0
0.0
0.0
0.0
0.0
0.0
0.0
0.0
0.0
0.0
0.0
0.0
0.0
0.0
0.0
0.0
0.0
0.0
0.0
0.0
0.0
0.0
0.0
0.0
0.0
0.0
0.0
0.0
0.0
0.0
0.0
0.0
0.0
0.0
0.0
0.0
0.0
0.0
0.0
0.0
0.0
0.0
0.0
0.0
0.0
0.0
0.0
0.0
0.0
0.0
0.25
0.0
0.0
0.0
0.0
0.0
0.0
0.0
0.0
0.0
0.0
0.0
0.0
0.0
0.0
0.0
0.0
0.0
0.0
0.0
0.0
0.0
0.0
0.0
0.0
0.0
0.0
0.0
0.0
0.0
0.0
0.0
0.0
0.0
0.0
0.0
0.0
0.0
0.0
0.0
0.0
0.0
0.0
0.0
0.0
0.0
0.0
0.0
0.0
0.0
0.0
0.0
0.0
0.0
0.0
0.0
0.0
0.0
0.0
0.0
0.0
0.0
0.0
0.0
0.0
0.0
0.0
0.0
0.0
0.0
0.0
0.0
0.0
0.0
0.0
0.0
0.0
0.0
0.0
0.0
0.0
0.0
0.0
0.0
0.0
0.0
0.0
0.0
0.0
0.0
0.0
0.0
0.0
0.0
0.0
0.0
0.0
0.0
0.0
0.0
0.0
0.0
0.0
0.0
0.0
0.0
0.0
0.0
0.0
0.0
0.0
0.0
0.0
0.0
0.0
0.0
0.0
0.0
0.0
0.0
0.0
0.0
0.0
0.0
0.0
0.0
0.0
0.0
0.0
0.0
0.0
0.0
0.0
0.0
0.0
0.0
0.0
0.0
0.0
0.0
0.0
0.0
0.0
0.0
0.0
0.0
0.0
0.0
0.0
0.0
0.0
0.0
0.0
0.0
0.0
0.0
0.0
0.0
0.0
0.0
0.0
0.0
0.0
0.0
0.0
0.0
0.0
0.0
0.0
0.0
0.0
0.0
0.0
0.0
0.0
0.0
0.0
0.0
0.0
0.0
0.0
0.0
0.0
0.0
0.0
0.0
0.0
0.0
0.0
0.0
0.0
0.0
0.0
0.0
0.0
0.0
0.0
0.0
0.0
0.0
0.0
0.0
0.0
0.0
2.0
2.5
0.25
0.0
0.0
0.0
0.0
0.0
0.0
0.0
0.0
0.0
0.0
0.0
0.0
0.0
0.0
0.0
0.0
0.0
0.5
0.0
0.0
0.0
0.0
0.0
0.0
0.0
0.0
0.0
0.0
0.0
0.0
0.0
0.0
0.0
0.0
0.0
0.0
0.0
0.0
0.0
0.0
0.0
0.0
0.0
0.0
0.0
0.0
0.0
0.0
0.0
0.0
0.0
0.0
0.0
0.0
0.0

Average_Alpha:
0.24999999700000003
0.24999998200000006
0.24999997800000026
0.24999997500000026
0.24999996600000046
0.24999997000000046
0.24999997400000065
0.2499999780000007
0.2499999820000009
0.2499999860000009
0.2499999900000011
0.24999999400000109
0.24999999800000125
0.2500000020000013
0.2500000060000015
0.2500000100000015
0.2500000140000017
0.2500000180000017
0.25000002200000193
0.25000002600000193
0.2500000300000021
0.25000003400000215
0.2500000380000023
0.25000004200000236
0.25000004600000253
0.2500000500000025
0.25000005400000275
0.2500000580000028
0.25000006200000296
0.25000006600000296
0.2500000700000032
0.2500000740000032
0.25000007800000335
0.2500000820000034
0.2500000860000036
0.25000009000000356
0.2500000940000038
0.2500000980000038
0.250000102000004
0.250000106000004
0.25000011000000416
0.2500001140000042
0.2500001180000044
0.25000012200000443
0.2500001260000046
0.2500001300000046
0.2500001340000048
0.2500001380000048
0.250000142000005
0.2500001460000051
0.2500001500000052
0.25000015400000525
0.2500001580000054
0.25000016200000547
0.25000016600000563
0.25000017000000563
0.2500001740000058
0.25000017800000585
0.25000018200000607
0.25000018600000606
0.2500001900000063
0.2500001940000063
0.2500001980000065
0.2500002020000065
0.25000020600000666
0.25000021000000666
0.2500002140000069
0.2500002180000069
0.25000022200000704
0.2500002260000071
0.25000023000000726
0.2500002340000073
0.2500002380000075
0.25000024200000753
0.2500002460000077
0.25000025000000775
0.2500002540000079
0.25000025800000797
0.2500002620000081
0.25000026600000813
0.2500002700000083
0.25000027400000835
0.2500002780000085
0.25000028200000857
0.25000028600000873
0.2500002900000088
0.25000029400000895
0.25000029800000895
0.2500003020000091
0.25000030600000916
0.25000031000000933
0.2500003140000094
0.25000031800000955
0.2500003220000096
0.25000032600000976
0.2500003300000098
0.25000033400001
0.25000033800001
0.25000034200001015
0.2500003460000102
0.25000035000001036
0.2500003540000104
0.2500003580000106
0.25000036200001063
0.25000036600001085
0.25000037000001085
0.25000037400001107
0.250000378000011
0.2500003820000112
0.25000038600001123
0.2500003900000114
0.2500003940000115
0.2500003980000116
0.25000040200001167
0.2500004050000118
0.25000040400001183
0.25000040300001203
0.250000407000012
0.25000041100001225
0.25000041500001224
0.25000041900001246
0.25000042300001246
0.2500004270000126
0.2500004310000127
0.25000043500001284
0.2500004390000129
0.25000044300001306
0.25000044700001306
0.2500004510000132
0.2500004550000133
0.2500004590000135
0.2500004630000135
0.25000046700001366
0.2500004710000137
0.2500004750000139
0.25000047900001393
0.2500004830000141
0.2500004870000141
0.25000049100001426
0.2500004950000143
0.2500004990000145
0.25000050300001453
0.2500005070000147
0.2500005110000147
0.2500005150000149
0.25000051900001496
0.25000052300001513
0.2500005270000151
0.2500005310000153
0.25000053500001534
0.2500005390000155
0.25000054300001556
0.2500005470000157
0.2500005510000157
0.25000055500001594
0.25000055900001594
0.25000056300001616
0.25000056700001616
0.2500005710000163
0.2500005750000163
0.25000057900001654
0.25000058300001654
0.25000058700001676
0.25000059100001676
0.250000595000017
0.250000599000017
0.25000060300001714
0.2500006070000172
0.25000061100001736
0.25000061500001736
0.2500006190000176
0.2500006230000176
0.2500006270000178
0.2500006310000178
0.25000063500001796
0.250000639000018
0.2500006430000182
0.25000064700001823
0.2500006510000184
0.2500006550000184
0.25000065900001855
0.2500006630000186
0.2500006670000188
0.2500006710000188
0.250000675000019
0.250000679000019
0.2500006830000192
0.25000068700001926
0.2500006910000194
0.2500006950000194
0.2500006990000196
0.25000070300001964
0.2500007070000198
0.25000071100001986
0.25000071500002
0.25000071900002
0.25000072300002024
0.25000072700002024
0.25000073100002046
0.2500007350000204
0.2500007390000206
0.2500007430000206
0.25000074700002084
0.2500007510000209
0.25000075500002106
0.25000075900002106
0.2500007630000212
0.2500007670000213
0.25000077100002144
0.25000077500002144
0.25000077900002166
0.25000078300002165
0.2500007870000219
0.25000079100002187
0.2500007950000221
0.2500007990000221
0.25000080300002225
0.2500008070000223
0.25000081100002247
0.2500008150000225
0.25000081900002263
0.2500008230000227
0.25000082700002285
0.2500008310000229
0.25000083500002307
0.25000083900002307
0.2500008430000233
0.2500008470000233
0.2500008510000235
0.2500008550000235
0.25000085900002367
0.2500008630000237
0.2500008670000239
0.25000087100002394
0.2500008750000241
0.25000087900002416
0.25000088300002427
0.2500008870000244
0.2500008910000245
0.25000089500002454
0.2500008990000247
0.25000090300002475
0.2500009070000249
0.2500009110000249
0.25000091500002514
0.25000091900002513
0.25000092300002535
0.25000092700002535
0.2500009310000256
0.25000093500002557
0.25000093900002573
0.25000094300002573
0.25000094700002595
0.250000951000026
0.25000095500002617
0.2500009590000262
0.2500009630000264
0.25000096700002644
0.2500009710000266
0.25000097500002666
0.2500009790000269
0.2500009830000268
0.25000098700002704
0.2500009910000271
0.25000099500002726
0.2500009990000273
0.2500010030000275
0.25000100700002753
0.2500010110000277
0.25000101500002775
0.2500010190000279
0.25000102300002797
0.2500010270000282
0.2500010310000282
0.25000103500002835
0.2500010390000284
0.25000104300002857
0.25000104700002856
0.2500010510000288
0.25000105500002884
0.250001059000029
0.25000106300002906
0.2500010670000292
0.2500010710000292
0.25000107500002944
0.2500010790000295
0.25000108300002966
0.2500010870000297
0.2500010910000299
0.25000109500002987
0.2500010990000301
0.25000110300003014
0.25000110700003036
0.2500011110000303
0.2500011150000305
0.2500011190000305
0.25000112300003074
0.25000112700003074
0.25000113100003096
0.250001135000031
0.2500011390000312
0.25000114300003123
0.2500011470000314
0.25000115100003145
0.25000115500003167
0.2500011590000316
0.25000116300003183
0.2500011670000319
0.25000117100003205
0.25000117500003205
0.25000117900003227
0.2500011830000323
0.2500011870000325
0.25000119100003254
0.2500011950000327
0.2500011990000327
0.2500012030000329
0.250001207000033
0.25000121100003314
0.2500012150000332
0.25000121900003336
0.25000122300003336
0.2500012270000336
0.25000123100003363
0.25000123500003385
0.2500012390000338
0.250001243000034
0.250001247000034
0.25000125100003423
0.25000125500003423
0.25000125900003445
0.25000126300003445
0.25000126700003467
0.2500012710000347
0.2500012750000349
0.25000127900003494
0.2500012830000351
0.2500012870000351
0.25000129100003526
0.2500012950000353
0.25000129900003554
0.25000130300003554
0.25000130700003576
0.2500013110000358
0.250001315000036
0.250001319000036
0.2500013230000362
0.2500013270000362
0.2500013310000364
0.2500013350000364
0.2500013390000366
0.2500013430000367
0.25000134700003684
0.25000135100003684
0.25000135500003706
0.25000135900003706
0.2500013630000373
0.2500013670000373
0.25000137100003744
0.2500013750000375
0.2500013790000377
0.2500013830000377
0.25000138700003793
0.25000139100003793
0.25000139500003815
0.25000139900003815
0.25000140300003837
0.2500014070000384
0.2500014110000386
0.2500014150000386
0.25000141900003875
0.2500014230000388
0.250001427000039
0.250001431000039
0.25000143500003924
0.2500014390000393
0.25000144300003946
0.2500014470000395
0.2500014510000397
0.2500014550000397
0.2500014590000399
0.2500014630000399
0.2500014670000401
0.25000147100004017
0.25000147500004033
0.2500014790000403
0.2500014830000405
0.25000148700004055
0.25000149100004077
0.25000149500004076
0.2500014990000409
0.250001503000041
0.2500015070000412
0.2500015110000412
0.2500015150000414
0.2500015190000414
0.25000152300004164
0.25000152700004163
0.25000153100004185
0.2500015350000419
0.250001539000042
0.25000154300004207
0.25000154700004223
0.2500015510000423
0.2500015550000425
0.2500015590000425
0.25000156300004267
0.2500015670000427
0.25000157100004294
0.25000157500004294
0.25000157900004316
0.25000158300004316
0.2500015870000434
0.2500015910000434
0.25000159500004354
0.2500015990000436
0.2500016030000438
0.2500016070000438
0.250001611000044
0.25000161500004403
0.25000161900004425
0.25000162300004425
0.2500016270000444
0.25000163100004447
0.2500016350000447
0.2500016390000447
0.2500016430000449
0.2500016470000449
0.2500016510000451
0.2500016550000451
0.25000165900004534
0.25000166300004534
0.2500016670000455
0.25000167100004556
0.2500016750000457
0.2500016790000458
0.250001683000046
0.250001687000046
0.25000169100004616
0.2500016950000462
0.25000169900004643
0.2500017030000464
0.25000170700004665
0.25000171100004664
0.25000171500004686
0.25000171900004686
0.250001723000047
0.2500017270000471
0.2500017310000473
0.2500017350000473
0.25000173900004746
0.2500017430000475
0.25000174700004774
0.25000175100004773
0.2500017550000479
0.25000175900004795
0.25000176300004817
0.25000176700004817
0.25000177100004833
0.2500017750000484
0.2500017790000486
0.2500017830000486
0.25000178700004877
0.2500017910000488
0.250001795000049
0.25000179900004904
0.2500018030000492
0.25000180700004926
0.2500018110000495
0.2500018150000495
0.25000181900004964
0.2500018230000497
0.2500018270000499
0.2500018310000499
0.25000183500005013
0.25000183900005013
0.2500018430000503
0.25000184700005035
0.2500018510000505
0.25000185500005057
0.25000185900005073
0.2500018630000508
0.25000186700005095
0.250001871000051
0.2500018750000512
0.25000187900005116
0.2500018830000514
0.25000188700005144
0.2500018910000516
0.25000189500005165
0.2500018990000518
0.2500019030000519
0.2500019070000521
0.2500019110000521
0.25000191500005225
0.2500019190000523
0.2500019230000525
0.2500019270000525
0.2500019310000527
0.25000193500005274
0.25000193900005296
0.2500019430000529
0.2500019470000531
0.2500019510000532
0.25000195500005334
0.2500019590000534
0.25000196300005356
0.25000196700005356
0.2500019710000538
0.25000197500005383
0.250001979000054
0.25000198300005405
0.2500019870000542
0.25000199100005427
0.25000199500005443
0.2500019990000545
0.2500020030000547
0.25000200700005465
0.25000201100005487
0.2500020150000549
0.2500020190000551
0.25000202300005514
0.2500020270000553
0.25000203100005536
0.2500020350000556
0.2500020390000556
0.25000204300005574
0.2500020470000558
0.25000205100005596
0.250002055000056
0.2500020590000562
0.25000206300005623
0.25000206700005645
0.2500020710000564
0.2500020750000566
0.25000207900005667
0.25000208300005683
0.2500020870000569
0.25000209100005705
0.25000209500005705
0.25000209900005727
0.2500021030000573
0.2500021070000575
0.25000211100005754
0.2500021150000577
0.25000211900005775
0.2500021230000579
0.25000212700005797
0.2500021310000582
0.25000213500005813
0.25000213900005835
0.2500021430000584
0.25000214700005857
0.2500021510000586
0.2500021550000588
0.25000215900005884
0.25000216300005906
0.25000216700005906
0.2500021710000592
0.2500021750000593
0.25000217900005944
0.2500021830000595
0.25000218700005966
0.2500021910000597
0.25000219500005993
0.2500021990000599
0.2500022030000601
0.25000220700006015
0.2500022110000603
0.25000221500006037
0.25000221900006053
0.25000222300006053
0.25000222700006075
0.2500022310000608
0.25000223500006097
0.250002239000061
0.2500022430000612
0.25000224700006124
0.2500022510000614
0.25000225500006146
0.2500022590000617
0.2500022630000616
0.25000226700006184
0.2500022710000619
0.25000227500006206
0.2500022790000621
0.2500022830000623
0.25000228700006233
0.25000229100006255
0.25000229500006255
0.2500022990000627
0.25000230300006276
0.25000230700006293
0.250002311000063
0.25000231500006315
0.2500023190000632
0.2500023230000634
0.25000232700006336
0.2500023310000636
0.25000233500006364
0.2500023390000638
0.25000234300006385
0.250002347000064
0.250002351000064
0.25000235500006424
0.2500023590000643
0.25000236300006445
0.2500023670000645
0.25000237100006467
0.2500023750000647
0.2500023790000649
0.25000238300006494
0.25000238700006516
0.2500023910000651
0.2500023950000653
0.2500023990000654
0.25000240300006554
0.2500024070000656
0.25000241100006576
0.2500024150000658
0.25000241900006603
0.25000242300006603
0.2500024270000662
0.25000243100006625
0.2500024350000664
0.25000243900006647
0.25000244300006663
0.2500024470000667
0.2500024510000669
0.25000245500006685
0.25000245900006707
0.2500024630000671
0.2500024670000673
0.25000247100006734
0.2500024750000675
0.2500024790000675
0.2500024830000677
0.2500024870000678
0.2500024860000679
0.250002489000068
0.25000249300006816
0.2500024970000682
0.2500025010000684
0.25000250500006843
0.2500025090000686
0.25000251300006865
0.2500025170000688
0.25000252100006887
0.25000252500006903
0.2500025290000691
0.25000253300006925
0.2500025370000693
0.25000254100006947
0.2500025450000695
0.2500025490000697
0.25000255300006974
0.2500025570000699
0.25000256100006996
0.2500025650000701
0.2500025690000702
0.25000257300007034
0.2500025770000704
0.25000258100007056
0.2500025850000706
0.2500025890000708
0.2500025930000708
0.250002597000071
0.25000260100007105
0.2500026050000712
0.25000260900007126
0.2500026130000714
0.2500026170000715
0.25000262100007165
0.2500026250000717
0.25000262900007186
0.2500026330000719
0.2500026370000721
0.25000264100007213
0.2500026450000723
0.25000264900007235
0.2500026530000725
0.25000265700007257
0.25000266100007273
0.2500026650000728
0.25000266900007295
0.250002673000073
0.25000267700007317
0.2500026810000732
0.2500026850000734
0.25000268900007344
0.2500026930000736
0.25000269700007366
0.2500027010000738
0.2500027050000739
0.25000270900007404
0.2500027130000741
0.25000271700007426
0.2500027210000743
0.2500027250000745
0.25000272900007453
0.2500027330000747
0.25000273700007475
0.2500027410000749
0.25000274500007497
0.25000274900007513
0.2500027530000752
0.25000275700007535
0.2500027610000754
0.25000276500007557
0.2500027690000756
0.2500027730000758
0.25000277700007584
0.250002781000076
0.25000278500007606
0.2500027890000762
0.2500027930000763
0.25000279700007644
0.2500028010000765
0.25000280500007666
0.2500028090000767
0.2500028130000769
0.2500028170000769
0.2500028210000771
0.25000282500007714
0.2500028290000773
0.25000283300007736
0.2500028370000775
0.2500028410000776
0.25000284500007774
0.2500028490000778
0.25000285300007796
0.250002857000078
0.2500028610000782
0.25000286500007823
0.2500028690000784
0.25000287300007845
0.2500028770000786
0.25000288100007867
0.25000288500007883
0.2500028890000789
0.25000289300007905
0.2500028970000791
0.25000290100007927
0.2500029050000793
0.2500029090000795
0.25000291300007954
0.2500029170000797
0.25000292100007976
0.2500029250000799
0.25000292900008
0.25000293300008014
0.2500029370000802
0.25000294100008036
0.2500029450000804
0.2500029490000806
0.25000295300008063
0.2500029570000808
0.25000296100008085
0.250002965000081
0.25000296900008107
0.25000297300008123
0.2500029770000813
0.25000298100008145
0.2500029850000815
0.25000298900008167
0.2500029930000817
0.2500029970000819
0.25000300100008194
0.2500030050000821
0.25000300900008215
0.2500030130000823
0.2500030170000824
0.25000302100008254
0.2500030250000826
0.25000302900008275
0.2500030330000828
0.250003037000083
0.250003041000083
0.2500030450000832
0.25000304900008324
0.2500030530000834
0.25000305700008346
0.2500030610000836
0.2500030650000837
0.25000306900008384
0.2500030730000839
0.25000307700008406
0.2500030810000841
0.2500030850000843
0.25000308900008433
0.2500030930000845
0.25000309700008455
0.2500031010000847
0.25000310500008477
0.25000310900008493
0.250003113000085
0.25000311700008515
0.2500031210000852
0.25000312500008537
0.2500031290000854
0.2500031330000856
0.25000313700008564
0.2500031410000858
0.25000314500008586
0.250003149000086
0.2500031530000861
0.25000315700008624
0.2500031610000863
0.25000316500008646
0.2500031690000865
0.2500031730000867
0.25000317700008673
0.2500031810000869
0.25000318500008695
0.2500031890000871
0.25000319300008716
0.25000319700008733
0.2500032010000874
0.25000320500008755
0.2500032090000876
0.25000321300008777
0.2500032170000878
0.250003221000088
0.25000322500008804
0.2500032290000882
0.25000323300008825
0.2500032370000884
0.25000324100008847
0.25000324500008864
0.2500032490000887
0.25000325300008885
0.2500032570000889
0.25000326100008907
0.2500032650000891
0.2500032690000893
0.25000327300008934
0.2500032770000895
0.25000328100008956
0.2500032850000897
0.2500032890000898
0.25000329300008994
0.25000329700009
0.25000330100009016
0.2500033050000902
0.2500033090000904
0.25000331300009043
0.2500033170000906
0.25000332100009065
0.2500033250000908
0.25000332900009087
0.25000333300009103
0.2500033370000911
0.25000334100009125
0.2500033450000913
0.25000334900009147
0.2500033530000915
0.2500033570000917
0.25000336100009174
0.2500033650000919
0.25000336900009196
0.2500033730000921
0.2500033770000922
0.25000338100009234
0.2500033850000924
0.25000338900009256
0.2500033930000926
0.2500033970000928
0.25000340100009283
0.250003405000093
0.25000340900009305
0.2500034130000932
0.25000341700009326
0.25000342100009343
0.2500034250000935
0.25000342900009365
0.2500034330000937
0.25000343700009386
0.2500034410000939
0.2500034450000941
0.25000344900009414
0.2500034530000943
0.25000345700009435
0.2500034610000945
0.25000346500009457
0.25000346900009474
0.2500034730000948
0.25000347700009495
0.250003481000095
0.25000348500009517
0.2500034890000952
0.2500034930000954
0.25000349700009544
0.2500035010000956
0.25000350500009566
0.2500035090000958
0.2500035130000959
0.25000351700009604
0.2500035210000961
0.25000352500009626
0.2500035290000963
0.2500035330000965
0.25000353700009653
0.2500035410000967
0.25000354500009675
0.2500035490000969
0.25000355300009697
0.25000355700009713
0.2500035610000972
0.25000356500009735
0.2500035690000974
0.25000357300009757
0.2500035770000976
0.2500035810000978
0.25000358500009784
0.250003589000098
0.25000359300009806
0.2500035970000982
0.2500036010000983
0.25000360500009844
0.2500036090000985
0.25000361300009866
0.2500036170000987
0.2500036210000989
0.25000362500009893
0.2500036290000991
0.25000363300009915
0.2500036370000993
0.25000364100009936
0.25000364500009953
0.2500036490000996
0.25000365300009975
0.2500036570000998
0.25000366100009996
0.2500036650001
0.2500036690001002
0.25000367300010023
0.2500036770001004
0.25000368100010045
0.2500036850001006
0.25000368900010067
0.25000369300010084
0.2500036970001009
0.25000370100010105
0.2500037050001011
0.25000370900010127
0.2500037130001013
0.2500037170001015
0.25000372100010154
0.2500037250001017
0.25000372900010176
0.2500037330001019
0.250003737000102
0.25000374100010214
0.2500037450001022
0.25000374900010236
0.2500037530001024
0.2500037570001026
0.25000376100010263
0.2500037650001028
0.25000376900010285
0.250003773000103
0.25000377700010307
0.25000378100010323
0.2500037850001033
0.25000378900010345
0.2500037930001035
0.25000379700010367
0.2500038010001037
0.2500038050001039
0.25000380900010394
0.2500038130001041
0.25000381700010416
0.2500038210001043
0.2500038250001044
0.25000382900010454
0.2500038330001046
0.25000383700010476
0.2500038410001048
0.250003845000105
0.250003849000105
0.2500038530001052
0.25000385700010525
0.2500038610001054
0.25000386500010546
0.2500038690001056
0.2500038730001057
0.25000387700010585
0.2500038810001059
0.25000388500010606
0.2500038890001061
0.2500038930001063
0.25000389700010633
0.2500039010001065
0.25000390500010655
0.2500039090001067
0.25000391300010677
0.25000391700010693
0.250003921000107
0.25000392500010715
0.2500039290001072
0.25000393300010737
0.2500039370001074
0.2500039410001076
0.25000394500010764
0.2500039490001078
0.25000395300010786
0.250003957000108
0.2500039610001081
0.25000396500010824
0.2500039690001083
0.25000397300010846
0.2500039770001085
0.2500039810001087
0.25000398500010873
0.2500039890001089
0.25000399300010895
0.2500039970001091
0.25000400100010917
0.25000400500010933
0.2500040090001094
0.25000401300010955
0.2500040170001096
0.25000402100010977
0.2500040250001098
0.25000402900011
0.25000403300011004
0.2500040370001102
0.25000404100011026
0.2500040450001104
0.2500040490001105
0.25000405300011064
0.2500040570001107
0.25000406100011086
0.2500040650001109
0.2500040690001111
0.2500040730001111
0.2500040770001113
0.25000408100011134
0.2500040850001115
0.25000408900011156
0.2500040930001117
0.2500040970001118
0.25000410100011194
0.250004105000112
0.25000410900011216
0.2500041130001122
0.2500041170001124
0.25000412100011243
0.2500041250001126
0.25000412900011265
0.2500041330001128
0.25000413700011287
0.25000414100011303
0.2500041450001131
0.25000414900011325
0.2500041530001133
0.25000415700011347
0.2500041610001135
0.2500041650001137
0.25000416900011374
0.2500041730001139
0.25000417700011396
0.2500041810001141
0.2500041850001142
0.25000418900011434
0.2500041930001144
0.25000419700011456
0.2500042010001146
0.2500042050001148
0.25000420900011483
0.250004213000115
0.25000421700011505
0.2500042210001152
0.25000422500011527
0.25000422900011543
0.25000423200011546
0.25000422900011565
0.25000422700011565
0.2500042300001159
0.2500042340001159
0.25000423800011606
0.2500042420001161
0.25000424600011634
0.25000425000011633
0.25000425400011655
0.2500042580001165
0.2500042620001167
0.25000426600011677
0.25000427000011693
0.250004274000117
0.2500042780001172
0.2500042820001172
0.2500042860001174
0.2500042900001174
0.25000429400011764
0.25000429800011764
0.2500043020001178
0.25000430600011786
0.250004310000118
0.2500043140001181
0.2500043180001183
0.2500043220001183
0.25000432600011846
0.2500043300001185
0.25000433400011873
0.25000433800011873
0.25000434200011895
0.25000434600011895
0.25000435000011917
0.25000435400011917
0.2500043580001194
0.2500043620001194
0.25000436600011955
0.2500043700001196
0.2500043740001198
0.2500043780001198
0.25000438200012004
0.25000438600012
0.2500043900001202
0.25000439400012026
0.2500043980001204
0.2500044020001205
0.2500044060001207
0.2500044100001207
0.2500044140001209
0.2500044180001209
0.25000442200012113
0.2500044260001211
0.2500044300001213
0.25000443400012134
0.2500044380001215
0.25000444200012156
0.2500044460001218
0.2500044500001218
0.25000445400012195
0.250004458000122
0.2500044620001222
0.2500044660001222
0.25000447000012244
0.25000447400012243
0.25000447800012265
0.25000448200012265
0.25000448600012287
0.25000449000012287
0.25000449400012303
0.2500044980001231
0.2500045020001233
0.2500045060001233
0.2500045100001235
0.25000451400012347
0.2500045180001237
0.25000452200012374
0.2500045260001239
0.25000453000012396
0.2500045340001242
0.2500045380001242
0.2500045420001244
0.2500045460001244
0.2500045500001246
0.2500045540001246
0.2500045580001248
0.25000456200012483
0.250004566000125
0.25000457000012505
0.25000457400012527
0.25000457800012527
0.25000458200012543
0.2500045860001255
0.2500045900001257
0.2500045940001257
0.2500045980001259
0.2500046020001259
0.25000460600012614
0.25000461000012614
0.25000461400012636
0.25000461800012636
0.2500046220001265
0.2500046260001266
0.2500046300001268
0.2500046340001268
0.250004638000127
0.25000464200012695
0.2500046460001272
0.2500046500001272
0.2500046540001274
0.25000465800012744
0.25000466200012766
0.25000466600012766
0.2500046700001279
0.2500046740001279
0.2500046780001281
0.2500046820001281
0.25000468600012826
0.2500046900001283
0.2500046940001285
0.25000469800012853
0.25000470200012875
0.25000470600012875
0.2500047100001289
0.25000471400012897
0.2500047180001292
0.2500047220001292
0.2500047260001294
0.2500047300001294
0.2500047340001296
0.2500047380001296
0.25000474200012984
0.25000474600012984
0.25000475000013
0.25000475400013006
0.2500047580001303
0.2500047620001303
0.2500047660001305
0.25000477000013044
0.25000477400013066
0.2500047780001307
0.2500047820001309
0.25000478600013093
0.25000479000013115
0.25000479400013115
0.25000479800013137
0.25000480200013137
0.2500048060001316
0.2500048100001316
0.25000481400013175
0.2500048180001318
0.25000482200013197
0.250004826000132
0.25000483000013224
0.25000483400013224
0.2500048380001324
0.25000484200013245
0.2500048460001327
0.2500048500001327
0.2500048540001329
0.2500048580001329
0.2500048620001331
0.2500048660001331
0.25000487000013333
0.2500048740001333
0.2500048780001335
0.25000488200013354
0.25000488600013376
0.25000489000013376
0.250004894000134
0.2500048980001339
0.25000490200013414
0.2500049060001342
0.25000491000013436
0.2500049140001344
0.25000491800013463
0.25000492200013463
0.25000492600013485
0.25000493000013485
0.25000493400013507
0.25000493800013507
0.25000494200013523
0.2500049460001353
0.25000495000013545
0.2500049540001355
0.2500049580001357
0.2500049620001357
0.2500049660001359
0.25000497000013594
0.25000497400013616
0.25000497800013616
0.2500049820001364
0.2500049860001364
0.2500049900001366
0.2500049940001366
0.2500049980001368
0.2500050020001368
0.250005006000137
0.25000501000013703
0.25000501400013725
0.25000501800013725
0.25000502200013747
0.2500050260001374
0.25000503000013763
0.2500050340001377
0.25000503800013785
0.2500050420001379
0.2500050460001381
0.2500050500001381
0.25000505400013834
0.25000505800013834
0.25000506200013856
0.25000506600013855
0.2500050700001387
0.25000507400013877
0.25000507800013894
0.250005082000139
0.2500050860001392
0.2500050900001392
0.25000509400013937
0.2500050980001394
0.25000510200013965
0.25000510600013964
0.25000511000013986
0.25000511400013986
0.2500051180001401
0.2500051220001401
0.2500051260001403
0.2500051300001403
0.25000513400014046
0.2500051380001405
0.25000514200014073
0.25000514600014073
0.25000515000014095
0.2500051540001409
0.2500051580001411
0.25000516200014117
0.25000516600014133
0.2500051700001414
0.2500051740001416
0.2500051780001416
0.2500051820001418
0.2500051860001418
0.25000519000014204
0.25000519400014204
0.2500051980001422
0.25000520200014226
0.2500052060001424
0.2500052100001425
0.2500052140001427
0.2500052180001427
0.25000522200014286
0.2500052260001429
0.25000523000014313
0.25000523400014313
0.25000523800014335
0.25000524200014335
0.25000524600014357
0.25000525000014356
0.2500052540001438
0.2500052580001438
0.25000526200014395
0.250005266000144
0.2500052700001442
0.2500052740001442
0.25000527800014444
0.2500052820001444
0.2500052860001446
0.25000529000014465
0.2500052940001448
0.25000529800014487
0.2500053020001451
0.2500053060001451
0.2500053100001453
0.2500053140001453
0.2500053180001455
0.2500053220001455
0.2500053260001457
0.25000533000014574
0.2500053340001459
0.25000533800014596
0.2500053420001462
0.2500053460001462
0.25000535000014634
0.2500053540001464
0.2500053580001466
0.2500053610001466
0.2500053650001468
0.2500053690001468
0.250005373000147
0.250005377000147
0.25000538100014724
0.2500053850001473
0.25000538900014746
0.25000539300014746
0.2500053970001477
0.2500054010001477
0.2500054050001479
0.2500054090001479
0.2500054130001481
0.25000541700014817
0.25000542100014833
0.2500054250001484
0.25000542900014855
0.25000543300014855
0.25000543700014877
0.25000544100014876
0.250005445000149
0.250005449000149
0.2500054530001492
0.2500054570001492
0.2500054610001494
0.2500054650001495
0.25000546900014964
0.25000547300014964
0.25000547700014986
0.25000548100014985
0.2500054850001501
0.25000548900015007
0.2500054930001503
0.2500054970001503
0.2500055010001505
0.2500055050001505
0.2500055090001507
0.2500055130001508
0.25000551700015095
0.25000552100015094
0.25000552500015116
0.25000552900015116
0.2500055330001514
0.2500055370001514
0.2500055410001516
0.25000554500015165
0.2500055490001518
0.25000555300015187
0.25000555700015203
0.25000556100015203
0.25000556500015225
0.25000556900015225
0.25000557300015247
0.25000557700015247
0.2500055810001527
0.2500055850001527
0.2500055890001529
0.25000559300015296
0.2500055970001531
0.2500056010001531
0.25000560500015334
0.25000560900015334
0.25000561300015356
0.25000561700015356
0.2500056210001538
0.2500056250001538
0.250005629000154
0.250005633000154
0.2500056370001542
0.25000564100015427
0.25000564500015443
0.25000564900015443
0.25000565300015465
0.25000565700015465
0.25000566100015487
0.25000566500015486
0.2500056690001551
0.25000567300015514
0.2500056770001553
0.25000568100015536
0.2500056850001555
0.2500056890001555
0.25000569300015574
0.25000569700015574
0.25000570100015596
0.25000570500015595
0.2500057090001562
0.25000571300015617
0.2500057170001564
0.25000572100015644
0.2500057250001566
0.2500057290001566
0.2500057330001568
0.2500057370001568
0.25000574100015704
0.25000574500015704
0.25000574900015726
0.25000575300015726
0.2500057570001575
0.2500057610001575
0.2500057650001577
0.25000576900015775
0.2500057730001579
0.2500057770001579
0.25000578100015813
0.25000578500015813
0.25000578900015835
0.25000579300015835
0.25000579700015857
0.2500058010001586
0.2500058050001588
0.25000580900015884
0.250005813000159
0.250005817000159
0.2500058210001592
0.2500058250001592
0.25000582900015944
0.25000583300015944
0.25000583700015966
0.25000584100015966
0.2500058450001599
0.25000584900015993
0.2500058530001601
0.2500058570001601
0.2500058610001603
0.2500058650001603
0.25000586900016053
0.25000587300016053
0.25000587700016075
0.25000588100016075
0.25000588500016097
0.25000588900016096
0.2500058930001612
0.25000589700016124
0.2500059010001614
0.2500059050001614
0.2500059090001616
0.2500059130001616
0.25000591700016184
0.25000592100016183
0.25000592500016205
0.2500059290001621
0.2500059330001623
0.2500059370001623
0.2500059410001625
0.2500059450001625
0.2500059490001627
0.2500059530001627
0.2500059570001629
0.2500059610001629
0.25000596500016314
0.25000596900016314
0.25000597300016336
0.2500059770001634
0.2500059810001636
0.2500059850001636
0.2500059890001638
0.2500059930001638
0.250005997000164
0.250006001000164
0.25000600500016423
0.25000600900016423
0.25000601300016445
0.25000601700016445
0.25000602100016467
0.2500060250001647
0.2500060290001649
0.2500060330001649
0.2500060370001651
0.2500060410001651
0.2500060450001653
0.2500060490001653
0.25000605300016554
0.2500060570001656
0.25000606100016576
0.2500060650001658
0.250006069000166
0.250006073000166
0.2500060770001662
0.2500060810001662
0.2500060850001664
0.2500060890001664
0.25000609300016663
0.2500060970001666
0.25000610100016685
0.2500061050001669
0.25000610900016706
0.25000611300016706
0.2500061170001673
0.2500061210001673
0.2500061250001675
0.2500061290001675
0.2500061330001677
0.2500061370001677
0.25000614100016794
0.25000614500016793
0.25000614900016815
0.2500061530001682
0.25000615700016837
0.25000616100016837
0.2500061650001686
0.2500061690001686
0.2500061730001688
0.2500061770001688
0.250006181000169
0.2500061850001691
0.25000618900016924
0.2500061930001693
0.25000619700016946
0.25000620100016946
0.2500062050001697
0.2500062090001697
0.2500062130001699
0.2500062170001699
0.2500062210001701
0.2500062250001701
0.25000622900017033
0.2500062330001704
0.25000623700017055
0.25000624100017055
0.25000624500017077
0.25000624900017077
0.250006253000171
0.250006257000171
0.2500062610001712
0.2500062650001712
0.2500062690001714
0.2500062730001714
0.25000627700017164
0.2500062810001717
0.25000628500017186
0.25000628900017186
0.2500062930001721
0.2500062970001721
0.2500063010001723
0.2500063050001723
0.2500063090001725
0.25000631300017256
0.25000631700017273
0.2500063210001728
0.25000632500017295
0.25000632900017294
0.25000633300017316
0.25000633700017316
0.2500063410001734
0.2500063450001734
0.2500063490001736
0.2500063530001736
0.2500063570001738
0.25000636100017387
0.25000636500017404
0.25000636900017403
0.25000637300017425
0.25000637700017425
0.25000638100017447
0.25000638500017447
0.2500063890001747
0.2500063930001747
0.2500063970001749
0.2500064010001749
0.2500064050001751
0.2500064090001752
0.25000641300017534
0.25000641700017534
0.25000642100017556
0.25000642500017556
0.2500064290001758
0.2500064330001758
0.250006437000176
0.25000644100017605
0.2500064450001762
0.25000644900017627
0.25000645300017643
0.25000645700017643
0.25000646100017665
0.25000646500017665
0.25000646900017687
0.25000647300017687
0.2500064770001771
0.2500064810001771
0.2500064850001773
0.25000648900017736
0.2500064930001775
0.2500064970001775
0.25000650100017774
0.25000650500017774
0.25000650900017796
0.25000651300017795
0.2500065170001782
0.2500065210001782
0.2500065250001784
0.2500065290001784
0.2500065330001786
0.25000653700017866
0.25000654100017883
0.2500065450001788
0.25000654900017905
0.25000655300017904
0.25000655700017926
0.25000656100017926
0.2500065650001795
0.25000656900017953
0.2500065730001797
0.25000657700017975
0.2500065810001799
0.2500065850001799
0.25000658900018013
0.25000659300018013
0.25000659700018035
0.25000660100018035
0.25000660500018057
0.25000660900018057
0.2500066130001808
0.25000661700018084
0.250006621000181
0.250006625000181
0.2500066290001812
0.2500066330001812
0.25000663700018144
0.25000664100018144
0.25000664500018166
0.25000664900018166
0.2500066530001819
0.2500066570001819
0.2500066610001821
0.25000666500018215
0.2500066690001823
0.2500066730001823
0.25000667700018253
0.25000668100018253
0.25000668500018275
0.25000668900018275
0.25000669300018297
0.250006697000183
0.2500067010001832
0.25000670500018324
0.2500067090001834
0.2500067130001834
0.2500067170001836
0.2500067210001836
0.25000672500018384
0.25000672900018384
0.25000673300018406
0.25000673700018405
0.2500067410001843
0.2500067450001843
0.2500067490001845
0.2500067530001845
0.2500067570001847
0.2500067610001847
0.2500067650001849
0.2500067690001849
0.25000677300018515
0.25000677700018514
0.25000678100018536
0.25000678500018536
0.2500067890001856
0.25000679300018563
0.2500067970001858
0.2500068010001858
0.250006805000186
0.250006809000186
0.25000681300018623
0.25000681700018623
0.25000682100018645
0.2500068250001865
0.25000682900018667
0.2500068330001867
0.2500068370001869
0.2500068410001869
0.2500068450001871
0.2500068490001871
0.2500068530001873
0.2500068570001873
0.25000686100018754
0.25000686500018754
0.25000686900018776
0.2500068730001878
0.250006877000188
0.250006881000188
0.2500068850001882
0.2500068890001882
0.2500068930001884
0.2500068970001884
0.25000690100018863
0.25000690500018863
0.25000690900018885
0.25000691300018885
0.25000691700018907
0.2500069210001891
0.2500069250001893
0.2500069290001893
0.2500069330001895
0.2500069370001895
0.2500069410001897
0.2500069450001897
0.25000694900018994
0.25000695300019
0.25000695700019016
0.2500069610001902
0.2500069650001904
0.25000696900019037
0.2500069730001906
0.2500069770001906
0.2500069810001908
0.2500069850001908
0.250006989000191
0.250006993000191
0.25000699700019124
0.2500070010001913
0.25000700500019146
0.25000700900019146
0.2500070130001917
0.2500070170001917
0.2500070210001919
0.2500070250001919
0.2500070290001921
0.2500070330001921
0.25000703700019233
0.25000704100019233
0.25000704500019255
0.2500070490001926
0.25000705300019277
0.25000705700019277
0.250007061000193
0.250007065000193
0.2500070690001932
0.2500070730001932
0.2500070770001934
0.2500070810001935
0.25000708500019364
0.2500070890001937
0.25000709300019386
0.25000709700019386
0.2500071010001941
0.2500071050001941
0.2500071090001943
0.2500071130001943
0.2500071170001945
0.2500071210001945
0.25000712500019473
0.2500071290001948
0.25000713300019495
0.25000713700019495
0.25000714100019517
0.25000714500019516
0.2500071490001954
0.2500071530001954
0.2500071570001956
0.2500071610001956
0.2500071650001958
0.2500071690001958
0.25000717300019604
0.2500071770001961
0.25000718100019625
0.25000718500019625
0.2500071890001965
0.25000719300019647
0.2500071970001967
0.2500072010001967
0.2500072050001969
0.25000720900019696
0.2500072130001971
0.2500072170001972
0.25000722100019734
0.25000722500019734
0.25000722900019756
0.25000723300019756
0.2500072370001978
0.2500072410001978
0.250007245000198
0.250007249000198
0.2500072530001982
0.25000725700019827
0.25000726100019843
0.25000726500019843
0.25000726900019865
0.25000727300019865
0.25000727700019887
0.25000728100019887
0.2500072850001991
0.2500072890001991
0.2500072930001993
0.2500072970001993
0.2500073010001995
0.2500073050001996
0.25000730900019974
0.25000731300019974
0.25000731700019996
0.25000732100019996
0.2500073250002002
0.2500073290002002
0.2500073330002004
0.25000733700020045
0.2500073410002006
0.25000734500020066
0.25000734900020083
0.2500073530002008
0.25000735700020105
0.25000736100020104
0.25000736500020126
0.25000736900020126
0.2500073730002015
0.2500073770002015
0.2500073810002017
0.25000738500020175
0.2500073890002019
0.2500073930002019
0.25000739700020214
0.25000740100020213
0.25000740500020235
0.25000740900020235
0.25000741300020257
0.25000741700020257
0.2500074210002028
0.2500074250002028
0.250007429000203
0.25000743300020306
0.2500074370002032
0.2500074410002032
0.25000744500020344
0.25000744900020344
0.25000745300020366
0.25000745700020366
0.2500074610002039
0.25000746500020393
0.2500074690002041
0.25000747300020415
0.2500074770002043
0.2500074810002043
0.25000748500020453
0.25000748900020453
0.25000749300020475
0.25000749700020475
0.25000750100020497
0.25000750500020497
0.2500075090002052
0.25000751300020524
0.2500075170002054
0.2500075210002054
0.2500075250002056
0.2500075290002056
0.25000753300020584
0.25000753700020584
0.25000754100020606
0.25000754500020606
0.2500075490002063
0.2500075530002063
0.2500075570002065
0.25000756100020655
0.2500075650002067
0.2500075690002067
0.25000757300020693
0.2500075770002069
0.25000758100020715
0.25000758500020714
0.25000758900020736
0.2500075930002074
0.2500075970002076
0.25000760100020764
0.2500076050002078
0.2500076090002078
0.250007613000208
0.250007617000208
0.25000762100020824
0.25000762500020823
0.25000762900020845
0.25000763300020845
0.25000763700020867
0.2500076410002087
0.2500076450002089
0.2500076490002089
0.2500076530002091
0.2500076570002091
0.2500076610002093
0.2500076650002093
0.25000766900020954
0.25000767300020954
0.25000767700020976
0.25000768100020976
0.25000768500021
0.25000768900021003
0.2500076930002102
0.2500076970002102
0.2500077010002104
0.2500077050002104
0.25000770900021063
0.25000771300021063
0.25000771700021085
0.2500077210002109
0.25000772500021107
0.2500077290002111
0.2500077330002113
0.2500077370002113
0.2500077410002115
0.2500077450002115
0.2500077490002117
0.2500077530002117
0.25000775700021194
0.25000776100021194
0.25000776500021216
0.2500077690002122
0.2500077730002124
0.2500077770002124
0.2500077810002126
0.2500077850002126
0.2500077890002128
0.2500077930002128
0.25000779700021303
0.250007801000213
0.25000780500021325
0.25000780900021324
0.25000781300021346
0.2500078170002135
0.2500078210002137
0.2500078250002137
0.2500078290002139
0.2500078330002139
0.2500078370002141
0.2500078410002141
0.25000784500021433
0.2500078490002144
0.25000785300021455
0.2500078570002146
0.25000786100021477
0.25000786500021477
0.250007869000215
0.250007873000215
0.2500078770002152
0.2500078810002152
0.2500078850002154
0.2500078890002154
0.25000789300021564
0.2500078970002157
0.25000790100021586
0.25000790500021586
0.2500079090002161
0.2500079130002161
0.2500079170002163
0.2500079210002163
0.2500079250002165
0.2500079290002165
0.25000793300021673
0.25000793700021673
0.25000794100021695
0.250007945000217
0.25000794900021717
0.25000795300021716
0.2500079570002174
0.2500079610002174
0.2500079650002176
0.2500079690002176
0.2500079730002178
0.2500079770002179
0.25000798100021804
0.2500079850002181
0.25000798900021826
0.25000799300021825
0.2500079970002185
0.25000800100021847
0.2500080050002187
0.2500080090002187
0.2500080130002189
0.2500080170002189
0.2500080210002191
0.2500080250002192
0.25000802900021935
0.25000803300021934
0.25000803700021956
0.25000804100021956
0.2500080450002198
0.2500080490002198
0.25000805300022
0.25000805700022
0.2500080610002202
0.2500080650002202
0.25000806900022043
0.2500080730002205
0.25000807700022065
0.25000808100022065
0.25000808500022087
0.25000808900022087
0.2500080930002211
0.2500080970002211
0.2500081010002213
0.25000810500022136
0.2500081090002215
0.2500081130002216
0.25000811700022174
0.25000812100022174
0.25000812500022196
0.25000812900022196
0.2500081330002222
0.2500081370002222
0.2500081410002224
0.2500081450002224
0.2500081490002226
0.25000815300022267
0.25000815700022283
0.25000816100022283
0.25000816500022305
0.25000816900022305
0.25000817300022327
0.25000817700022326
0.2500081810002235
0.2500081850002235
0.2500081890002237
0.2500081930002237
0.2500081970002239
0.250008201000224
0.25000820500022414
0.25000820900022414
0.25000821300022436
0.25000821700022435
0.2500082210002246
0.25000822500022457
0.2500082290002248
0.25000823300022484
0.250008237000225
0.25000824100022506
0.2500082450002252
0.2500082490002252
0.25000825300022544
0.25000825700022544
0.25000826100022566
0.25000826500022566
0.2500082690002259
0.2500082730002259
0.2500082770002261
0.25000828100022615
0.2500082850002263
0.2500082890002263
0.25000829300022653
0.25000829700022653
0.25000830100022675
0.25000830500022675
0.25000830900022697
0.25000831300022697
0.2500083170002272
0.2500083210002272
0.2500083250002274
0.25000832900022746
0.2500083330002276
0.2500083370002276
0.25000834100022784
0.25000834500022784
0.25000834900022806
0.25000835300022806
0.2500083570002283
0.25000836100022833
0.2500083650002285
0.25000836900022855
0.2500083730002287
0.2500083770002287
0.25000838100022893
0.2500083850002289
0.25000838900022915
0.25000839300022915
0.2500083960002294
0.25000839300022937
0.2500083970002296
0.2500084010002296
0.2500084050002298
0.2500084090002298
0.25000841300023
0.2500084170002301
0.25000842100023024
0.25000842500023024
0.25000842900023046
0.25000843300023046
0.2500084370002307
0.25000844100023073
0.2500084450002309
0.2500084490002309
0.2500084530002311
0.25000845700023117
0.25000846100023133
0.25000846500023133
0.2500084690002315
0.25000847300023155
0.25000847700023177
0.25000848100023176
0.250008485000232
0.250008489000232
0.2500084930002322
0.25000849700023225
0.2500085010002324
0.2500085050002325
0.2500085090002326
0.25000851300023264
0.25000851700023285
0.25000852100023285
0.2500085250002331
0.25000852900023307
0.2500085330002333
0.2500085370002333
0.2500085410002335
0.25000854500023356
0.2500085490002337
0.2500085530002337
0.25000855700023394
0.25000856100023394
0.25000856500023416
0.2500085690002342
0.2500085730002344
0.2500085770002344
0.2500085810002346
0.25000858500023465
0.2500085890002348
0.2500085930002348
0.250008597000235
0.25000860100023503
0.25000860500023525
0.25000860900023525
0.25000861300023547
0.25000861700023547
0.2500086210002357
0.25000862500023574
0.2500086290002359
0.25000863300023596
0.25000863700023607
0.2500086410002361
0.25000864500023634
0.25000864900023634
0.25000865300023656
0.25000865700023656
0.2500086610002368
0.2500086650002368
0.250008669000237
0.25000867300023705
0.2500086770002372
0.2500086810002372
0.25000868500023743
0.2500086890002374
0.25000869300023765
0.2500086970002377
0.25000870100023787
0.25000870500023786
0.2500087090002381
0.25000871300023814
0.2500087170002383
0.2500087210002383
0.25000872500023846
0.2500087290002385
0.25000873300023874
0.25000873700023873
0.25000874100023895
0.25000874500023895
0.25000874900023917
0.2500087530002392
0.2500087570002394
0.25000876100023944
0.25000876500023955
0.2500087690002396
0.2500087730002398
0.2500087770002398
0.25000878100024004
0.25000878500024004
0.25000878900024026
0.25000879300024026
0.2500087970002405
0.25000880100024053
0.2500088050002407
0.2500088090002407
0.2500088130002409
0.2500088170002409
0.25000882100024113
0.2500088250002412
0.25000882900024135
0.25000883300024135
0.25000883700024157
0.2500088410002416
0.2500088450002418
0.2500088490002418
0.25000885300024195
0.250008857000242
0.25000886000024225
0.25000886400024225
0.25000886800024247
0.25000887200024247
0.25000887600024263
0.2500088800002427
0.25000888400024285
0.2500088880002429
0.25000889200024307
0.2500088960002431
0.25000890000024334
0.25000890400024334
0.25000890800024356
0.25000891200024355
0.2500089160002437
0.2500089200002438
0.25000892400024394
0.250008928000244
0.2500089320002442
0.2500089360002442
0.2500089400002444
0.2500089440002444
0.2500089480002446
0.25000895200024464
0.25000895600024486
0.25000896000024486
0.250008964000245
0.2500089680002451
0.25000897200024524
0.2500089760002453
0.25000898000024546
0.2500089840002455
0.25000898800024574
0.25000899200024573
0.25000899600024595
0.25000900000024595
0.2500090040002461
0.25000900800024617
0.25000901200024633
0.2500090160002464
0.25000902000024655
0.2500090240002466
0.2500090280002468
0.2500090320002468
0.25000903600024704
0.25000904000024704
0.2500090440002472
0.25000904800024726
0.2500090520002474
0.2500090560002475
0.2500090600002477
0.2500090640002477
0.25000906800024786
0.2500090720002479
0.2500090760002481
0.25000908000024813
0.25000908400024835
0.25000908800024835
0.2500090920002485
0.25000909600024857
0.25000910000024873
0.2500091040002488
0.25000910800024895
0.250009112000249
0.2500091160002492
0.2500091200002492
0.25000912400024944
0.25000912800024944
0.2500091320002496
0.25000913600024965
0.2500091400002498
0.25000914400024987
0.25000914800025004
0.2500091520002501
0.2500091560002503
0.2500091600002503
0.25000916400025053
0.2500091680002505
0.2500091720002507
0.25000917600025074
0.2500091800002509
0.25000918400025096
0.2500091880002512
0.2500091920002512
0.25000919600025134
0.2500092000002514
0.25000920400025156
0.2500092080002516
0.25000921200025183
0.25000921600025183
0.250009220000252
0.25000922400025205
0.2500092280002522
0.25000923200025227
0.25000923600025243
0.2500092400002525
0.2500092440002527
0.2500092480002527
0.2500092520002529
0.2500092560002529
0.2500092600002531
0.25000926400025314
0.2500092680002533
0.25000927200025336
0.2500092760002535
0.2500092800002536
0.2500092840002538
0.2500092880002538
0.250009292000254
0.250009296000254
0.2500093000002542
0.25000930400025423
0.2500093080002544
0.25000931200025445
0.25000931600025467
0.25000932000025466
0.25000932400025483
0.2500093280002549
0.25000933200025505
0.2500093360002551
0.2500093400002553
0.2500093440002553
0.2500093480002555
0.25000935200025554
0.2500093560002557
0.25000936000025575
0.2500093640002559
0.25000936800025597
0.2500093720002562
0.2500093760002562
0.2500093800002564
0.2500093840002564
0.25000938800025657
0.2500093920002566
0.2500093960002568
0.25000940000025684
0.250009404000257
0.25000940800025706
0.2500094120002573
0.2500094160002573
0.2500094200002575
0.2500094240002575
0.25000942800025766
0.2500094320002577
0.2500094360002579
0.25000944000025793
0.25000944400025815
0.25000944800025815
0.2500094520002583
0.25000945600025837
0.25000946000025853
0.2500094640002586
0.2500094680002588
0.2500094720002588
0.25000947600025897
0.250009480000259
0.2500094840002592
0.25000948800025924
0.2500094920002594
0.25000949600025946
0.2500095000002597
0.2500095040002597
0.2500095080002599
0.2500095120002599
0.25000951600026006
0.2500095200002601
0.2500095240002603
0.25000952800026033
0.2500095320002605
0.25000953600026055
0.25000954000026077
0.25000954400026076
0.250009548000261
0.250009552000261
0.25000955600026115
0.2500095600002612
0.25000956400026136
0.2500095680002614
0.25000957200026164
0.25000957600026164
0.2500095800002618
0.25000958400026185
0.250009588000262
0.25000959200026207
0.2500095960002623
0.2500096000002623
0.25000960400026245
0.2500096080002625
0.25000961200026267
0.2500096160002627
0.2500096200002629
0.25000962400026294
0.25000962800026316
0.25000963200026316
0.2500096360002634
0.2500096400002634
0.25000964400026354
0.2500096480002636
0.25000965200026376
0.2500096560002638
0.250009660000264
0.25000966400026403
0.25000966800026425
0.25000967200026425
0.2500096680002644
0.2500096620002645
0.25000966500026467
0.25000966900026467
0.25000967300026483
0.2500096770002649
0.25000968100026505
0.25000968500026516
0.2500096890002653
0.2500096930002653
0.25000969700026554
0.25000970100026554
0.25000970500026576
0.25000970900026576
0.2500097130002659
0.250009717000266
0.2500097210002662
0.2500097250002662
0.2500097290002664
0.2500097330002664
0.2500097350002666
0.25000973900026663
0.25000974300026685
0.2500097470002669
0.25000975100026707
0.25000975500026706
0.25000975900026723
0.2500097630002673
0.25000976700026745
0.2500097710002675
0.2500097750002677
0.2500097790002677
0.25000978300026794
0.25000978700026794
0.25000979100026816
0.2500097950002682
0.2500097990002683
0.25000980300026837
0.25000980700026854
0.2500098110002686
0.2500098150002688
0.2500098190002688
0.250009823000269
0.250009827000269
0.25000983100026924
0.25000983500026924
0.25000983900026946
0.25000984300026946
0.2500098470002697
0.2500098510002697
0.2500098550002699
0.2500098590002699
0.25000986300027006
0.2500098670002701
0.25000987100027033
0.2500098750002704
0.25000987900027055
0.25000988300027055

Avalanche_Distribution:
51
11
6
15
1
8
1
19
2
