
Branching_global:
1.00004
1.0032100000000037
0.965100000000008
0.9676200000000119
0.971800000000016
0.94555000000002
0.940320000000024
0.9441400000000278
0.944180000000032
0.940470000000036

Autocorrelation:
25.000499996641732
0.3120262126788855
-0.0281503348948665
-0.030380518336035202
-0.03495860916891247
-0.017860807445492944
-0.01625090457550251
-0.017397107796681546
-0.01740993963012315
-0.01629313867539113

Average_Activity:
0.0
0.0
0.0
0.0
0.0
0.0
0.0
0.0
0.0
0.0
0.0
0.0
0.0
0.0
0.0
0.0
0.0
0.0
0.25
2.75
2.25
0.0
0.25
0.0
0.0
0.0
0.0
0.0
0.0
0.25
3.75
14.0
17.25
20.5
25.5
32.0
30.25
33.75
23.0
17.25
17.25
10.0
8.5
7.5
1.75
0.0
0.0
0.0
0.0
0.0
0.0
0.0
0.0
0.0
2.0
1.25
0.0
0.0
0.0
0.0
0.0
0.0
0.0
0.0
0.0
0.0
0.0
0.0
0.0
0.75
0.0
0.0
0.0
0.0
0.0
0.0
1.0
0.0
0.0
0.0
0.0
0.0
0.25
0.0
0.0
0.0
0.0
0.0
0.0
0.0
0.0
0.0
0.0
0.0
0.75
0.0
0.0
0.0
0.0
0.0
0.5
5.75
6.25
6.25
2.5
5.25
5.0
10.75
13.25
13.75
9.0
9.75
15.5
12.25
7.25
5.25
7.0
8.25
6.5
11.5
7.75
5.75
4.75
2.75
3.5
2.25
8.0
9.5
10.25
9.75
6.75
3.5
3.0
0.75
0.0
0.0
0.0
0.0
0.0
0.0
0.0
0.0
0.0
0.0
0.0
0.25
0.0
0.25
1.5
1.25
0.0
0.5
1.0
0.0
0.0
0.0
0.0
0.0
0.0
0.0
1.0
0.0
0.0
0.0
0.25
0.0
0.0
0.25
0.5
0.0
1.0
0.5
0.0
0.0
0.5
2.5
2.0
1.75
0.25
0.0
0.0
0.0
1.75
2.0
2.0
0.5
0.0
0.0
0.5
0.75
0.0
0.0
0.0
0.0
0.0
0.0
0.25
2.5
5.5
1.25
0.5
0.0
0.0
0.0
0.0
0.0
0.0
0.0
0.0
0.75
0.75
0.0
0.5
0.25
0.0
0.75
3.25
3.75
5.25
9.0
4.25
1.75
2.0
6.5
8.0
9.75
7.75
4.25
0.5
0.25
1.0
1.5
0.25
0.0
2.75
4.75
6.0
6.5
8.75
8.25
4.0
1.25
4.25
3.5
0.25
0.0
0.0
0.0
0.0
0.0

Average_Alpha:
0.25001
0.25005
0.2500900000000001
0.2501300000000001
0.25017000000000017
0.25021000000000015
0.2502500000000003
0.25029000000000023
0.25033000000000033
0.2503700000000003
0.2504100000000004
0.2504500000000004
0.25049000000000055
0.2505300000000005
0.25057000000000057
0.2506100000000005
0.25065000000000065
0.25069000000000063
0.2507200000000007
0.2506500000000007
0.2506000000000008
0.2506400000000008
0.2506700000000009
0.2507100000000009
0.25075000000000097
0.25079000000000096
0.25083000000000105
0.25087000000000104
0.25091000000000113
0.25094000000000116
0.2508300000000012
0.2503100000000012
0.2496600000000013
0.2488800000000013
0.2479000000000014
0.24666000000000138
0.24549000000000146
0.24418000000000145
0.24330000000000152
0.24265000000000153
0.2420000000000016
0.24164000000000163
0.2413400000000017
0.2410800000000017
0.24105000000000176
0.2410900000000018
0.24113000000000184
0.24117000000000186
0.24121000000000192
0.24125000000000196
0.24129000000000198
0.24133000000000204
0.2413700000000021
0.2414100000000021
0.24137000000000217
0.24136000000000218
0.24140000000000225
0.24144000000000226
0.24148000000000233
0.24152000000000237
0.24156000000000238
0.24160000000000242
0.2416400000000025
0.2416800000000025
0.24172000000000252
0.2417600000000026
0.24180000000000262
0.24184000000000266
0.24188000000000273
0.24189000000000274
0.24193000000000278
0.24197000000000282
0.24201000000000286
0.2420500000000029
0.24209000000000294
0.242130000000003
0.24213000000000304
0.24217000000000308
0.24221000000000312
0.24225000000000316
0.24229000000000317
0.24233000000000324
0.24236000000000327
0.24240000000000334
0.24244000000000335
0.2424800000000034
0.24252000000000343
0.24256000000000347
0.24260000000000348
0.24264000000000355
0.2426800000000036
0.2427200000000036
0.2427600000000037
0.2428000000000037
0.24281000000000375
0.24285000000000379
0.24289000000000383
0.24293000000000387
0.2429700000000039
0.24301000000000395
0.24303000000000402
0.242840000000004
0.2426300000000041
0.2424200000000041
0.24236000000000416
0.2421900000000042
0.24203000000000424
0.24164000000000424
0.2411500000000043
0.24064000000000435
0.2403200000000044
0.23997000000000443
0.2393900000000045
0.23894000000000448
0.23869000000000454
0.2385200000000046
0.23828000000000463
0.23799000000000467
0.2377700000000047
0.23735000000000475
0.23708000000000476
0.23689000000000482
0.23674000000000484
0.2366700000000049
0.23657000000000494
0.23652000000000498
0.236240000000005
0.2359000000000051
0.2355300000000051
0.23518000000000516
0.23495000000000515
0.23485000000000522
0.23477000000000528
0.23478000000000532
0.23482000000000533
0.2348600000000054
0.2349000000000054
0.23494000000000545
0.23498000000000546
0.23502000000000556
0.23506000000000557
0.2351000000000056
0.23514000000000568
0.2351800000000057
0.2352200000000057
0.23525000000000576
0.2352900000000058
0.23532000000000589
0.23530000000000587
0.23529000000000597
0.23533000000000598
0.23535000000000603
0.23535000000000605
0.2353900000000061
0.23543000000000613
0.23547000000000617
0.23551000000000624
0.23555000000000625
0.23559000000000632
0.23563000000000636
0.23563000000000636
0.2356700000000064
0.23571000000000647
0.2357500000000065
0.23578000000000654
0.23582000000000658
0.23586000000000662
0.23589000000000668
0.2359100000000067
0.23595000000000674
0.2359500000000068
0.2359700000000068
0.23601000000000685
0.2360500000000069
0.23607000000000694
0.236010000000007
0.23597000000000698
0.23594000000000703
0.23597000000000706
0.23601000000000716
0.23605000000000717
0.2360900000000072
0.2360600000000073
0.2360200000000073
0.23598000000000732
0.2360000000000074
0.2360400000000074
0.23608000000000745
0.2361000000000075
0.2361100000000075
0.23615000000000758
0.23619000000000762
0.23623000000000763
0.23627000000000772
0.23631000000000774
0.23635000000000778
0.2363800000000078
0.23632000000000786
0.2361400000000079
0.23613000000000794
0.23615000000000796
0.236190000000008
0.23623000000000807
0.2362700000000081
0.23631000000000812
0.2363500000000082
0.23639000000000823
0.23643000000000824
0.23647000000000826
0.23648000000000838
0.23649000000000836
0.23653000000000846
0.23655000000000842
0.2365800000000085
0.23662000000000852
0.23663000000000858
0.2365400000000086
0.2364300000000087
0.23626000000000869
0.23594000000000875
0.23581000000000876
0.23578000000000882
0.2357400000000089
0.23552000000000892
0.23524000000000894
0.234890000000009
0.234620000000009
0.23449000000000908
0.23451000000000907
0.23454000000000913
0.23454000000000919
0.2345200000000092
0.23455000000000925
0.2345900000000093
0.2345200000000093
0.23437000000000938
0.2341700000000094
0.23395000000000946
0.23364000000000948
0.23335000000000952
0.2332300000000096
0.23322000000000961
0.23309000000000965
0.2329900000000097
0.23302000000000972
0.2330600000000098
0.2331000000000098
0.23314000000000987
0.2331800000000099
0.23322000000000995

Avalanche_Distribution:
21
1
1050
13
3
4
1
3
959
1
12
6
4
1
3
6
27
1
25
1
3
1
38
2
6
2
1
267
1
7
4
200
1
