
Branching_global:
1.00004
1.0040400000000038
1.0075600000000082
1.0109800000000118
0.9668000000000159
0.96032000000002
0.958050000000024
0.9580300000000279
0.9608900000000319
0.963210000000036
0.96268000000004
0.959700000000044
0.958130000000048
0.962030000000052
0.965470000000056
0.9658600000000599
0.968300000000064
0.9715400000000679
0.9741500000000719
0.975450000000076
0.9819900000000801
0.984090000000084
0.986920000000088
0.9884500000000919
0.994110000000096
0.9873200000001
0.987940000000104
0.9514600000001079
0.936870000000112
0.9348400000001159

Autocorrelation:
25.000499996641732
0.24802441648667847
0.1327745046450471
0.09157377122720604
-0.029617668345335996
-0.024698238935694398
-0.023334331098066156
-0.02332296986260879
-0.02506558368410809
-0.026678175687408025
-0.026292114588344115
-0.024310467999716753
-0.023379884561132408
-0.02583335578866639
-0.028457396061813682
-0.0287882594311659
-0.031043056927880664
-0.034634628398009466
-0.03818253706224987
-0.04023112621279684
-0.05502319399103303
-0.06235221473814717
-0.07595150220068561
-0.08607911848134112
-0.16927879464550893
-0.07836328989270251
-0.08241772852903459
-0.02009741942079439
-0.01533489563506873
-0.014841223985501115

Average_Activity:
0.0
0.0
0.0
0.0
0.0
0.0
0.0
0.0
0.0
0.0
0.0
0.0
0.0
0.0
0.0
0.0
0.0
0.0
0.0
0.0
0.0
0.0
0.0
0.0
0.0
0.0
0.0
0.0
0.0
0.0
0.0
0.0
0.0
0.0
0.25
1.75
0.5
0.5
0.0
0.25
0.0
0.0
0.0
0.0
0.0
0.0
0.0
0.0
0.0
0.0
0.0
0.0
1.25
1.0
0.0
0.0
0.0
0.0
0.0
0.25
0.0
0.0
0.0
0.0
0.25
0.5
0.0
0.0
0.0
0.0
0.0
0.0
0.0
0.0
0.0
0.0
0.25
0.25
1.5
3.5
6.75
9.75
7.75
8.0
15.75
8.25
11.5
8.0
10.75
21.0
23.0
17.5
17.0
21.5
29.25
19.25
15.75
18.0
18.0
10.0
6.25
8.25
4.25
0.5
0.0
0.0
0.0
0.0
0.0
0.0
0.0
0.25
3.5
2.75
2.0
4.5
5.75
5.75
10.0
6.0
1.25
0.25
0.0
0.0
0.25
0.0
0.25
0.0
0.0
0.0
0.0
0.0
0.0
0.0
0.0
1.25
0.0
0.0
0.25
0.0
0.0
0.0
0.0
0.25
1.25
3.0
5.75
10.25
13.0
3.75
2.25
0.0
0.0
0.0
0.0
0.0
1.75
0.25
0.0
0.0
0.0
1.5
6.0
10.75
6.5
3.0
0.0
0.0
0.0
0.0
0.0
0.0
0.0
0.0
0.0
0.0
0.0
0.0
0.0
0.0
0.0
0.0
0.25
0.0
0.0
0.25
1.25
0.5
0.0
0.0
0.0
0.0
0.75
1.25
2.5
1.5
1.25
0.0
0.0
0.0
0.25
0.0
0.0
0.0
0.0
0.0
0.0
0.0
0.0
0.0
0.0
0.0
0.0
0.0
0.0
0.0
0.0
0.0
0.25
0.0
0.0
0.0
0.0
0.0
0.25
0.25
4.0
3.75
1.5
1.25
0.0
0.0
1.0
0.25
0.0
1.25
2.0
2.25
1.75
1.0
3.5
4.5
2.25
0.0
0.0
0.25
0.0
0.0
0.0
0.0
0.0
1.75
4.75
0.0
0.0
0.5
0.25
0.5
1.25
1.75
0.5
0.5
0.5
0.25
0.75
1.75
0.5
0.0
1.5
5.25
8.5
4.75
8.75
2.25
0.5
0.0
0.0
1.75
1.75
0.0
0.0
0.75
0.25
5.25
2.5
1.0
4.0
4.75
1.75
0.0
0.0
0.0
0.0
0.0
0.0
0.25
3.0
5.0
1.5
0.0
0.0
0.25
0.0
0.0
0.0
0.0
0.0
0.0
0.0
0.0
0.75
1.0
1.25
1.0
0.25
0.0
0.0
0.0
0.5
0.25
0.0
0.25
0.5
0.0
0.25
0.0
0.0
0.0
0.25
0.0
0.25
0.0
0.0
0.0
0.0
0.0
0.0
0.0
0.0
0.0
0.0
0.0
0.0
0.0
0.0
0.0
0.0
0.0
0.0
0.0
0.25
0.25
2.5
9.25
12.75
3.25
0.0
0.0
0.0
0.0
0.0
0.0
0.0
0.0
0.0
0.0
0.0
0.0
0.0
0.0
0.0
0.25
0.0
0.0
0.0
0.25
0.0
0.0
0.0
0.25
0.75
0.0
0.0
0.0
0.0
0.0
0.0
0.0
0.0
0.0
2.25
1.75
0.0
0.0
0.0
0.0
0.0
0.0
0.25
0.0
0.0
0.0
0.0
0.0
0.0
0.0
0.0
0.0
0.0
0.0
0.0
0.0
0.0
0.0
0.0
0.0
0.0
0.0
0.0
0.0
0.0
0.0
0.0
0.0
0.0
0.0
0.0
1.5
0.75
0.0
0.75
0.0
0.0
0.0
0.0
0.0
0.0
0.0
0.0
0.0
0.0
0.0
0.0
0.0
0.0
0.0
0.0
0.0
0.0
0.0
0.0
0.0
0.0
0.0
0.0
0.0
0.0
0.0
0.0
0.25
1.0
0.0
0.0
1.25
3.0
4.0
2.75
1.5
0.0
0.0
0.0
0.0
0.75
0.0
0.0
0.0
0.0
0.0
0.0
0.0
0.0
0.0
0.0
0.0
0.0
0.0
0.0
0.0
0.0
0.0
0.0
0.0
0.0
0.0
0.0
0.0
0.0
0.0
0.0
0.0
0.0
0.0
0.0
0.0
0.0
0.0
0.0
0.0
0.0
0.0
0.0
0.0
0.0
0.0
0.0
0.0
0.0
0.0
0.0
0.0
0.0
0.0
0.0
0.0
0.0
0.0
0.0
0.0
0.0
0.0
0.0
0.0
0.0
0.0
0.0
0.0
0.0
0.0
0.0
0.25
1.0
0.0
0.25
0.0
0.0
0.0
0.0
0.0
0.0
0.0
0.0
0.0
0.75
0.5
0.0
0.0
0.0
0.0
0.0
0.0
0.0
0.0
0.0
0.0
0.0
0.0
0.75
4.75
6.5
3.75
0.25
0.5
0.0
0.0
0.0
1.5
0.0
1.0
2.25
0.25
0.0
0.0
0.0
0.0
0.0
0.0
0.0
0.0
0.0
0.0
0.0
0.0
0.0
0.0
0.0
0.0
0.0
0.0
0.0
0.0
0.0
0.0
0.25
0.0
1.25
3.5
8.0
11.25
10.5
12.75
13.0
7.5
0.5
0.0
0.0
0.0
0.25
1.25
0.25
0.0
0.0
0.0
0.0
0.0
0.0
0.0
0.0
0.0
0.0
0.0
0.0
0.0
0.0
0.0
0.0
0.0
0.25
0.0
0.0
0.0
0.0
0.0
0.0
0.0
1.0
1.25
5.25
5.75
1.25
0.25
3.25
7.25
11.75
18.25
20.5
20.0
18.75
12.25
13.5
10.75
10.75
12.25
13.5
12.0
7.0
9.5
6.25
4.25
1.0
1.75
5.5
8.25
6.25
7.25
9.75
8.75
10.0
11.5
12.0
13.5
9.25
4.25
0.0
1.25
2.25
4.0
3.0
1.0
0.25
1.25
1.25
5.75
5.75
4.25
2.75
1.5
0.0
0.0
0.0
1.5
1.5
0.0
1.25
2.25
1.5
2.0
3.0
4.0
2.0
3.0
1.0
0.0
2.0
1.25
2.25
2.5
2.25
1.25
0.0
0.0
0.25
0.0
0.75
2.75
2.5
0.25
1.0
4.75
2.25
1.5
0.75
1.0
1.75
2.25
2.75
2.75
0.5
0.5
0.0
0.0
0.0
1.25
3.0
0.0
0.5
2.25
1.25
0.0
0.0
0.75

Average_Alpha:
0.25001
0.25005
0.2500900000000001
0.2501300000000001
0.25017000000000017
0.25021000000000015
0.2502500000000003
0.25029000000000023
0.25033000000000033
0.2503700000000003
0.2504100000000004
0.2504500000000004
0.25049000000000055
0.2505300000000005
0.25057000000000057
0.2506100000000005
0.25065000000000065
0.25069000000000063
0.25073000000000073
0.2507700000000007
0.2508100000000008
0.25085000000000074
0.2508900000000009
0.2509300000000009
0.25097000000000097
0.25101000000000095
0.25105000000000105
0.25109000000000103
0.25113000000000113
0.2511700000000011
0.2512100000000012
0.2512500000000012
0.2512900000000013
0.2513300000000013
0.25136000000000136
0.25133000000000133
0.25135000000000146
0.2513700000000014
0.2514100000000015
0.2514400000000015
0.2514800000000016
0.2515200000000016
0.2515600000000017
0.25160000000000166
0.25164000000000175
0.2516800000000018
0.25172000000000183
0.2517600000000018
0.25180000000000197
0.2518400000000019
0.251880000000002
0.25192000000000203
0.2519100000000021
0.2519100000000021
0.25195000000000217
0.25199000000000216
0.25203000000000225
0.2520700000000023
0.25211000000000233
0.2521400000000023
0.2521800000000024
0.2522200000000024
0.2522600000000025
0.25230000000000247
0.25233000000000255
0.2523500000000025
0.25239000000000267
0.2524300000000026
0.25247000000000275
0.25251000000000273
0.2525500000000028
0.2525900000000028
0.2526300000000029
0.25267000000000284
0.252710000000003
0.252750000000003
0.25278000000000306
0.25281000000000303
0.2527900000000031
0.25269000000000313
0.25246000000000324
0.2521100000000032
0.25184000000000334
0.2515600000000033
0.25097000000000336
0.25068000000000334
0.2502600000000035
0.24998000000000345
0.24959000000000353
0.24879000000000354
0.2479100000000036
0.2472500000000036
0.2466100000000037
0.24579000000000373
0.24466000000000376
0.24393000000000375
0.24334000000000383
0.24266000000000387
0.24198000000000391
0.24162000000000391
0.241410000000004
0.24112000000000405
0.24099000000000403
0.24101000000000408
0.24105000000000415
0.2410900000000042
0.24113000000000426
0.24117000000000427
0.2412100000000043
0.24125000000000432
0.2412900000000044
0.24132000000000442
0.24122000000000446
0.24115000000000453
0.24111000000000457
0.24097000000000457
0.24078000000000463
0.24059000000000463
0.24023000000000472
0.24003000000000474
0.24002000000000476
0.24005000000000482
0.24009000000000486
0.2401300000000049
0.24016000000000495
0.240200000000005
0.24023000000000502
0.24027000000000506
0.24031000000000513
0.24035000000000514
0.24039000000000518
0.2404300000000052
0.24047000000000526
0.24051000000000528
0.24055000000000534
0.24054000000000536
0.2405800000000054
0.24062000000000547
0.2406500000000055
0.24069000000000554
0.24073000000000558
0.24077000000000562
0.24081000000000566
0.2408400000000057
0.24083000000000573
0.24075000000000576
0.2405600000000058
0.24019000000000584
0.2397100000000059
0.23960000000000595
0.23955000000000598
0.23959000000000602
0.2396300000000061
0.2396700000000061
0.2397100000000061
0.2397500000000062
0.23972000000000623
0.23975000000000626
0.2397900000000063
0.23983000000000634
0.23987000000000638
0.23985000000000642
0.23965000000000647
0.2392600000000065
0.23904000000000653
0.23896000000000658
0.2390000000000066
0.23904000000000666
0.2390800000000067
0.23912000000000674
0.23916000000000678
0.2392000000000068
0.23924000000000684
0.2392800000000069
0.23932000000000692
0.239360000000007
0.23940000000000702
0.23944000000000706
0.2394800000000071
0.23952000000000714
0.23956000000000716
0.23960000000000725
0.23963000000000728
0.2396700000000073
0.23971000000000733
0.2397400000000074
0.2397300000000074
0.23975000000000746
0.23979000000000752
0.23983000000000754
0.2398700000000076
0.23991000000000762
0.23992000000000765
0.2399100000000077
0.23985000000000775
0.23983000000000776
0.23982000000000783
0.23986000000000784
0.23990000000000788
0.23994000000000792
0.23997000000000798
0.240010000000008
0.24005000000000806
0.2400900000000081
0.24013000000000814
0.2401700000000082
0.24021000000000822
0.24025000000000823
0.24029000000000833
0.24033000000000834
0.24037000000000835
0.24041000000000842
0.24045000000000846
0.2404900000000085
0.24053000000000854
0.24057000000000858
0.24061000000000862
0.24065000000000866
0.2406800000000087
0.24072000000000873
0.2407600000000088
0.2408000000000088
0.24084000000000885
0.2408800000000089
0.24091000000000895
0.24094000000000898
0.24082000000000903
0.24071000000000908
0.2406900000000091
0.24068000000000916
0.24072000000000918
0.2407600000000092
0.24076000000000924
0.24079000000000927
0.24083000000000934
0.24082000000000936
0.2407800000000094
0.2407300000000095
0.2407000000000095
0.24070000000000955
0.24060000000000958
0.24046000000000964
0.24041000000000967
0.2404500000000097
0.24049000000000972
0.24052000000000975
0.24056000000000985
0.24060000000000986
0.24064000000000987
0.24068000000000994
0.24072000000000998
0.24069000000001003
0.24054000000001005
0.2405800000000101
0.24062000000001013
0.2406400000000102
0.2406700000000102
0.24069000000001028
0.2406800000000103
0.24065000000001036
0.24067000000001035
0.2406900000000104
0.24071000000001047
0.2407400000000105
0.24075000000001054
0.24072000000001056
0.24074000000001064
0.24078000000001065
0.2407600000000107
0.2405900000000107
0.24029000000001083
0.24014000000001082
0.23983000000001087
0.23978000000001093
0.23980000000001095
0.239840000000011
0.23988000000001103
0.23985000000001105
0.2398200000000111
0.23986000000001112
0.2399000000000112
0.23991000000001123
0.23994000000001126
0.2397700000000113
0.23971000000001136
0.23971000000001136
0.23959000000001143
0.23944000000001148
0.2394100000000115
0.23945000000001151
0.23949000000001158
0.23953000000001162
0.23957000000001163
0.23961000000001173
0.23965000000001174
0.23968000000001177
0.23960000000001186
0.23944000000001187
0.2394200000000119
0.2394600000000119
0.23950000000001198
0.239530000000012
0.23957000000001205
0.23961000000001206
0.23965000000001213
0.23969000000001217
0.2397300000000122
0.23977000000001225
0.2398100000000123
0.23985000000001233
0.23986000000001234
0.23986000000001242
0.23985000000001244
0.2398500000000125
0.23988000000001253
0.23992000000001257
0.2399600000000126
0.24000000000001268
0.24002000000001272
0.24005000000001275
0.2400900000000128
0.24012000000001282
0.24014000000001284
0.2401800000000129
0.24021000000001294
0.24025000000001295
0.24029000000001302
0.24033000000001306
0.2403600000000131
0.24040000000001313
0.24043000000001316
0.24047000000001323
0.24051000000001327
0.2405500000000133
0.24059000000001332
0.2406300000000134
0.24067000000001343
0.24071000000001344
0.24075000000001348
0.24079000000001355
0.24083000000001356
0.24087000000001366
0.24091000000001367
0.24095000000001368
0.24099000000001375
0.2410300000000138
0.2410700000000138
0.2411100000000139
0.2411500000000139
0.24119000000001395
0.24122000000001398
0.241250000000014
0.24119000000001406
0.24086000000001412
0.24039000000001415
0.24030000000001417
0.2403400000000142
0.24038000000001428
0.24042000000001432
0.24046000000001436
0.24050000000001437
0.2405400000000144
0.24058000000001448
0.2406200000000145
0.24066000000001453
0.2407000000000146
0.2407400000000146
0.24078000000001468
0.24082000000001472
0.24086000000001473
0.2409000000000148
0.24093000000001483
0.24097000000001487
0.2410100000000149
0.24105000000001497
0.241080000000015
0.24112000000001502
0.24116000000001506
0.2412000000000151
0.24123000000001513
0.24124000000001516
0.2412800000000152
0.24132000000001527
0.2413600000000153
0.24140000000001532
0.24144000000001536
0.24148000000001543
0.24152000000001544
0.24156000000001548
0.24160000000001555
0.24155000000001559
0.24152000000001564
0.24156000000001565
0.24160000000001572
0.24164000000001573
0.24168000000001577
0.24172000000001584
0.24176000000001585
0.2417900000000159
0.24183000000001595
0.241870000000016
0.241910000000016
0.24195000000001604
0.2419900000000161
0.24203000000001615
0.2420700000000162
0.2421100000000162
0.24215000000001627
0.2421900000000163
0.24223000000001632
0.24227000000001636
0.24231000000001643
0.24235000000001647
0.2423900000000165
0.24243000000001655
0.24247000000001656
0.24251000000001663
0.24255000000001667
0.24259000000001668
0.24263000000001678
0.2426700000000168
0.24271000000001683
0.24275000000001684
0.2427900000000169
0.24283000000001692
0.24287000000001696
0.24291000000001703
0.24289000000001706
0.24290000000001707
0.24294000000001714
0.24295000000001718
0.24299000000001722
0.24303000000001726
0.2430700000000173
0.24311000000001734
0.24315000000001738
0.24319000000001742
0.24323000000001746
0.24327000000001753
0.24331000000001754
0.24335000000001758
0.24339000000001762
0.24343000000001766
0.24347000000001767
0.2435100000000177
0.2435500000000178
0.24359000000001782
0.24363000000001786
0.2436700000000179
0.24371000000001794
0.24375000000001795
0.24379000000001802
0.24383000000001806
0.24387000000001807
0.24391000000001817
0.24395000000001818
0.24399000000001822
0.24403000000001826
0.2440700000000183
0.24410000000001833
0.24410000000001839
0.24414000000001843
0.2441800000000185
0.24417000000001848
0.24409000000001854
0.24397000000001856
0.24390000000001863
0.24388000000001864
0.24392000000001868
0.24396000000001875
0.24400000000001876
0.2440400000000188
0.2440500000000189
0.2440900000000189
0.24413000000001892
0.24417000000001898
0.24421000000001902
0.24425000000001904
0.24429000000001913
0.24433000000001914
0.24437000000001918
0.24441000000001922
0.24445000000001926
0.24449000000001928
0.24453000000001932
0.24457000000001938
0.2446100000000194
0.24465000000001946
0.2446900000000195
0.24473000000001954
0.24477000000001958
0.24481000000001962
0.24485000000001964
0.24489000000001968
0.24493000000001974
0.24497000000001978
0.24501000000001982
0.24505000000001986
0.2450900000000199
0.24513000000001992
0.24517000000001996
0.24521000000002
0.24525000000002006
0.2452900000000201
0.24533000000002017
0.24537000000002018
0.2454100000000202
0.24545000000002026
0.2454900000000203
0.24553000000002032
0.2455700000000204
0.24561000000002042
0.24565000000002046
0.2456900000000205
0.24573000000002054
0.24577000000002056
0.2458100000000206
0.24585000000002066
0.24589000000002068
0.24593000000002074
0.24597000000002078
0.24601000000002082
0.24605000000002086
0.2460900000000209
0.24613000000002092
0.24617000000002096
0.24621000000002102
0.24625000000002106
0.2462900000000211
0.24633000000002114
0.24637000000002118
0.2464100000000212
0.24645000000002124
0.24649000000002128
0.24653000000002134
0.24657000000002138
0.24661000000002145
0.24665000000002146
0.24669000000002148
0.24672000000002153
0.24672000000002156
0.24676000000002163
0.2467900000000217
0.2468300000000217
0.24687000000002174
0.2469100000000218
0.24695000000002182
0.24699000000002186
0.2470300000000219
0.24707000000002194
0.24711000000002198
0.24715000000002202
0.24716000000002206
0.2471800000000221
0.24722000000002214
0.24726000000002218
0.2473000000000222
0.24734000000002226
0.24738000000002228
0.24742000000002234
0.24746000000002238
0.2475000000000224
0.24754000000002246
0.2475800000000225
0.24762000000002252
0.24766000000002258
0.24767000000002262
0.24752000000002267
0.2473000000000227
0.24719000000002272
0.24722000000002278
0.2472400000000228
0.24728000000002284
0.2473200000000229
0.24736000000002292
0.24734000000002296
0.247380000000023
0.24738000000002305
0.2473300000000231
0.24736000000002312
0.24740000000002316
0.2474400000000232
0.24748000000002324
0.24752000000002328
0.24756000000002334
0.24760000000002338
0.2476400000000234
0.24768000000002344
0.24772000000002348
0.24776000000002352
0.24780000000002356
0.24784000000002362
0.24788000000002364
0.2479200000000237
0.24796000000002374
0.24800000000002376
0.24804000000002377
0.24808000000002386
0.24812000000002388
0.24816000000002392
0.24820000000002398
0.248240000000024
0.24827000000002403
0.24831000000002407
0.24830000000002414
0.2482000000000242
0.24792000000002423
0.24751000000002427
0.2471300000000243
0.24666000000002436
0.24618000000002438
0.2459200000000244
0.24594000000002444
0.24598000000002448
0.24602000000002452
0.24606000000002456
0.24609000000002462
0.24608000000002467
0.24611000000002473
0.24615000000002474
0.24619000000002478
0.2462300000000248
0.24627000000002486
0.2463100000000249
0.2463500000000249
0.24639000000002498
0.24643000000002502
0.24647000000002506
0.2465100000000251
0.24655000000002514
0.24659000000002515
0.24663000000002522
0.24667000000002526
0.24671000000002527
0.24675000000002537
0.24679000000002538
0.2468200000000254
0.24686000000002545
0.2469000000000255
0.24694000000002553
0.2469800000000256
0.2470200000000256
0.24706000000002568
0.24710000000002572
0.24710000000002572
0.2470900000000258
0.2469200000000258
0.24673000000002585
0.2467200000000259
0.24675000000002592
0.24666000000002594
0.246410000000026
0.24598000000002604
0.24529000000002607
0.24451000000002615
0.24375000000002614
0.2430400000000262
0.24259000000002623
0.24209000000002628
0.24170000000002634
0.24131000000002636
0.24086000000002641
0.24036000000002644
0.2399200000000265
0.2396800000000265
0.2393400000000266
0.2391300000000266
0.23900000000002666
0.2390000000000267
0.23897000000002672
0.23879000000002676
0.23850000000002683
0.2382900000000268
0.2380400000000269
0.2376900000000269
0.23738000000002693
0.23702000000002701
0.236600000000027
0.23616000000002707
0.23566000000002713
0.23533000000002716
0.23520000000002722
0.23524000000002723
0.23523000000002728
0.2351800000000273
0.23506000000002733
0.23498000000002742
0.23498000000002742
0.2350100000000275
0.23500000000002752
0.23499000000002757
0.2348000000000276
0.23461000000002763
0.23448000000002767
0.23441000000002774
0.23439000000002772
0.2344300000000278
0.23447000000002782
0.23451000000002786
0.23449000000002793
0.23447000000002793
0.234510000000028
0.23450000000002805
0.23445000000002808
0.23443000000002814
0.2343900000000282
0.2343100000000282
0.23419000000002824
0.23415000000002828
0.2340700000000283
0.23407000000002837
0.23411000000002838
0.23407000000002842
0.23406000000002847
0.23401000000002853
0.23395000000002855
0.23390000000002859
0.23389000000002863
0.23393000000002867
0.23397000000002874
0.23400000000002877
0.23404000000002878
0.23405000000002882
0.23398000000002886
0.2339200000000289
0.23395000000002894
0.23395000000002897
0.23380000000002904
0.23375000000002907
0.2337300000000291
0.23374000000002917
0.23374000000002923
0.23371000000002926
0.23366000000002926
0.2335900000000293
0.23352000000002937
0.2335400000000294
0.23356000000002944
0.23360000000002948
0.23364000000002955
0.23368000000002956
0.2336700000000296
0.23359000000002964
0.23363000000002968
0.2336500000000297
0.23360000000002976
0.2335900000000298
0.23363000000002984
0.23367000000002985
0.23368000000002992

Avalanche_Distribution:
9
3
1
9
1
3
1
1285
167
1
1
1
5
1
158
8
111
1
8
29
1
1
1
37
6
5
74
1
26
3
16
4
1
12
126
14
3
78
39
1
4
12
1
3
3
1
1
1
2
111
1
1
4
16
1
9
3
5
50
3
1
4
1
5
64
2
6
13
1
1
273
7
1
58
1284
46
1
90
12
80
46
1
25
38
3
43
3
17
16
