
Branching_global:
1.00004
1.0040400000000038
1.008040000000008
1.0108200000000118
1.0138700000000163
1.0157100000000199
0.993620000000024
0.9780600000000281
0.9816900000000319
0.977710000000036
0.9771100000000399
0.9800100000000441
0.9825800000000479
0.984590000000052
0.983390000000056
0.9843200000000599
0.974850000000064
0.974920000000068
0.9557800000000719
0.9567800000000759
0.9599000000000799
0.966340000000084
0.9688500000000879
0.9723300000000921
0.9676700000000958
0.9695500000001
0.9724800000001039
0.9726800000001078
0.9763800000001119
0.9620700000001159
0.9629900000001199
0.9577200000001238
0.9271300000001279
0.9260800000001318
0.9291000000001359
0.9277800000001398
0.9272300000001439
0.9240900000001478
0.9250800000001518
0.9308800000001558
0.9304200000001599
0.9388600000001638
0.9444100000001678
0.9447200000001719
0.9490200000001757
0.9515500000001798
0.9556600000001838
0.9558800000001879
0.9619100000001918
0.9515900000001958
0.9557200000001999
0.9418700000002038
0.9434000000002079
0.9418700000002118
0.9489600000002159
0.9485600000002198
0.9465100000002237
0.9444600000002279
0.9441100000002318
0.9357100000002359
0.9410800000002398
0.9459000000002439
0.9496900000002477
0.9526100000002518
0.9548000000002558
0.9556700000002598
0.9600100000002637
0.9612800000002678
0.9668000000002719
0.9436900000002757
0.9420700000002799
0.9437900000002837
0.9402300000002878
0.9472900000002918
0.9526200000002957
0.9510900000002999
0.9538400000003038
0.9553600000003077
0.9599400000003118
0.9654100000003156
0.9681900000003197
0.9695900000003237
0.9736900000003277
0.9767400000003319
0.9760600000003358
0.9782900000003397
0.9704900000003438
0.9716400000003478
0.9742300000003518
0.9767400000003557
0.9586100000003598
0.9591200000003637
0.9306200000003677
0.9350800000003717
0.9319000000003758
0.9306500000003797
0.9284600000003836
0.9291400000003875
0.9287300000003915
0.9348200000003956

Autocorrelation:
25.000499996641732
0.24802441648667847
0.12487744213237502
0.09292054495256818
0.07259690546511985
0.06415242475840711
-0.15623927854324873
-0.04507700273973827
-0.054113424533904345
-0.04436128884089295
-0.04318526999751345
-0.049523329809191156
-0.05690381683410565
-0.0643916325124042
-0.05970330018194337
-0.06327419319051254
-0.0392593087957536
-0.03937029166110866
-0.0221104328873737
-0.02263375467528422
-0.024434245441718048
-0.029205999999103293
-0.031600091652894
-0.03563788576469697
-0.030428285186367497
-0.03233814560101719
-0.035834883851873216
-0.03610091276889881
-0.04183501060738289
-0.02586113313306586
-0.026516581785767906
-0.02314824497099293
-0.013216763955805046
-0.01302173960250701
-0.013598244665797394
-0.01334033375945789
-0.013235631081066814
-0.012666916794039713
-0.012841081809768186
-0.013961624360930004
-0.013865936550607142
-0.01585064742148252
-0.017484080934382192
-0.017584986400654007
-0.019111175252670483
-0.02013569646442739
-0.022049220255448514
-0.022161697728539227
-0.025750373753846766
-0.020152754158170295
-0.022079785106726726
-0.016697830892864057
-0.017162989388718897
-0.016697830892866423
-0.019088110969557332
-0.018935723768606902
-0.018190502278665054
-0.017500279842172235
-0.0173874959717737
-0.015048981521883767
-0.016467105365495654
-0.017979653725276247
-0.019372462615312246
-0.020597452557656496
-0.021620039494153385
-0.022054308652666832
-0.024502850692636177
-0.02532315557092247
-0.02961766834556829
-0.017254005494499177
-0.016757240336163055
-0.017285608052047714
-0.016225665834504275
-0.018467219839553555
-0.020601907104415132
-0.019941537915650797
-0.02115984003160484
-0.021897628236996754
-0.024459149219485988
-0.028407156149010137
-0.03093396127629707
-0.032381346306386206
-0.0375061400079727
-0.0424903001797397
-0.04126907515476519
-0.04555989362972111
-0.03338432188381022
-0.03475853342928963
-0.03830263616660947
-0.042490300179783606
-0.02365690274855802
-0.02395836137474172
-0.013907384108224874
-0.014897980449838599
-0.014178410818835604
-0.013913621851814691
-0.01347200892041614
-0.013606210077145579
-0.01352498827770751
-0.0148365131394308

Average_Activity:
0.0
0.0
0.0
0.0
0.0
0.0
0.0
0.0
0.0
0.0
0.0
0.0
0.0
0.0
0.0
0.0
0.0
0.0
0.0
0.0
0.0
0.0
0.0
0.0
0.0
0.0
0.0
0.0
0.0
0.0
0.0
0.0
0.0
0.0
0.0
0.0
0.0
0.0
0.0
0.0
0.0
0.0
0.0
0.0
0.0
0.0
0.0
0.0
0.0
0.0
0.0
0.0
0.0
0.75
0.75
0.0
0.0
0.0
0.0
0.0
0.0
1.0
1.75
0.0
0.0
0.0
0.0
0.0
0.25
3.0
0.5
0.0
0.0
0.0
0.0
0.25
0.75
0.0
0.0
0.0
0.75
1.5
0.0
0.0
0.0
0.75
0.0
0.0
0.0
0.0
0.0
0.0
0.0
0.0
0.0
0.25
0.0
0.0
0.0
0.0
0.75
0.5
1.25
0.25
0.0
0.0
0.0
0.0
0.0
0.0
0.0
0.25
1.75
1.25
2.5
3.25
1.75
0.0
0.0
0.0
0.0
0.0
0.0
0.25
0.0
0.0
0.0
0.0
0.0
0.0
0.0
0.25
0.0
0.0
0.25
3.0
8.5
10.0
7.75
8.75
10.0
10.75
12.25
5.0
10.0
15.75
14.5
12.75
10.25
10.5
11.0
13.25
12.75
11.75
13.25
15.25
16.75
14.5
11.0
7.5
3.5
4.0
0.75
0.0
0.0
0.0
0.0
0.0
0.5
0.0
0.0
0.0
0.0
0.0
0.0
0.0
0.0
0.0
0.0
0.0
0.0
0.0
0.0
0.0
0.0
0.0
0.0
0.0
0.0
0.0
0.0
0.0
0.0
0.0
0.25
0.0
0.0
0.0
0.0
0.0
0.0
0.0
0.75
0.0
1.0
4.5
14.25
15.25
11.25
4.75
1.0
0.5
0.0
0.0
0.75
0.0
0.0
0.0
0.0
0.0
0.75
0.5
1.25
0.0
0.0
1.25
0.25
1.5
2.75
0.75
0.0
0.0
0.0
1.0
0.75
0.0
0.0
0.0
0.0
0.75
2.75
3.0
2.5
2.5
1.25
0.0
1.25
1.0
2.25
0.0
0.0
0.75
0.25
0.0
0.0
0.0
2.0
3.25
2.0
1.25
1.0
0.0
0.0
0.0
0.0
0.0
0.0
0.5
0.0
0.0
0.0
0.25
0.0
0.25
0.0
0.0
0.0
0.0
0.25
0.0
0.0
0.25
0.25
0.0
0.25
0.0
0.0
0.0
0.0
0.0
0.0
0.0
0.0
0.0
0.0
0.0
0.0
0.0
0.25
0.25
0.0
0.0
0.0
0.0
0.0
0.0
0.0
0.0
0.0
0.75
1.0
1.25
0.25
0.5
0.0
0.0
0.0
0.0
0.0
1.0
0.75
0.75
1.75
0.0
0.0
0.75
0.0
0.0
0.0
0.0
0.25
1.25
6.5
7.0
5.5
2.25
0.75
0.0
0.0
0.5
0.0
0.5
1.25
0.5
0.25
0.0
0.25
1.25
5.75
0.75
0.0
0.0
0.0
0.25
0.0
0.0
0.0
0.0
0.0
0.0
0.0
0.25
1.5
1.25
2.75
2.75
3.25
2.0
2.75
0.75
0.0
0.0
0.0
0.25
1.75
4.25
2.0
4.25
4.5
6.5
6.25
13.75
11.0
9.25
8.25
4.25
2.75
2.5
0.0
0.0
0.5
0.0
0.0
0.0
0.0
0.0
0.0
0.0
0.0
0.0
0.25
0.0
0.0
0.0
0.0
0.0
0.0
0.0
0.25
0.25
0.0
0.0
0.0
0.0
0.0
0.0
0.0
0.25
0.5
0.0
0.75
3.75
4.0
2.75
6.0
9.75
16.75
14.0
9.0
10.5
14.75
17.0
8.0
2.25
4.5
6.75
9.75
8.5
10.5
12.25
4.25
0.25
0.0
0.0
0.0
0.0
0.0
0.0
0.0
0.0
0.0
0.0
1.5
3.5
4.5
2.5
0.25
1.25
0.25
0.0
0.0
0.0
0.0
0.0
0.0
0.0
0.0
0.0
0.0
0.0
0.0
0.25
0.0
0.0
0.0
0.0
0.0
0.0
0.0
0.0
0.0
0.0
0.0
0.0
0.0
0.0
0.0
0.0
0.0
0.0
0.0
0.0
0.0
0.0
0.0
0.0
0.0
0.0
0.0
0.0
0.0
0.0
0.0
0.0
0.0
0.0
0.0
0.0
0.0
0.0
0.0
0.0
0.0
0.0
0.0
0.0
0.0
0.0
0.0
0.0
0.0
0.0
0.0
0.0
0.0
0.0
0.0
0.0
0.0
0.0
0.0
0.0
0.0
0.5
0.0
0.0
0.0
0.0
0.0
0.0
0.0
0.0
0.0
0.0
1.0
0.0
0.75
1.75
3.0
0.5
0.0
0.0
0.0
0.0
0.0
0.0
0.0
0.0
0.75
0.0
0.0
0.0
0.0
0.0
0.0
0.0
0.5
0.0
0.0
0.0
0.0
0.0
0.0
0.0
0.0
0.0
0.0
0.0
0.0
0.0
0.0
0.0
0.0
0.0
0.0
0.0
0.25
0.25
0.0
0.5
3.0
7.25
10.0
8.0
12.5
9.75
3.0
1.0
0.5
0.0
0.0
0.0
0.0
0.0
0.0
0.0
0.0
0.0
0.25
0.0
0.0
1.75
0.5
0.25
0.0
0.0
0.0
0.0
0.0
0.0
0.25
0.0
1.75
0.25
0.0
0.0
0.0
0.5
0.0
0.0
0.25
0.0
1.0
2.75
0.5
0.0
0.0
0.0
0.75
3.25
2.0
0.25
0.0
0.0
0.0
0.0
0.0
0.5
0.0
0.0
0.0
0.0
0.0
0.0
0.0
0.0
0.0
1.5
2.0
0.0
0.0
0.0
0.0
0.25
1.25
3.5
2.5
1.5
2.0
2.0
0.25
0.5
0.0
0.0
0.0
0.0
0.0
0.0
0.0
0.0
0.0
0.0
0.0
0.25
1.0
0.25
0.25
1.25
0.25
0.0
0.75
0.5
0.0
0.0
0.0
0.0
0.0
0.0
0.0
1.0
3.5
7.5
12.25
19.0
14.25
9.0
2.25
0.0
0.0
0.25
1.75
5.0
7.25
5.75
1.5
1.5
0.0
0.0
0.25
1.75
3.75
4.75
2.0
4.25
1.25
0.0
0.0
0.0
0.0
0.25
1.5
0.0
0.0
0.0
0.0
0.5
0.75
0.0
0.0
0.5
0.25
1.0
0.5
4.75
5.75
5.5
2.75
0.75
1.75
4.0
3.25
2.75
4.5
2.75
2.0
0.25
0.0
0.0
1.75
2.25
1.0
0.0
0.25
2.25
2.75
4.0
4.75
4.25
3.0
1.5
0.25
3.5
5.0
0.75
0.0
0.0
1.25
0.25
1.5
1.5
2.5
1.25
4.75
3.25
2.25
5.25
7.5
20.25
30.5
21.75
29.5
28.75
24.0
18.75
8.5
3.75
4.25
1.0
0.0
0.75
0.0
0.0
0.5
3.5
5.5
2.0
1.75
3.5
3.25
0.0
0.0
0.0
0.25
0.0
0.75
1.0
0.0
0.25
0.0
0.0
0.0
0.0
0.0
0.0
0.5
0.0
0.0
0.0
0.0
0.0
0.25
0.5
0.0
0.0
0.0
0.25
2.0
1.25
1.75
0.5
0.0
0.0
0.0
0.0
0.0
0.0
0.0
0.0
0.0
0.25
4.75
4.5
3.25
7.75
8.75
2.25
3.25
1.75
0.25
0.25
2.0
2.0
3.25
2.25
0.0
0.0
0.0
0.25
0.0
0.0
1.0
0.0
0.0
0.0
0.0
0.0
0.0
0.0
1.75
0.5
0.0
0.0
0.0
0.25
0.0
0.0
0.0
0.0
0.0
0.5
2.0
4.0
0.0
0.0
0.0
0.0
0.0
0.0
0.0
0.0
0.0
0.25
2.0
1.75
5.0
4.0
5.0
7.75
8.75
2.0
1.5
3.25
4.5
5.5
3.25
1.0
0.0
0.0
0.0
0.0
0.25
0.75
0.0
0.0
0.0
0.0
0.0
1.0
2.75
0.5
0.0
0.0
0.0
0.0
0.0
0.0
2.0
3.0
2.25
0.5
0.0
0.0
0.0
0.0
0.0
0.0
0.0
0.0
0.0
0.0
0.0
0.0
0.0
0.0
0.0
0.0
0.0
0.0
0.0
0.0
0.0
0.0
0.0
0.0
0.0
0.0
0.0
0.0
0.0
0.0
0.0
0.0
0.0
0.0
0.0
0.0
0.0
0.0
0.0
0.0
0.0
0.0
0.0
0.0
0.0
0.0
0.0
0.0
0.0
0.0
0.0
0.0
0.0
0.0
0.0
0.0
0.0
0.0
0.0
0.0
0.0
0.0
0.0
0.0
0.0
0.0
0.0
0.0
0.0
0.0
0.0
0.0
0.0
0.0
0.0
0.0
0.0
0.0
0.0
0.0
0.0
0.0
0.0
0.0
0.0
0.0
0.0
0.0
0.0
0.0
0.0
0.0
0.0
0.0
0.0
0.0
0.0
0.0
0.0
0.0
0.0
0.0
0.0
0.0
0.0
0.0
0.0
0.0
0.0
0.0
0.0
0.0
0.0
0.75
2.0
1.25
0.0
0.0
0.0
0.0
0.0
0.0
0.0
0.0
0.0
0.0
0.0
0.0
0.0
0.0
0.75
0.0
0.0
0.0
0.0
0.0
0.0
0.0
0.0
1.0
0.0
0.25
0.0
0.0
0.0
0.0
0.5
1.25
0.0
0.5
0.0
0.0
0.0
0.0
0.0
0.0
0.0
0.0
0.0
0.0
0.0
0.0
0.25
0.0
0.0
0.0
0.0
0.0
0.0
0.5
0.0
0.0
0.0
0.0
0.0
0.0
0.0
0.0
0.0
0.0
0.0
0.0
0.0
0.0
2.5
0.0
0.0
0.25
1.75
2.75
3.0
0.0
0.0
0.0
0.25
0.25
0.0
0.0
0.0
0.0
0.0
0.0
0.25
0.0
0.0
0.0
0.0
0.0
0.0
0.0
0.0
0.0
0.0
0.75
0.75
0.0
0.0
0.0
0.0
0.0
0.0
0.0
0.0
0.25
0.0
1.0
1.75
0.5
0.0
0.0
0.75
0.5
0.0
0.25
0.0
0.0
0.0
1.25
0.5
0.25
1.5
0.0
0.0
0.0
0.0
0.0
0.0
0.0
0.25
0.0
0.0
0.0
0.0
0.0
0.0
0.25
0.0
0.0
0.0
0.0
0.0
1.0
1.0
0.0
0.0
0.0
1.25
0.25
0.0
0.0
0.25
0.0
0.75
2.5
3.75
2.75
3.5
9.0
16.75
18.0
8.75
2.0
1.75
1.25
0.0
0.0
0.0
0.5
0.25
1.0
2.75
1.0
0.0
0.0
0.0
0.0
0.0
1.0
1.25
1.0
0.25
0.0
0.0
0.0
0.25
1.5
1.5
0.5
0.75
0.25
0.0
0.0
0.25
2.0
7.5
12.75
19.25
18.75
13.0
9.0
7.25
4.5
4.5
3.25
5.25
2.75
0.25
0.0
0.0
0.0
0.0
0.25
0.0
0.0
0.0
0.25
0.0
0.0
0.5
1.75
0.25
0.25
0.0
0.0
0.0
0.0
0.0
0.0
0.0
0.0
0.0
0.5
1.75
4.0
0.5
0.0
0.0
0.5
0.25
1.25
0.0
0.0
0.0
0.75
2.5
3.5
4.25
1.0
0.0
0.0
0.0
0.0
0.5
1.0
0.0
0.25
0.25
0.0
0.25
0.0
0.25
0.0
0.0
0.0
0.0
0.25
0.25
0.5
1.25
0.75
0.0
0.0
0.25
1.5
0.5
0.0
0.0
0.0
0.0
0.0
0.0
0.0
0.0
0.25
0.75
0.0
1.0
0.75
0.0
0.0
0.0
0.0
0.25
0.0
1.0
0.0
0.0
0.5
3.25
0.75
0.0
0.0
0.0
0.5
0.0
0.25
0.0
0.25
0.0
0.0
0.0
0.0
0.0
0.0
0.0
0.0
0.0
1.0
2.5
2.75
4.0
3.5
4.25
5.25
10.0
3.5
3.5
1.25
2.5
2.75
1.25
1.75
0.5
0.5
1.0
1.0
1.5
0.0
0.0
0.0
0.0
0.0
0.0
0.0
0.0
0.0
0.75
3.75
3.5
4.75
9.5
6.25
9.25
1.25
1.25
0.75
0.0
0.0
0.0
0.0
0.0
0.0
0.5
0.25
0.0
0.0
0.0
0.0
0.0
1.75
0.0
0.75
1.0
0.75
0.0
0.0
0.0
0.0
0.0
0.0
0.0
0.0
0.0
0.0
0.0
0.0
0.0
0.0
0.0
0.0
0.0
0.25
0.0
0.0
0.0
0.0
0.0
1.0
1.5
2.75
3.75
11.25
10.25
5.75
3.75
1.5
5.75
9.75
8.25
8.5
6.75
1.25
0.5
0.0
0.0
0.0
0.0
0.0
0.0
0.0
0.0
0.0
0.25
0.0
0.0
0.0
0.0
0.0
0.0
0.0
0.0
0.0
0.0
0.0
0.0
0.0
0.0
0.0
0.0
0.0
0.0
0.0
0.0
0.0
0.0
0.0
0.0
0.0
0.0
0.0
0.0
0.0
0.0
0.0
0.0
0.0
0.0
0.0
0.0
0.0
0.0
0.0
0.0
0.0
0.0
0.0
0.0
0.0
0.0
0.0
0.0
0.0
0.0
0.0
0.0
0.0
0.0
0.0
0.0
0.0
0.0
0.0
0.0
0.0
0.0
0.0
0.0
0.0
0.0
0.0
0.0
0.0
0.0
0.0
0.0
0.0
0.0
0.0
0.0
0.0
0.0
1.25
2.5
1.0
1.5
0.0
0.0
0.0
0.0
0.0
0.0
1.75
2.75
1.0
1.0
0.0
0.0
0.0
0.75
1.5
0.5
0.0
0.0
0.0
0.0
0.0
0.0
0.75
1.25
0.0
0.0
0.0
0.25
0.0
0.0
0.0
0.0
0.0
0.0
0.0
0.0
0.0
0.0
0.0
0.0
0.0
0.75
1.25
0.25
0.0
0.0
0.0
0.0
0.0
0.0
0.0
0.0
0.0
0.0
0.0
0.0
0.75
3.0
2.75
1.25
0.0
0.0
0.0
0.0
0.0
0.25
0.0
0.0
0.0
0.0
0.0
0.0
0.0
0.0
0.0
0.0
0.0
0.75
1.0
0.0
0.0
0.75
4.0
2.0
0.0
0.0
0.25
0.25
1.0
0.0
0.0
0.0
1.5
2.25
0.75
0.75
0.0
0.0
0.0
0.0
0.0
0.0
0.0
0.0
0.0
0.0
1.0
0.5
0.0
0.0
0.0
0.25
0.5
0.0
0.0
0.0
0.0
0.75
0.25
0.25
0.0
0.0
0.0
0.0
0.0
2.25
2.75
2.5
2.0
0.25
0.0
0.0
0.0
0.0
0.0
0.0
0.0
0.25
2.25
2.25
0.5
0.0
0.0
0.0
0.0
0.25
0.0
1.75
1.0
2.5
8.5
5.25
4.75
8.25
15.75
20.0
21.5
31.5
24.75
12.25
6.5
1.0
0.0
0.0
0.0
0.0
0.25
1.0
0.0
0.0
0.25
1.5
2.75
1.75
1.5
4.5
5.75
2.0
0.0
0.0
0.0
0.5
0.25
0.75
0.0
0.5
0.0
1.0
0.5
0.0
1.5
1.5
0.0
0.0
0.25
0.0
0.0
0.0
0.0
2.0
2.5
0.0
0.0
0.25
0.0
0.0
0.25
0.25
0.25
0.0
0.0
0.5
1.0
0.0
0.0
0.5
1.25
2.25
5.0
5.75
6.75
0.25
0.25
0.0
0.0
0.0
0.25
0.5
0.5
0.0
0.0
0.0
0.0
0.0
0.0
0.0
0.0
0.0
0.0
0.75
0.0
0.0
0.0
0.5
0.0
0.0
0.0
0.0
0.0
1.0
0.0
0.0
0.0
0.0
0.0
0.0
0.0
0.0
0.0
1.0
0.5
0.25
0.5
0.0
0.0
0.0
0.75
3.0
3.25
0.0
0.0
0.25
0.0
0.0
0.0
0.0
0.0
0.0
0.0
0.0
0.0
0.0
0.0
0.75
1.25
0.0
0.0
0.0
1.5
2.0
0.0
0.0
0.0
0.0
0.5
0.0
0.0
2.0
5.25
1.5
1.5
1.25
0.0
0.0
0.0
0.0
0.0
0.0
0.0
0.0
0.0
0.0
0.0
0.0
0.25
0.0
0.0
0.0
0.0
0.0
1.0
0.0
0.0
0.0
0.0
0.0
0.0
1.5
0.0
0.0
0.0
0.0
0.0
1.5
2.75
1.0
0.0
0.0
0.0
0.0
0.0
0.0
0.0
0.0
0.0
0.0
0.5
2.75
2.25
1.5
2.0
1.75
0.0
0.0
0.0
0.0
0.0
0.0
0.0
0.0
0.0
0.0
0.0
0.0
0.0
0.0
0.0
0.0
0.0
0.0
0.0
0.0
0.0
0.0
0.0
0.0
0.0
0.25
0.0
0.0
0.0
0.0
0.0
0.0
0.0
0.0
0.0
0.0
0.0
0.0
0.0
0.75
0.0
0.0
0.0
0.0
0.0
0.0
0.0
0.0
0.0
0.0
0.0
0.0
0.0
0.0
0.0
0.0
0.0
0.0
0.0
0.0
0.0
0.0
0.0
0.0
0.0
0.0
0.0
0.0
0.0
0.0
0.0
0.0
0.0
0.0
0.0
0.0
0.0
0.0
0.0
0.0
0.0
0.0
0.0
0.0
0.0
0.0
0.0
0.0
0.0
0.0
0.0
0.0
0.0
0.0
0.0
0.0
0.0
0.0
0.0
0.0
0.0
0.0
0.0
0.0
0.0
0.0
0.0
0.0
0.0
0.0
0.0
0.0
0.0
0.0
0.0
0.0
0.0
0.0
0.0
0.0
1.5
2.0
2.75
0.0
0.0
0.0
0.0
0.5
2.5
0.0
0.0
0.0
0.0
0.0
0.0
0.0
0.0
1.0
3.0
3.25
2.0
3.25
2.25
0.5
0.0
0.0
0.0
0.0
0.75
2.0
2.0
0.0
0.0
0.0
0.0
0.0
0.0
0.0
0.0
0.0
0.0
0.0
0.0
0.0
0.0
0.0
0.0
0.0
0.25
2.75
3.5
1.5
0.0
0.0
0.0
0.0
0.0
0.25
0.0
0.0
0.0
0.0
0.5
0.0
0.0
0.0
0.0
0.0
0.0
0.5
1.0
0.25
0.0
0.0
0.0
0.0
0.25
0.0
0.0
0.0
0.0
0.0
0.75
2.5
1.5
2.0
2.0
0.75
3.25
1.0
2.25
3.25
5.0
2.5
3.75
4.5
9.5
8.0
12.0
5.25
2.0
0.0
0.25
2.0
1.25
4.25
6.5
3.5
0.25
0.0
0.0
0.0
0.0
0.0
0.0
0.0
0.5
0.5
0.0
0.0
0.5
0.0
0.0
0.0
0.0
0.0
0.0
0.0
0.0
0.0
0.0
2.0
5.25
3.5
1.0
0.25
0.0
0.0
0.0
0.0
0.0
0.0
0.0
0.25
0.0
0.0
0.0
0.0
0.0
0.25
0.75
0.0
0.0
0.0
0.0
0.0
0.0
0.0
0.25
0.0
0.0
0.0
1.5
2.25
2.0
1.25
0.0
0.75
0.5
0.0
0.0
0.25
0.0
0.0
0.75
3.75
2.5
0.75
0.0
0.0
0.0
0.0
0.25
0.0
0.0
0.0
0.0
0.25
0.25
2.0
2.75
3.75
1.5
2.0
3.5
5.5
10.0
13.25
12.5
13.0
10.0
8.75
6.5
7.5
6.25
9.5
7.0
5.0
3.75
2.75
0.5
2.25
0.25
1.5
3.25
0.5
2.5
0.5
0.0
0.0
0.75
1.75
2.75
2.0
0.0
0.0
0.0
0.0
0.0
0.0
0.25
0.0
0.0
0.0
0.0
0.0
0.0
0.0
0.0
1.0
3.0
4.25
8.0
7.5
10.5
17.5
25.0
21.75
14.0
10.5
19.25
19.0
11.25
17.0
11.0
3.25
3.0
2.25
2.75
0.75
3.25
1.75
0.5
0.0
0.0
0.0
2.0
0.75
0.0
0.0
0.0
0.0
0.0
0.0
0.0
0.0
0.0
0.0
0.25
0.75
0.0
0.75
0.0
0.0
0.0
0.0
0.5
0.0
0.5
1.0
5.25
0.25
0.5
0.25
2.5
2.0
1.0
0.5
3.0
7.0
7.5
2.75
0.0
0.0
0.0
0.0
0.0
0.0
0.0
0.0
0.0
0.5
2.25
2.25
2.0
1.25
0.25
0.0
0.0
0.5
0.75
0.0
0.0
0.0
0.0
0.25
0.25
0.0
0.0
0.0
0.0
0.5
1.25
2.75
3.5
2.0
2.25
2.5
2.75
3.75
4.25
6.5
4.5
7.5
7.25
6.25
5.5
6.75
3.25
0.5
0.0
0.0
0.0
0.5
0.0
0.0
0.75
2.5
1.5
0.0
0.0
0.0
0.5
0.5
0.0
0.0
0.0
0.0
0.0
0.0
0.0
0.0
0.0
0.0
0.0
0.0
0.0
0.0
0.0
0.0
0.0
0.25
0.75
0.0
0.0
0.25
0.0
0.0
0.0
0.0
1.0
0.5
2.25
3.75
1.5
2.75
0.5
0.0
0.0
0.0
0.0
0.0
0.0
0.0
0.0
0.0
0.0
0.0
0.0
0.0
0.0
0.0
0.0
0.0
0.25
0.0
0.0
0.0
0.0
0.0
0.0
0.0
0.0
0.0
0.0
0.0
0.0
0.0
0.0
0.0
0.0
0.0
0.0
0.0
0.0
0.0
0.0
0.0
0.0
0.0
0.0
0.0
0.0
0.0
0.0
0.0
0.0
0.0
0.0
0.0
0.0
0.0
0.0
0.0
0.0
0.0
0.0
0.0
0.0
0.0
0.0
0.0
0.0

Average_Alpha:
0.25001
0.25005
0.2500900000000001
0.2501300000000001
0.25017000000000017
0.25021000000000015
0.2502500000000003
0.25029000000000023
0.25033000000000033
0.2503700000000003
0.2504100000000004
0.2504500000000004
0.25049000000000055
0.2505300000000005
0.25057000000000057
0.2506100000000005
0.25065000000000065
0.25069000000000063
0.25073000000000073
0.2507700000000007
0.2508100000000008
0.25085000000000074
0.2508900000000009
0.2509300000000009
0.25097000000000097
0.25101000000000095
0.25105000000000105
0.25109000000000103
0.25113000000000113
0.2511700000000011
0.2512100000000012
0.2512500000000012
0.2512900000000013
0.2513300000000013
0.25137000000000137
0.25141000000000135
0.25145000000000145
0.25149000000000143
0.2515300000000016
0.2515700000000015
0.2516100000000016
0.2516500000000016
0.2516900000000017
0.2517300000000017
0.2517700000000018
0.25181000000000175
0.25185000000000185
0.2518900000000018
0.25193000000000193
0.2519700000000019
0.252010000000002
0.252050000000002
0.2520900000000021
0.25210000000000204
0.25211000000000217
0.25215000000000215
0.25219000000000225
0.25223000000000223
0.2522700000000023
0.2523100000000023
0.25235000000000246
0.2523500000000024
0.2523200000000025
0.25236000000000247
0.25240000000000257
0.25244000000000255
0.25248000000000265
0.25252000000000263
0.2525500000000027
0.25247000000000275
0.2524900000000028
0.2525300000000028
0.2525700000000029
0.2526100000000029
0.252650000000003
0.25268000000000296
0.2526900000000031
0.252730000000003
0.25277000000000316
0.25281000000000314
0.2528200000000032
0.2528000000000032
0.2528400000000033
0.25288000000000327
0.25292000000000336
0.2529300000000034
0.2529700000000034
0.25301000000000345
0.25305000000000355
0.25309000000000353
0.25313000000000363
0.2531700000000036
0.25321000000000365
0.25325000000000364
0.2532900000000038
0.25332000000000376
0.25336000000000386
0.25340000000000384
0.25344000000000394
0.2534800000000039
0.253490000000004
0.253510000000004
0.2535000000000041
0.2535300000000041
0.2535700000000042
0.2536100000000041
0.25365000000000426
0.25369000000000425
0.25373000000000434
0.2537700000000043
0.2538100000000044
0.2538400000000044
0.2538100000000045
0.25380000000000447
0.2537400000000046
0.25365000000000454
0.2536200000000047
0.2536600000000046
0.25370000000000476
0.25374000000000474
0.2537800000000048
0.25382000000000476
0.2538600000000049
0.2538900000000049
0.253930000000005
0.25397000000000497
0.25401000000000507
0.25405000000000505
0.25409000000000515
0.25413000000000513
0.2541700000000052
0.2542000000000052
0.2542400000000053
0.2542800000000053
0.2543100000000054
0.25423000000000534
0.2539300000000055
0.25357000000000546
0.2533000000000056
0.25299000000000554
0.25263000000000563
0.2522400000000056
0.25179000000000573
0.2516300000000057
0.25127000000000577
0.25068000000000573
0.25014000000000586
0.24967000000000583
0.24930000000000593
0.24892000000000597
0.248520000000006
0.24803000000000602
0.24756000000000608
0.24713000000000607
0.2466400000000062
0.2460700000000062
0.2454400000000062
0.24490000000000628
0.24450000000000632
0.24424000000000634
0.24414000000000638
0.24402000000000643
0.24403000000000646
0.2440700000000065
0.24411000000000654
0.24415000000000658
0.24419000000000662
0.24423000000000666
0.2442500000000067
0.24429000000000672
0.2443300000000068
0.24437000000000683
0.24441000000000687
0.24445000000000688
0.24449000000000695
0.24453000000000696
0.24457000000000703
0.24461000000000707
0.24465000000000708
0.24469000000000715
0.2447300000000072
0.24477000000000723
0.24481000000000727
0.2448500000000073
0.24489000000000738
0.2449300000000074
0.2449700000000074
0.24501000000000747
0.2450500000000075
0.24509000000000752
0.2451300000000076
0.2451700000000076
0.24521000000000764
0.2452500000000077
0.24528000000000777
0.24532000000000778
0.24536000000000782
0.24540000000000786
0.2454400000000079
0.24548000000000791
0.245520000000008
0.24556000000000802
0.24557000000000806
0.24561000000000807
0.24561000000000816
0.24547000000000818
0.24494000000000823
0.24437000000000828
0.2439600000000083
0.24381000000000835
0.24381000000000838
0.24383000000000843
0.24387000000000847
0.24391000000000848
0.24392000000000855
0.2439600000000086
0.24400000000000863
0.24404000000000867
0.2440800000000087
0.24412000000000875
0.2441300000000088
0.24415000000000883
0.24414000000000888
0.24418000000000892
0.24422000000000896
0.24421000000000895
0.24424000000000906
0.24422000000000907
0.2441500000000091
0.24416000000000918
0.2442000000000092
0.24424000000000923
0.24428000000000927
0.2442800000000093
0.24429000000000933
0.2443300000000094
0.2443700000000094
0.24441000000000945
0.24445000000000952
0.24446000000000953
0.2443900000000096
0.2443100000000096
0.24425000000000965
0.2441900000000097
0.24418000000000972
0.24422000000000976
0.24421000000000984
0.24421000000000986
0.24416000000000992
0.24420000000000994
0.24424000000000998
0.24425000000001004
0.24428000000001007
0.2443200000000101
0.24436000000001012
0.24440000000001022
0.24436000000001024
0.24427000000001026
0.2442300000000103
0.24422000000001035
0.24422000000001037
0.2442600000000104
0.24430000000001048
0.2443400000000105
0.24438000000001053
0.2444200000000106
0.24446000000001064
0.24448000000001066
0.2445200000000107
0.24456000000001074
0.24460000000001075
0.24463000000001078
0.24467000000001088
0.2447000000000109
0.24474000000001095
0.24478000000001096
0.24482000000001103
0.24486000000001104
0.2448900000000111
0.2449300000000111
0.24497000000001118
0.24500000000001124
0.24503000000001127
0.2450700000000113
0.24510000000001134
0.24514000000001135
0.24518000000001144
0.24522000000001146
0.2452600000000115
0.24530000000001156
0.24534000000001158
0.2453800000000116
0.24542000000001166
0.2454600000000117
0.24550000000001176
0.24554000000001178
0.24558000000001182
0.24562000000001186
0.24565000000001191
0.24568000000001194
0.24572000000001196
0.24576000000001202
0.24580000000001206
0.2458400000000121
0.24588000000001217
0.24592000000001218
0.24596000000001222
0.24600000000001224
0.2460400000000123
0.24605000000001234
0.2460500000000124
0.24604000000001242
0.24607000000001245
0.24609000000001252
0.24613000000001253
0.24617000000001257
0.24621000000001264
0.24625000000001268
0.2462900000000127
0.24629000000001275
0.24630000000001281
0.24631000000001282
0.24628000000001288
0.2463200000000129
0.24636000000001296
0.24637000000001297
0.24641000000001304
0.24645000000001308
0.24649000000001312
0.24653000000001316
0.24656000000001319
0.24655000000001323
0.24633000000001326
0.2460900000000133
0.24591000000001334
0.24586000000001337
0.2458700000000134
0.24591000000001348
0.2459500000000135
0.24597000000001357
0.24601000000001358
0.24603000000001363
0.24602000000001367
0.24604000000001372
0.24607000000001375
0.2461100000000138
0.24614000000001382
0.24613000000001387
0.24594000000001393
0.24595000000001394
0.245990000000014
0.24603000000001402
0.24607000000001408
0.24610000000001409
0.24614000000001415
0.2461800000000142
0.24622000000001423
0.24626000000001425
0.2463000000000143
0.24634000000001433
0.24638000000001437
0.2464100000000144
0.2463900000000145
0.2463800000000145
0.24631000000001455
0.24624000000001459
0.2461500000000146
0.24611000000001468
0.24604000000001472
0.24605000000001473
0.24609000000001477
0.24613000000001484
0.24617000000001485
0.24620000000001488
0.24617000000001496
0.24604000000001497
0.246000000000015
0.24587000000001508
0.24573000000001508
0.2455100000000151
0.2453000000000152
0.24479000000001522
0.24439000000001526
0.24406000000001532
0.24377000000001534
0.24364000000001537
0.2435700000000154
0.24351000000001546
0.24355000000001548
0.24359000000001554
0.2436100000000156
0.2436500000000156
0.24369000000001567
0.2437300000000157
0.24377000000001572
0.24381000000001576
0.24385000000001583
0.24389000000001587
0.24393000000001588
0.24397000000001595
0.24400000000001598
0.24404000000001602
0.24408000000001606
0.2441200000000161
0.24416000000001614
0.24420000000001618
0.24424000000001625
0.24428000000001626
0.24431000000001632
0.24434000000001635
0.24438000000001636
0.24442000000001646
0.24446000000001647
0.2445000000000165
0.24454000000001652
0.2445800000000166
0.2446200000000166
0.2446500000000167
0.2446700000000167
0.24471000000001675
0.24472000000001679
0.24461000000001684
0.24449000000001686
0.2444200000000169
0.24422000000001695
0.243870000000017
0.243240000000017
0.2427200000000171
0.24240000000001707
0.2420200000000171
0.24147000000001717
0.2408300000000172
0.24055000000001722
0.24050000000001728
0.24036000000001734
0.24013000000001739
0.23978000000001742
0.23948000000001743
0.2391000000000175
0.23865000000001754
0.23852000000001755
0.23855000000001764
0.23859000000001765
0.2386300000000177
0.23867000000001776
0.23871000000001777
0.23875000000001778
0.23879000000001788
0.2388300000000179
0.2388700000000179
0.238910000000018
0.238950000000018
0.23893000000001804
0.2388300000000181
0.23869000000001814
0.23863000000001816
0.23866000000001822
0.2386500000000183
0.2386800000000183
0.23872000000001833
0.23876000000001835
0.23880000000001844
0.23884000000001845
0.2388800000000185
0.23892000000001853
0.23896000000001857
0.2390000000000186
0.23904000000001865
0.2390800000000187
0.23912000000001873
0.23916000000001877
0.2391900000000188
0.23923000000001887
0.2392700000000189
0.23931000000001892
0.23935000000001896
0.239390000000019
0.23943000000001904
0.23947000000001906
0.23951000000001915
0.23955000000001916
0.2395900000000192
0.23963000000001927
0.23967000000001928
0.2397100000000193
0.2397500000000194
0.2397900000000194
0.23983000000001944
0.2398700000000195
0.23991000000001952
0.23995000000001956
0.23999000000001963
0.24003000000001964
0.2400700000000197
0.2401100000000197
0.2401500000000198
0.24019000000001983
0.24023000000001984
0.24027000000001988
0.24031000000001992
0.24035000000001996
0.24039000000002
0.24043000000002004
0.24047000000002008
0.24051000000002015
0.2405500000000202
0.2405900000000202
0.24063000000002024
0.24067000000002028
0.24071000000002032
0.24075000000002034
0.24079000000002043
0.24083000000002044
0.24087000000002048
0.24091000000002055
0.24095000000002056
0.24099000000002058
0.24103000000002067
0.24107000000002068
0.24111000000002072
0.2411500000000208
0.2411900000000208
0.24123000000002084
0.2412700000000209
0.24131000000002092
0.241350000000021
0.24139000000002098
0.24143000000002107
0.2414700000000211
0.24151000000002112
0.24155000000002116
0.2415900000000212
0.24163000000002124
0.2416500000000213
0.2416900000000213
0.2417300000000214
0.2417700000000214
0.24181000000002145
0.2418500000000215
0.24189000000002153
0.24193000000002154
0.24197000000002164
0.24201000000002165
0.2420500000000217
0.24205000000002172
0.24209000000002182
0.2421000000000218
0.24207000000002185
0.24199000000002185
0.24201000000002193
0.24205000000002194
0.24209000000002204
0.24213000000002205
0.24217000000002206
0.24221000000002213
0.24225000000002217
0.24229000000002218
0.24233000000002228
0.2423400000000223
0.24238000000002233
0.24242000000002237
0.2424600000000224
0.24250000000002245
0.24254000000002252
0.24258000000002253
0.24262000000002257
0.24264000000002262
0.24268000000002266
0.24272000000002267
0.24276000000002274
0.24280000000002278
0.24284000000002282
0.24288000000002286
0.24292000000002287
0.2429600000000229
0.243000000000023
0.243040000000023
0.24308000000002306
0.2431200000000231
0.24316000000002314
0.24320000000002318
0.2432400000000232
0.24328000000002323
0.2433200000000233
0.2433600000000233
0.2434000000000234
0.24343000000002343
0.24346000000002346
0.24350000000002348
0.24352000000002352
0.24344000000002358
0.2431900000000236
0.24283000000002367
0.2425500000000237
0.24209000000002373
0.24174000000002377
0.2416600000000238
0.24166000000002386
0.24168000000002388
0.24172000000002394
0.24176000000002398
0.241800000000024
0.24184000000002404
0.2418800000000241
0.24192000000002412
0.24196000000002418
0.24200000000002422
0.24204000000002426
0.2420700000000243
0.24211000000002433
0.24215000000002437
0.2421200000000244
0.24214000000002445
0.24217000000002445
0.24221000000002454
0.24225000000002456
0.2422900000000246
0.24233000000002466
0.24237000000002468
0.24241000000002472
0.24244000000002475
0.24248000000002481
0.24245000000002484
0.2424800000000249
0.2425200000000249
0.24256000000002495
0.24260000000002505
0.24262000000002504
0.2426600000000251
0.24270000000002512
0.24273000000002518
0.24277000000002522
0.24277000000002524
0.24270000000002528
0.24272000000002533
0.24276000000002537
0.2428000000000254
0.24284000000002545
0.2428500000000255
0.2427600000000255
0.24272000000002555
0.2427500000000256
0.24279000000002565
0.24283000000002566
0.24287000000002573
0.24291000000002577
0.24295000000002578
0.24297000000002583
0.24301000000002587
0.24305000000002594
0.24309000000002595
0.24313000000002602
0.24317000000002606
0.2432100000000261
0.2432500000000261
0.24329000000002618
0.2433300000000262
0.24331000000002626
0.2432700000000263
0.2433100000000263
0.2433500000000264
0.24339000000002642
0.24343000000002643
0.24346000000002646
0.24345000000002653
0.24335000000002657
0.24329000000002662
0.24327000000002663
0.24323000000002667
0.24319000000002672
0.24322000000002678
0.24324000000002682
0.24328000000002686
0.24332000000002688
0.24336000000002692
0.24340000000002698
0.243440000000027
0.24348000000002704
0.2435200000000271
0.24356000000002712
0.24360000000002716
0.24364000000002722
0.24368000000002724
0.24371000000002727
0.24371000000002732
0.24374000000002735
0.2437700000000274
0.24376000000002745
0.24379000000002748
0.24383000000002755
0.24384000000002756
0.2438600000000276
0.24390000000002765
0.2439400000000277
0.24398000000002773
0.24402000000002774
0.2440600000000278
0.24410000000002788
0.2441400000000279
0.24414000000002792
0.24404000000002798
0.243780000000028
0.24333000000002805
0.24261000000002808
0.24208000000002816
0.24176000000002817
0.24171000000002824
0.24175000000002825
0.2417900000000283
0.24182000000002832
0.2417900000000284
0.2416300000000284
0.24138000000002843
0.24119000000002846
0.24117000000002853
0.24115000000002856
0.2411900000000286
0.24123000000002867
0.2412600000000287
0.24123000000002873
0.24112000000002876
0.2409700000000288
0.24093000000002882
0.24080000000002888
0.24079000000002893
0.24083000000002897
0.240870000000029
0.24091000000002905
0.24095000000002909
0.24098000000002912
0.2409600000000292
0.24100000000002922
0.24104000000002923
0.2410800000000293
0.24112000000002934
0.2411400000000294
0.2411500000000294
0.24119000000002944
0.2412300000000295
0.2412500000000295
0.24128000000002955
0.24128000000002958
0.24130000000002963
0.2411500000000297
0.2409600000000297
0.24078000000002975
0.2407100000000298
0.24072000000002985
0.24069000000002988
0.24057000000002995
0.24048000000002998
0.24041000000003002
0.24027000000003004
0.24020000000003006
0.24016000000003013
0.24019000000003018
0.2402300000000302
0.2402700000000302
0.2402400000000303
0.24019000000003035
0.24019000000003035
0.2402300000000304
0.24026000000003045
0.2402100000000305
0.24014000000003052
0.24002000000003057
0.2398700000000306
0.23974000000003065
0.23966000000003068
0.23964000000003075
0.23967000000003078
0.2395700000000308
0.23941000000003082
0.23942000000003089
0.2394600000000309
0.23950000000003094
0.23949000000003098
0.239520000000031
0.2395000000000311
0.2394800000000311
0.23942000000003116
0.2394100000000312
0.23926000000003125
0.23917000000003127
0.23912000000003134
0.23895000000003136
0.23869000000003143
0.23792000000003144
0.2367400000000315
0.2359100000000315
0.23477000000003156
0.2336600000000316
0.23274000000003162
0.23203000000003166
0.23173000000003172
0.23162000000003174
0.23149000000003178
0.23149000000003184
0.23153000000003185
0.23154000000003191
0.23158000000003195
0.23162000000003197
0.23164000000003204
0.23154000000003208
0.23136000000003212
0.23132000000003217
0.2312900000000322
0.23119000000003223
0.23110000000003228
0.23114000000003232
0.23118000000003236
0.23122000000003237
0.23125000000003246
0.23129000000003244
0.23130000000003254
0.23130000000003256
0.2313400000000326
0.23137000000003263
0.23141000000003267
0.23145000000003274
0.23149000000003275
0.2315300000000328
0.23157000000003286
0.23161000000003287
0.23163000000003292
0.23167000000003293
0.231710000000033
0.231750000000033
0.23179000000003308
0.23183000000003312
0.23186000000003315
0.2318800000000332
0.2319200000000332
0.23196000000003325
0.23200000000003332
0.23203000000003338
0.23199000000003336
0.2319800000000334
0.23195000000003346
0.2319700000000335
0.23201000000003355
0.2320500000000336
0.23209000000003363
0.23213000000003367
0.2321700000000337
0.23221000000003375
0.23225000000003376
0.23229000000003383
0.23233000000003387
0.2323600000000339
0.23221000000003397
0.232070000000034
0.23198000000003408
0.23171000000003406
0.23140000000003413
0.23135000000003417
0.2312600000000342
0.23123000000003424
0.2312600000000343
0.2312900000000343
0.23125000000003437
0.2312100000000344
0.23112000000003444
0.23107000000003444
0.2311100000000345
0.23115000000003455
0.23119000000003462
0.23122000000003462
0.23126000000003466
0.23130000000003467
0.23130000000003478
0.23134000000003477
0.23138000000003484
0.23142000000003485
0.23146000000003494
0.23150000000003496
0.231540000000035
0.23158000000003504
0.2315500000000351
0.2315700000000351
0.23161000000003515
0.23165000000003516
0.23169000000003523
0.23172000000003526
0.23176000000003533
0.23180000000003534
0.23184000000003538
0.23188000000003542
0.23192000000003546
0.2319400000000355
0.23190000000003555
0.2317800000000356
0.23182000000003564
0.23186000000003565
0.23190000000003574
0.23194000000003576
0.2319800000000358
0.2320200000000358
0.23206000000003588
0.23210000000003592
0.23214000000003596
0.232170000000036
0.23213000000003603
0.23210000000003606
0.23194000000003612
0.23182000000003614
0.2316600000000362
0.23139000000003626
0.23108000000003628
0.23104000000003633
0.23102000000003636
0.23093000000003638
0.23079000000003644
0.23061000000003645
0.23052000000003653
0.23052000000003656
0.2305600000000366
0.23060000000003664
0.23064000000003668
0.2306800000000367
0.23071000000003675
0.23072000000003678
0.23076000000003682
0.23080000000003686
0.23084000000003693
0.23088000000003694
0.23092000000003696
0.230920000000037
0.23085000000003708
0.2308700000000371
0.23091000000003714
0.23095000000003718
0.23099000000003725
0.23103000000003726
0.2310700000000373
0.23111000000003737
0.23107000000003738
0.23099000000003742
0.23094000000003748
0.2309600000000375
0.23100000000003756
0.2310400000000376
0.23108000000003764
0.23112000000003766
0.23116000000003772
0.23120000000003774
0.2312400000000378
0.23128000000003784
0.23132000000003788
0.2313600000000379
0.23140000000003794
0.23144000000003798
0.23148000000003804
0.23152000000003806
0.23156000000003812
0.23160000000003816
0.23164000000003818
0.23168000000003824
0.23172000000003828
0.2317600000000383
0.23180000000003836
0.2318400000000384
0.23188000000003842
0.23192000000003843
0.23196000000003852
0.23200000000003854
0.23204000000003858
0.23208000000003862
0.23212000000003866
0.23216000000003872
0.23220000000003876
0.23224000000003878
0.23228000000003884
0.23232000000003888
0.23236000000003892
0.23240000000003894
0.232440000000039
0.23248000000003902
0.23252000000003908
0.23256000000003912
0.23260000000003916
0.23264000000003918
0.23268000000003922
0.23272000000003926
0.23276000000003932
0.23280000000003934
0.2328400000000394
0.23288000000003944
0.23292000000003946
0.23296000000003952
0.23300000000003956
0.23304000000003958
0.23308000000003964
0.23312000000003968
0.2331600000000397
0.2332000000000397
0.2332400000000398
0.23328000000003982
0.23332000000003986
0.2333600000000399
0.23340000000003994
0.23344000000004
0.23348000000004004
0.23352000000004006
0.23356000000004012
0.23360000000004016
0.2336400000000402
0.23368000000004022
0.23372000000004028
0.2337600000000403
0.23380000000004036
0.2338400000000404
0.23388000000004044
0.23392000000004046
0.2339600000000405
0.23400000000004054
0.2340400000000406
0.23408000000004062
0.23412000000004068
0.23416000000004072
0.23420000000004074
0.2342400000000408
0.23428000000004084
0.23432000000004086
0.23436000000004092
0.23440000000004096
0.23444000000004098
0.234480000000041
0.23452000000004108
0.2345600000000411
0.23460000000004114
0.23464000000004118
0.23468000000004122
0.23472000000004128
0.23476000000004132
0.23480000000004134
0.2348400000000414
0.23488000000004144
0.23492000000004148
0.2349600000000415
0.23500000000004156
0.23504000000004158
0.23508000000004164
0.23512000000004168
0.23516000000004172
0.23520000000004174
0.23524000000004178
0.23528000000004182
0.23532000000004188
0.2353600000000419
0.23540000000004196
0.235440000000042
0.23548000000004202
0.23549000000004208
0.2354500000000421
0.23544000000004214
0.23548000000004218
0.23552000000004222
0.2355600000000423
0.2356000000000423
0.23564000000004234
0.23568000000004238
0.23572000000004242
0.23576000000004246
0.23580000000004253
0.23584000000004254
0.2358800000000426
0.23592000000004265
0.23596000000004266
0.23600000000004268
0.23601000000004274
0.23605000000004278
0.23609000000004282
0.23613000000004286
0.23617000000004293
0.23621000000004294
0.236250000000043
0.23629000000004302
0.23633000000004306
0.23633000000004312
0.23637000000004316
0.2364000000000432
0.23644000000004323
0.23648000000004327
0.23652000000004333
0.23656000000004337
0.23658000000004342
0.2365700000000434
0.23661000000004348
0.23663000000004353
0.23667000000004357
0.23671000000004358
0.23675000000004362
0.2367900000000437
0.2368300000000437
0.23687000000004374
0.2369100000000438
0.23695000000004385
0.2369900000000439
0.2370300000000439
0.23707000000004394
0.23711000000004398
0.23714000000004404
0.23718000000004405
0.2372200000000441
0.23726000000004416
0.2373000000000442
0.23734000000004424
0.23738000000004428
0.23740000000004433
0.23744000000004437
0.23748000000004438
0.23752000000004445
0.23756000000004449
0.2376000000000445
0.23764000000004454
0.23768000000004458
0.23772000000004465
0.23776000000004466
0.2378000000000447
0.23784000000004477
0.23788000000004478
0.23792000000004485
0.23796000000004489
0.2379000000000449
0.23794000000004495
0.23798000000004502
0.23801000000004502
0.23798000000004507
0.2379100000000451
0.23783000000004514
0.23787000000004518
0.23791000000004522
0.23795000000004526
0.23798000000004532
0.23801000000004535
0.23805000000004536
0.23809000000004546
0.23813000000004547
0.23817000000004548
0.23821000000004558
0.2382500000000456
0.23828000000004565
0.23832000000004566
0.2383600000000457
0.23840000000004574
0.23844000000004578
0.23848000000004582
0.2385200000000459
0.23856000000004593
0.23860000000004594
0.238640000000046
0.23868000000004602
0.23869000000004606
0.23870000000004613
0.2387400000000461
0.23878000000004618
0.23882000000004622
0.23886000000004629
0.2389000000000463
0.23894000000004637
0.2389800000000464
0.23902000000004642
0.23905000000004645
0.2390900000000465
0.23909000000004654
0.23906000000004662
0.23908000000004662
0.23912000000004668
0.2391600000000467
0.23917000000004673
0.23919000000004678
0.23923000000004682
0.23926000000004685
0.23930000000004692
0.23934000000004693
0.239380000000047
0.23937000000004705
0.2393900000000471
0.23942000000004712
0.23940000000004716
0.23944000000004717
0.23948000000004724
0.23952000000004728
0.2395600000000473
0.23960000000004736
0.2396400000000474
0.2396800000000474
0.23971000000004747
0.2397500000000475
0.23979000000004755
0.23983000000004756
0.23987000000004763
0.23991000000004767
0.2399500000000477
0.23998000000004774
0.24002000000004778
0.24006000000004782
0.2401000000000479
0.2401400000000479
0.24018000000004794
0.240180000000048
0.24018000000004805
0.24022000000004806
0.2402600000000481
0.24030000000004817
0.2402900000000482
0.24032000000004822
0.24036000000004829
0.2404000000000483
0.24043000000004836
0.24047000000004837
0.24048000000004846
0.24042000000004846
0.2403100000000485
0.24024000000004855
0.2401400000000486
0.23982000000004863
0.23919000000004867
0.2385100000000487
0.23820000000004876
0.2381600000000488
0.23813000000004883
0.23812000000004885
0.23816000000004892
0.23820000000004893
0.238240000000049
0.23826000000004902
0.23829000000004907
0.2382900000000491
0.23822000000004914
0.2382200000000492
0.2382600000000492
0.23830000000004925
0.23834000000004932
0.23838000000004933
0.23842000000004943
0.23842000000004943
0.23841000000004947
0.2384100000000495
0.23844000000004956
0.2384800000000496
0.2385200000000496
0.23856000000004965
0.2385900000000497
0.23857000000004974
0.2385500000000498
0.23857000000004983
0.2385800000000499
0.23861000000004992
0.23865000000004993
0.23869000000004997
0.23872000000005003
0.23868000000005005
0.2384200000000501
0.23795000000005015
0.2372200000000502
0.23651000000005024
0.23603000000005028
0.23571000000005032
0.23546000000005035
0.23532000000005038
0.23518000000005043
0.23509000000005045
0.2349200000000505
0.23485000000005055
0.23488000000005058
0.23492000000005062
0.23496000000005068
0.23500000000005067
0.23504000000005076
0.2350700000000508
0.23511000000005083
0.23515000000005085
0.23519000000005091
0.23522000000005097
0.23526000000005098
0.235300000000051
0.23532000000005104
0.23529000000005112
0.23532000000005115
0.23535000000005118
0.23539000000005125
0.2354300000000513
0.2354700000000513
0.23551000000005134
0.23555000000005138
0.23559000000005142
0.23563000000005146
0.23567000000005148
0.23571000000005157
0.23573000000005156
0.23570000000005162
0.23558000000005166
0.23560000000005168
0.23564000000005175
0.2356800000000518
0.23570000000005184
0.23573000000005187
0.23572000000005192
0.23576000000005196
0.235800000000052
0.23584000000005204
0.2358500000000521
0.23579000000005212
0.23569000000005214
0.23556000000005217
0.23556000000005223
0.23560000000005227
0.2356400000000523
0.23568000000005235
0.2357200000000524
0.2357400000000524
0.23574000000005246
0.2357800000000525
0.23581000000005256
0.2358400000000526
0.23588000000005263
0.23591000000005266
0.23595000000005267
0.23598000000005276
0.2360200000000528
0.2360600000000528
0.23610000000005288
0.23614000000005292
0.23617000000005295
0.23620000000005298
0.23622000000005303
0.23621000000005307
0.2362200000000531
0.23626000000005315
0.2363000000000532
0.23633000000005322
0.23631000000005326
0.2363300000000533
0.23637000000005334
0.2364100000000534
0.23645000000005342
0.23649000000005346
0.23653000000005353
0.23657000000005354
0.23661000000005358
0.23665000000005365
0.23668000000005368
0.2366900000000537
0.23673000000005373
0.2367300000000538
0.23674000000005385
0.23678000000005386
0.2368200000000539
0.23686000000005397
0.23690000000005398
0.23693000000005404
0.23697000000005405
0.23697000000005408
0.23701000000005415
0.2370500000000542
0.2370700000000542
0.23698000000005426
0.2369900000000543
0.2370300000000543
0.2370700000000544
0.23711000000005442
0.23713000000005446
0.23717000000005453
0.23720000000005456
0.23724000000005457
0.2372700000000546
0.23731000000005464
0.2373500000000547
0.23739000000005472
0.23743000000005476
0.23747000000005483
0.23751000000005484
0.2375500000000549
0.23759000000005495
0.23763000000005496
0.23763000000005502
0.23757000000005507
0.2375000000000551
0.23738000000005513
0.23728000000005517
0.23715000000005523
0.23698000000005526
0.2366200000000553
0.23652000000005535
0.2364200000000554
0.23641000000005544
0.23635000000005543
0.2362800000000555
0.23627000000005552
0.2362400000000556
0.23626000000005565
0.23628000000005567
0.23628000000005567
0.23628000000005572
0.23626000000005576
0.23630000000005583
0.23634000000005584
0.2363800000000559
0.23642000000005595
0.23646000000005596
0.236500000000056
0.23654000000005607
0.23658000000005608
0.23662000000005615
0.23663000000005616
0.2365200000000562
0.23642000000005625
0.23627000000005632
0.23593000000005634
0.23572000000005638
0.23539000000005644
0.23538000000005646
0.2353700000000565
0.23538000000005654
0.23542000000005658
0.23546000000005662
0.23550000000005666
0.2355400000000567
0.23558000000005674
0.23562000000005676
0.23564000000005683
0.23567000000005686
0.2357100000000569
0.23575000000005694
0.23579000000005698
0.23583000000005702
0.23587000000005706
0.23584000000005712
0.23588000000005713
0.23589000000005717
0.23589000000005722
0.23590000000005729
0.2359400000000573
0.23598000000005734
0.2360200000000574
0.23606000000005742
0.23610000000005746
0.2361400000000575
0.23618000000005754
0.2362200000000576
0.23626000000005762
0.2363000000000577
0.2363400000000577
0.23638000000005774
0.23642000000005778
0.23646000000005782
0.23650000000005786
0.2365400000000579
0.23658000000005797
0.236610000000058
0.236650000000058
0.23669000000005808
0.23673000000005812
0.23677000000005813
0.23681000000005817
0.2368100000000582
0.23679000000005826
0.2367200000000583
0.23661000000005833
0.23620000000005836
0.2358300000000584
0.23564000000005847
0.2355300000000585
0.23551000000005853
0.23532000000005857
0.2349700000000586
0.23468000000005868
0.2343800000000587
0.23415000000005873
0.23414000000005877
0.2341600000000588
0.23420000000005883
0.2342400000000589
0.2342800000000589
0.234320000000059
0.23436000000005902
0.23440000000005903
0.2344400000000591
0.23448000000005914
0.23452000000005915
0.23455000000005924
0.23459000000005925
0.2346300000000593
0.23467000000005933
0.23471000000005937
0.2347500000000594
0.23479000000005948
0.2348300000000595
0.23487000000005956
0.2349100000000596
0.2349500000000596
0.23499000000005965
0.2350300000000597
0.23507000000005973
0.23511000000005974
0.23515000000005984
0.23519000000005985
0.2352300000000599
0.23527000000005996
0.23531000000005997
0.23535000000005998
0.23539000000006005
0.2354300000000601
0.2354700000000601
0.2355100000000602
0.2355500000000602
0.23559000000006025
0.23563000000006032
0.23567000000006033
0.23571000000006037
0.2357500000000604
0.23579000000006045
0.23583000000006052
0.23587000000006053
0.23591000000006057
0.2359500000000606
0.23599000000006065
0.2360300000000607
0.23607000000006076
0.23611000000006077
0.23615000000006084
0.23619000000006088
0.2362300000000609
0.23627000000006093
0.23631000000006097
0.236350000000061
0.23639000000006102
0.23643000000006112
0.23647000000006113
0.23651000000006117
0.23655000000006124
0.23659000000006125
0.23663000000006126
0.23667000000006133
0.23671000000006137
0.23675000000006138
0.23679000000006148
0.2368300000000615
0.23687000000006153
0.2369100000000616
0.2369500000000616
0.23699000000006165
0.2370300000000617
0.23707000000006173
0.2371100000000618
0.2371500000000618
0.23719000000006185
0.2372300000000619
0.23727000000006193
0.23731000000006197
0.23735000000006204
0.23739000000006205
0.23743000000006212
0.23747000000006216
0.23751000000006217
0.2375500000000622
0.23759000000006225
0.2376300000000623
0.2376700000000623
0.23766000000006238
0.2376000000000624
0.23760000000006243
0.23758000000006252
0.23762000000006253
0.23766000000006254
0.2377000000000626
0.23774000000006265
0.23778000000006266
0.23782000000006276
0.23779000000006278
0.2377200000000628
0.23772000000006288
0.2377200000000629
0.23776000000006295
0.237800000000063
0.237840000000063
0.23785000000006307
0.23783000000006307
0.23785000000006312
0.2378900000000632
0.23793000000006323
0.23797000000006327
0.23801000000006328
0.23805000000006332
0.23809000000006336
0.2381000000000634
0.23809000000006347
0.23813000000006349
0.23817000000006353
0.2382100000000636
0.23824000000006362
0.23828000000006364
0.2383200000000637
0.23836000000006374
0.23840000000006376
0.23844000000006382
0.23848000000006386
0.2385200000000639
0.23856000000006394
0.23860000000006398
0.23864000000006402
0.23868000000006406
0.2387200000000641
0.23876000000006414
0.23877000000006415
0.23876000000006423
0.23879000000006426
0.2388300000000643
0.23887000000006434
0.23891000000006438
0.2389500000000644
0.23899000000006446
0.2390300000000645
0.23907000000006454
0.23911000000006458
0.23915000000006462
0.23919000000006463
0.2392300000000647
0.23927000000006474
0.23928000000006477
0.23920000000006478
0.23913000000006485
0.2391200000000649
0.23916000000006493
0.23920000000006497
0.239240000000065
0.23928000000006505
0.2393200000000651
0.23935000000006512
0.2393900000000652
0.2394300000000652
0.23947000000006524
0.2395100000000653
0.23955000000006532
0.23959000000006536
0.23963000000006543
0.23967000000006544
0.23971000000006548
0.23975000000006552
0.23979000000006556
0.2398000000000656
0.23980000000006566
0.2398400000000657
0.23988000000006574
0.23989000000006575
0.23977000000006582
0.23973000000006583
0.23977000000006593
0.23981000000006594
0.23984000000006597
0.239870000000066
0.23987000000006606
0.23991000000006607
0.23995000000006617
0.23999000000006618
0.23997000000006619
0.23992000000006625
0.23993000000006628
0.23994000000006632
0.23998000000006636
0.2400200000000664
0.24006000000006644
0.2401000000000665
0.24014000000006655
0.24018000000006656
0.24022000000006663
0.24026000000006664
0.24030000000006668
0.24034000000006672
0.24034000000006678
0.24036000000006683
0.2404000000000669
0.2404400000000669
0.24048000000006692
0.24051000000006695
0.24053000000006702
0.24057000000006706
0.24061000000006708
0.24065000000006714
0.24069000000006718
0.24070000000006722
0.24073000000006725
0.24076000000006728
0.24080000000006735
0.2408400000000674
0.2408800000000674
0.24092000000006744
0.24096000000006748
0.24091000000006754
0.24084000000006756
0.2407800000000676
0.24074000000006765
0.24077000000006768
0.2408100000000677
0.2408500000000678
0.2408900000000678
0.24093000000006784
0.2409700000000679
0.24101000000006795
0.24105000000006796
0.24108000000006802
0.24103000000006808
0.2409800000000681
0.24100000000006816
0.24104000000006817
0.2410800000000682
0.24112000000006825
0.2411600000000683
0.24119000000006832
0.24123000000006836
0.2412000000000684
0.24120000000006844
0.2411400000000685
0.24084000000006853
0.24067000000006858
0.24052000000006862
0.24023000000006867
0.23964000000006871
0.23888000000006873
0.23806000000006877
0.2368400000000688
0.23589000000006885
0.2354400000000689
0.23522000000006893
0.23522000000006899
0.235260000000069
0.23530000000006904
0.2353400000000691
0.23538000000006915
0.23541000000006918
0.2354100000000692
0.23545000000006927
0.2354900000000693
0.23552000000006934
0.23550000000006935
0.23543000000006942
0.23540000000006944
0.2353800000000695
0.23524000000006953
0.23505000000006956
0.23501000000006964
0.23505000000006965
0.2350900000000697
0.23513000000006976
0.23515000000006978
0.2351800000000698
0.23519000000006984
0.23523000000006988
0.23525000000006993
0.23529000000007
0.23529000000007
0.23531000000007005
0.2353500000000701
0.23533000000007012
0.23531000000007016
0.2353500000000702
0.23539000000007024
0.2354200000000703
0.23546000000007034
0.23550000000007038
0.2355400000000704
0.23558000000007046
0.2355400000000705
0.2354800000000705
0.2355200000000706
0.23556000000007063
0.23559000000007063
0.23563000000007067
0.23567000000007074
0.23570000000007077
0.2357300000000708
0.23576000000007086
0.23580000000007087
0.23584000000007094
0.23586000000007099
0.235860000000071
0.23590000000007103
0.23594000000007112
0.2359600000000711
0.23595000000007116
0.2359000000000712
0.23574000000007123
0.23555000000007129
0.23532000000007133
0.23535000000007136
0.2353800000000714
0.23542000000007146
0.2354600000000715
0.23550000000007154
0.2355300000000716
0.2355500000000716
0.23557000000007164
0.23561000000007165
0.23565000000007175
0.23569000000007176
0.2357300000000718
0.23577000000007184
0.23581000000007188
0.23585000000007192
0.23589000000007196
0.235930000000072
0.23597000000007204
0.2359800000000721
0.23602000000007212
0.23606000000007216
0.23610000000007222
0.23612000000007224
0.23616000000007228
0.23620000000007232
0.23624000000007236
0.2362800000000724
0.23632000000007247
0.23632000000007247
0.23636000000007254
0.23640000000007258
0.23644000000007262
0.23648000000007266
0.23652000000007267
0.23656000000007274
0.23660000000007278
0.2366400000000728
0.23668000000007286
0.2366800000000729
0.2367000000000729
0.23673000000007294
0.236750000000073
0.23679000000007305
0.2368300000000731
0.23687000000007313
0.23688000000007314
0.2368000000000732
0.23671000000007325
0.23675000000007326
0.23679000000007336
0.23682000000007336
0.2368600000000734
0.23690000000007344
0.2369400000000735
0.23698000000007352
0.23702000000007356
0.2370600000000736
0.23710000000007364
0.23714000000007368
0.23718000000007372
0.2372200000000738
0.2372600000000738
0.2372700000000738
0.23726000000007388
0.23730000000007392
0.237340000000074
0.237380000000074
0.23736000000007404
0.23732000000007408
0.23736000000007415
0.23740000000007416
0.2374400000000742
0.23748000000007424
0.2375000000000743
0.2375400000000743
0.23758000000007437
0.2375400000000744
0.23737000000007444
0.2373500000000745
0.23733000000007454
0.23732000000007458
0.2373600000000746
0.23740000000007466
0.2374400000000747
0.23748000000007471
0.23752000000007475
0.2375600000000748
0.23760000000007483
0.23764000000007487
0.23768000000007491
0.23772000000007498
0.23776000000007502
0.23780000000007503
0.23783000000007506
0.23787000000007513
0.23791000000007517
0.23795000000007518
0.23799000000007528
0.2380300000000753
0.23803000000007535
0.23807000000007536
0.23811000000007543
0.23815000000007544
0.23819000000007548
0.2382300000000755
0.2382700000000756
0.2382500000000756
0.23829000000007566
0.2383300000000757
0.23837000000007572
0.23841000000007576
0.2384500000000758
0.23843000000007583
0.2383600000000759
0.23836000000007593
0.23840000000007597
0.238440000000076
0.23848000000007605
0.23852000000007606
0.23856000000007613
0.23860000000007614
0.2386400000000762
0.23868000000007622
0.2387200000000763
0.23876000000007633
0.23878000000007638
0.23871000000007642
0.23866000000007645
0.23864000000007649
0.23860000000007653
0.23857000000007655
0.23861000000007662
0.23865000000007666
0.23869000000007667
0.23873000000007677
0.23877000000007675
0.23881000000007682
0.23885000000007683
0.2388900000000769
0.23893000000007691
0.23897000000007695
0.23901000000007702
0.23905000000007706
0.23909000000007707
0.23913000000007714
0.23917000000007715
0.23921000000007722
0.23925000000007726
0.23929000000007727
0.23933000000007731
0.2393700000000774
0.2394100000000774
0.23945000000007746
0.23949000000007747
0.23953000000007754
0.23957000000007758
0.2396000000000776
0.23964000000007762
0.23968000000007772
0.2397200000000777
0.23976000000007777
0.2398000000000778
0.23984000000007785
0.23988000000007786
0.23992000000007793
0.23996000000007797
0.240000000000078
0.24004000000007802
0.2400800000000781
0.2401200000000781
0.24013000000007817
0.2401700000000782
0.24021000000007825
0.24025000000007826
0.24029000000007833
0.24033000000007837
0.24037000000007838
0.24041000000007842
0.2404500000000785
0.24049000000007853
0.2405300000000786
0.2405700000000786
0.24061000000007862
0.2406500000000787
0.24069000000007873
0.24073000000007874
0.2407700000000788
0.24081000000007885
0.2408500000000789
0.24089000000007893
0.24093000000007897
0.24097000000007898
0.24101000000007902
0.2410500000000791
0.24109000000007913
0.24113000000007917
0.2411700000000792
0.24121000000007925
0.2412500000000793
0.24129000000007933
0.24133000000007934
0.24137000000007938
0.24141000000007945
0.2414500000000795
0.24149000000007953
0.24153000000007954
0.2415700000000796
0.24161000000007965
0.24165000000007966
0.2416900000000797
0.24173000000007977
0.2417700000000798
0.24181000000007988
0.2418500000000799
0.2418900000000799
0.24193000000007997
0.24197000000008
0.24201000000008002
0.2420500000000801
0.24209000000008013
0.24213000000008017
0.2421700000000802
0.24221000000008025
0.24225000000008026
0.2422900000000803
0.24233000000008037
0.2423700000000804
0.24241000000008045
0.2424500000000805
0.24249000000008053
0.24253000000008057
0.2425700000000806
0.24261000000008062
0.24265000000008066
0.24269000000008073
0.24273000000008077
0.2427700000000808
0.24281000000008082
0.2428500000000809
0.24289000000008093
0.24293000000008094
0.24297000000008098
0.24301000000008105
0.2430500000000811
0.24309000000008116
0.24313000000008117
0.24317000000008118
0.24321000000008125
0.2432500000000813
0.2432900000000813
0.24333000000008137
0.2433100000000814
0.24327000000008145
0.2432000000000815
0.24324000000008153
0.24328000000008157
0.2433200000000816
0.24336000000008165
0.24338000000008167
0.24332000000008172
0.24336000000008176
0.2434000000000818
0.24344000000008184
0.24348000000008188
0.24352000000008195
0.24356000000008196
0.24360000000008203
0.243640000000082
0.2436400000000821
0.2435600000000821
0.24347000000008218
0.2434300000000822
0.24334000000008224
0.24329000000008227
0.24331000000008232
0.24335000000008233
0.2433900000000824
0.24343000000008244
0.2434700000000825
0.24348000000008252
0.24344000000008256
0.24340000000008258
0.24344000000008265
0.24348000000008266
0.24352000000008273
0.24356000000008277
0.24360000000008278
0.24364000000008282
0.24368000000008289
0.2437200000000829
0.243760000000083
0.243800000000083
0.24384000000008302
0.24388000000008309
0.24392000000008313
0.24396000000008314
0.2440000000000832
0.24404000000008325
0.24408000000008329
0.24411000000008332
0.24404000000008336
0.2439400000000834
0.24392000000008346
0.24396000000008347
0.24400000000008354
0.24404000000008355
0.2440800000000836
0.24412000000008363
0.24415000000008372
0.24419000000008373
0.24423000000008374
0.2442700000000838
0.24431000000008385
0.2443300000000839
0.24437000000008394
0.24441000000008395
0.24445000000008402
0.24449000000008406
0.2445300000000841
0.2445700000000841
0.24459000000008418
0.24459000000008418
0.24462000000008424
0.24466000000008425
0.24470000000008435
0.24474000000008436
0.24478000000008437
0.24481000000008443
0.2448500000000845
0.2448900000000845
0.24493000000008458
0.24497000000008462
0.24501000000008463
0.24502000000008467
0.24496000000008472
0.24494000000008476
0.2449000000000848
0.24486000000008484
0.24487000000008488
0.24478000000008493
0.24478000000008496
0.244730000000085
0.244640000000085
0.24448000000008507
0.24442000000008515
0.24431000000008515
0.24417000000008524
0.24383000000008526
0.24355000000008528
0.24311000000008534
0.24294000000008537
0.2429000000000854
0.24294000000008542
0.24297000000008548
0.24293000000008552
0.24292000000008557
0.2427900000000856
0.24257000000008566
0.2424700000000857
0.24250000000008573
0.24254000000008577
0.2425800000000858
0.24262000000008585
0.2426600000000859
0.24270000000008593
0.24274000000008594
0.24278000000008598
0.242800000000086
0.24282000000008608
0.24286000000008612
0.24290000000008616
0.24292000000008618
0.24296000000008625
0.24300000000008629
0.2430400000000863
0.24308000000008634
0.2431200000000864
0.24316000000008645
0.24320000000008649
0.24324000000008653
0.24328000000008654
0.2433200000000866
0.24328000000008665
0.2431100000000867
0.24301000000008674
0.24301000000008677
0.24304000000008683
0.24308000000008684
0.24312000000008688
0.24316000000008692
0.24320000000008696
0.243240000000087
0.24328000000008707
0.24332000000008708
0.24335000000008714
0.24339000000008715
0.24343000000008722
0.24347000000008723
0.2435100000000873
0.24355000000008734
0.24358000000008737
0.2435900000000874
0.24363000000008742
0.2436700000000875
0.24371000000008752
0.24375000000008754
0.2437900000000876
0.24383000000008764
0.24387000000008768
0.2439000000000877
0.24394000000008775
0.2439800000000878
0.24402000000008783
0.24400000000008787
0.24395000000008793
0.24391000000008797
0.243900000000088
0.24394000000008806
0.2439500000000881
0.24397000000008814
0.24401000000008816
0.2440500000000882
0.24408000000008823
0.2441200000000883
0.24416000000008833
0.24417000000008834
0.2440600000000884
0.24400000000008845
0.2440100000000885
0.24405000000008853
0.24409000000008854
0.2441300000000886
0.24417000000008862
0.24420000000008868
0.24424000000008872
0.24428000000008876
0.24432000000008877
0.24436000000008887
0.24439000000008887
0.24442000000008893
0.24438000000008894
0.244310000000089
0.24420000000008904
0.24418000000008908
0.24414000000008912
0.24404000000008916
0.2438600000000892
0.24350000000008926
0.2430100000000893
0.2425500000000893
0.24207000000008935
0.24171000000008938
0.24140000000008946
0.2411800000000895
0.24092000000008948
0.24071000000008957
0.24037000000008962
0.24013000000008963
0.23997000000008967
0.23986000000008972
0.23979000000008974
0.23981000000008978
0.23976000000008985
0.2397900000000899
0.2397700000000899
0.23968000000009
0.23970000000009
0.23964000000009003
0.23966000000009008
0.23970000000009012
0.23974000000009016
0.23975000000009017
0.23972000000009025
0.23965000000009026
0.2396100000000903
0.23965000000009035
0.2396900000000904
0.23973000000009045
0.23977000000009047
0.23981000000009053
0.23985000000009055
0.2398800000000906
0.23992000000009062
0.23996000000009068
0.24000000000009072
0.24004000000009074
0.2400800000000908
0.24012000000009084
0.24016000000009088
0.24020000000009095
0.24020000000009095
0.240120000000091
0.23999000000009102
0.23971000000009107
0.23945000000009112
0.23907000000009118
0.23841000000009122
0.23745000000009123
0.23662000000009126
0.23610000000009132
0.23572000000009133
0.2349900000000914
0.23427000000009143
0.23386000000009147
0.23322000000009152
0.23282000000009156
0.23273000000009159
0.23265000000009164
0.23260000000009165
0.23253000000009172
0.23254000000009176
0.23245000000009178
0.23242000000009183
0.23244000000009185
0.23248000000009192
0.23252000000009196
0.23256000000009197
0.23252000000009201
0.23253000000009205
0.23257000000009212
0.23261000000009216
0.23265000000009217
0.23269000000009224
0.23273000000009228
0.23277000000009232
0.23281000000009233
0.2328500000000924
0.2328900000000924
0.23293000000009245
0.2329600000000925
0.23297000000009255
0.2330100000000926
0.23302000000009263
0.23306000000009267
0.23310000000009268
0.23314000000009275
0.23318000000009279
0.2332000000000928
0.23324000000009285
0.23326000000009292
0.23326000000009292
0.233090000000093
0.233120000000093
0.23314000000009308
0.2331700000000931
0.23311000000009316
0.23307000000009317
0.23307000000009326
0.23309000000009325
0.2330100000000933
0.23277000000009335
0.2325100000000934
0.2324400000000934
0.23248000000009347
0.23252000000009349
0.23256000000009355
0.2326000000000936
0.2326400000000936
0.23268000000009365
0.2327200000000937
0.23276000000009373
0.2328000000000938
0.2328200000000938
0.23277000000009387
0.23272000000009388
0.23268000000009398
0.23267000000009397
0.232700000000094
0.23274000000009407
0.2327800000000941
0.23280000000009415
0.2328100000000942
0.2328500000000942
0.23289000000009427
0.2329300000000943
0.23297000000009432
0.23300000000009435
0.23303000000009444
0.23307000000009448
0.23311000000009452
0.23315000000009453
0.23319000000009457
0.23321000000009462
0.23320000000009466
0.2331300000000947
0.23303000000009472
0.23299000000009476
0.23294000000009482
0.2328800000000949
0.23281000000009494
0.23270000000009494
0.23257000000009498
0.232350000000095
0.2322100000000951
0.23195000000009508
0.23170000000009514
0.2314900000000952
0.23131000000009522
0.23108000000009526
0.2309900000000953
0.23101000000009533
0.2310500000000954
0.2310900000000954
0.23113000000009548
0.2311500000000955
0.23119000000009554
0.23123000000009558
0.23124000000009562
0.23118000000009564
0.2311600000000957
0.23120000000009575
0.23124000000009579
0.2312800000000958
0.23130000000009585
0.2313200000000959
0.23136000000009596
0.23140000000009597
0.23144000000009604
0.23148000000009608
0.2315200000000961
0.23156000000009616
0.2316000000000962
0.2316400000000962
0.23168000000009625
0.23172000000009632
0.23176000000009633
0.2318000000000964
0.23184000000009644
0.23188000000009645
0.23192000000009655
0.23196000000009656
0.23200000000009657
0.2320300000000966
0.23204000000009664
0.2320800000000967
0.23212000000009675
0.23215000000009678
0.2321900000000968
0.2322300000000969
0.2322700000000969
0.2323100000000969
0.23231000000009697
0.23233000000009701
0.23228000000009705
0.2321700000000971
0.23215000000009714
0.23208000000009718
0.23210000000009723
0.23214000000009724
0.23218000000009728
0.23222000000009735
0.2322600000000974
0.23230000000009743
0.23234000000009747
0.23238000000009748
0.23242000000009755
0.2324600000000976
0.2325000000000976
0.23254000000009767
0.2325800000000977
0.23262000000009775
0.2326600000000978
0.23270000000009783
0.23274000000009787
0.2327800000000979
0.23281000000009794
0.23285000000009795
0.23289000000009805
0.23293000000009806
0.2329700000000981
0.23301000000009817
0.23305000000009818
0.23309000000009825
0.2331300000000983
0.2331700000000983
0.23321000000009834
0.2332500000000984
0.23329000000009842
0.23333000000009846
0.23337000000009853
0.23341000000009854
0.23345000000009858
0.23349000000009862
0.2335300000000987
0.23357000000009873
0.23361000000009874
0.23365000000009878
0.23369000000009885
0.23373000000009886
0.2337700000000989
0.23381000000009897
0.23385000000009898
0.23389000000009905
0.2339300000000991
0.2339700000000991
0.23401000000009917
0.23405000000009918
0.23409000000009922
0.23413000000009923
0.23417000000009933
0.23421000000009934
0.23425000000009938
0.23429000000009945
0.23433000000009946
0.2343700000000995
0.23441000000009957
0.23445000000009958
0.23449000000009962
0.2345300000000997
0.2345700000000997
0.23461000000009974
0.2346500000000998
0.23469000000009982
0.23473000000009986

Avalanche_Distribution:
6
11
15
4
9
3
1
3
8
43
1
1
1141
2
1
3
210
3
4
6
5
1
20
7
51
18
4
38
2
1
1
1
2
1
2
6
6
1
2
7
10
3
94
2
7
3
1
30
1
1
69
326
2
1
2
3
704
48
7
1
2
4
24
3
2
2
219
3
1
9
1
1
8
2
1
17
25
2
14
1
52
2
6
1
6
5
275
92
1
71
1
6
3
2
2
1
5
79
85
20
92
37
6
883
3
80
1
6
1
1
2
3
23
147
39
1
4
8
1
1
26
222
4
17
31
16
3
4
1
7
2
1
2
10
31
2
1
3
3
1
13
2
1
2
1
5
3
6
1
1
8
6
1
283
3
19
9
5
7
8
4
441
1
1
10
1
27
3
5
48
5
1
1
1
1
1
2
10
2
7
4
7
1
4
18
2
1
1
201
6
10
164
3
7
10
1
327
2
1
25
26
11
8
1
9
31
1
7
27
1
5
15
6
5
1
3
3
2
39
19
2
1
10
651
1
4
1
79
3
3
2
6
12
1
18
1
1
1
1
6
87
1
1
4
3
2
4
6
3
28
1
8
14
2
46
1
4
6
21
43
1
3
25
12
61
19
32
1
2
2
5
1
35
252
72
2
2
2
48
1
4
1
28
5
1
31
1
1
549
10
21
12
1
29
1
847
25
11
4
3
2
2
25
3
23
1
82
34
2
3
1
1
294
2
19
2
2
4
1
6
43
1
