
Branching_global:
1.00004
0.9880000000000039
0.9828200000000081
0.9839600000000119
0.985690000000016
0.9806100000000201
0.9502900000000241
0.944660000000028
0.950140000000032
0.9449000000000359
0.94872000000004
0.9153100000000439
0.9125300000000479
0.9155900000000519
0.9181200000000559
0.91378000000006
0.9103700000000639
0.911470000000068
0.915590000000072
0.917470000000076
0.9119200000000799
0.9144700000000839
0.9145100000000878
0.9099400000000919
0.911140000000096
0.9133300000000999
0.9140300000001039
0.9188500000001079
0.9190800000001118
0.9183500000001159
0.91873000000012
0.9098000000001238
0.9079300000001278
0.9133600000001318
0.9151800000001358
0.9172000000001399
0.9193800000001439
0.9159500000001478
0.9159100000001519
0.9165200000001559
0.9188800000001598
0.9169700000001637
0.9095900000001678
0.9109900000001718
0.9146400000001759
0.9163700000001798
0.9132900000001839
0.9117900000001877
0.9128400000001918
0.9036800000001959
0.9049300000002
0.9033300000002038
0.9080700000002078
0.9092800000002119
0.9093200000002157
0.9118100000002198
0.9136600000002238
0.9075600000002277
0.9090300000002318
0.9090600000002357
0.9127600000002397
0.9087000000002438
0.9054800000002479
0.9083000000002518
0.9068500000002557
0.9090900000002599
0.9068200000002636
0.9062500000002678
0.9104700000002718
0.9103600000002757
0.9075500000002797
0.9062500000002838
0.9089200000002877
0.9066800000002917
0.9097800000002958
0.9131000000002998
0.9140000000003038
0.9137100000003077
0.9076500000003117
0.9042100000003156
0.9067700000003197
0.9109800000003236
0.9099500000003277
0.9031000000003316
0.9005800000003356
0.8989500000003398
0.9020500000003436
0.9045900000003476
0.9093900000003516
0.9076000000003556
0.9064600000003596
0.9134400000003636
0.9157300000003675
0.9150000000003715
0.9226900000003756
0.9148500000003796
0.9156900000003835
0.9120800000003876
0.9140800000003917
0.9159500000003956

Autocorrelation:
25.000499996641732
-0.08283232728736786
-0.05770577359487272
-0.06184279215402781
-0.06938000084629106
-0.05107134406684955
-0.019612427902627284
-0.01756536810723717
-0.019551895264695657
-0.017644097564758744
-0.01899639343619943
-0.011300396101861664
-0.01092486434500475
-0.011339589634596069
-0.011705876560520379
-0.011090724299477163
-0.010649154492609768
-0.010787882398793568
-0.01133958963459889
-0.01160962894761904
-0.010845632672167729
-0.011184354153216659
-0.011189828286449443
-0.010595845087983464
-0.010745903664707854
-0.011030463968403252
-0.011124474657060561
-0.011815807045834278
-0.011850853322124115
-0.011740300228080189
-0.01179760073004754
-0.010578598133783762
-0.010353253435481305
-0.011034461862981893
-0.011282287004748143
-0.011570093105238276
-0.011896866186402183
-0.011390364767020029
-0.011384701631000978
-0.011471653743270367
-0.011820367035920792
-0.011536617103581337
-0.010552827775385094
-0.010726925242946295
-0.011207654626594324
-0.011450154546612962
-0.011025137742504954
-0.010828888782502207
-0.010965554320554273
-0.009873621246276403
-0.01001024184482589
-0.00983600006085185
-0.010369806930558874
-0.010515003700556094
-0.010519869706007162
-0.01083146155488042
-0.011074593502741642
-0.010309746080742926
-0.010484688040895454
-0.010488317126358813
-0.010955026017934842
-0.01044492538176091
-0.010071498662067989
-0.01039711159790705
-0.010227226167060828
-0.010491948605092987
-0.010223767077651031
-0.010158464651890997
-0.01066162536275547
-0.010647908934785505
-0.010308575035566389
-0.010158464651892818
-0.01047140183172599
-0.010207654042246238
-0.010576138649295677
-0.010999905082317808
-0.011120414260924548
-0.011081309219609143
-0.010320296890461302
-0.009931113360280403
-0.010218006871531585
-0.01072566228718094
-0.010597079063781926
-0.009811425411709266
-0.009549613600369593
-0.009387215400691519
-0.009700701531408855
-0.00997272692459327
-0.010528395545171486
-0.010314432794131558
-0.010182430925236189
-0.011045136453513857
-0.011359284004512136
-0.011257304254642818
-0.012428232825489084
-0.011236565924997522
-0.011353650372072463
-0.010866308459990258
-0.011131248280646834
-0.011390364767055128

Average_Activity:
0.0
0.0
0.25
0.0
0.0
0.0
0.0
0.0
0.0
0.0
1.0
1.25
1.25
0.0
0.25
0.25
4.75
9.5
11.5
9.75
5.0
11.5
12.25
9.75
11.5
13.0
13.0
10.75
4.25
0.5
0.0
0.5
1.0
0.0
0.0
1.25
4.25
4.25
2.5
0.25
0.0
0.0
0.0
0.75
0.0
2.5
1.75
3.75
3.75
0.5
0.25
0.0
0.0
0.0
0.5
0.75
0.0
0.0
0.0
0.0
0.0
0.0
0.5
5.5
4.0
2.25
3.25
1.0
0.25
0.0
0.25
0.0
0.0
0.0
0.25
0.25
0.0
0.25
1.0
0.0
0.0
0.0
0.0
0.0
0.0
0.5
0.0
0.75
0.25
0.0
0.0
0.25
0.25
1.5
0.0
0.25
1.0
4.75
3.75
0.25
1.0
2.5
4.25
6.5
4.0
2.0
3.25
0.0
0.0
0.0
0.0
0.5
0.25
0.25
1.75
0.5
0.75
2.5
3.25
4.0
9.0
5.5
0.75
0.0
0.0
0.0
0.0
0.0
0.0
0.5
0.0
0.0
1.0
4.5
4.25
3.25
0.5
2.0
5.5
11.0
13.5
24.25
28.75
25.5
26.25
14.75
15.25
12.5
10.0
7.25
5.0
5.0
4.75
5.75
3.25
3.75
5.0
7.0
6.5
3.25
1.25
2.25
0.25
0.0
1.5
0.25
0.0
0.0
0.0
0.0
0.75
1.0
1.0
0.0
0.0
0.0
0.0
0.75
0.5
0.0
0.0
0.0
0.75
3.5
0.75
0.0
0.0
0.0
0.0
0.25
0.0
0.0
0.0
1.0
0.5
0.0
0.0
0.0
0.0
0.0
0.0
0.0
0.5
0.0
0.0
0.0
0.0
1.5
3.0
3.5
4.5
3.25
0.0
0.0
0.25
3.75
3.25
0.25
0.25
3.25
5.75
7.25
2.25
1.5
0.75
0.0
0.0
0.0
1.0
0.0
0.0
0.25
1.0
1.5
1.25
2.0
0.25
0.5
0.25
0.0
0.5
2.5
0.75
0.0
0.0
0.0
0.0
0.0
0.25
0.5
0.25
0.25
0.75
0.25
1.0
3.75
2.0
5.25
14.25
30.0
36.75
34.0
16.0
18.75
13.75
7.25
8.0
6.5
3.0
2.75
0.0
1.0
4.75
6.0
5.75
4.25
6.25
1.5
0.0
1.25
0.5
0.0
0.25
0.25
1.0
4.75
7.0
4.0
3.0
3.5
2.75
1.5
0.0
0.0
0.0
0.75
1.0
0.0
0.25
1.5
2.25
1.5
0.0
0.0
1.25
0.0
0.0
0.0
0.5
0.25
1.0
0.5
0.25
0.0
0.0
0.0
0.0
0.75
2.75
0.0
0.0
0.0
0.0
0.0
0.0
0.5
0.75
0.25
0.25
1.25
2.75
3.0
3.25
1.5
0.25
0.0
1.75
1.75
0.0
0.0
0.5
0.0
0.0
0.5
0.0
1.5
0.25
0.0
0.0
0.0
0.0
0.0
0.5
0.5
4.5
5.25
2.75
3.5
3.5
3.5
2.5
1.25
2.75
0.75
0.0
0.25
0.75
0.5
0.0
0.0
0.0
0.0
0.25
0.25
0.0
0.25
0.0
0.0
0.0
1.0
0.75
1.5
5.25
4.25
3.5
6.5
9.25
8.75
7.0
4.0
1.25
0.25
0.5
0.0
0.0
0.0
1.0
0.0
0.0
0.0
0.0
0.25
0.0
0.0
0.0
0.25
0.0
0.0
0.0
0.0
0.25
0.25
0.5
0.0
0.0
0.25
0.0
0.25
0.0
0.0
0.0
0.5
0.25
0.0
0.0
0.25
0.25
1.0
0.0
0.0
0.0
0.0
0.5
0.25
0.0
0.5
0.25
0.25
1.75
1.75
1.25
0.25
0.0
0.0
0.25
1.0
0.0
1.75
0.5
0.25
0.25
0.25
0.25
0.0
0.5
7.0
3.25
0.0
0.0
0.0
0.0
0.25
0.0
0.25
1.5
1.75
2.25
2.0
0.5
1.0
1.75
2.25
2.0
2.75
2.25
0.0
0.0
0.0
1.25
7.0
3.5
1.5
0.0
0.75
0.0
0.0
0.0
1.0
1.75
10.5
10.5
4.25
1.5
0.25
0.0
0.0
0.0
0.0
0.0
0.0
0.0
0.0
0.0
1.0
0.5
0.0
0.0
0.0
0.75
0.0
0.0
0.0
0.0
0.0
0.0
0.0
0.0
0.25
0.25
0.5
0.0
0.0
0.0
0.0
0.0
0.25
0.25
0.25
0.0
0.0
2.5
2.0
0.5
0.0
0.0
0.5
1.75
0.0
0.5
2.25
1.0
1.25
0.5
1.5
4.0
1.5
0.0
0.5
0.0
0.0
0.0
0.0
0.0
0.0
0.0
0.5
1.75
5.25
5.5
4.5
2.0
1.0
0.75
2.75
2.75
2.75
5.5
5.5
5.75
3.5
3.5
1.5
3.75
1.0
0.25
0.0
0.5
0.25
0.0
0.0
0.0
0.25
0.5
0.5
0.0
0.0
0.0
0.0
1.25
1.5
7.25
2.5
1.5
0.0
0.0
1.5
0.0
0.0
0.0
0.0
0.0
0.0
0.25
0.0
1.75
2.0
0.25
1.0
0.25
0.0
0.25
0.0
0.25
1.75
1.75
0.25
0.25
0.25
0.0
0.0
0.0
0.25
0.25
0.0
0.0
0.25
0.0
0.0
0.5
0.0
0.5
2.0
2.5
2.0
0.25
0.0
0.0
0.0
0.5
0.0
0.0
0.0
0.0
0.0
0.0
1.0
1.0
2.0
3.0
1.0
0.0
0.0
0.75
0.0
0.0
0.0
0.0
1.25
0.0
0.0
0.25
0.25
0.0
0.0
0.0
0.75
0.0
0.0
0.0
0.75
1.25
0.0
0.0
0.0
0.0
0.25
0.0
0.0
0.0
0.25
0.25
0.0
0.0
0.0
0.5
3.5
3.5
3.5
0.75
0.0
1.75
0.5
0.0
1.25
4.75
1.0
0.0
0.5
2.0
1.25
0.0
0.25
1.25
3.75
4.25
3.25
0.25
0.5
0.5
0.0
0.25
0.75
0.0
0.25
0.0
0.0
0.25
1.25
0.25
0.0
0.0
0.0
3.0
2.0
0.0
0.5
0.0
0.0
0.0
0.0
0.0
0.0
2.75
1.75
0.0
0.0
0.0
1.5
1.25
2.5
4.0
4.75
0.0
0.0
0.0
0.75
0.0
0.0
0.0
0.25
1.25
5.75
11.25
13.0
9.5
10.0
11.0
7.25
3.25
1.75
1.25
0.25
1.0
0.25
2.0
0.25
2.0
0.75
1.0
2.0
0.25
0.0
0.0
0.0
0.25
0.0
0.0
0.0
0.75
0.0
0.0
0.0
1.5
2.75
0.0
0.0
0.25
0.0
0.75
1.25
2.25
2.5
1.5
1.5
1.5
0.75
0.0
0.25
0.5
0.25
1.0
1.75
1.0
1.25
0.5
1.0
0.0
0.0
0.0
0.0
0.0
0.0
0.75
0.0
0.0
0.0
0.0
0.0
0.0
0.0
0.0
0.25
0.5
0.25
3.25
0.25
0.25
0.25
0.0
0.0
0.5
1.0
2.75
3.25
3.5
0.0
1.0
2.25
0.0
0.5
0.0
0.25
0.5
1.5
0.0
0.0
0.0
0.0
0.0
0.0
0.5
0.0
1.0
0.75
0.0
0.75
0.75
0.75
1.5
0.0
0.0
0.0
0.0
0.0
0.0
1.0
0.5
0.0
0.0
0.25
0.0
0.0
0.0
0.25
0.5
0.0
0.75
1.25
0.25
0.5
0.0
0.25
0.75
0.0
0.0
0.0
0.0
0.25
0.25
3.0
0.75
0.5
0.5
0.0
0.0
0.5
0.5
0.0
0.25
0.0
0.0
1.0
0.5
1.25
0.5
0.25
0.0
0.0
0.0
0.25
4.25
4.75
1.0
1.25
4.0
1.5
0.0
0.0
0.0
0.5
0.75
3.5
1.5
3.75
5.5
11.0
6.25
3.25
0.0
0.0
0.0
0.0
0.0
0.0
0.0
0.5
0.0
0.0
0.0
0.25
0.25
0.0
0.25
0.0
0.0
0.0
0.0
0.0
1.5
0.75
0.5
0.75
2.75
2.25
4.5
5.75
1.5
0.0
0.5
0.25
0.0
0.0
0.0
0.0
0.0
0.0
0.0
0.0
0.0
0.0
0.25
0.0
0.25
0.0
0.0
0.0
0.25
2.0
0.0
1.0
3.0
0.0
0.0
1.0
3.75
5.75
2.75
1.0
0.0
0.0
0.0
0.0
0.25
0.0
0.0
0.0
0.0
0.0
0.0
0.25
0.25
1.0
0.25
0.0
0.0
0.0
0.0
0.0
0.0
0.0
0.25
0.0
0.0
0.0
0.25
2.25
1.25
2.5
0.0
0.0
0.25
0.25
3.5
9.25
16.25
15.5
15.25
8.5
0.75
0.25
0.0
0.75
0.0
0.0
0.0
0.0
0.5
0.5
0.0
0.5
5.0
8.5
6.0
2.25
0.0
0.25
0.25
0.0
0.0
0.0
0.0
0.0
0.5
0.0
0.25
0.0
0.0
0.0
0.0
0.5
0.0
0.0
0.0
0.0
0.0
0.25
2.25
4.5
1.75
2.5
3.25
2.0
0.0
0.0
0.0
0.0
0.0
1.0
0.0
0.0
0.0
0.0
0.0
1.0
0.25
0.0
0.0
0.25
0.25
0.0
0.0
0.25
0.0
0.5
0.0
0.25
0.5
0.0
0.5
0.0
0.0
0.0
0.0
0.25
2.75
2.0
1.0
2.5
3.25
2.5
0.0
0.0
0.0
0.0
0.0
0.0
0.0
0.75
0.5
0.0
0.75
2.75
0.0
0.5
1.5
2.25
0.25
0.0
0.0
0.25
3.5
6.0
4.5
5.0
4.75
4.75
2.5
1.75
2.25
2.0
5.25
2.75
0.5
0.25
1.5
2.5
0.0
0.25
1.0
0.25
0.0
0.5
0.0
1.75
5.25
4.25
1.0
0.0
0.0
0.0
0.0
0.0
0.0
0.0
0.75
1.0
0.5
0.0
0.75
0.0
0.0
0.5
0.0
0.5
0.0
0.0
0.0
0.0
0.5
2.25
1.75
3.25
3.25
2.0
0.5
0.0
0.0
0.0
0.0
0.0
0.0
0.0
0.75
0.0
1.25
0.0
0.0
0.0
0.5
0.25
1.25
1.5
0.75
0.0
0.0
0.0
0.0
0.0
0.25
0.0
0.25
0.0
2.5
6.0
4.75
7.75
6.75
12.5
12.5
10.5
8.5
7.5
6.75
5.0
1.5
1.25
4.0
0.0
0.0
0.0
0.25
0.25
0.0
0.0
1.0
1.0
0.0
0.25
0.0
0.0
1.75
0.75
0.0
0.0
0.0
0.0
0.0
0.0
0.0
0.0
0.0
0.0
0.0
0.0
0.0
0.25
0.0
0.0
0.75
2.0
1.75
2.0
2.25
2.5
2.25
0.0
0.0
0.0
0.0
0.75
2.25
3.25
1.25
0.0
0.0
0.0
0.25
1.75
2.0
0.25
0.0
0.5
0.5
0.0
0.0
0.0
0.0
0.25
0.25
1.0
2.25
4.0
0.0
0.0
0.0
0.0
0.0
0.0
0.0
0.25
0.0
0.5
0.25
0.5
1.75
0.0
0.0
0.0
0.0
0.5
0.0
0.0
0.0
0.0
0.0
1.0
3.75
4.0
3.0
0.0
0.0
0.5
1.0
0.5
0.5
0.0
1.0
0.25
0.25
0.0
0.0
0.0
0.75
0.5
1.25
1.0
0.5
1.25
2.5
0.25
0.25
0.75
0.0
0.0
0.0
0.75
2.5
1.75
1.0
0.0
0.5
0.0
0.0
0.0
0.0
0.0
0.0
0.0
0.0
0.5
0.5
0.25
0.0
0.0
0.0
0.0
0.25
0.0
0.0
0.0
0.0
2.25
0.75
0.0
0.0
0.0
0.0
1.0
0.5
0.0
0.25
0.0
0.25
0.0
0.0
0.25
2.75
1.75
2.75
0.0
0.5
0.25
0.5
0.0
0.0
0.25
0.25
1.0
5.0
5.25
0.0
0.0
0.0
0.0
0.5
0.25
1.0
0.0
0.0
0.75
3.5
3.0
0.5
0.0
0.0
0.0
0.75
2.5
2.0
1.25
0.25
1.25
3.5
2.75
8.25
8.75
4.75
3.5
4.25
4.75
5.5
5.5
2.0
0.5
0.0
0.0
0.0
0.0
0.0
0.0
0.0
0.25
0.5
0.75
0.75
1.25
0.25
0.0
0.0
0.5
0.0
0.0
1.5
0.25
2.0
1.75
3.25
3.0
3.25
3.25
2.25
1.5
0.0
0.0
0.5
0.5
0.0
0.0
0.0
0.0
0.0
0.0
0.5
1.0
0.75
0.25
0.25
0.0
0.0
0.0
0.0
0.0
0.0
0.0
0.0
0.0
0.0
0.0
0.0
0.25
0.5
0.0
0.0
1.0
1.0
0.0
0.0
0.5
1.5
2.75
1.0
2.75
0.75
0.0
2.0
1.75
0.5
0.0
0.75
3.0
3.75
1.0
0.25
0.0
0.0
0.0
0.0
0.0
0.0
2.0
1.5
6.5
4.0
3.75
0.5
1.75
3.0
0.25
0.0
0.0
0.25
0.5
0.0
0.0
2.75
1.5
2.0
2.0
1.75
4.25
3.5
0.5
0.25
0.0
0.0
0.0
0.0
1.75
2.75
0.25
1.0
0.0
0.25
0.25
1.5
3.0
3.0
1.5
0.0
0.75
1.0
0.75
5.25
0.75
0.0
0.0
0.0
0.25
0.0
0.0
0.0
0.0
0.0
0.5
0.75
0.0
1.5
0.75
0.0
0.0
0.0
0.5
0.25
0.0
0.25
0.25
0.0
0.0
0.0
0.0
0.0
0.0
1.0
2.75
4.5
2.75
4.75
5.25
5.5
5.5
0.75
0.0
0.0
0.0
0.0
0.0
0.0
0.0
0.0
0.0
1.0
0.0
0.0
0.5
1.0
3.5
0.0
0.0
0.0
0.0
0.0
0.25
1.25
2.5
1.75
3.75
1.25
0.75
0.0
0.0
0.0
0.5
0.25
3.0
2.5
5.5
9.75
7.0
2.0
1.0
0.0
0.0
0.25
2.0
4.0
5.0
1.0
0.75
0.5
3.0
1.5
0.0
1.5
3.0
0.5
0.0
0.0
1.75
0.25
0.0
0.0
0.5
0.5
0.0
0.0
2.0
2.5
4.5
0.75
0.25
2.0
1.25
0.0
0.25
0.0
0.0
0.0
0.0
0.75
0.25
0.5
0.75
0.0
0.0
0.0
0.0
0.25
0.0
1.0
1.75
1.0
0.0
0.0
0.0
0.5
0.5
0.25
0.0
0.0
0.0
0.0
0.0
0.0
0.0
0.0
2.0
1.25
0.0
0.0
0.0
0.0
0.0
1.25
1.0
0.25
0.0
0.0
0.25
0.0
0.0
0.0
0.0
0.0
0.0
0.0
1.0
1.0
0.0
0.0
0.5
0.0
2.0
2.25
1.5
2.0
4.75
1.75
2.75
3.0
0.25
0.0
0.0
0.0
0.5
1.5
2.75
5.75
5.5
5.75
2.75
2.25
0.0
0.0
0.0
0.0
0.0
0.5
1.25
1.75
1.5
2.5
2.0
0.5
0.25
0.0
0.25
0.0
0.0
2.0
2.25
1.25
1.25
4.0
5.5
5.0
2.0
3.25
1.75
0.25
0.0
0.0
0.0
0.0
0.0
0.0
0.0
0.0
0.0
0.0
0.0
0.0
0.0
0.0
1.75
5.75
6.0
2.5
0.5
0.0
0.0
0.0
0.75
1.0
0.0
0.25
0.25
0.0
0.0
0.5
0.75
0.0
0.0
0.0
0.25
0.75
0.5
0.0
0.0
0.75
1.25
1.75
0.0
0.0
0.0
0.25
0.0
1.25
0.5
0.0
0.25
0.0
0.0
0.0
0.0
0.0
0.25
0.0
0.0
0.0
0.0
1.0
0.75
2.0
1.25
0.5
1.25
0.75
0.0
0.0
0.0
0.0
0.5
0.0
0.0
0.0
0.0
0.0
0.5
3.75
3.75
0.0
0.0
0.0
0.0
0.75
5.0
3.5
6.25
5.0
0.0
0.0
0.0
0.0
0.0
0.5
0.75
0.0
0.0
0.25
1.25
1.0
0.25
0.5
0.0
0.0
0.0
0.0
0.75
2.25
0.0
1.25
1.5
0.25
0.0
0.0
0.0
0.0
0.0
0.75
1.5
0.75
0.0
0.0
0.25
0.0
0.25
0.75
0.0
0.0
0.0
0.0
0.0
0.5
1.0
3.5
4.75
3.0
0.0
0.0
0.25
0.0
0.5
0.25
0.25
0.0
0.0
0.0
0.0
0.5
0.0
0.5
0.0
1.5
0.75
0.0
0.0
0.0
0.0
0.25
0.0
1.75
2.5
3.25
5.5
10.25
6.5
5.25
10.75
11.0
9.5
4.0
1.25
0.25
0.0
0.0
0.25
0.5
0.0
0.0
1.25
6.0
6.75
1.75
0.0
0.0
0.25
0.0
0.0
0.0
0.25
0.0
0.0
0.0
1.25
3.0
6.25
4.5
0.0
1.5
1.5
0.25
0.0
0.5
0.0
0.0
0.5
0.75
1.0
2.75
2.0
0.0
0.0
0.5
0.0
0.0
0.0
0.25
0.5
0.5
0.0
0.0
0.0
0.0
1.0
1.75
0.0
1.75
0.75
1.5
1.0
0.5
0.0
0.25
0.0
0.25
0.25
0.5
0.25
0.0
2.5
0.75
0.0
0.0
0.0
0.0
0.5
1.25
1.25
3.0
1.75
1.75
3.75
2.25
0.0
0.0
0.0
0.25
0.0
0.25
1.0
0.0
0.5
0.75
0.0
1.0
0.5
0.0
0.0
0.0
0.0
0.25
0.0
0.0
0.0
0.0
0.0
2.0
1.0
0.0
0.0
0.25
2.25
1.5
1.25
0.5
0.75
1.0
3.5
3.25
6.75
7.0
6.25
5.5
8.25
9.75
8.75
7.5
3.75
3.0
7.75
12.5
1.0
0.0
0.25
1.75
3.25
5.0
1.25
0.0
0.0
0.25
1.0
0.0
0.0
0.0
0.0
0.0
0.0
0.0
0.25
0.0
0.0
0.0
0.0
0.5
0.0
0.5
0.0
0.25
0.75
0.5
1.25
1.25
0.75
0.25
0.5
3.0
0.5
2.25
2.5
2.75
5.75
1.5
0.0
0.0
0.0
0.0
0.0
0.25
0.25
0.0
0.0
0.0
1.0
0.5
0.0
0.0
0.0
0.75
0.0
0.0
0.5
1.75
0.0
0.0
0.5
0.0
0.0
0.0
1.0
2.25
3.75
2.5
2.25
0.75
0.25
0.75
0.0
0.25
1.0
0.0
0.0
0.0
0.0
0.0
0.0
0.25
0.25
0.0
0.0
0.0
0.75
0.0
0.0
0.0
0.0
0.25
0.25
0.0
0.0
0.0
0.75
0.0
1.0
0.0
0.0
0.0
0.25
1.25
0.5
0.75
0.5
0.0
1.5
1.25
0.0
0.0
0.0
0.0
0.0
0.0
0.25
0.0
2.25
1.25
0.5
0.75
0.25
0.0
0.25
0.0
0.25
3.0
0.25
0.0
0.0
0.0
0.25
5.25
3.5
1.0
0.75
2.0
0.5
0.0
1.25
1.0
0.25
0.25
0.25
2.0
1.0
0.0
0.25
0.0
0.0
0.25
0.0
0.0
0.25
0.5
0.25
1.5
0.5
0.5
0.75
0.0
0.0
0.0
0.0
0.0
0.75
0.5
0.0
0.0
0.0
0.0
0.0
0.0
1.25
2.25
0.0
0.0
0.0
0.0
0.0
0.0
0.0
0.0
0.25
1.0
0.0
0.25
0.0
0.0
0.0
2.0
0.5
0.0
0.5
0.0
0.0
0.0
0.0
0.0
0.0
0.25
1.25
0.0
0.25
0.25
0.0
0.0
0.75
2.0
0.0
0.0
1.0
0.0
0.25
0.25
0.5
0.0
0.0
0.0
0.25
0.5
0.5
0.0
0.0
0.25
0.5
0.0
0.0
0.0
0.0
0.0
0.0
0.0
1.0
0.75
0.75
0.25
0.25
0.0
0.0
0.0
0.0
0.5
0.0
0.25
1.0
0.25
0.0
0.5
0.0
1.25
3.5
0.5
0.0
0.0
0.0
0.5
0.5
2.0
2.5
1.0
2.0
0.0
0.25
0.0
0.0
0.0
0.0
0.0
0.0
0.0
1.5
3.75
1.75
2.75
3.0
2.0
3.5
6.0
5.5
3.25
4.75
0.0
1.5
4.5
5.25
6.75
2.0
0.0
0.25
0.75
2.25
1.5
0.0
0.0
0.5
0.0
0.0
0.25
1.75
0.0
0.0
0.0
1.0
1.0
3.25
3.0
4.75
3.5
1.5
0.25
0.0
0.0
0.0
0.0
0.0
0.75
0.0
0.0
0.5
0.0
0.0
0.0
0.0
0.25
1.25
1.75
3.75
2.0
0.5
0.0
0.5
0.25
0.0
0.0
0.0
0.25
1.25
0.25
0.75
0.5
0.0
0.0
0.0
0.0
0.0
0.0
0.25
2.0
0.5
0.0
0.25
0.0
2.5
3.25
0.5
0.0
0.0
0.75
0.25
0.0
0.0
0.25
7.25
9.75
4.0
2.5
1.0
0.0
0.0
0.0
0.0
0.0
0.5
0.0
0.25
0.0
0.0
0.0
0.0
0.0
0.0
0.0
1.0
0.25
0.0
1.0
2.25
0.0
0.0
0.5
0.75
0.0
0.5
0.0
0.25
0.0
0.75
2.0
0.5
0.25
0.0
0.75
0.5
0.0
0.25
0.0
0.0
0.0
0.0
0.0
0.25
0.0
0.0

Average_Alpha:
0.25001
0.25005
0.2500800000000001
0.25012000000000006
0.25016000000000016
0.25020000000000014
0.25024000000000024
0.2502800000000002
0.2503200000000003
0.2503600000000003
0.2503600000000004
0.2503500000000004
0.2503400000000005
0.25038000000000044
0.2504100000000006
0.25044000000000055
0.2502900000000007
0.24995000000000064
0.24953000000000078
0.2491800000000007
0.24902000000000082
0.24860000000000082
0.2481500000000009
0.24780000000000085
0.24738000000000096
0.24690000000000095
0.24642000000000103
0.24603000000000105
0.24590000000000112
0.24592000000000114
0.2459600000000012
0.24598000000000123
0.2459800000000013
0.2460200000000013
0.24606000000000136
0.24605000000000138
0.24592000000000144
0.24579000000000148
0.24573000000000153
0.24576000000000153
0.2458000000000016
0.2458400000000016
0.2458800000000017
0.2458900000000017
0.24593000000000176
0.24587000000000175
0.24584000000000186
0.24573000000000184
0.24562000000000195
0.2456400000000019
0.245670000000002
0.24571000000000204
0.2457500000000021
0.24579000000000212
0.24581000000000217
0.24582000000000218
0.24586000000000224
0.24590000000000226
0.24594000000000232
0.24598000000000234
0.2460200000000024
0.24606000000000244
0.2460800000000025
0.24590000000000248
0.24578000000000255
0.24573000000000259
0.24564000000000263
0.24564000000000266
0.24567000000000275
0.24571000000000273
0.2457400000000028
0.2457800000000028
0.2458200000000029
0.24586000000000288
0.24589000000000294
0.24592000000000297
0.24596000000000304
0.24599000000000304
0.2459900000000031
0.24603000000000316
0.24607000000000323
0.2461100000000032
0.2461500000000033
0.2461900000000033
0.24623000000000336
0.24625000000000336
0.24629000000000345
0.24630000000000346
0.24633000000000352
0.24637000000000353
0.2464100000000036
0.24644000000000363
0.24647000000000371
0.2464500000000037
0.24649000000000376
0.24652000000000376
0.24652000000000385
0.24637000000000386
0.24626000000000392
0.24629000000000395
0.246290000000004
0.246230000000004
0.24610000000000407
0.2458800000000041
0.24576000000000414
0.24572000000000419
0.24563000000000423
0.24567000000000425
0.24571000000000434
0.24575000000000433
0.2457900000000044
0.24581000000000444
0.24584000000000447
0.2458700000000045
0.24584000000000455
0.24586000000000457
0.24587000000000464
0.24581000000000466
0.24572000000000474
0.24560000000000473
0.2452800000000048
0.2451000000000048
0.24511000000000488
0.2451500000000049
0.24519000000000493
0.24523000000000497
0.24527000000000504
0.24531000000000505
0.24535000000000512
0.24537000000000514
0.2454100000000052
0.24545000000000522
0.24545000000000528
0.2453100000000053
0.24518000000000534
0.2450900000000054
0.24511000000000543
0.24507000000000545
0.2448900000000055
0.24449000000000556
0.24399000000000562
0.24306000000000563
0.24195000000000566
0.2409700000000057
0.23996000000000575
0.23941000000000576
0.23884000000000583
0.23838000000000584
0.2380200000000059
0.23777000000000592
0.23761000000000598
0.23745000000000602
0.23730000000000606
0.2371100000000061
0.23702000000000614
0.23691000000000617
0.23675000000000623
0.23651000000000627
0.2362900000000063
0.23620000000000635
0.23619000000000637
0.2361400000000064
0.23617000000000643
0.23621000000000653
0.23619000000000653
0.23622000000000656
0.2362600000000066
0.23630000000000667
0.23634000000000668
0.23638000000000675
0.2363900000000068
0.23639000000000682
0.23639000000000687
0.23643000000000688
0.23647000000000692
0.236510000000007
0.23655000000000703
0.23656000000000704
0.2365800000000071
0.23662000000000716
0.2366600000000072
0.2367000000000072
0.23671000000000725
0.2366100000000073
0.23662000000000732
0.23666000000000736
0.2367000000000074
0.23674000000000744
0.23678000000000748
0.23681000000000754
0.23685000000000758
0.2368900000000076
0.23693000000000766
0.2369300000000077
0.23695000000000774
0.2369900000000078
0.23703000000000782
0.23707000000000786
0.23711000000000793
0.23715000000000794
0.23719000000000798
0.23723000000000805
0.23725000000000807
0.2372900000000081
0.23733000000000815
0.23737000000000819
0.2374100000000082
0.23739000000000826
0.2373100000000083
0.23721000000000833
0.23707000000000839
0.23698000000000843
0.23702000000000845
0.23706000000000851
0.23709000000000852
0.2369800000000086
0.2368900000000086
0.23692000000000865
0.23695000000000868
0.2368600000000087
0.23667000000000876
0.23642000000000882
0.23637000000000885
0.2363500000000089
0.23636000000000895
0.23640000000000896
0.236440000000009
0.23648000000000904
0.2364800000000091
0.23652000000000914
0.23656000000000915
0.2365900000000092
0.23659000000000924
0.23657000000000933
0.23656000000000932
0.23652000000000936
0.23655000000000942
0.23657000000000947
0.2366000000000095
0.23664000000000954
0.23666000000000958
0.23660000000000964
0.23661000000000967
0.23665000000000969
0.23669000000000973
0.2367300000000098
0.2367700000000098
0.23681000000000987
0.2368400000000099
0.23686000000000992
0.23689000000000995
0.23692000000001
0.23693000000001008
0.2369600000000101
0.23696000000001016
0.2368500000000102
0.2368100000000102
0.2366400000000103
0.2361100000000103
0.23495000000001035
0.23352000000001036
0.23220000000001043
0.23160000000001046
0.2308900000000105
0.23038000000001055
0.23013000000001058
0.22985000000001063
0.22963000000001066
0.2295500000000107
0.22948000000001073
0.22952000000001077
0.22952000000001083
0.22937000000001087
0.22917000000001087
0.22898000000001092
0.22885000000001096
0.228640000000011
0.22862000000001106
0.22866000000001108
0.22865000000001115
0.22867000000001117
0.22871000000001124
0.22874000000001127
0.2287700000000113
0.22877000000001133
0.22862000000001137
0.2283800000000114
0.22826000000001145
0.22818000000001148
0.22808000000001155
0.2280100000000116
0.2279900000000116
0.22803000000001167
0.22807000000001168
0.22811000000001172
0.22812000000001176
0.2281200000000118
0.22816000000001183
0.22819000000001188
0.22817000000001192
0.228120000000012
0.22810000000001202
0.22814000000001206
0.2281800000000121
0.2281700000000121
0.22821000000001218
0.22825000000001222
0.22829000000001223
0.22831000000001228
0.2283400000000123
0.22834000000001237
0.22836000000001241
0.22839000000001244
0.22843000000001248
0.22847000000001252
0.22851000000001256
0.22855000000001263
0.22856000000001264
0.22849000000001268
0.22853000000001272
0.2285700000000128
0.2286100000000128
0.22865000000001284
0.2286900000000129
0.22873000000001292
0.228750000000013
0.228760000000013
0.22879000000001304
0.2288200000000131
0.22881000000001314
0.22874000000001316
0.2286600000000132
0.22857000000001323
0.2285500000000133
0.22858000000001336
0.22862000000001337
0.2285900000000134
0.22856000000001345
0.2286000000000135
0.22864000000001353
0.22866000000001357
0.22870000000001361
0.22874000000001365
0.2287600000000137
0.22880000000001371
0.22878000000001375
0.2288100000000138
0.22885000000001385
0.22889000000001386
0.22893000000001393
0.22897000000001394
0.229010000000014
0.22903000000001403
0.22905000000001408
0.22891000000001413
0.22874000000001415
0.22867000000001422
0.22857000000001426
0.2284700000000143
0.22837000000001434
0.22831000000001436
0.22830000000001438
0.22823000000001445
0.22824000000001451
0.22828000000001453
0.22831000000001458
0.22832000000001462
0.22834000000001464
0.22838000000001468
0.22842000000001475
0.2284600000000148
0.2285000000000148
0.22853000000001486
0.2285600000000149
0.22860000000001496
0.22863000000001493
0.22867000000001503
0.22871000000001504
0.22875000000001505
0.2287500000000151
0.22876000000001517
0.22874000000001518
0.22857000000001526
0.2284400000000153
0.22834000000001534
0.22812000000001537
0.22779000000001542
0.22748000000001545
0.22724000000001546
0.22712000000001553
0.22711000000001558
0.2271400000000156
0.22716000000001565
0.22720000000001567
0.22724000000001573
0.22728000000001577
0.2272800000000158
0.22732000000001581
0.22736000000001588
0.22740000000001592
0.22744000000001596
0.227470000000016
0.22751000000001606
0.2275500000000161
0.2275900000000161
0.22762000000001614
0.2276600000000162
0.22770000000001625
0.22774000000001626
0.2277800000000163
0.22781000000001636
0.2278400000000164
0.22786000000001644
0.22790000000001645
0.22794000000001655
0.22797000000001658
0.22801000000001662
0.22804000000001662
0.22808000000001669
0.22812000000001673
0.22816000000001677
0.22818000000001679
0.22821000000001687
0.22825000000001688
0.2282900000000169
0.22832000000001693
0.228350000000017
0.22835000000001704
0.2283900000000171
0.22843000000001712
0.2284700000000172
0.22851000000001723
0.22853000000001725
0.22856000000001728
0.22860000000001734
0.22862000000001734
0.2286500000000174
0.22868000000001742
0.22865000000001748
0.2286200000000175
0.22861000000001758
0.2286400000000176
0.22868000000001765
0.2287200000000177
0.22875000000001774
0.22875000000001777
0.2287900000000178
0.22876000000001784
0.22878000000001789
0.22881000000001792
0.22884000000001795
0.22887000000001798
0.22890000000001806
0.2289400000000181
0.22896000000001815
0.22872000000001816
0.2286300000000182
0.22867000000001828
0.2287100000000183
0.22875000000001833
0.22879000000001837
0.2288200000000184
0.22886000000001844
0.2288900000000185
0.22887000000001853
0.22884000000001856
0.22879000000001862
0.22875000000001863
0.22877000000001868
0.22877000000001874
0.22874000000001876
0.22869000000001882
0.22865000000001884
0.22858000000001888
0.22853000000001894
0.22857000000001895
0.228610000000019
0.2286500000000191
0.22864000000001908
0.22840000000001914
0.22830000000001915
0.2282800000000192
0.22832000000001923
0.22833000000001927
0.22837000000001934
0.22841000000001935
0.2284500000000194
0.22845000000001942
0.2284200000000195
0.2280400000000195
0.22766000000001957
0.22753000000001958
0.22751000000001967
0.2275400000000197
0.2275800000000197
0.22762000000001972
0.22766000000001982
0.22770000000001983
0.2277400000000199
0.2277800000000199
0.22782000000001998
0.22786000000002002
0.22790000000002003
0.2279000000000201
0.22792000000002013
0.22796000000002015
0.22800000000002024
0.22804000000002025
0.22805000000002026
0.22809000000002033
0.22813000000002037
0.22817000000002038
0.22821000000002045
0.22825000000002046
0.22829000000002053
0.22833000000002057
0.22837000000002058
0.22840000000002064
0.2284300000000207
0.22845000000002075
0.22849000000002076
0.2285300000000208
0.22857000000002087
0.22861000000002088
0.2286500000000209
0.22868000000002095
0.228710000000021
0.22874000000002104
0.22878000000002105
0.22882000000002112
0.22876000000002117
0.22872000000002118
0.22874000000002123
0.2287800000000213
0.2288200000000213
0.22884000000002136
0.22881000000002144
0.22885000000002145
0.2288700000000215
0.22882000000002153
0.22882000000002156
0.2288100000000216
0.22883000000002165
0.2288100000000217
0.2286900000000217
0.22867000000002174
0.2287100000000218
0.22873000000002183
0.2287700000000219
0.2288100000000219
0.22885000000002195
0.228890000000022
0.22893000000002203
0.22897000000002207
0.2290100000000221
0.22903000000002213
0.2290000000000222
0.22883000000002224
0.22865000000002228
0.2285100000000223
0.22847000000002238
0.2284700000000224
0.22848000000002244
0.22841000000002248
0.22834000000002252
0.22827000000002254
0.2280900000000226
0.22791000000002262
0.22772000000002268
0.22762000000002272
0.22752000000002276
0.2275000000000228
0.22739000000002282
0.22739000000002288
0.22742000000002294
0.22746000000002295
0.22748000000002297
0.227510000000023
0.22755000000002307
0.2275900000000231
0.22763000000002315
0.22766000000002318
0.22768000000002322
0.22770000000002327
0.2277400000000233
0.22778000000002332
0.22782000000002342
0.22786000000002343
0.2278500000000235
0.2278300000000235
0.22758000000002357
0.22752000000002362
0.22750000000002366
0.22754000000002367
0.22758000000002374
0.22756000000002377
0.22760000000002378
0.22764000000002385
0.2276800000000239
0.22772000000002393
0.22776000000002397
0.227800000000024
0.22783000000002404
0.22787000000002405
0.2278400000000241
0.22780000000002415
0.2278300000000242
0.22783000000002426
0.2278600000000243
0.2279000000000243
0.22793000000002434
0.22797000000002438
0.22800000000002443
0.22797000000002446
0.2279400000000245
0.22797000000002451
0.2280000000000246
0.2280300000000246
0.2280700000000247
0.2281100000000247
0.22815000000002475
0.22818000000002478
0.22821000000002484
0.22825000000002488
0.22829000000002492
0.22832000000002495
0.228360000000025
0.22840000000002506
0.22842000000002508
0.22846000000002514
0.22848000000002516
0.22844000000002518
0.22838000000002526
0.22834000000002527
0.22837000000002533
0.22841000000002534
0.2284500000000254
0.22849000000002545
0.2285100000000255
0.22855000000002554
0.22859000000002555
0.22863000000002556
0.22867000000002566
0.22871000000002567
0.2287500000000257
0.22875000000002574
0.2287500000000258
0.22871000000002584
0.22863000000002587
0.22863000000002592
0.22867000000002596
0.228710000000026
0.22872000000002607
0.22876000000002608
0.22880000000002612
0.22884000000002616
0.2288800000000262
0.22887000000002627
0.2289100000000263
0.22895000000002633
0.22898000000002636
0.22901000000002641
0.22905000000002645
0.22909000000002647
0.2291300000000265
0.22914000000002657
0.2291800000000266
0.22922000000002662
0.2292600000000267
0.2292700000000267
0.22926000000002678
0.2293000000000268
0.22934000000002686
0.2293800000000269
0.22942000000002694
0.22945000000002694
0.229490000000027
0.22953000000002702
0.22957000000002709
0.22960000000002714
0.22963000000002717
0.22967000000002719
0.22971000000002723
0.2297500000000273
0.2297700000000273
0.22967000000002735
0.2295700000000274
0.22947000000002746
0.22948000000002747
0.2295200000000275
0.22949000000002756
0.22951000000002758
0.22955000000002765
0.22954000000002767
0.22939000000002774
0.22939000000002777
0.2294300000000278
0.22945000000002785
0.22941000000002787
0.22940000000002791
0.22944000000002795
0.22947000000002798
0.22946000000002806
0.2293500000000281
0.2292200000000281
0.22913000000002814
0.2291600000000282
0.22918000000002825
0.2292000000000283
0.2292400000000283
0.22927000000002834
0.2292800000000284
0.22932000000002842
0.22935000000002848
0.22939000000002852
0.22943000000002856
0.2294600000000286
0.22945000000002863
0.2294800000000287
0.2295200000000287
0.22956000000002877
0.22960000000002878
0.22952000000002887
0.22948000000002888
0.22952000000002892
0.22954000000002894
0.22958000000002898
0.22962000000002905
0.22966000000002906
0.22970000000002913
0.22974000000002917
0.22978000000002918
0.22971000000002922
0.22968000000002928
0.2297200000000293
0.22976000000002939
0.2298000000000294
0.22978000000002943
0.22977000000002945
0.2297100000000295
0.22959000000002952
0.22944000000002962
0.22948000000002963
0.22952000000002964
0.2295600000000297
0.22957000000002975
0.2296100000000298
0.22965000000002983
0.2296900000000299
0.22972000000002993
0.22971000000002995
0.22952000000003
0.22911000000003004
0.22863000000003006
0.2282900000000301
0.22793000000003016
0.22753000000003018
0.22728000000003024
0.22719000000003026
0.2271600000000303
0.22715000000003036
0.2271800000000304
0.22718000000003044
0.22721000000003047
0.22717000000003051
0.22720000000003057
0.22716000000003062
0.22717000000003063
0.22717000000003065
0.22713000000003072
0.22716000000003075
0.2272000000000308
0.2272400000000308
0.22728000000003087
0.22731000000003093
0.22735000000003094
0.22739000000003098
0.22743000000003105
0.2274400000000311
0.2274800000000311
0.22752000000003117
0.2275600000000312
0.22754000000003122
0.22747000000003129
0.2275100000000313
0.22755000000003137
0.22758000000003137
0.22762000000003144
0.22763000000003147
0.22762000000003152
0.22757000000003155
0.2275100000000316
0.22749000000003164
0.2274700000000317
0.2274500000000317
0.22746000000003175
0.2275000000000318
0.22753000000003185
0.22755000000003187
0.22758000000003192
0.22758000000003192
0.22755000000003198
0.227550000000032
0.22754000000003208
0.22756000000003213
0.22756000000003218
0.2276000000000322
0.2276400000000322
0.2276800000000323
0.2277200000000323
0.22776000000003235
0.22780000000003242
0.22781000000003243
0.22785000000003247
0.2278900000000325
0.22793000000003258
0.2279700000000326
0.22801000000003266
0.22805000000003267
0.2280900000000327
0.22813000000003275
0.22816000000003284
0.22818000000003283
0.2282100000000329
0.2281200000000329
0.22815000000003297
0.22818000000003297
0.22821000000003303
0.22825000000003307
0.2282900000000331
0.22831000000003315
0.2283100000000332
0.22824000000003322
0.2281500000000333
0.2280500000000333
0.22809000000003335
0.2280900000000334
0.22804000000003344
0.22808000000003348
0.22810000000003353
0.2281400000000335
0.22817000000003362
0.22819000000003362
0.22817000000003368
0.22821000000003372
0.22825000000003376
0.2282900000000338
0.22833000000003384
0.22837000000003385
0.2284100000000339
0.22843000000003394
0.228470000000034
0.228470000000034
0.22848000000003407
0.2285200000000341
0.22853000000003412
0.2285400000000342
0.22855000000003423
0.22853000000003426
0.22857000000003433
0.22861000000003434
0.2286500000000344
0.22869000000003445
0.22873000000003446
0.22877000000003447
0.22877000000003453
0.22879000000003458
0.22883000000003462
0.22887000000003468
0.22890000000003471
0.22894000000003475
0.22898000000003477
0.22902000000003483
0.22905000000003486
0.2290700000000349
0.22911000000003495
0.229120000000035
0.22911000000003504
0.22914000000003507
0.22916000000003509
0.22920000000003515
0.2292300000000352
0.2292400000000352
0.22928000000003526
0.22932000000003533
0.22936000000003537
0.22940000000003538
0.2294300000000354
0.22946000000003544
0.22938000000003553
0.22939000000003554
0.2294100000000356
0.2294300000000356
0.2294700000000357
0.22951000000003569
0.22953000000003576
0.22955000000003578
0.22959000000003585
0.22962000000003588
0.22966000000003592
0.22970000000003596
0.22970000000003596
0.229720000000036
0.22971000000003608
0.22973000000003613
0.22976000000003613
0.22980000000003617
0.22984000000003624
0.22988000000003625
0.2299100000000363
0.22978000000003634
0.22963000000003642
0.22963000000003644
0.22962000000003646
0.22950000000003648
0.22948000000003654
0.22952000000003658
0.2295600000000366
0.22960000000003666
0.22962000000003674
0.22963000000003675
0.22953000000003682
0.22951000000003682
0.22940000000003688
0.2292200000000369
0.22882000000003694
0.22861000000003695
0.22852000000003705
0.22856000000003707
0.2286000000000371
0.22864000000003717
0.2286800000000372
0.22872000000003723
0.22876000000003727
0.2288000000000373
0.22882000000003733
0.22886000000003737
0.2289000000000374
0.22894000000003745
0.2289700000000375
0.22900000000003753
0.2290400000000376
0.22907000000003763
0.2291100000000377
0.2291500000000377
0.22919000000003775
0.22923000000003782
0.22927000000003783
0.22925000000003787
0.2292600000000379
0.22928000000003795
0.229290000000038
0.22922000000003803
0.22917000000003807
0.22903000000003812
0.22884000000003818
0.2288200000000382
0.22886000000003823
0.22888000000003825
0.22891000000003833
0.22895000000003835
0.22899000000003839
0.22903000000003843
0.22907000000003847
0.2291100000000385
0.22915000000003855
0.22919000000003859
0.22923000000003865
0.2292700000000387
0.2293100000000387
0.22934000000003874
0.2293800000000388
0.22941000000003883
0.22945000000003887
0.22949000000003889
0.22953000000003898
0.229560000000039
0.22952000000003903
0.22956000000003907
0.22956000000003912
0.22948000000003912
0.2295200000000392
0.22956000000003923
0.2295600000000393
0.22945000000003932
0.22926000000003935
0.2291900000000394
0.22919000000003945
0.22923000000003946
0.22927000000003953
0.22931000000003954
0.22935000000003958
0.2293800000000396
0.22942000000003968
0.22946000000003972
0.22950000000003976
0.22954000000003982
0.22958000000003984
0.22962000000003985
0.2296500000000399
0.22968000000003994
0.22968000000003996
0.22971000000004
0.22975000000004006
0.2297900000000401
0.22983000000004014
0.22987000000004015
0.22991000000004022
0.22995000000004026
0.2299900000000403
0.23002000000004033
0.2300600000000404
0.23010000000004044
0.23014000000004045
0.23017000000004048
0.23012000000004054
0.23011000000004056
0.23005000000004064
0.23009000000004068
0.23013000000004072
0.23016000000004075
0.23019000000004078
0.23009000000004082
0.22976000000004085
0.2291500000000409
0.22857000000004096
0.22800000000004098
0.22770000000004104
0.22771000000004107
0.2277400000000411
0.22778000000004114
0.22779000000004118
0.22783000000004122
0.22787000000004126
0.2279100000000413
0.22795000000004134
0.22797000000004142
0.22799000000004144
0.22803000000004148
0.2280500000000415
0.22789000000004153
0.2275900000000416
0.22739000000004161
0.22734000000004168
0.22738000000004172
0.22741000000004175
0.22744000000004178
0.22748000000004182
0.22752000000004188
0.22756000000004192
0.22760000000004196
0.227640000000042
0.22766000000004202
0.22770000000004206
0.22773000000004212
0.22777000000004216
0.22781000000004217
0.22785000000004224
0.22789000000004228
0.22791000000004233
0.22795000000004234
0.22799000000004238
0.22803000000004242
0.22807000000004246
0.2281100000000425
0.22814000000004256
0.2280900000000426
0.22795000000004262
0.22792000000004264
0.2278600000000427
0.22777000000004272
0.2277300000000428
0.22777000000004285
0.22781000000004287
0.2278500000000429
0.22789000000004292
0.227930000000043
0.22793000000004304
0.22797000000004305
0.2280100000000431
0.22805000000004316
0.22809000000004317
0.22813000000004321
0.22813000000004324
0.22816000000004327
0.22820000000004337
0.22824000000004338
0.2282700000000434
0.22830000000004344
0.2283400000000435
0.22838000000004355
0.2284100000000436
0.22845000000004362
0.2284700000000437
0.2285100000000437
0.22854000000004376
0.22856000000004378
0.22860000000004385
0.2286200000000439
0.2286600000000439
0.22870000000004392
0.22874000000004402
0.22878000000004403
0.22881000000004406
0.2287400000000441
0.22870000000004412
0.22870000000004417
0.22864000000004425
0.22855000000004427
0.2284900000000443
0.22853000000004434
0.22857000000004438
0.22861000000004442
0.22865000000004448
0.2286900000000445
0.22873000000004456
0.22877000000004458
0.22878000000004461
0.22880000000004466
0.2288400000000447
0.22885000000004474
0.22878000000004478
0.22882000000004482
0.22884000000004487
0.2288200000000449
0.22877000000004494
0.22880000000004497
0.22884000000004506
0.22888000000004508
0.2289100000000451
0.22881000000004514
0.2286100000000452
0.22847000000004522
0.22831000000004528
0.2281600000000453
0.22801000000004534
0.22795000000004537
0.22792000000004545
0.22787000000004548
0.22783000000004552
0.22766000000004555
0.2275900000000456
0.22761000000004564
0.22764000000004567
0.2276200000000457
0.22756000000004575
0.2276000000000458
0.22763000000004582
0.22763000000004588
0.2276600000000459
0.22770000000004595
0.22772000000004602
0.22776000000004604
0.22773000000004606
0.22756000000004611
0.22743000000004612
0.22743000000004615
0.22747000000004625
0.22751000000004626
0.2275500000000463
0.22759000000004637
0.22763000000004638
0.2276700000000464
0.22771000000004646
0.2277200000000465
0.22772000000004652
0.22774000000004657
0.22778000000004664
0.22779000000004665
0.22783000000004672
0.22787000000004673
0.2278900000000468
0.22793000000004682
0.2279500000000469
0.2279900000000469
0.22803000000004692
0.22807000000004699
0.22811000000004703
0.22813000000004707
0.2280800000000471
0.22805000000004713
0.22796000000004718
0.22787000000004723
0.22783000000004724
0.22785000000004732
0.22789000000004733
0.22793000000004737
0.2279700000000474
0.22801000000004745
0.22805000000004746
0.22809000000004756
0.22813000000004757
0.2281400000000476
0.22818000000004768
0.2281700000000477
0.22821000000004776
0.2282500000000478
0.22829000000004782
0.22831000000004786
0.2283400000000479
0.22833000000004797
0.22831000000004797
0.228320000000048
0.22836000000004808
0.22840000000004812
0.22844000000004813
0.22848000000004817
0.2285200000000482
0.22855000000004827
0.2285900000000483
0.2286200000000483
0.2286600000000484
0.22860000000004843
0.22840000000004845
0.22825000000004853
0.22798000000004856
0.2277500000000486
0.22729000000004862
0.22683000000004866
0.2264500000000487
0.22615000000004876
0.22589000000004877
0.2256600000000488
0.22550000000004886
0.22548000000004886
0.22547000000004894
0.22535000000004896
0.22539000000004902
0.22543000000004906
0.22547000000004908
0.22550000000004916
0.22553000000004916
0.22557000000004923
0.22561000000004924
0.2256100000000493
0.22561000000004935
0.22565000000004937
0.2256800000000494
0.22572000000004946
0.2257600000000495
0.22573000000004953
0.22574000000004957
0.22578000000004964
0.22582000000004968
0.2258600000000497
0.22590000000004976
0.2259400000000498
0.2259800000000498
0.22602000000004982
0.22606000000004992
0.22610000000004993
0.22614000000004997
0.22618000000005004
0.22622000000005005
0.2262600000000501
0.22629000000005015
0.22633000000005019
0.22637000000005023
0.22638000000005024
0.22634000000005028
0.22631000000005033
0.2262700000000504
0.2262200000000504
0.22616000000005043
0.2261100000000505
0.2261500000000505
0.2261900000000506
0.2262300000000506
0.22627000000005065
0.22628000000005072
0.22623000000005072
0.22614000000005077
0.22613000000005082
0.22617000000005083
0.22621000000005087
0.22625000000005094
0.22628000000005097
0.22625000000005105
0.22621000000005106
0.22624000000005112
0.22628000000005113
0.2263000000000512
0.2263200000000512
0.22636000000005124
0.2264000000000513
0.22644000000005132
0.22648000000005142
0.2265100000000514
0.22654000000005145
0.22654000000005153
0.22649000000005154
0.22637000000005156
0.22641000000005163
0.22645000000005167
0.2264900000000517
0.22653000000005172
0.22657000000005179
0.2266100000000518
0.22665000000005184
0.2266800000000519
0.22672000000005196
0.22674000000005196
0.22677000000005204
0.22679000000005203
0.22676000000005211
0.22680000000005213
0.2268400000000522
0.22688000000005223
0.22692000000005225
0.2269400000000523
0.2269800000000523
0.22702000000005237
0.22706000000005241
0.22710000000005245
0.22714000000005252
0.22714000000005258
0.22703000000005255
0.2269100000000526
0.22683000000005266
0.2268700000000527
0.2269100000000527
0.22693000000005278
0.2269300000000528
0.22695000000005286
0.22697000000005288
0.22701000000005292
0.22701000000005297
0.227040000000053
0.2270700000000531
0.2271100000000531
0.22715000000005311
0.22719000000005318
0.2272000000000532
0.22722000000005327
0.22721000000005329
0.22721000000005337
0.22723000000005336
0.2272200000000534
0.22716000000005346
0.2271900000000535
0.22722000000005357
0.22723000000005356
0.22727000000005362
0.22731000000005366
0.22735000000005368
0.22736000000005374
0.2273000000000538
0.22727000000005382
0.22727000000005387
0.22731000000005389
0.22733000000005393
0.22737000000005397
0.227410000000054
0.22745000000005405
0.22749000000005412
0.22753000000005413
0.2275700000000542
0.2276100000000542
0.22765000000005425
0.2276700000000543
0.22769000000005435
0.22772000000005438
0.22776000000005442
0.22780000000005446
0.2278400000000545
0.22788000000005454
0.2279100000000546
0.2279500000000546
0.22799000000005468
0.2280300000000547
0.22807000000005473
0.2280200000000548
0.22803000000005483
0.22807000000005484
0.2281100000000549
0.22815000000005495
0.22819000000005496
0.22819000000005502
0.22821000000005506
0.22825000000005508
0.22828000000005513
0.22832000000005517
0.22835000000005523
0.22839000000005524
0.22843000000005528
0.2284600000000553
0.22839000000005538
0.2283600000000554
0.22829000000005545
0.22833000000005546
0.22835000000005556
0.22838000000005557
0.22840000000005561
0.22844000000005565
0.2284800000000557
0.22851000000005572
0.22854000000005578
0.2285400000000558
0.22838000000005587
0.2282100000000559
0.22825000000005594
0.22829000000005598
0.22833000000005604
0.22837000000005606
0.2283900000000561
0.22842000000005616
0.2284200000000562
0.2284600000000562
0.22850000000005627
0.2285100000000563
0.22841000000005635
0.22833000000005638
0.22835000000005642
0.22839000000005644
0.22843000000005648
0.22847000000005652
0.22848000000005658
0.22842000000005663
0.22838000000005668
0.22837000000005667
0.2284000000000567
0.22839000000005677
0.2282900000000568
0.22822000000005688
0.22793000000005692
0.22762000000005694
0.227470000000057
0.22737000000005703
0.22724000000005706
0.2270900000000571
0.22691000000005715
0.22673000000005716
0.22669000000005718
0.22671000000005728
0.2267500000000573
0.2267900000000573
0.2268300000000574
0.22687000000005741
0.22691000000005743
0.22695000000005752
0.22699000000005753
0.22702000000005756
0.2270400000000576
0.22705000000005765
0.2270600000000577
0.22705000000005773
0.2270800000000578
0.2271200000000578
0.22716000000005784
0.22718000000005786
0.22722000000005796
0.22726000000005797
0.227240000000058
0.22727000000005804
0.2272300000000581
0.22720000000005813
0.22711000000005815
0.22703000000005824
0.22694000000005826
0.22685000000005828
0.22680000000005834
0.22678000000005838
0.2268200000000584
0.22686000000005846
0.22688000000005848
0.22690000000005853
0.22694000000005854
0.2269800000000586
0.22702000000005867
0.2270600000000587
0.22710000000005875
0.22714000000005877
0.22716000000005881
0.22716000000005887
0.2271700000000589
0.22720000000005894
0.22723000000005897
0.227270000000059
0.22731000000005908
0.2273500000000591
0.2273900000000591
0.22743000000005917
0.2274700000000592
0.22751000000005925
0.2275500000000593
0.22759000000005933
0.2276300000000594
0.2276700000000594
0.22771000000005945
0.2277400000000595
0.22776000000005953
0.2278000000000596
0.2278400000000596
0.22784000000005966
0.22784000000005972
0.22788000000005973
0.22792000000005977
0.2279400000000598
0.22792000000005985
0.22785000000005987
0.22785000000005995
0.22778000000005993
0.22779000000006003
0.22783000000006007
0.2277900000000601
0.22776000000006014
0.22778000000006016
0.22782000000006022
0.22783000000006026
0.22775000000006032
0.22764000000006032
0.22764000000006038
0.2276700000000604
0.22771000000006045
0.2277500000000605
0.22779000000006053
0.22783000000006057
0.2278700000000606
0.22791000000006068
0.22787000000006072
0.22785000000006073
0.22763000000006076
0.2275100000000608
0.22740000000006086
0.2274200000000609
0.22739000000006093
0.227310000000061
0.22734000000006102
0.22738000000006103
0.2274200000000611
0.22745000000006113
0.22747000000006115
0.22751000000006122
0.22755000000006123
0.2274800000000613
0.2274600000000613
0.22742000000006138
0.22738000000006142
0.22735000000006145
0.22722000000006148
0.22712000000006155
0.22714000000006154
0.2271700000000616
0.2272100000000616
0.2272500000000617
0.2272900000000617
0.22733000000006176
0.2273000000000618
0.22723000000006185
0.22726000000006188
0.22726000000006194
0.22730000000006198
0.227330000000062
0.22736000000006207
0.2273400000000621
0.22726000000006213
0.22718000000006217
0.2271600000000622
0.22720000000006224
0.22721000000006228
0.22721000000006233
0.22722000000006237
0.2270500000000624
0.22706000000006243
0.2271000000000625
0.22714000000006251
0.22718000000006255
0.2272100000000626
0.22725000000006265
0.2272900000000627
0.22733000000006273
0.22737000000006277
0.22741000000006284
0.22743000000006286
0.22744000000006287
0.2274800000000629
0.22746000000006297
0.227470000000063
0.22751000000006302
0.2275500000000631
0.22759000000006313
0.22761000000006318
0.2276400000000632
0.22768000000006328
0.22771000000006328
0.22774000000006334
0.22778000000006335
0.22782000000006344
0.22786000000006346
0.22790000000006347
0.22794000000006354
0.22798000000006358
0.2279800000000636
0.22791000000006365
0.22777000000006367
0.2277000000000637
0.22755000000006378
0.2273800000000638
0.22720000000006382
0.22702000000006387
0.22703000000006393
0.22707000000006397
0.22711000000006398
0.22715000000006405
0.22719000000006406
0.22723000000006413
0.22727000000006417
0.2273100000000642
0.22735000000006425
0.22739000000006426
0.22739000000006435
0.22743000000006436
0.22747000000006443
0.22749000000006447
0.22749000000006447
0.22739000000006457
0.22743000000006455
0.2274700000000646
0.22751000000006466
0.2275500000000647
0.2275900000000647
0.22762000000006474
0.22761000000006482
0.22755000000006484
0.2275200000000649
0.22741000000006495
0.22740000000006497
0.227410000000065
0.22745000000006504
0.22749000000006508
0.22753000000006512
0.22755000000006514
0.22758000000006517
0.22750000000006526
0.22744000000006528
0.22726000000006533
0.2269100000000654
0.22667000000006537
0.22663000000006545
0.22663000000006547
0.22667000000006554
0.22671000000006558
0.2267400000000656
0.22670000000006565
0.2265800000000657
0.22642000000006574
0.22642000000006576
0.2264300000000658
0.22645000000006585
0.22637000000006588
0.22635000000006594
0.22639000000006598
0.226370000000066
0.22629000000006608
0.22631000000006604
0.22635000000006614
0.22639000000006615
0.2263600000000662
0.22639000000006623
0.22643000000006627
0.22647000000006634
0.22649000000006633
0.2265100000000664
0.22655000000006645
0.2265900000000665
0.22655000000006656
0.22649000000006658
0.22635000000006658
0.22636000000006665
0.2263900000000667
0.2263500000000667
0.22634000000006677
0.22638000000006678
0.2264100000000668
0.22645000000006688
0.22649000000006692
0.22653000000006696
0.22657000000006702
0.22658000000006703
0.2266100000000671
0.22663000000006714
0.22664000000006718
0.2266800000000672
0.22672000000006723
0.2267600000000673
0.2268000000000673
0.22683000000006737
0.22687000000006743
0.22687000000006743
0.2268400000000675
0.22684000000006752
0.22688000000006756
0.2269200000000676
0.22696000000006764
0.22698000000006766
0.22700000000006773
0.22703000000006776
0.2270700000000678
0.22711000000006784
0.22715000000006788
0.2271900000000679
0.22723000000006796
0.22727000000006803
0.22731000000006804
0.22735000000006808
0.2273100000000681
0.22730000000006817
0.2273400000000682
0.22738000000006825
0.2274200000000683
0.2274600000000683
0.22750000000006837
0.2274900000000684
0.22749000000006844
0.22752000000006847
0.22756000000006854
0.22760000000006858
0.2276300000000686
0.22767000000006862
0.2277100000000687
0.22775000000006873
0.22779000000006877
0.22783000000006876
0.22787000000006885
0.2279100000000689
0.22791000000006895
0.22791000000006895
0.227950000000069
0.22799000000006903
0.2280100000000691
0.22805000000006914
0.22801000000006916
0.2279600000000692
0.22794000000006925
0.2279000000000693
0.22775000000006929
0.22772000000006937
0.22765000000006938
0.22757000000006947
0.2276000000000695
0.2276400000000695
0.22768000000006958
0.22772000000006962
0.22774000000006964
0.2277200000000697
0.2276500000000697
0.22746000000006975
0.22728000000006982
0.22709000000006985
0.2270200000000699
0.22697000000006992
0.22701000000006996
0.22705000000006997
0.22709000000007004
0.22713000000007008
0.2271700000000701
0.22719000000007017
0.22718000000007021
0.22715000000007024
0.22713000000007025
0.2270700000000703
0.22703000000007034
0.2270500000000704
0.22708000000007045
0.2271200000000705
0.22715000000007052
0.22719000000007056
0.2272300000000706
0.22719000000007064
0.22714000000007067
0.22713000000007075
0.22712000000007074
0.2270000000000708
0.22682000000007083
0.2266600000000709
0.2266200000000709
0.22653000000007095
0.226500000000071
0.22653000000007104
0.22657000000007108
0.22661000000007112
0.22665000000007116
0.22669000000007122
0.22673000000007124
0.2267700000000713
0.22681000000007132
0.22685000000007136
0.22689000000007137
0.22693000000007144
0.22697000000007148
0.22701000000007152
0.22705000000007158
0.2270900000000716
0.22706000000007162
0.22687000000007168
0.22667000000007173
0.22661000000007175
0.2266300000000718
0.22667000000007184
0.22671000000007188
0.2267500000000719
0.22676000000007196
0.226760000000072
0.22680000000007203
0.22683000000007206
0.22686000000007212
0.22690000000007213
0.2269400000000722
0.22696000000007222
0.22697000000007228
0.2270100000000723
0.22705000000007236
0.2270900000000724
0.22712000000007243
0.22713000000007247
0.22715000000007252
0.22719000000007256
0.2272300000000726
0.22724000000007266
0.22723000000007265
0.22720000000007273
0.22724000000007277
0.22728000000007278
0.2273200000000728
0.22735000000007288
0.22739000000007292
0.227380000000073
0.227400000000073
0.22744000000007303
0.22747000000007309
0.22751000000007313
0.22755000000007317
0.22759000000007318
0.22763000000007325
0.22767000000007329
0.22770000000007332
0.22774000000007333
0.2277800000000734
0.22782000000007344
0.22786000000007345
0.2278600000000735
0.22787000000007357
0.22783000000007358
0.22782000000007366
0.22784000000007368
0.22783000000007375
0.22784000000007376
0.2278800000000738
0.2279200000000738
0.22796000000007388
0.2280000000000739
0.22802000000007397
0.228060000000074
0.22810000000007402
0.22814000000007406
0.22818000000007413
0.22822000000007414
0.2282400000000742
0.22813000000007425
0.22802000000007427
0.22806000000007431
0.22810000000007438
0.2281400000000744
0.22818000000007443
0.22819000000007447
0.22803000000007456
0.22793000000007452
0.2277200000000746
0.22756000000007465
0.2276000000000747
0.2276400000000747
0.22768000000007477
0.22772000000007478
0.22776000000007482
0.22778000000007487
0.2277900000000749
0.22783000000007497
0.22787000000007498
0.22790000000007501
0.2278900000000751
0.22789000000007514
0.22792000000007517
0.2279400000000752
0.22798000000007523
0.22802000000007527
0.2280600000000753
0.22810000000007535
0.2281100000000754
0.22806000000007542
0.22810000000007546
0.22809000000007548
0.22807000000007555
0.22810000000007558
0.22814000000007564
0.22818000000007566
0.22822000000007572
0.22826000000007574
0.22830000000007578
0.22831000000007584
0.22829000000007588
0.2283000000000759
0.22834000000007595
0.22838000000007597
0.22841000000007602
0.22845000000007604
0.22848000000007612
0.22849000000007613
0.2285300000000762
0.2285700000000762
0.2286100000000763
0.22865000000007632
0.22869000000007633
0.22871000000007638
0.22871000000007644
0.22861000000007647
0.22846000000007652
0.22838000000007658
0.2284200000000766
0.2284600000000766
0.2284900000000767
0.2285300000000767
0.22855000000007675
0.22858000000007678
0.2286100000000768
0.22865000000007685
0.22869000000007692
0.22873000000007693
0.228770000000077
0.22879000000007704
0.22883000000007706
0.2288500000000771
0.22889000000007714
0.2288700000000772
0.22888000000007724
0.22892000000007726
0.22896000000007732
0.22900000000007736
0.22904000000007738
0.2290700000000774
0.2291100000000775
0.22908000000007753
0.22902000000007758
0.2289300000000776
0.2287500000000776
0.22838000000007766
0.22816000000007772
0.22799000000007777
0.2276000000000778
0.2272000000000778
0.2268600000000779
0.22674000000007788
0.22673000000007795
0.22676000000007798
0.226800000000078
0.2268400000000781
0.22687000000007812
0.22689000000007814
0.2269300000000782
0.22697000000007822
0.22696000000007827
0.2267600000000783
0.22653000000007836
0.2265000000000784
0.22654000000007843
0.2265800000000785
0.22661000000007853
0.22665000000007854
0.22669000000007858
0.22673000000007865
0.22676000000007865
0.2268000000000787
0.22684000000007876
0.22688000000007877
0.22687000000007884
0.22679000000007887
0.2265800000000789
0.22644000000007897
0.22648000000007898
0.22646000000007901
0.22644000000007908
0.2264700000000791
0.22651000000007915
0.2265300000000792
0.22657000000007924
0.22661000000007925
0.2266300000000793
0.22664000000007933
0.2266400000000794
0.22657000000007943
0.22653000000007945
0.2265700000000795
0.22661000000007953
0.22663000000007957
0.2266700000000796
0.22671000000007968
0.2267500000000797
0.22678000000007975
0.22680000000007977
0.2268200000000798
0.22686000000007986
0.2269000000000799
0.2269400000000799
0.22698000000008
0.22698000000008003
0.2269500000000801
0.2269900000000801
0.22696000000008013
0.22697000000008016
0.22695000000008023
0.22695000000008025
0.2269700000000803
0.22701000000008037
0.2270400000000804
0.2270800000000804
0.22711000000008044
0.2271400000000805
0.22716000000008055
0.22719000000008058
0.22723000000008062
0.22717000000008064
0.2271800000000807
0.22722000000008075
0.22726000000008081
0.22730000000008083
0.22734000000008087
0.22736000000008091
0.22735000000008096
0.22734000000008098
0.227260000000081
0.22723000000008106
0.22720000000008111
0.22709000000008114
0.2270400000000812
0.22708000000008122
0.22712000000008128
0.22716000000008132
0.22719000000008133
0.22723000000008137
0.22726000000008142
0.22726000000008145
0.22730000000008152
0.22732000000008154
0.22733000000008158
0.22737000000008162
0.22737000000008167
0.2273900000000817
0.22743000000008176
0.22747000000008177
0.2275100000000818
0.22755000000008185
0.22758000000008188
0.22762000000008195
0.22766000000008196
0.227700000000082
0.2277400000000821
0.2277800000000821
0.22774000000008215
0.22774000000008215
0.22778000000008222
0.22782000000008226
0.2278500000000823
0.22780000000008233
0.2277800000000824
0.2277700000000824
0.22779000000008245
0.2278000000000825
0.22780000000008255
0.22770000000008256
0.2276100000000826
0.22738000000008265
0.2271400000000827
0.2269300000000827
0.2267500000000828
0.2264600000000828
0.22611000000008286
0.22580000000008288
0.22554000000008295
0.22543000000008298
0.225350000000083
0.22508000000008305
0.2246200000000831
0.22462000000008314
0.22466000000008318
0.2246900000000832
0.22466000000008324
0.2245700000000833
0.22441000000008335
0.22440000000008337
0.22444000000008338
0.22448000000008345
0.2245100000000835
0.22451000000008356
0.22455000000008357
0.22459000000008358
0.22463000000008365
0.2246700000000837
0.2247100000000837
0.2247500000000838
0.2247900000000838
0.22482000000008384
0.2248600000000839
0.22490000000008392
0.224940000000084
0.224980000000084
0.22500000000008408
0.2250400000000841
0.22506000000008414
0.22510000000008418
0.22513000000008423
0.22514000000008424
0.2251600000000843
0.22515000000008434
0.22514000000008433
0.22515000000008442
0.22518000000008445
0.22520000000008453
0.22512000000008453
0.22514000000008458
0.2250900000000846
0.22503000000008466
0.22496000000008468
0.22477000000008474
0.22475000000008477
0.2247900000000848
0.22483000000008485
0.22487000000008486
0.22491000000008496
0.22495000000008497
0.224980000000085
0.22501000000008506
0.2250500000000851
0.22509000000008514
0.22513000000008518
0.2251300000000852
0.22515000000008528
0.22519000000008532
0.22523000000008533
0.22527000000008537
0.2252800000000854
0.22532000000008545
0.22536000000008552
0.22538000000008554
0.22535000000008557
0.2253900000000856
0.22543000000008567
0.2254500000000857
0.22549000000008573
0.22553000000008575
0.22557000000008579
0.22557000000008587
0.2255200000000859
0.22541000000008593
0.22535000000008598
0.22530000000008601
0.22531000000008605
0.22534000000008608
0.22535000000008615
0.22539000000008616
0.2254200000000862
0.22542000000008625
0.22546000000008626
0.22550000000008635
0.22554000000008637
0.2255800000000864
0.22562000000008647
0.22566000000008649
0.22569000000008652
0.22572000000008657
0.2257600000000866
0.22580000000008665
0.22584000000008672
0.22585000000008673
0.2258900000000868
0.2259300000000868
0.22597000000008682
0.2260100000000869
0.22604000000008692
0.22607000000008695
0.22611000000008702
0.22615000000008706
0.22619000000008707
0.22620000000008714
0.22624000000008715
0.2262400000000872
0.22628000000008724
0.2263200000000873
0.22636000000008732
0.22639000000008735
0.2263800000000874
0.22640000000008745
0.2264100000000875
0.22643000000008753
0.22647000000008757
0.2264500000000876
0.22644000000008765
0.22648000000008767
0.22652000000008773
0.22656000000008777
0.22660000000008784
0.22664000000008783
0.2266800000000879
0.22671000000008792
0.22675000000008796
0.226700000000088
0.22669000000008804
0.2267100000000881
0.22672000000008813
0.22675000000008816
0.22679000000008823
0.22682000000008823
0.2268600000000883
0.22689000000008833
0.22681000000008836
0.2268400000000884
0.22688000000008846
0.22692000000008852
0.22696000000008854
0.22699000000008857
0.22682000000008862
0.22672000000008866
0.22672000000008868
0.22673000000008872
0.22669000000008876
0.2267100000000888
0.22675000000008885
0.22674000000008893
0.22674000000008895
0.22677000000008898
0.22680000000008904
0.22683000000008907
0.2267900000000891
0.22679000000008911
0.22683000000008918
0.2268600000000892
0.22690000000008925
0.2269400000000893
0.22697000000008932
0.2270100000000894
0.2270500000000894
0.22708000000008946
0.2271000000000895
0.2271300000000895
0.22711000000008957
0.22713000000008962
0.22715000000008967
0.2271600000000897
0.22720000000008975
0.22724000000008976
0.22728000000008985
0.22732000000008987
0.22736000000008988
0.22737000000008994
0.22739000000008996
0.22743000000008998
0.22747000000009007
0.22751000000009008
0.22755000000009012
0.2275900000000902
0.2276300000000902
0.22762000000009025
0.22757000000009028
0.22761000000009035
0.22765000000009036
0.2276900000000904
0.22773000000009044
0.22777000000009048
0.22781000000009052
0.22785000000009056
0.2278900000000906
0.22792000000009066
0.2279200000000907
0.2279600000000907
0.2279900000000908
0.2280300000000908
0.22807000000009084
0.2281100000000909
0.22807000000009092
0.22809000000009094
0.228130000000091
0.22815000000009103
0.2281900000000911
0.22823000000009114
0.22827000000009115
0.22831000000009122
0.22835000000009123
0.22839000000009127
0.2284200000000913
0.22841000000009137
0.22845000000009139
0.22848000000009144
0.22851000000009147
0.22855000000009154
0.22859000000009155
0.22860000000009162
0.22856000000009163
0.22860000000009167
0.22864000000009171
0.2286400000000918
0.2286800000000918
0.22871000000009184
0.2287400000000919
0.22876000000009195
0.22880000000009196
0.228840000000092
0.22888000000009207
0.2289100000000921
0.22893000000009212
0.22895000000009216
0.2289900000000922
0.22903000000009224
0.22906000000009225
0.22908000000009232
0.2291200000000924
0.2291600000000924
0.2292000000000924
0.22924000000009248
0.22928000000009252
0.2293200000000926
0.2293600000000926
0.22936000000009266
0.2293700000000927
0.2293800000000927
0.22941000000009276
0.22944000000009282
0.22948000000009283
0.22952000000009287
0.22956000000009294
0.22960000000009295
0.229620000000093
0.229660000000093
0.22969000000009307
0.22969000000009313
0.22972000000009313
0.22976000000009322
0.22978000000009322
0.22982000000009328
0.22981000000009333
0.22971000000009337
0.22973000000009342
0.22977000000009343
0.22981000000009344
0.22985000000009354
0.22987000000009356
0.2298900000000936
0.22985000000009362
0.22979000000009367
0.22979000000009372
0.22975000000009377
0.2297900000000938
0.22982000000009384
0.22986000000009385
0.22990000000009392
0.22994000000009396
0.22998000000009397
0.23002000000009407
0.23006000000009408
0.2301000000000941
0.23008000000009415
0.22997000000009418
0.22994000000009424
0.2298700000000943
0.22979000000009434
0.22975000000009435
0.2296500000000944
0.22945000000009447
0.22927000000009445
0.22918000000009453
0.22903000000009455
0.2290700000000946
0.22905000000009462
0.2289100000000947
0.2287400000000947
0.22851000000009475
0.2284700000000948
0.22851000000009486
0.22854000000009486
0.2285500000000949
0.22850000000009493
0.228480000000095
0.22852000000009504
0.2285600000000951
0.22858000000009512
0.22862000000009516
0.2286600000000952
0.22869000000009523
0.22866000000009526
0.22870000000009533
0.22874000000009534
0.2287800000000954
0.22878000000009543
0.22878000000009546
0.22869000000009548
0.22861000000009554
0.2284600000000956
0.22836000000009563
0.2283400000000957
0.22837000000009572
0.22841000000009576
0.2284500000000958
0.22849000000009584
0.22853000000009588
0.22857000000009595
0.22858000000009596
0.22862000000009602
0.22866000000009604
0.22868000000009608
0.22872000000009612
0.22876000000009616
0.2288000000000962
0.22884000000009624
0.2288700000000963
0.22886000000009632
0.22883000000009637
0.22872000000009637
0.22868000000009645
0.22870000000009652
0.22874000000009653
0.22876000000009658
0.2287900000000966
0.22883000000009665
0.22887000000009666
0.2289100000000967
0.22894000000009673
0.2289300000000968
0.22896000000009684
0.2289700000000969
0.22899000000009692
0.22903000000009693
0.229070000000097
0.22911000000009704
0.22915000000009705
0.22919000000009712
0.22923000000009716
0.2292600000000972
0.22922000000009723
0.22924000000009725
0.2292800000000973
0.22931000000009735
0.2293500000000974
0.22929000000009744
0.22920000000009746
0.2292200000000975
0.22926000000009752
0.22930000000009762
0.2293100000000976
0.2293400000000977
0.22938000000009773
0.22942000000009777
0.22945000000009783
0.22920000000009783
0.22885000000009786
0.2287300000000979
0.22867000000009796
0.22867000000009802
0.22871000000009803
0.22875000000009804
0.22879000000009814
0.22883000000009815
0.22887000000009816
0.2288900000000982
0.22893000000009828
0.2289600000000983
0.22900000000009835
0.2290400000000984
0.22908000000009843
0.2291200000000985
0.2291600000000985
0.22920000000009855
0.2292400000000986
0.22924000000009864
0.22927000000009867
0.22931000000009874
0.22931000000009874
0.22926000000009877
0.22930000000009884
0.22934000000009885
0.22936000000009893
0.22937000000009894
0.22941000000009898
0.22943000000009903
0.22947000000009907
0.2295000000000991
0.22954000000009916
0.2295500000000992
0.22951000000009925
0.22953000000009927
0.22956000000009932
0.22960000000009934
0.2296100000000994
0.22963000000009942
0.2296700000000995
0.22970000000009952
0.22974000000009956
0.22978000000009957
0.22982000000009964
0.22986000000009965
0.22990000000009972
0.22993000000009975
0.2299700000000998
0.23001000000009983

Avalanche_Distribution:
1
14
1
509
6
49
1
3
49
1
4
1
66
1
1
1
1
5
2
4
1
7
2
38
94
1
2
8
2
103
1
1
52
999
1
7
11
5
20
1
4
2
2
63
30
84
4
1
23
1
2
1
15
1
2
1
4
813
118
7
1
111
7
1
21
5
3
6
1
14
5
2
48
14
2
2
7
3
122
3
2
1
1
1
1
4
204
5
2
4
1
1
1
3
1
1
2
1
2
4
3
2
1
20
1
5
9
1
2
1
43
1
33
48
53
3
5
113
1
6
3
2
2
1
2
20
9
1
13
4
4
28
2
82
156
1
3
1
4
56
6
1
16
5
1
16
1
1
2
1
2
2
26
1
2
32
3
5
2
3
8
1
2
47
8
1
28
2
13
52
4
1
3
1
7
20
2
18
56
3
302
1
5
8
9
3
13
1
3
17
1
7
38
3
1
2
1
11
6
4
5
3
3
15
2
2
42
13
2
3
6
2
7
1
2
4
8
5
1
1
3
9
1
1
4
1
16
4
4
1
6
7
1
40
28
2
142
2
2
1
9
2
70
2
1
1
1
1
8
16
57
1
1
6
1
25
1
276
2
3
4
89
1
1
2
1
2
66
4
5
1
1
1
2
3
2
57
5
14
17
1
183
17
1
5
2
49
3
6
3
2
2
54
3
5
2
15
1
1
370
21
2
8
1
10
1
54
30
17
4
1
2
28
1
3
9
2
47
2
6
2
5
1
5
9
17
1
4
24
2
4
1
1
12
6
1
1
30
2
1
2
1
1
45
2
1
4
31
26
222
1
2
2
1
9
2
7
81
1
3
9
1
1
3
8
22
15
17
34
1
73
20
1
2
73
1
18
5
1
37
7
27
1
5
9
2
1
1
1
131
4
20
1
42
3
2
124
50
4
18
20
7
1
4
39
14
1
4
5
1
15
2
3
13
9
1
1
8
2
17
63
1
107
2
38
1
1
114
66
7
2
5
1
4
1
15
1
7
1
1
5
16
6
3
2
32
1
81
5
1
10
2
1
11
12
12
1
3
1
2
49
1
3
1
2
2
9
1
286
1
3
63
1
1
1
59
12
1
2
5
23
2
1
4
1
10
10
10
2
1
2
3
13
7
55
1
5
5
6
1
12
23
3
382
1
45
5
1
2
2
4
12
4
2
14
59
2
6
3
9
2
50
1
3
5
2
3
2
3
4
6
2
5
11
1
15
3
1
1
1
13
1
40
13
9
2
13
1
1
3
7
4
3
5
14
5
1
10
2
6
1
1
11
4
1
1
2
1
3
1
3
7
3
1
1
2
6
2
21
2
32
1
151
80
1
18
2
8
73
3
2
36
1
1
2
1
7
5
9
2
1
25
4
99
2
1
4
1
13
5
2
1
12
2
5
1
1
1
