
Branching_global:
3.9930000000000006e-09
3.882379999999996e-07
7.33506999999998e-07
1.058557000000002e-06
1.3217270000000081e-06
1.5403210000000102e-06
1.7685290000000034e-06
1.984334999999997e-06
2.165226999999992e-06
2.3008769999999867e-06

Autocorrelation:
-5.170972248485986e-05
-6.774311706595677e-05
-7.079431155774044e-05
-7.268179296468441e-05
-7.387395040071738e-05
-7.47187601463696e-05
-7.549812285302508e-05
-7.616014726114963e-05
-7.666956398424023e-05
-7.70284269050707e-05

Average_Activity:
0.25
0.75
1.0
3.0
0.75
0.75
1.0
0.0
0.75
0.25
1.25
1.25
0.75
0.5
0.25
1.0
1.0
0.0
1.0
1.5
0.0
0.75
1.25
0.75
1.75
1.0
0.75
1.25
1.0
1.75
1.25
0.75
2.0
0.75
1.0
1.25
0.75
1.0
0.0
1.5
1.0
0.75
0.75
0.75
2.0
0.75
1.25
0.5
0.5
0.5
0.75
1.25
0.5
1.0
0.75
0.75
1.0
1.5
0.25
1.0
2.0
0.5
1.5
1.75
1.0
0.5
0.5
1.25
0.25
0.0
1.5
0.75
0.5
0.5
0.5
1.0
1.25
0.75
0.75
1.25
1.0
0.25
2.0
1.0
0.25
1.75
1.75
1.25
1.25
1.0
1.0
1.75
1.0
1.5
1.0
2.0
1.25
0.75
0.75
0.5
1.0
0.75
1.25
2.0
1.5
0.5
0.75
1.25
0.75
0.5
0.75
0.75
0.25
1.5
1.5
1.75
1.25
0.5
0.75
2.25
0.75
1.0
2.25
1.5
2.25
1.5
1.0
1.25
0.75
1.25
0.5
0.75
2.0
1.0
0.75
1.0
1.0
1.5
0.75
2.25
0.25
0.5
1.25
1.5
1.25
1.25
1.75
0.5
0.75
1.25
0.75
1.5
0.25
0.75
1.0
0.5
1.75
1.0
0.75
0.5
0.25
1.5
0.75
0.75
1.25
1.0
1.25
0.5
1.0
0.5
1.5
1.0
1.5
1.25
1.0
0.75
0.25
1.0
1.75
1.0
1.25
0.75
1.5
0.5
1.25
1.5
1.25
1.0
1.0
1.25
1.0
0.75
0.75
0.75
1.0
0.5
0.75
0.5
0.75
1.25
1.25
0.75
1.5
1.5
1.0
1.25
1.5
2.25
1.0
1.25
1.25
2.0
0.5
0.25
0.75
1.25
1.25
1.0
1.0
1.75
1.25
1.5
1.75
1.0
1.0
0.75
0.75
0.5
0.5
0.75
0.75
0.25
0.75
0.25
2.25
1.5
0.5
0.75
0.5
0.75
0.25
1.0
1.0
0.75
1.25
0.25
0.75
1.5
1.0
1.0

Average_Alpha:
9.990000000000006e-10
4.987000000000001e-09
8.961000000000002e-09
1.2820999999999998e-08
1.6775e-08
2.071799999999999e-08
2.4621999999999987e-08
2.8621999999999996e-08
3.253799999999999e-08
3.650200000000001e-08
4.0305000000000016e-08
4.408800000000002e-08
4.7947000000000045e-08
5.184300000000005e-08
5.5787000000000055e-08
5.954700000000004e-08
6.329200000000003e-08
6.729200000000002e-08
7.102599999999999e-08
7.457599999999999e-08
7.857599999999996e-08
8.232599999999997e-08
8.592799999999992e-08
8.965199999999995e-08
9.30059999999999e-08
9.661099999999992e-08
1.0030099999999986e-07
1.0376299999999988e-07
1.0731699999999984e-07
1.1050899999999985e-07
1.139139999999998e-07
1.1754099999999983e-07
1.205469999999998e-07
1.241509999999998e-07
1.277369999999998e-07
1.3109599999999976e-07
1.346669999999997e-07
1.3808199999999974e-07
1.420819999999997e-07
1.4514799999999968e-07
1.485299999999997e-07
1.5203599999999968e-07
1.5569199999999964e-07
1.5917899999999963e-07
1.6188899999999963e-07
1.653959999999996e-07
1.6847599999999958e-07
1.7209999999999956e-07
1.7571599999999959e-07
1.7932599999999955e-07
1.8272699999999952e-07
1.857099999999995e-07
1.8929599999999955e-07
1.9263299999999953e-07
1.9598599999999944e-07
1.9933199999999945e-07
2.024409999999995e-07
2.0531099999999948e-07
2.0907899999999943e-07
2.1235099999999938e-07
2.144349999999995e-07
2.1794599999999946e-07
2.2046499999999966e-07
2.2290899999999963e-07
2.2602799999999978e-07
2.297479999999998e-07
2.3346099999999995e-07
2.3612699999999987e-07
2.39942e-07
2.4394200000000005e-07
2.467660000000002e-07
2.5004100000000017e-07
2.535120000000003e-07
2.5692700000000035e-07
2.6046300000000044e-07
2.633760000000005e-07
2.6609000000000055e-07
2.6934500000000056e-07
2.7267400000000076e-07
2.7509700000000073e-07
2.778180000000009e-07
2.815880000000008e-07
2.83520000000001e-07
2.8648000000000107e-07
2.901440000000011e-07
2.9176900000000106e-07
2.938020000000012e-07
2.9606300000000127e-07
2.983040000000013e-07
3.0088400000000136e-07
3.034530000000015e-07
3.053480000000015e-07
3.078760000000015e-07
3.099370000000016e-07
3.131090000000017e-07
3.142130000000018e-07
3.1653900000000177e-07
3.193770000000018e-07
3.2219800000000197e-07
3.25761000000002e-07
3.28946000000002e-07
3.31795000000002e-07
3.3411700000000217e-07
3.3585700000000224e-07
3.373630000000022e-07
3.405210000000023e-07
3.4358300000000237e-07
3.457230000000024e-07
3.4842700000000246e-07
3.5155600000000254e-07
3.5423500000000264e-07
3.571520000000027e-07
3.6070300000000267e-07
3.624460000000027e-07
3.6460800000000284e-07
3.6614000000000293e-07
3.678230000000029e-07
3.712860000000029e-07
3.748310000000031e-07
3.7567200000000315e-07
3.7860300000000296e-07
3.81327000000003e-07
3.822090000000028e-07
3.8432400000000285e-07
3.8528000000000267e-07
3.8662600000000266e-07
3.886150000000025e-07
3.9033800000000247e-07
3.9297900000000226e-07
3.960080000000024e-07
3.994050000000022e-07
4.018300000000022e-07
4.0266000000000205e-07
4.0565500000000203e-07
4.0842100000000193e-07
4.1064500000000197e-07
4.124830000000018e-07
4.1372100000000175e-07
4.160620000000017e-07
4.162350000000017e-07
4.196760000000015e-07
4.225510000000015e-07
4.2560300000000135e-07
4.264870000000014e-07
4.281090000000012e-07
4.300190000000012e-07
4.3120600000000117e-07
4.344110000000011e-07
4.3675300000000097e-07
4.3857100000000097e-07
4.4077300000000087e-07
4.423050000000008e-07
4.456960000000007e-07
4.483870000000007e-07
4.502890000000006e-07
4.5367200000000054e-07
4.5399800000000044e-07
4.5654400000000046e-07
4.591370000000003e-07
4.6242300000000033e-07
4.6608700000000025e-07
4.6663000000000015e-07
4.6972600000000006e-07
4.724830000000001e-07
4.7383699999999993e-07
4.7566199999999996e-07
4.769299999999998e-07
4.799569999999998e-07
4.825109999999997e-07
4.852229999999997e-07
4.855729999999996e-07
4.875089999999996e-07
4.887649999999995e-07
4.913539999999994e-07
4.930269999999993e-07
4.957189999999993e-07
4.990139999999992e-07
5.011299999999993e-07
5.016649999999991e-07
5.034079999999992e-07
5.04919999999999e-07
5.072589999999991e-07
5.07891999999999e-07
5.109429999999988e-07
5.127229999999988e-07
5.144389999999989e-07
5.170679999999987e-07
5.190019999999987e-07
5.212279999999984e-07
5.226519999999985e-07
5.246339999999984e-07
5.268189999999984e-07
5.297069999999983e-07
5.313949999999983e-07
5.332899999999982e-07
5.362759999999981e-07
5.384809999999981e-07
5.419719999999981e-07
5.43601999999998e-07
5.44732999999998e-07
5.447749999999979e-07
5.466479999999979e-07
5.479999999999978e-07
5.494879999999978e-07
5.518459999999976e-07
5.532789999999977e-07
5.546549999999977e-07
5.538759999999975e-07
5.553439999999974e-07
5.565789999999975e-07
5.586989999999974e-07
5.582589999999974e-07
5.605659999999971e-07
5.645439999999974e-07
5.671329999999972e-07
5.69050999999997e-07
5.713039999999971e-07
5.74016999999997e-07
5.767209999999969e-07
5.759229999999969e-07
5.759759999999967e-07
5.773689999999969e-07
5.758239999999968e-07
5.782379999999966e-07
5.799049999999967e-07
5.815079999999967e-07
5.848469999999966e-07
5.877329999999966e-07
5.899079999999964e-07
5.921269999999963e-07
5.940349999999964e-07
5.971109999999962e-07
5.989129999999962e-07
6.019829999999963e-07
6.001169999999961e-07
6.000729999999961e-07
6.021839999999961e-07
6.04194999999996e-07
6.07516999999996e-07
6.087889999999961e-07
6.125079999999962e-07
6.142589999999963e-07
6.148699999999963e-07
6.181809999999965e-07
6.193289999999966e-07
6.223499999999968e-07
6.259659999999966e-07
6.25962999999997e-07
6.285779999999971e-07
6.307989999999972e-07

Avalanche_Distribution:
2
6
14
4
1
3
3
1
3
5
5
2
1
2
4
2
10
3
1
4
14
3
3
2
4
3
7
2
1
11
6
4
4
4
10
3
3
3
10
1
5
1
1
2
1
1
1
4
4
1
2
2
2
4
4
6
1
2
10
8
7
3
2
1
5
2
1
6
3
2
3
1
8
1
3
3
2
3
4
7
2
4
1
4
23
5
7
11
16
3
4
1
5
2
16
3
4
6
3
2
1
3
2
22
3
2
1
11
1
3
12
21
4
5
3
6
1
12
3
7
2
2
6
12
1
2
11
5
5
7
2
4
6
7
1
3
4
2
8
5
2
2
6
1
2
8
1
8
5
1
9
3
7
4
1
5
1
1
4
2
7
2
5
3
6
2
1
6
9
2
5
1
3
2
4
5
1
3
2
2
1
2
2
2
3
4
4
3
2
5
7
4
2
9
12
6
15
1
2
8
6
4
1
2
10
1
13
3
5
2
3
2
5
3
1
3
1
15
2
3
2
3
1
2
2
4
3
5
1
2
1
3
3
4
4
