
Branching_global:
1.00004
1.0033900000000038
1.0053400000000081
1.0083300000000117
1.0101500000000163

Autocorrelation:
25.000499996641732
0.29548496871494623
0.1877654737868585
0.1205473279168884
0.09902132591940042

Average_Activity:
0.0
0.0
0.0
0.0
0.0
0.0
0.0
0.0
0.0
0.0
0.0
0.0
0.0
0.0
0.0
0.0
0.25
2.25
0.25
0.0
0.0
0.0
0.5
0.0
0.25
0.0
0.0
0.0
0.0
0.0
0.0
0.0
0.0
0.0
0.0
0.0
0.0
0.0
0.0
0.0
0.25
2.0
5.5
4.75
0.75
0.25
0.25
0.0
0.25
0.0
0.0
0.0
0.0
0.0
0.0
0.0
0.0
0.0
0.0
0.0
0.0
2.75
0.75
0.0
0.0
1.0
0.0
0.0
0.25
0.0
0.0
0.0
0.0
0.0
0.0
0.0
0.0
0.0
0.0
0.0
0.25
0.0
0.0
0.0
0.0
0.0
0.0
0.0
0.0
0.25
0.75
0.5
0.5
1.75
4.5
1.25
1.5
0.5
0.5
0.0
2.0
3.0
0.0
0.0
0.75
0.25
0.0
0.0
0.0
0.0
0.25
0.0
0.0
0.0
0.0
0.25
0.25
1.75
2.0
0.25
0.5
3.25
1.5
2.0
1.0

Average_Alpha:
0.25001
0.25005
0.2500900000000001
0.2501300000000001
0.25017000000000017
0.25021000000000015
0.2502500000000003
0.25029000000000023
0.25033000000000033
0.2503700000000003
0.2504100000000004
0.2504500000000004
0.25049000000000055
0.2505300000000005
0.25057000000000057
0.2506100000000005
0.2506400000000007
0.25059000000000065
0.25062000000000073
0.2506600000000007
0.25070000000000087
0.2507400000000008
0.2507600000000009
0.25080000000000086
0.250830000000001
0.2508700000000009
0.250910000000001
0.25095000000000106
0.25099000000000116
0.2510300000000011
0.25107000000000124
0.2511100000000012
0.25115000000000126
0.25119000000000125
0.2512300000000014
0.2512700000000014
0.2513100000000015
0.25135000000000146
0.2513900000000015
0.2514300000000015
0.2514600000000016
0.2514200000000016
0.25124000000000174
0.2510900000000017
0.25110000000000177
0.25113000000000174
0.2511600000000019
0.2512000000000018
0.25123000000000195
0.25127000000000194
0.251310000000002
0.251350000000002
0.2513900000000021
0.2514300000000021
0.2514700000000022
0.2515100000000022
0.25155000000000227
0.25159000000000226
0.25163000000000235
0.25167000000000234
0.25171000000000243
0.2516400000000024
0.2516500000000025
0.2516900000000025
0.25173000000000256
0.25173000000000256
0.25177000000000266
0.25181000000000264
0.25184000000000273
0.2518800000000027
0.2519200000000028
0.2519600000000028
0.2520000000000029
0.2520400000000029
0.252080000000003
0.25212000000000295
0.25216000000000305
0.25220000000000303
0.25224000000000313
0.2522800000000031
0.2523100000000032
0.2523500000000032
0.2523900000000033
0.25243000000000326
0.25247000000000336
0.25251000000000334
0.2525500000000035
0.2525900000000034
0.2526300000000035
0.25266000000000355
0.25267000000000367
0.25269000000000363
0.2527100000000037
0.2526800000000037
0.25254000000000376
0.25253000000000375
0.25251000000000384
0.25253000000000386
0.25255000000000394
0.2525900000000039
0.252550000000004
0.252470000000004
0.25251000000000406
0.2525500000000041
0.25256000000000417
0.2525900000000042
0.25263000000000424
0.2526700000000042
0.2527100000000043
0.2527500000000043
0.2527800000000044
0.25282000000000443
0.2528600000000045
0.25290000000000445
0.25294000000000455
0.2529700000000046
0.25300000000000467
0.25297000000000464
0.2529300000000047
0.25296000000000474
0.2529800000000048
0.25289000000000483
0.25287000000000487
0.2528300000000049
0.25283000000000494

Avalanche_Distribution:
11
2
1
53
2
1
14
4
1
1
1
5
2
30
8
2
20
4
1
1
17
33
