
Branching_global:
0.9999999890000001
1.0000002910000103
1.0000006940000212
1.0000010960000316
1.0000015030000429
1.000001911000053
1.0000022920000637
1.0000026820000738
1.0000031020000852
1.0000034760000946
1.0000038800001059
1.000004298000117
1.0000046960001279
1.0000051010001387
1.0000054900001496
1.0000058820001603
1.0000062840001713
1.0000067080001827
1.000007080000193
1.0000074860002037
1.0000078950002151
1.0000082950002258
1.000008674000236
1.0000090770002468
1.0000094150002579
1.0000098110002686
1.00001023000028
1.0000106390002907
1.0000110340003021
1.000011420000312
1.0000118280003236
1.0000122310003343
1.0000126210003457
1.0000130090003563
1.0000134300003676
1.0000138380003782
1.0000141760003889
1.0000145730004
1.0000149750004108
1.0000154120004223
1.0000157950004327
1.000016162000443
1.0000165830004546
1.0000169480004646
1.0000173910004762
1.0000177730004869
1.000018165000498
1.000018577000509
1.0000189440005196
1.0000193480005302
1.0000197580005414
1.0000201690005521
1.0000205730005638
1.0000209670005737
1.0000213650005854
1.000021740000595
1.0000221490006065
1.0000225750006175
1.0000229600006292
1.0000234000006396
1.0000237710006508
1.0000241450006604
1.000024581000673
1.0000249770006833
1.000025363000694
1.0000257630007043
1.0000261620007158
1.0000265540007258
1.0000269520007372
1.0000272700007482
1.0000276710007592
1.0000280300007693
1.0000284470007814
1.0000288700007918
1.000029252000803
1.0000296310008132
1.000030079000825
1.0000304680008352
1.0000308280008463
1.0000312580008568
1.0000316830008684
1.0000320190008787
1.00003241100089
1.0000328190009005
1.0000332400009122
1.0000336380009225
1.0000340720009337
1.0000344390009448
1.0000348090009556
1.0000352460009665
1.0000356130009773
1.0000359950009876
1.000036433000999
1.00003683100101
1.0000372110010203
1.0000376190010314
1.0000379980010423
1.0000384060010534
1.0000388140010648
1.0000391890010747

Autocorrelation:
-90909.09114509622
3436.4264950793668
1440.9226461257588
912.4092328010196
665.3364757005443
523.2867230343069
436.3006623861582
372.8565672932193
322.3731539392151
287.6874887139741
257.73245172997383
232.66685011518675
212.94768329832695
196.0404868263595
182.14985751330542
170.01069597909265
159.13480501784778
149.0762264113046
141.24343400215275
133.58318404768121
126.66294113293138
120.55504765180702
115.28756165290646
110.16905489773318
106.21398620331401
101.92690634084113
97.75220797859002
93.99429383985454
90.62946253486567
87.56617186188228
84.54564479436195
81.7599614221182
79.23352215313915
76.8703572218306
74.4606617732849
72.26527617072732
70.54225878600523
68.62054889425379
66.77846143894577
64.88500380081105
63.3116726865977
61.87402880605999
60.30321799817607
59.00451065396646
57.50150469182657
56.26561970848595
55.0514205921757
53.83050336823476
52.787660712712004
51.68542725694854
50.612908774372784
49.58153885125739
48.60789671220163
47.6944940191311
46.80602176755713
45.99865881271411
45.14926394315852
44.297287269231674
43.55450577320447
42.735541564990235
42.0685649773494
41.41694119280799
40.682326311933615
40.03733278985115
39.42801143744997
38.8158542912542
38.22387636962736
37.65960870706851
37.103496905115385
36.6708326916457
36.13941700698729
35.67656038128656
35.15359074641703
34.63853160738484
34.18619576368603
33.748938206006315
33.246285182283884
32.821819827728405
32.43854244415147
31.99230921710341
31.5631668089091
31.23195546307203
30.854221651662247
30.47065364493065
30.0847350320381
29.728782670841312
29.350111777943297
29.037346960342582
28.728701684764083
28.37251306460631
28.080133068024207
27.78213557312452
27.448142864153734
27.151540494863756
26.874273144122355
26.582811397576965
26.317673863068027
26.038097574556136
25.764398913849472
25.517863863552062

Average_Activity:
1.0
4.75
1.25
0.0
0.0
0.0
0.0
0.0
0.0
0.0
0.0
0.0
0.0
0.0
0.0
0.0
0.0
0.0
0.0
0.0
0.0
0.0
0.0
0.0
0.0
0.0
0.0
0.0
0.0
0.0
0.0
0.0
0.0
0.0
0.0
0.0
0.0
0.0
0.0
0.0
0.0
0.0
0.0
0.0
0.0
0.0
0.0
0.0
0.0
0.0
0.0
0.0
0.0
0.0
0.0
0.0
0.0
0.0
0.0
0.0
0.0
0.0
0.0
0.0
0.0
0.0
0.0
0.0
0.0
0.0
0.0
0.0
0.0
0.0
0.0
0.0
0.0
0.0
0.0
0.0
0.0
0.0
0.0
0.0
0.0
0.0
0.0
0.0
0.0
0.0
0.0
0.0
0.0
0.0
0.25
0.0
0.0
0.0
0.0
0.0
0.0
0.0
0.0
0.0
0.0
0.0
0.0
0.0
0.0
0.0
0.0
0.0
0.0
0.0
0.0
0.0
0.0
0.0
0.0
0.0
0.0
0.0
0.0
0.0
0.0
0.0
0.0
0.0
0.0
0.0
0.0
0.0
0.0
0.0
0.0
0.0
0.0
0.0
0.0
0.0
0.0
0.0
0.0
0.0
0.0
0.0
0.0
0.0
0.0
0.0
0.0
0.0
0.0
0.0
0.0
0.0
0.0
0.0
0.0
0.0
0.0
0.0
0.0
0.0
0.0
0.0
0.0
0.0
0.0
0.0
0.0
0.0
0.0
0.0
0.0
0.0
0.0
0.0
0.0
0.0
0.0
0.0
0.0
0.0
0.0
0.0
0.0
0.0
0.0
0.0
0.0
0.0
0.0
0.0
0.0
0.0
0.0
0.0
0.0
0.0
0.0
0.0
0.0
0.0
0.0
0.0
0.0
0.0
0.0
0.0
0.0
0.0
0.0
0.0
0.0
0.0
0.0
0.0
0.0
0.0
0.0
0.0
0.0
0.0
0.0
0.0
0.0
0.0
0.0
0.0
0.0
0.0
0.0
0.0
0.0
0.0
0.0
0.0
0.0
0.0
0.0
0.0
0.0
0.0
0.0
0.0
0.0
0.0
0.0
0.0
0.0
0.0
0.0
0.0
0.0
0.0
0.0
0.0
0.0
0.0
0.0
0.0
0.0
0.0
0.0
0.0
0.0
0.0
0.0
0.0
0.0
0.0
0.0
0.0
0.0
0.0
0.0
0.0
0.0
0.0
0.0
0.0
0.0
0.0
0.0
0.0
0.0
0.0
0.0
0.0
0.0
0.0
0.0
0.0
0.0
0.0
0.0
0.0
0.0
0.0
0.0
0.0
0.0
0.0
0.0
0.0
0.0
0.0
0.0
0.0
0.0
0.0
0.0
0.0
0.0
0.0
0.0
0.0
0.0
0.0
0.0
0.0
0.0
0.0
0.0
0.0
0.0
0.0
0.0
0.0
0.0
0.0
0.0
0.0
0.0
0.0
0.0
0.0
0.0
0.0
0.0
0.0
0.0
0.0
0.0
0.0
0.0
0.0
0.0
0.0
0.0
0.0
0.0
0.0
0.0
0.0
0.0
0.0
0.0
0.0
0.0
0.0
0.0
0.0
0.0
0.0
0.0
0.0
0.0
0.0
0.0
0.0
0.0
0.0
0.0
0.25
0.0
0.0
0.0
0.0
0.0
0.0
0.0
0.0
0.0
0.0
0.0
0.0
0.0
0.0
0.0
0.0
0.0
0.0
0.0
0.0
0.0
0.0
0.0
0.0
0.0
0.0
0.0
0.0
0.0
0.0
0.0
0.0
0.0
0.0
0.0
0.0
0.0
0.0
0.0
0.0
0.0
0.0
0.0
0.0
0.0
0.0
0.0
0.0
0.0
0.0
0.0
0.0
0.0
0.0
0.0
0.0
0.0
0.0
0.0
0.0
0.0
0.0
0.0
0.0
0.0
0.0
0.0
0.0
0.0
0.0
0.0
0.0
0.0
0.0
0.0
0.0
0.0
0.0
0.0
0.0
0.0
0.0
0.0
0.0
0.0
0.0
0.0
0.0
0.0
0.0
0.0
0.0
0.0
0.0
0.0
0.0
0.0
0.0
0.0
0.0
0.0
0.0
0.0
0.0
0.0
0.0
0.0
0.0
0.0
0.0
0.0
0.0
0.0
0.0
0.0
0.0
0.0
0.0
0.0
0.0
0.0
0.0
0.0
0.0
0.0
0.0
0.0
0.0
0.0
0.0
0.0
0.0
0.0
0.0
0.0
0.0
0.0
0.0
0.0
0.0
0.0
0.0
0.0
0.0
0.0
0.0
0.0
0.0
0.0
0.0
0.0
0.0
0.0
0.0
0.0
0.0
0.0
0.0
0.0
0.0
0.0
0.0
0.0
0.0
0.0
0.0
0.0
0.0
0.0
0.0
0.0
0.0
0.0
0.0
0.0
0.0
0.0
0.0
0.0
0.0
0.0
0.0
0.0
0.0
0.0
0.0
0.0
0.0
0.0
0.0
0.0
0.0
0.0
0.0
0.0
0.0
0.0
0.0
0.0
0.0
0.0
0.0
1.5
2.0
0.0
0.0
0.0
0.0
0.0
0.0
0.0
0.0
0.0
0.0
0.0
0.0
0.0
0.0
0.0
0.0
0.0
0.0
0.0
0.0
0.0
0.0
0.0
0.0
0.0
0.0
0.0
0.0
0.0
0.0
0.0
0.0
0.0
0.0
0.0
0.0
0.0
0.0
0.0
0.0
0.0
0.0
0.0
0.0
0.0
0.0
0.0
0.0
0.0
0.0
0.0
0.0
0.0
0.0
0.0
0.0
0.0
0.0
0.0
0.0
0.0
0.0
0.0
0.0
0.0
0.0
0.0
0.0
0.0
0.0
0.0
0.0
0.0
0.0
0.0
0.0
0.0
0.0
0.0
0.0
0.0
0.0
0.0
0.0
0.0
0.0
0.0
0.0
0.0
0.0
0.0
0.0
0.0
0.0
0.0
0.0
0.0
0.0
0.0
0.0
0.0
0.0
0.0
0.0
0.0
0.0
0.0
0.0
0.0
0.0
0.0
0.0
0.0
0.0
0.0
0.0
0.0
0.0
0.0
0.0
0.0
0.0
0.0
0.0
0.0
0.0
0.0
0.0
0.0
0.0
0.0
0.0
0.0
0.0
0.0
0.0
0.0
0.0
0.0
0.0
0.0
0.0
0.0
0.0
0.0
0.0
0.0
0.0
0.0
0.0
0.0
0.0
0.0
0.0
0.0
0.0
0.0
0.0
0.0
0.0
0.0
0.0
0.0
0.0
0.0
0.0
0.0
0.0
0.0
0.0
0.0
0.0
0.0
0.0
0.0
0.0
0.0
0.0
0.0
0.0
0.0
0.0
0.0
0.0
0.0
0.0
0.0
0.0
0.0
0.0
0.0
0.0
0.0
0.0
0.0
0.0
0.0
0.0
0.0
0.0
0.0
0.0
0.75
0.0
0.0
0.0
0.0
0.0
0.0
0.0
0.0
0.0
0.0
0.0
0.0
0.0
0.0
0.0
0.0
0.0
0.0
0.0
0.0
0.0
0.0
0.0
0.0
0.0
0.0
0.0
0.0
0.0
0.0
0.0
0.0
0.0
0.0
0.0
0.0
0.0
0.0
0.0
0.0
0.0
0.0
0.0
0.0
0.0
0.0
0.0
0.0
0.0
0.0
0.0
0.0
0.0
0.0
0.0
0.0
0.0
0.0
0.0
0.0
0.0
0.0
0.0
0.0
0.0
0.0
0.0
0.0
0.0
0.0
0.0
0.0
0.0
0.0
0.0
0.0
0.0
0.0
0.0
0.0
0.0
0.0
0.0
0.0
0.0
0.0
0.0
0.0
0.0
0.0
0.0
0.0
0.0
0.0
0.0
0.0
1.25
1.25
0.0
0.0
0.0
0.0
0.0
0.0
0.0
0.0
0.0
0.0
0.0
0.0
0.0
0.0
0.0
0.25
0.0
0.0
0.0
0.0
0.0
0.0
0.0
0.0
0.0
0.0
0.0
0.0
0.0
0.0
0.0
0.0
0.0
0.0
0.0
0.0
0.0
0.0
0.0
0.0
0.0
0.0
0.0
0.0
0.0
0.0
0.0
0.0
0.0
0.0
0.0
0.0
0.0
0.0
0.0
0.0
0.0
0.0
0.0
0.0
0.0
0.0
0.0
0.0
0.0
0.0
0.0
0.0
0.0
0.0
0.0
0.0
0.0
0.0
0.0
0.0
0.0
0.0
0.0
0.0
0.0
0.0
0.0
0.0
0.0
0.0
0.0
0.0
0.0
0.0
0.0
0.0
0.0
0.0
0.0
0.0
0.0
0.0
0.0
0.0
0.0
0.0
0.0
0.0
0.0
0.0
0.0
0.0
0.0
0.0
0.0
0.0
0.0
0.0
0.0
0.0
0.0
0.0
0.0
0.0
0.0
0.0
0.0
0.0
0.0
0.0
0.0
0.0
0.0
0.0
0.0
0.0
0.0
0.0
0.0
0.0
0.0
0.0
0.0
0.0
0.0
0.0
0.0
0.0
0.0
0.0
0.0
0.0
0.0
0.0
0.0
0.0
0.0
0.0
0.0
0.0
0.0
0.0
0.0
0.0
0.0
0.0
0.0
0.0
0.0
0.0
0.0
0.0
0.0
0.0
0.0
0.0
0.0
0.0
0.0
0.0
0.0
0.0
0.0
0.0
0.0
0.0
0.0
0.0
0.0
0.0
0.0
0.0
0.0
0.0
0.0
0.0
0.0
0.0
0.0
0.0
0.0
0.0
0.0
0.0
0.0
0.0
0.0
0.0
0.0
0.0
0.0
0.0
0.0
0.0
0.0
0.0
0.0
0.0
0.0
0.0
0.0
0.0
0.0
0.0
0.0
0.0
0.0
0.0
0.0
0.0
0.0
0.0
0.0
0.0
0.0
0.0
0.0
0.0
0.0
0.0
0.0
0.0
0.0
0.0
0.0
0.0
0.0
0.0
0.0
0.0
0.0
0.0
0.0
0.0
0.0
0.0
0.0
0.0
0.0
0.0
0.0
0.0
0.0
0.0
0.0
0.0
0.0
0.0
0.0
0.0
0.0
0.0
0.0
0.0
0.0
0.0
0.0
0.0
0.0
0.0
0.0
0.0
0.0
0.0
0.0
0.0
0.0
0.0
0.0
0.0
0.0
0.0
0.0
0.0
0.0
0.0
0.0
0.0
0.0
0.0
0.0
0.5
0.0
0.0
0.0
0.0
0.0
0.0
0.0
0.0
0.0
0.0
0.0
0.0
0.0
0.0
0.0
0.0
0.0
0.0
0.0
0.0
0.0
0.0
0.0
0.0
0.0
0.0
0.0
0.0
0.0
0.0
0.0
0.0
0.0
0.0
0.0
0.0
0.0
0.0
0.0
0.0
0.0
0.0
0.0
0.0
0.0
0.0
0.0
0.0
0.0
0.0
0.0
0.0
0.0
0.0
0.0
0.0
0.0
0.0
0.0
0.0
0.0
0.0
0.0
0.0
0.0
0.0
0.0
0.0
0.0
0.0
0.0
0.0
0.0
0.0
0.0
0.0
0.0
0.0
0.0
0.0
0.0
0.0
0.0
0.0
0.0
0.0
0.0
0.0
0.0
0.0
0.0
0.0
0.0
0.0
0.0
0.0
0.0
0.0
0.0
0.0
0.0
0.0
0.0
0.0
0.0
0.0
0.0
0.0
0.0
0.0
0.0
0.0
0.0
0.0
0.0
0.0
0.0
0.0
0.0
0.0
0.0
0.0
0.0
0.0
0.0
0.0
0.0
0.0
0.0
0.0
0.0
0.0
0.0
0.0
0.0
0.0
0.0
0.0
0.0
0.0
0.0
0.0
0.0
0.0
0.0
0.0
0.0
0.0
0.0
0.0
0.0
0.0
0.0
0.0
0.0
0.0
0.0
0.0
0.0
0.0
0.0
0.0
0.0
0.0
0.0
0.0
0.0
0.0
0.0
0.0
0.0
0.0
0.0
0.0
0.0
0.0
0.0
0.0
0.0
0.0
0.0
0.0
0.0
0.0
0.0
0.0
0.0
0.0
0.0
0.0
0.0
0.0
0.0
0.0
0.0
0.0
0.0
0.0
0.0
0.0
0.0
0.0
0.0
0.0
0.0
0.0
0.0
0.0
0.0
0.0
0.0
0.0
0.0
0.0
0.0
0.0
0.0
0.0
0.0
0.0
0.0
0.0
0.0
0.0
0.0
0.0
0.0
0.0
0.0
0.0
0.0
0.0
0.0
0.0
0.0
0.0
0.0
0.0
0.0
0.0
0.0
0.0
0.0
0.0
0.0
0.0
0.0
0.0
0.0
0.0
0.0
0.0
0.0
0.0
0.0
0.0
0.0
0.0
0.0
0.0
0.0
0.0
0.0
0.0
0.0
0.0
0.0
0.0
0.0
0.0
0.0
0.0
0.0
0.0
0.0
0.0
0.0
0.0
0.0
0.0
0.0
0.0
0.0
0.0
0.0
0.0
0.0
0.0
0.0
0.0
0.0
0.0
0.0
0.0
0.0
0.0
0.0
0.0
0.0
0.0
0.0
0.0
0.0
0.0
0.0
0.0
0.0
0.0
0.0
0.0
0.0
0.0
0.0
0.0
0.0
0.0
0.0
0.0
0.0
0.0
0.0
0.0
0.0
0.0
0.0
0.0
0.0
0.0
0.0
0.0
0.0
0.0
0.0
0.0
0.0
0.0
0.0
0.0
0.0
0.0
0.0
0.0
0.0
0.0
0.0
0.0
0.0
0.0
0.0
0.0
0.0
0.0
0.0
0.0
0.0
0.0
0.0
0.0
0.0
0.0
0.0
0.0
0.0
0.0
0.0
0.0
0.0
0.0
0.0
0.0
0.0
0.0
0.0
0.0
0.0
0.0
0.0
0.0
0.0
0.0
0.0
0.0
0.0
0.0
0.0
0.0
0.0
0.0
0.0
0.0
0.0
0.0
0.0
0.0
0.0
0.0
0.0
0.0
0.0
0.0
0.0
0.0
0.0
0.0
0.0
0.0
0.0
0.0
0.0
0.0
0.0
0.0
0.0
0.0
0.0
0.0
0.0
0.0
0.0
0.0
0.0
0.0
0.0
0.0
0.0
0.0
0.0
0.0
0.0
0.0
0.0
0.0
0.0
0.0
0.0
0.0
0.0
0.0
0.0
0.0
0.0
0.0
0.0
0.0
0.0
0.0
0.0
0.0
0.0
0.0
0.0
0.0
0.0
0.0
0.0
0.0
0.0
0.0
0.0
0.0
0.0
0.0
0.0
0.0
0.0
0.0
0.0
0.0
0.0
0.0
0.0
0.0
0.0
0.0
0.0
0.0
0.0
0.0
0.0
0.0
0.0
0.0
0.0
0.0
0.0
0.0
0.0
0.0
0.0
0.0
0.0
0.0
0.0
0.0
0.0
0.0
0.0
0.0
0.0
0.0
0.0
0.0
0.0
0.0
0.0
0.0
0.0
0.0
0.0
0.0
0.0
0.0
0.0
0.0
0.0
0.0
0.0
0.0
0.0
0.0
0.0
0.0
0.0
0.0
0.0
0.0
0.0
0.0
0.0
0.0
0.0
0.0
0.0
0.0
0.0
0.0
0.0
0.0
0.0
0.0
0.0
0.75
2.5
2.0
0.0
0.0
0.0
0.0
0.0
0.0
0.0
0.0
0.0
0.0
0.0
0.0
0.0
0.0
0.0
0.0
0.0
0.0
0.0
0.0
0.0
0.0
0.0
0.0
0.0
0.0
0.0
0.0
0.0
0.0
0.0
0.0
0.0
0.0
0.0
1.25
0.25
0.0
0.0
0.0
0.0
0.0
0.0
0.0
0.0
0.0
0.0
0.0
0.0
0.0
0.0
0.0
0.0
0.0
0.0
0.0
0.0
0.0
0.0
0.0
0.0
0.0
0.0
0.0
0.0
0.0
0.0
0.0
0.0
0.0
0.0
0.0
0.0
0.0
0.0
0.0
0.0
0.0
0.0
0.0
0.0
0.0
0.0
0.0
0.0
0.0
0.0
0.0
0.0
0.0
0.0
0.0
0.0
0.0
0.0
0.0
0.0
0.0
0.0
0.0
0.0
0.0
0.0
0.0
0.0
0.0
0.0
0.0
0.0
0.0
0.0
0.0
0.0
0.0
0.0
0.0
0.0
0.0
0.0
0.0
0.0
0.0
0.0
0.0
0.0
0.0
0.0
0.0
0.0
0.0
0.0
0.0
0.0
0.0
0.0
0.0
0.0
0.0
0.0
0.0
0.0
0.0
0.0
0.0
0.0
0.0
0.0
0.0
0.0
0.0
0.0
0.0
0.0
0.0
0.0
0.0
0.0
0.0
0.0
0.0
0.0
0.0
0.0
0.0
0.0
0.0
0.0
0.0
0.0
0.0
0.0
0.0
0.0
0.0
0.0
0.0
0.0
0.0
0.0
0.0
0.0
0.0
0.0
0.0
0.0
0.0
0.0
0.0
0.0
0.0
0.0
0.0
0.0
0.0
0.0
0.0
0.0
0.0
0.0
0.0
0.0
0.0
0.0
0.0
0.0
0.0
0.0
0.0
0.0
0.0
0.0
0.0
0.0
0.0
0.0
0.0
0.0
0.0
0.0
0.0
0.0
0.0
0.0
0.0
0.0
0.0
0.0
0.0
0.0
0.0
0.0
0.0
0.0
0.0
0.0
0.0
0.0
0.0
0.0
0.0
0.0
0.0
0.0
0.0
0.0
0.0
0.0
0.0
0.0
0.0
0.0
0.0
0.0
0.0
0.0
0.0
0.0
0.0
0.0
0.0
0.0
0.0
0.0
0.0
0.0
0.0
0.0
0.0
0.0
0.0
0.0
0.0
0.0
0.0
0.0
0.0
0.0
0.0
0.0
0.0
0.0
0.0
0.0
0.0
0.0
0.0
0.0
0.0
0.0
0.0
0.0
0.0
0.0
0.0
0.0
0.0
0.0
1.25
0.5
0.0
0.0
0.0
0.0
0.0
0.0
0.0
0.0
0.0
0.0
0.0
0.0
0.0
0.0
0.0
0.0
0.0
0.0
0.0
0.0
0.0
0.0
0.0
0.0
0.0
0.0
0.0
0.0
0.0
0.0
0.0
0.0
0.0
0.0
0.0
0.0
0.0
0.0
0.0
0.0
0.0
0.0
0.0
0.0
0.0
0.0
0.0
0.0
0.0
0.0
0.0
0.0
0.0
0.0
0.0
0.0
0.0
0.0
0.0
0.0
0.0
0.0
0.0
0.0
0.0
0.0
0.0
0.0
0.0
0.0
0.0
0.0
0.0
0.0
0.0
0.0
0.0
0.0
0.0
0.0
0.0
0.0
0.0
0.0
0.0
0.0
0.0
0.0
0.0
0.0
0.0
0.0
0.0
0.0
0.0
0.0
0.0
0.0
0.0
0.0
0.0
0.0
0.0
0.0
0.0
0.0
0.0
0.0
0.0
0.0
0.0
0.0
0.0
0.0
0.0
0.0
0.0
0.0
0.0
0.0
0.0
0.0
0.0
0.0
0.0
0.0
0.0
0.0
0.0
0.0
0.0
0.0
0.0
0.0
0.0
0.0
0.0
0.0
0.0
0.0
0.0
0.0
0.0
0.0
0.0
0.0
0.0
0.0
0.0
0.0
0.0
0.0
0.0
0.0
0.0
0.0
0.0
0.0
0.0
0.0
0.0
0.0
0.0
0.0
0.0
0.0
0.0
0.0
0.0
0.0
0.0
0.0
0.0
0.0
0.0
0.0
0.0
0.0
0.0
0.0
0.0
0.0
0.0
0.0
0.0
0.0
0.0
0.0
0.0
0.0
0.0
0.0
0.0
0.0
0.0
0.0
0.0
0.0
0.0
0.0
0.0
0.0
0.0
0.0
0.0
0.0
0.0
0.0
0.0
0.0
0.0
0.0
0.0
0.0
0.0
0.0
0.0
0.0
0.0
0.0
0.0
0.0
0.0
0.0
0.0
0.0
0.0
0.0
0.0
0.0
0.0
0.0
0.0
0.0
0.0
0.0
0.0
0.0
0.0
0.0
0.0
0.0
0.0
0.0
0.0
0.0
0.0
0.0
0.0
0.0
0.0
0.0
0.0
0.0
0.0
0.0
0.0
0.0
0.0
0.0
0.0
0.0
0.0
0.0
0.0
0.0
0.0
0.0
0.0
0.0
0.0
0.0
0.0
0.0
0.0
0.0
0.0
0.0
0.0
0.0
0.0
0.0
0.0
0.0
0.0
0.0
0.0
0.0
0.0
0.0
0.0
0.0
0.0
0.0
0.0
0.0
0.0
0.0
0.0
0.0
0.0
0.0
0.0
0.0
0.0
0.0
0.0
0.0
0.0
0.0
0.0
0.0
0.0
0.0
0.0
0.0
0.0
0.0
0.0
0.0
0.0
0.0
0.0
0.0
0.0
0.0
0.0
0.0
0.0
0.0
0.0
0.0
0.0
0.0
0.0
0.0
0.0
0.0
0.0
0.0
0.0
0.0
0.0
0.0
0.0
0.0
0.0
0.0
0.0
0.0
0.0
0.0
0.0
0.0
0.0
0.0
0.0
0.0
0.0
0.0
0.0
0.0
0.0
0.0
0.0
0.0
0.0
0.0
0.0
0.0
0.0
0.0
0.0
0.0
0.0
0.0
0.0
0.0
0.0
0.0
0.0
0.0
0.0
0.0
0.0
0.0
0.0
0.0
0.0
0.0
0.0
0.75
0.5
0.0
0.0
0.0
0.0
0.0
0.0
0.0
0.0
0.0
0.0
0.0
0.0
0.0
0.0
0.0
0.0
0.0
0.0
0.0
0.0
0.0
0.0
0.0
0.0
0.0
0.0
0.0
0.0
0.0
0.0
0.0
0.0
0.0
0.0
0.0
0.0
0.0
0.0
0.0
0.0
0.0
0.0
0.0
0.0
0.75
1.5
0.0
0.0
0.0
0.0
0.0
0.0
0.0
0.0
0.0
0.0
0.0
0.0
0.0
0.0
0.0
0.0
0.0
0.0
0.0
0.0
0.0
0.0
0.0
0.0
0.0
0.0
0.0
0.0
0.0
0.0
0.0
0.0
0.0
0.0
0.0
0.0
0.0
0.0
0.0

Average_Alpha:
0.24999999700000003
0.24999998200000006
0.2499999810000003
0.24999998500000029
0.24999998900000045
0.2499999930000005
0.24999999700000067
0.2500000010000007
0.25000000500000086
0.2500000090000009
0.25000001300000113
0.25000001700000113
0.2500000210000013
0.25000002500000135
0.2500000290000015
0.25000003300000156
0.25000003700000173
0.2500000410000018
0.25000004500000195
0.250000049000002
0.25000005300000216
0.2500000570000022
0.2500000610000023
0.2500000650000024
0.25000006900000254
0.25000007300000265
0.25000007700000276
0.2500000810000028
0.250000085000003
0.25000008900000303
0.25000009300000325
0.25000009700000325
0.2500001010000034
0.25000010500000347
0.25000010900000363
0.2500001130000037
0.25000011700000385
0.2500001210000039
0.25000012500000407
0.2500001290000041
0.2500001330000043
0.25000013700000434
0.25000014100000445
0.2500001450000045
0.25000014900000467
0.2500001530000047
0.2500001570000049
0.25000016100000494
0.2500001650000051
0.25000016900000516
0.2500001730000053
0.25000017700000543
0.25000018100000554
0.2500001850000056
0.25000018900000576
0.2500001930000058
0.250000197000006
0.25000020100000603
0.2500002050000062
0.25000020900000625
0.2500002130000064
0.25000021700000646
0.25000022100000663
0.2500002250000066
0.2500002290000068
0.25000023300000684
0.25000023700000706
0.25000024100000706
0.2500002450000073
0.2500002490000073
0.25000025300000744
0.2500002570000075
0.25000026100000766
0.25000026500000766
0.2500002690000079
0.2500002730000079
0.2500002770000081
0.25000028100000815
0.2500002850000083
0.2500002890000083
0.25000029300000853
0.25000029700000853
0.25000030100000875
0.25000030500000875
0.2500003090000089
0.25000031300000897
0.25000031700000913
0.2500003210000092
0.25000032500000935
0.25000032900000935
0.25000033300000957
0.2500003370000096
0.2500003410000098
0.25000034500000984
0.25000034800001
0.25000035200001003
0.2500003560000102
0.25000036000001025
0.2500003640000104
0.25000036800001046
0.2500003720000107
0.2500003760000106
0.25000038000001085
0.2500003840000109
0.25000038800001106
0.25000039200001106
0.2500003960000113
0.2500004000000113
0.2500004040000115
0.25000040800001155
0.2500004120000117
0.2500004160000117
0.2500004200000119
0.25000042400001193
0.2500004280000121
0.25000043200001215
0.2500004360000123
0.25000044000001237
0.25000044400001253
0.2500004480000126
0.25000045200001275
0.25000045600001275
0.25000046000001297
0.25000046400001297
0.2500004680000132
0.25000047200001324
0.2500004760000134
0.2500004800000134
0.2500004840000136
0.2500004880000136
0.25000049200001384
0.25000049600001384
0.250000500000014
0.25000050400001406
0.2500005080000142
0.2500005120000143
0.2500005160000145
0.25000052000001444
0.25000052400001466
0.2500005280000147
0.2500005320000149
0.25000053600001493
0.25000054000001504
0.2500005440000151
0.25000054800001525
0.2500005520000153
0.2500005560000155
0.2500005600000156
0.2500005640000157
0.25000056800001574
0.2500005720000159
0.25000057600001596
0.2500005800000161
0.2500005840000161
0.25000058800001634
0.25000059200001634
0.25000059600001656
0.25000060000001656
0.2500006040000168
0.2500006080000168
0.250000612000017
0.250000616000017
0.2500006200000172
0.25000062400001716
0.2500006280000174
0.2500006320000174
0.2500006360000176
0.25000064000001765
0.25000064400001787
0.25000064800001787
0.25000065200001803
0.2500006560000181
0.25000066000001825
0.2500006640000183
0.25000066800001847
0.25000067200001846
0.2500006760000187
0.2500006800000187
0.2500006840000189
0.2500006880000189
0.2500006920000191
0.2500006960000191
0.25000070000001934
0.25000070400001934
0.25000070800001956
0.25000071200001955
0.2500007160000197
0.25000072000001977
0.25000072400001994
0.25000072800001993
0.25000073200002015
0.25000073600002015
0.25000074000002037
0.25000074400002037
0.2500007480000206
0.2500007520000206
0.2500007560000208
0.2500007600000208
0.250000764000021
0.250000768000021
0.25000077200002124
0.25000077600002124
0.2500007800000214
0.25000078400002146
0.2500007880000217
0.2500007920000217
0.25000079600002184
0.2500008000000219
0.25000080400002206
0.2500008080000221
0.2500008120000223
0.2500008160000223
0.2500008200000225
0.2500008240000225
0.2500008280000227
0.2500008320000227
0.2500008360000229
0.25000084000002293
0.25000084400002315
0.25000084800002315
0.25000085200002337
0.25000085600002336
0.25000086000002353
0.2500008640000236
0.2500008680000238
0.2500008720000238
0.250000876000024
0.25000088000002396
0.2500008840000242
0.2500008880000242
0.2500008920000244
0.25000089600002445
0.2500009000000246
0.2500009040000246
0.25000090800002484
0.25000091200002483
0.25000091600002505
0.25000092000002505
0.2500009240000252
0.25000092800002527
0.25000093200002543
0.2500009360000255
0.25000094000002565
0.2500009440000257
0.25000094800002587
0.2500009520000259
0.2500009560000261
0.2500009600000261
0.25000096400002625
0.2500009680000263
0.25000097200002647
0.2500009760000265
0.25000098000002674
0.25000098400002674
0.25000098800002696
0.25000099200002696
0.2500009960000272
0.25000100000002723
0.25000100400002734
0.2500010080000274
0.25000101200002756
0.2500010160000276
0.2500010200000278
0.2500010240000278
0.250001028000028
0.2500010320000281
0.25000103600002826
0.2500010400000283
0.2500010440000285
0.2500010480000285
0.25000105200002865
0.2500010560000287
0.25000106000002886
0.2500010640000289
0.2500010680000291
0.25000107200002913
0.2500010760000293
0.2500010800000294
0.25000108400002957
0.25000108800002957
0.25000109200002973
0.2500010960000298
0.25000110000002995
0.25000110400003
0.25000110800003017
0.2500011120000302
0.25000111600003044
0.25000112000003044
0.25000112400003066
0.2500011280000307
0.2500011320000308
0.2500011360000309
0.25000114000003104
0.2500011440000311
0.25000114800003126
0.2500011520000313
0.2500011560000315
0.2500011600000316
0.25000116400003175
0.2500011680000318
0.25000117200003197
0.25000117600003197
0.25000118000003213
0.2500011840000322
0.25000118800003235
0.2500011920000324
0.25000119600003257
0.2500012000000326
0.2500012040000328
0.2500012080000329
0.25000121200003306
0.25000121600003306
0.2500012200000332
0.2500012240000333
0.25000122800003344
0.2500012320000335
0.25000123600003366
0.2500012400000337
0.2500012440000339
0.2500012480000339
0.25000125200003415
0.2500012560000342
0.2500012600000343
0.25000126400003436
0.2500012680000345
0.2500012720000346
0.25000127600003474
0.2500012800000348
0.25000128400003496
0.250001288000035
0.2500012920000352
0.2500012960000353
0.25000130000003545
0.25000130400003545
0.2500013080000356
0.25000131200003567
0.25000131600003583
0.2500013200000359
0.25000132400003605
0.2500013280000361
0.25000133200003627
0.2500013360000363
0.25000134000003654
0.25000134400003654
0.2500013480000367
0.25000135200003676
0.2500013560000369
0.250001360000037
0.25000136400003714
0.2500013680000372
0.25000137200003736
0.2500013760000374
0.2500013800000376
0.2500013840000377
0.2500013880000378
0.25000139200003785
0.250001396000038
0.25000140000003807
0.25000140400003823
0.2500014080000383
0.25000141200003845
0.2500014160000385
0.25000142000003867
0.2500014240000387
0.2500014280000389
0.25000143200003894
0.2500014360000391
0.25000144000003915
0.2500014440000393
0.2500014480000394
0.25000145200003954
0.2500014560000396
0.25000146000003975
0.2500014640000398
0.25000146800004003
0.25000147100004005
0.2500014750000402
0.25000147900004027
0.25000148300004044
0.2500014870000405
0.25000149100004065
0.25000149500004065
0.2500014990000408
0.2500015030000409
0.2500015070000411
0.25000151100004114
0.2500015150000413
0.25000151900004136
0.2500015230000415
0.2500015270000416
0.25000153100004174
0.2500015350000418
0.2500015390000419
0.25000154300004196
0.2500015470000422
0.25000155100004223
0.2500015550000424
0.25000155900004245
0.2500015630000426
0.25000156700004267
0.25000157100004283
0.2500015750000429
0.25000157900004305
0.25000158300004305
0.2500015870000432
0.2500015910000433
0.2500015950000435
0.25000159900004354
0.2500016030000437
0.25000160700004376
0.2500016110000439
0.250001615000044
0.25000161900004414
0.25000162300004414
0.2500016270000443
0.25000163100004436
0.2500016350000445
0.25000163900004463
0.2500016430000448
0.25000164700004485
0.250001651000045
0.25000165500004506
0.25000165900004523
0.2500016630000453
0.2500016670000454
0.25000167100004544
0.25000167500004566
0.25000167900004566
0.2500016830000459
0.25000168700004594
0.2500016910000461
0.25000169500004615
0.2500016990000463
0.25000170300004637
0.25000170700004654
0.25000171100004653
0.2500017150000467
0.2500017190000468
0.25000172300004697
0.250001727000047
0.2500017310000472
0.25000173500004724
0.2500017390000474
0.25000174300004746
0.2500017470000476
0.2500017510000476
0.2500017550000478
0.25000175900004784
0.250001763000048
0.2500017670000481
0.2500017710000483
0.25000177500004833
0.2500017790000485
0.25000178300004855
0.2500017870000487
0.25000179100004877
0.2500017950000489
0.25000179900004893
0.25000180300004915
0.25000180700004915
0.25000181100004937
0.25000181500004937
0.2500018190000496
0.25000182300004964
0.2500018270000498
0.25000183100004986
0.25000183500005
0.25000183900005
0.2500018430000502
0.2500018470000503
0.25000185100005046
0.2500018550000505
0.2500018590000506
0.25000186300005073
0.2500018670000509
0.25000187100005095
0.2500018750000511
0.2500018790000511
0.2500018830000513
0.2500018870000513
0.2500018910000515
0.2500018950000516
0.25000189900005176
0.25000190300005176
0.2500019070000519
0.25000191100005204
0.2500019150000522
0.25000191900005225
0.25000192300005236
0.2500019270000524
0.2500019310000526
0.25000193500005263
0.25000193900005285
0.25000194300005285
0.25000194700005307
0.25000195100005307
0.2500019550000533
0.25000195900005334
0.2500019630000535
0.2500019670000535
0.25000197100005367
0.2500019750000537
0.25000197900005394
0.250001983000054
0.2500019870000541
0.2500019910000542
0.2500019950000544
0.25000199900005443
0.2500020030000546
0.2500020070000546
0.25000201100005476
0.2500020150000548
0.250002019000055
0.2500020230000551
0.25000202700005525
0.25000203100005525
0.2500020350000554
0.2500020390000555
0.2500020430000557
0.25000204700005574
0.25000205100005585
0.2500020550000559
0.25000205900005606
0.2500020630000561
0.25000206700005634
0.25000207100005634
0.25000207500005656
0.25000207900005655
0.2500020830000568
0.2500020870000568
0.250002091000057
0.250002095000057
0.25000209900005715
0.2500021030000572
0.2500021070000574
0.2500021110000575
0.2500021150000576
0.2500021190000577
0.25000212300005786
0.2500021270000579
0.2500021310000581
0.2500021350000581
0.25000213900005824
0.2500021430000583
0.25000214700005846
0.25000215100005857
0.25000215500005873
0.25000215900005873
0.2500021630000589
0.250002167000059
0.25000217100005917
0.2500021750000592
0.25000217900005933
0.2500021830000594
0.25000218700005955
0.2500021910000596
0.2500021950000598
0.2500021990000598
0.25000220300006004
0.25000220700006004
0.25000221100006026
0.2500022150000603
0.2500022190000605
0.2500022230000605
0.25000222700006064
0.2500022310000607
0.2500022350000609
0.25000223900006097
0.2500022430000611
0.2500022470000612
0.25000225100006135
0.2500022550000614
0.25000225900006157
0.25000226300006156
0.25000226700006173
0.2500022710000618
0.25000227500006195
0.25000227900006206
0.25000227700006217
0.2500022730000622
0.2500022770000624
0.25000228100006244
0.25000228500006266
0.25000228900006266
0.2500022930000628
0.2500022970000629
0.25000230100006304
0.2500023050000631
0.25000230900006326
0.2500023130000633
0.2500023170000635
0.25000232100006353
0.2500023250000637
0.25000232900006375
0.2500023330000639
0.25000233700006397
0.25000234100006413
0.2500023450000642
0.2500023490000644
0.25000235300006446
0.25000235700006457
0.2500023610000646
0.2500023650000648
0.25000236900006484
0.250002373000065
0.25000237700006506
0.2500023810000653
0.2500023850000653
0.2500023890000655
0.2500023930000655
0.25000239700006566
0.2500024010000657
0.2500024050000659
0.25000240900006593
0.25000241300006615
0.25000241700006615
0.2500024210000663
0.25000242500006636
0.25000242900006653
0.2500024330000666
0.25000243700006675
0.2500024410000668
0.25000244500006696
0.250002449000067
0.2500024530000672
0.25000245700006724
0.2500024610000674
0.25000246500006745
0.2500024690000676
0.25000247300006767
0.2500024770000679
0.25000248100006794
0.25000248500006805
0.2500024890000681
0.25000249300006827
0.2500024970000683
0.2500025010000685
0.25000250500006854
0.25000250900006876
0.25000251300006876
0.250002517000069
0.250002521000069
0.25000252500006914
0.2500025290000692
0.25000253300006936
0.2500025370000694
0.25000254100006963
0.25000254500006963
0.2500025490000698
0.25000255300006985
0.25000255700007
0.25000256100007007
0.25000256500007023
0.2500025690000703
0.25000257300007045
0.2500025770000705
0.25000258100007067
0.2500025850000707
0.2500025890000709
0.25000259300007094
0.2500025970000711
0.25000260100007116
0.2500026050000714
0.25000260900007143
0.25000261300007154
0.2500026170000716
0.25000262100007176
0.2500026250000718
0.250002629000072
0.250002633000072
0.25000263700007225
0.25000264100007225
0.25000264500007247
0.25000264900007246
0.2500026530000726
0.2500026570000727
0.25000266100007285
0.2500026650000729
0.2500026690000731
0.2500026730000731
0.2500026770000733
0.25000268100007333
0.2500026850000735
0.25000268900007355
0.2500026930000737
0.25000269700007377
0.25000270100007393
0.250002705000074
0.25000270900007415
0.2500027130000742
0.25000271700007437
0.2500027210000744
0.2500027250000746
0.25000272900007464
0.25000273300007486
0.2500027370000749
0.250002741000075
0.2500027450000751
0.25000274900007524
0.2500027530000753
0.25000275700007546
0.2500027610000755
0.25000276500007573
0.25000276900007573
0.25000277300007595
0.25000277700007595
0.2500027810000761
0.25000278500007617
0.25000278900007633
0.2500027930000764
0.2500027970000766
0.2500028010000766
0.25000280500007677
0.2500028090000768
0.250002813000077
0.25000281700007704
0.2500028210000772
0.25000282500007726
0.2500028290000774
0.2500028330000775
0.25000283700007764
0.2500028410000777
0.25000284500007786
0.2500028490000779
0.2500028530000781
0.2500028570000781
0.25000286100007835
0.2500028650000784
0.2500028690000785
0.25000287300007856
0.2500028770000787
0.2500028810000788
0.25000288500007894
0.250002889000079
0.2500028930000792
0.2500028970000792
0.25000290100007944
0.25000290500007943
0.2500029090000796
0.25000291300007965
0.2500029170000798
0.25000292100007987
0.2500029250000801
0.2500029290000801
0.25000293300008025
0.2500029370000803
0.25000294100008047
0.2500029450000805
0.2500029490000807
0.25000295300008074
0.2500029570000809
0.25000296100008096
0.2500029650000811
0.2500029690000812
0.25000297300008134
0.2500029770000814
0.25000298100008156
0.2500029850000816
0.25000298900008183
0.2500029930000819
0.250002997000082
0.25000300100008205
0.2500030050000822
0.25000300900008227
0.25000301300008243
0.2500030170000825
0.2500030210000827
0.2500030250000827
0.2500030290000829
0.2500030330000829
0.2500030370000831
0.25000304100008314
0.2500030450000833
0.25000304900008335
0.2500030530000836
0.2500030570000836
0.25000306100008374
0.2500030650000838
0.25000306900008396
0.250003073000084
0.2500030770000842
0.2500030810000842
0.2500030820000844
0.2500030860000845
0.25000309000008464
0.2500030940000847
0.25000309800008486
0.25000310200008485
0.2500031060000851
0.25000311000008507
0.2500031140000853
0.2500031180000853
0.2500031220000855
0.2500031260000855
0.2500031300000857
0.2500031340000858
0.25000313800008594
0.250003142000086
0.25000314600008616
0.25000315000008616
0.2500031540000864
0.2500031580000864
0.2500031620000866
0.2500031660000866
0.2500031700000868
0.2500031740000868
0.25000317800008703
0.2500031820000871
0.25000318600008725
0.25000319000008725
0.25000319400008747
0.25000319800008747
0.2500032020000877
0.25000320600008774
0.2500032100000879
0.25000321400008796
0.2500032180000881
0.2500032220000882
0.25000322600008834
0.25000323000008834
0.25000323400008856
0.25000323800008856
0.2500032420000888
0.2500032460000888
0.250003250000089
0.250003254000089
0.2500032580000892
0.25000326200008927
0.25000326600008943
0.2500032700000895
0.25000327400008965
0.25000327800008965
0.25000328200008987
0.25000328600008986
0.2500032900000901
0.2500032940000901
0.2500032980000903
0.2500033020000903
0.2500033060000905
0.2500033100000906
0.25000331400009074
0.25000331800009074
0.25000332200009096
0.25000332600009095
0.2500033300000912
0.2500033340000912
0.2500033380000914
0.25000334200009144
0.2500033460000916
0.25000335000009166
0.2500033540000918
0.2500033580000918
0.25000336200009204
0.25000336600009204
0.25000337000009226
0.25000337400009226
0.2500033780000925
0.2500033820000925
0.2500033860000927
0.25000339000009275
0.2500033940000929
0.25000339800009297
0.25000340200009313
0.25000340600009313
0.25000341000009335
0.25000341400009335
0.25000341800009357
0.25000342200009357
0.2500034260000938
0.2500034300000938
0.250003434000094
0.25000343800009406
0.2500034420000942
0.2500034460000942
0.25000345000009444
0.25000345400009444
0.25000345800009466
0.2500034620000947
0.2500034660000949
0.2500034650000949
0.2500034640000951
0.25000346800009515
0.2500034720000953
0.2500034760000953
0.25000348000009553
0.2500034840000956
0.25000348800009575
0.25000349200009575
0.25000349600009597
0.25000350000009597
0.2500035040000962
0.2500035080000962
0.2500035120000964
0.2500035160000964
0.2500035200000966
0.2500035240000967
0.25000352700009687
0.25000353100009687
0.25000353500009703
0.2500035390000971
0.2500035430000973
0.2500035470000973
0.2500035510000975
0.2500035550000975
0.2500035590000977
0.25000356300009774
0.25000356700009796
0.25000357100009796
0.2500035750000982
0.2500035790000982
0.2500035830000984
0.2500035870000984
0.2500035910000986
0.2500035950000986
0.2500035990000988
0.25000360300009883
0.250003607000099
0.25000361100009905
0.25000361500009927
0.25000361900009926
0.2500036230000995
0.2500036270000995
0.2500036310000997
0.2500036350000997
0.2500036390000999
0.2500036430000999
0.2500036470001001
0.25000365100010014
0.25000365500010036
0.25000365900010035
0.2500036630001005
0.25000366700010057
0.2500036710001008
0.2500036750001008
0.250003679000101
0.250003683000101
0.25000368700010117
0.2500036910001012
0.25000369500010144
0.25000369900010144
0.25000370300010166
0.25000370700010166
0.2500037110001019
0.2500037150001019
0.2500037190001021
0.2500037230001021
0.25000372700010226
0.2500037310001023
0.2500037350001025
0.25000373900010253
0.25000374300010275
0.25000374700010275
0.25000375100010297
0.25000375500010297
0.2500037590001032
0.2500037630001032
0.2500037670001034
0.2500037710001034
0.25000377500010357
0.2500037790001036
0.25000378300010384
0.25000378700010384
0.250003791000104
0.25000379500010406
0.2500037990001043
0.2500038030001043
0.2500038070001045
0.2500038110001045
0.25000381500010466
0.2500038190001047
0.25000382300010493
0.25000382700010493
0.25000383100010515
0.25000383500010515
0.25000383900010537
0.25000384300010536
0.2500038470001056
0.2500038510001056
0.25000385500010575
0.2500038590001058
0.25000386300010596
0.250003867000106
0.25000387100010624
0.25000387500010623
0.25000387900010645
0.25000388300010645
0.2500038870001067
0.25000389100010667
0.2500038950001069
0.2500038990001069
0.25000390300010705
0.2500039070001071
0.2500039110001073
0.2500039150001073
0.2500039190001075
0.25000392300010754
0.25000392700010776
0.25000393100010776
0.250003935000108
0.250003939000108
0.25000394300010814
0.2500039470001082
0.2500039510001084
0.2500039550001084
0.25000395900010863
0.25000396300010863
0.25000396700010885
0.25000397100010885
0.25000397500010907
0.25000397900010907
0.25000398300010923
0.2500039870001093
0.25000399100010945
0.2500039950001095
0.2500039990001097
0.2500040030001097
0.25000400700010994
0.25000401100010994
0.25000401500011016
0.25000401900011016
0.2500040230001104
0.2500040270001104
0.25000403100011054
0.2500040350001106
0.2500040390001108
0.2500040430001108
0.250004047000111
0.250004051000111
0.25000405500011125
0.25000405900011125
0.25000406300011146
0.25000406700011146
0.2500040710001116
0.2500040750001117
0.2500040790001119
0.2500040830001119
0.2500040870001121
0.2500040910001121
0.25000409500011234
0.25000409900011233
0.25000410300011255
0.25000410700011255
0.2500041110001127
0.25000411500011277
0.25000411900011293
0.250004123000113
0.2500041270001132
0.2500041310001132
0.2500041350001134
0.2500041390001134
0.25000414300011364
0.25000414700011364
0.25000415100011386
0.25000415500011386
0.250004159000114
0.2500041630001141
0.2500041670001143
0.2500041710001143
0.25000417500011446
0.2500041790001145
0.25000418300011473
0.25000418700011473
0.25000419100011495
0.25000419500011495
0.2500041990001151
0.25000420300011517
0.2500042070001154
0.2500042110001154
0.2500042150001156
0.2500042190001156
0.2500042230001158
0.2500042270001158
0.25000423100011604
0.25000423500011604
0.2500042390001162
0.25000424300011626
0.2500042470001164
0.2500042510001165
0.2500042550001167
0.2500042590001167
0.2500042630001169
0.2500042670001169
0.25000427100011713
0.2500042750001171
0.25000427900011735
0.25000428300011734
0.2500042870001175
0.25000429100011756
0.2500042950001178
0.2500042990001178
0.25000430300011794
0.250004307000118
0.2500043110001182
0.2500043150001182
0.25000431900011844
0.25000432300011843
0.2500043270001186
0.25000433100011865
0.25000433500011887
0.25000433900011887
0.2500043430001191
0.2500043470001191
0.2500043510001193
0.2500043550001193
0.2500043590001195
0.2500043630001195
0.2500043670001197
0.25000437100011974
0.2500043750001199
0.25000437900011996
0.2500043830001202
0.2500043870001202
0.2500043910001204
0.2500043950001204
0.2500043990001206
0.2500044030001206
0.25000440700012083
0.25000441100012083
0.250004415000121
0.25000441900012105
0.25000442300012127
0.25000442700012127
0.25000443100012143
0.2500044350001215
0.2500044390001217
0.2500044430001217
0.2500044470001219
0.2500044510001219
0.2500044550001221
0.25000445900012214
0.25000446300012236
0.25000446700012235
0.2500044710001226
0.2500044750001226
0.2500044790001228
0.2500044830001228
0.250004487000123
0.250004491000123
0.2500044950001232
0.2500044990001232
0.2500045030001234
0.25000450700012344
0.25000451100012366
0.25000451500012366
0.2500045190001239
0.2500045230001239
0.2500045270001241
0.2500045310001241
0.2500045350001243
0.2500045390001243
0.2500045430001245
0.25000454700012453
0.25000455100012475
0.25000455500012475
0.2500045590001249
0.25000456300012497
0.2500045670001252
0.2500045710001252
0.2500045750001254
0.2500045790001254
0.25000458300012557
0.2500045870001256
0.25000459100012584
0.25000459500012584
0.25000459900012606
0.25000460300012606
0.2500046070001263
0.2500046110001263
0.2500046150001265
0.2500046190001265
0.25000462300012666
0.2500046270001267
0.2500046310001269
0.25000463500012693
0.25000463900012715
0.25000464300012715
0.25000464700012737
0.25000465100012736
0.2500046530001276
0.2500046570001276
0.2500046610001278
0.25000466500012775
0.25000466900012797
0.250004673000128
0.25000467700012824
0.25000468100012824
0.25000468500012846
0.25000468900012845
0.2500046930001287
0.2500046970001287
0.2500047010001289
0.2500047050001289
0.25000470900012906
0.2500047130001291
0.25000471700012933
0.2500047210001293
0.25000472500012955
0.2500047290001295
0.2500047330001297
0.25000473700012976
0.25000474100013
0.25000474500013
0.2500047490001302
0.2500047530001302
0.25000475700013036
0.2500047610001304
0.2500047650001306
0.25000476900013063
0.25000477300013085
0.25000477700013085
0.25000478100013107
0.25000478500013107
0.2500047890001313
0.25000479300013123
0.25000479700013145
0.2500048010001315
0.2500048050001317
0.2500048090001317
0.25000481300013194
0.25000481700013194
0.25000482100013216
0.25000482500013216
0.2500048290001324
0.2500048330001324
0.25000483700013254
0.2500048410001326
0.2500048450001328
0.2500048490001328
0.25000485300013303
0.250004857000133
0.2500048610001332
0.25000486500013325
0.25000486900013347
0.25000487300013347
0.2500048770001337
0.2500048810001337
0.25000488500013385
0.2500048890001339
0.25000489300013407
0.2500048970001341
0.25000490100013434
0.25000490500013434
0.25000490900013456
0.25000491300013455
0.2500049170001348
0.2500049210001347
0.25000492500013494
0.250004929000135
0.2500049330001352
0.2500049370001352
0.2500049410001354
0.2500049450001354
0.25000494900013565
0.25000495300013564
0.25000495700013586
0.25000496100013586
0.250004965000136
0.2500049690001361
0.2500049730001363
0.2500049770001363
0.2500049810001365
0.25000498500013646
0.2500049890001367
0.25000499300013673
0.25000499700013695
0.25000500100013695
0.25000500500013717
0.25000500900013717
0.25000501300013733
0.2500050170001374
0.25000502100013755
0.2500050250001376
0.2500050290001378
0.2500050330001378
0.25000503700013804
0.25000504100013804
0.25000504500013826
0.2500050490001382
0.2500050530001384
0.2500050570001385
0.2500050610001387
0.2500050650001387
0.2500050690001389
0.2500050730001389
0.25000507700013913
0.25000508100013913
0.25000508500013935
0.25000508900013935
0.2500050930001395
0.25000509700013956
0.2500051010001398
0.2500051050001398
0.25000510900014
0.25000511300013994
0.25000511700014016
0.2500051210001402
0.25000512500014044
0.25000512900014044
0.25000513300014066
0.25000513700014065
0.2500051410001408
0.25000514500014087
0.25000514900014104
0.2500051530001411
0.2500051570001413
0.2500051610001413
0.2500051650001415
0.2500051690001415
0.25000517300014174
0.2500051770001417
0.2500051810001419
0.25000518500014196
0.2500051890001422
0.2500051930001422
0.2500051970001424
0.2500052010001424
0.2500052050001426
0.2500052090001426
0.25000521300014283
0.25000521700014283
0.250005221000143
0.25000522500014305
0.25000522900014327
0.25000523300014327
0.2500052370001435
0.25000524100014343
0.25000524500014365
0.2500052490001437
0.2500052530001439
0.2500052570001439
0.25000526100014414
0.25000526500014414
0.2500052690001443
0.25000527300014436
0.2500052770001445
0.2500052810001446
0.2500052850001448
0.2500052890001448
0.250005293000145
0.250005297000145
0.25000530100014523
0.2500053050001452
0.2500053090001454
0.25000531300014545
0.25000531700014567
0.25000532100014566
0.2500053250001459
0.2500053290001459
0.2500053330001461
0.2500053370001461
0.2500053410001463
0.2500053450001463
0.2500053490001465
0.25000535300014654
0.25000535700014676
0.25000536100014675
0.250005365000147
0.2500053690001469
0.25000537300014714
0.2500053770001472
0.2500053810001474
0.2500053850001474
0.2500053890001476
0.2500053930001476
0.2500053970001478
0.25000540100014784
0.250005405000148
0.25000540900014806
0.2500054130001483
0.2500054170001483
0.2500054210001485
0.2500054250001485
0.2500054290001487
0.25000543300014866
0.2500054370001489
0.25000544100014893
0.25000544500014915
0.25000544900014915
0.25000545300014937
0.25000545700014937
0.2500054610001496
0.2500054650001496
0.2500054690001498
0.2500054730001498
0.25000547700014997
0.25000548100015
0.25000548500015024
0.25000548900015024
0.25000549300015046
0.2500054970001504
0.2500055010001506
0.2500055050001507
0.2500055090001509
0.2500055130001509
0.2500055170001511
0.2500055210001511
0.2500055250001513
0.2500055290001513
0.2500055330001515
0.25000553700015155
0.25000554100015177
0.25000554500015176
0.250005549000152
0.250005553000152
0.2500055570001522
0.25000556100015214
0.25000556500015236
0.2500055690001524
0.25000557300015264
0.25000557700015263
0.25000558100015285
0.25000558500015285
0.2500055890001531
0.25000559300015307
0.2500055970001533
0.2500056010001533
0.25000560500015345
0.2500056090001535
0.2500056130001537
0.2500056170001537
0.25000562100015394
0.2500056250001539
0.2500056290001541
0.25000563300015416
0.2500056370001544
0.2500056410001544
0.2500056450001546
0.2500056490001546
0.25000565300015476
0.2500056570001548
0.250005661000155
0.25000566500015503
0.25000566900015525
0.25000567300015525
0.25000567700015547
0.25000568100015547
0.2500056850001557
0.25000568900015563
0.25000569300015585
0.2500056970001559
0.2500057010001561
0.2500057050001561
0.25000570900015634
0.25000571300015634
0.25000571700015656
0.25000572100015656
0.2500057250001568
0.2500057290001568
0.25000573300015694
0.250005737000157
0.2500057410001572
0.2500057450001572
0.25000574900015743
0.25000575300015737
0.2500057570001576
0.25000576100015764
0.25000576500015786
0.25000576900015786
0.2500057730001581
0.2500057770001581
0.25000578100015824
0.2500057850001583
0.25000578900015846
0.2500057930001585
0.25000579700015874
0.25000580100015873
0.25000580500015895
0.25000580900015895
0.25000581300015917
0.2500058170001591
0.25000582100015933
0.2500058250001594
0.2500058290001596
0.2500058330001596
0.2500058370001598
0.2500058410001598
0.25000584500016004
0.25000584900016004
0.25000585300016026
0.25000585700016026
0.2500058610001604
0.2500058650001605
0.2500058690001607
0.2500058730001607
0.2500058770001609
0.25000588100016086
0.2500058850001611
0.25000588900016113
0.25000589300016135
0.25000589700016135
0.25000590100016157
0.25000590500016157
0.25000590900016173
0.2500059130001618
0.25000591700016195
0.250005921000162
0.2500059250001622
0.2500059290001622
0.25000593300016244
0.25000593700016244
0.25000594100016266
0.2500059450001626
0.2500059490001628
0.2500059530001629
0.2500059570001631
0.2500059610001631
0.2500059650001633
0.2500059690001633
0.25000597300016353
0.2500059770001635
0.25000598100016375
0.25000598500016374
0.2500059890001639
0.25000599300016396
0.2500059970001642
0.2500060010001642
0.2500060050001644
0.25000600900016434
0.25000601300016456
0.2500060170001646
0.25000602100016484
0.25000602500016483
0.25000602900016505
0.25000603300016505
0.2500060370001652
0.25000604100016527
0.25000604500016543
0.2500060490001655
0.2500060530001657
0.2500060570001657
0.2500060610001659
0.2500060650001659
0.25000606900016614
0.2500060730001661
0.2500060770001663
0.25000608100016636
0.2500060850001666
0.2500060890001666
0.2500060930001668
0.2500060970001668
0.250006101000167
0.250006105000167
0.25000610900016723
0.25000611300016723
0.2500061170001674
0.25000612100016745
0.25000612500016767
0.25000612900016767
0.2500061330001679
0.2500061370001678
0.25000614100016805
0.2500061450001681
0.2500061490001683
0.2500061530001683
0.25000615700016854
0.25000616100016854
0.2500061650001687
0.25000616900016875
0.2500061730001689
0.25000617700016897
0.2500061810001692
0.2500061850001692
0.2500061890001694
0.2500061930001694
0.2500061970001696
0.25000620100016957
0.2500062050001698
0.25000620900016984
0.25000621300017006
0.25000621700017006
0.2500062210001703
0.2500062250001703
0.2500062290001705
0.2500062330001705
0.2500062370001707
0.2500062410001707
0.2500062450001709
0.25000624900017093
0.25000625300017115
0.25000625700017115
0.25000626100017137
0.2500062650001713
0.25000626900017153
0.2500062730001716
0.2500062770001718
0.2500062810001718
0.250006285000172
0.250006289000172
0.2500062930001722
0.25000629700017224
0.2500063010001724
0.25000630500017246
0.2500063090001727
0.2500063130001727
0.2500063170001729
0.2500063210001729
0.2500063250001731
0.25000632900017306
0.2500063330001733
0.25000633700017333
0.25000634100017355
0.25000634500017355
0.25000634900017377
0.25000635300017376
0.250006357000174
0.250006361000174
0.2500063650001742
0.2500063690001742
0.25000637300017436
0.2500063770001744
0.25000638100017464
0.25000638500017464
0.25000638900017486
0.2500063930001748
0.250006397000175
0.25000640100017507
0.2500064050001753
0.2500064090001753
0.2500064130001755
0.2500064170001755
0.25000642100017567
0.2500064250001757
0.2500064290001759
0.25000643300017594
0.25000643700017616
0.25000644100017616
0.2500064450001764
0.2500064490001764
0.2500064530001766
0.25000645700017654
0.25000646100017676
0.2500064650001768
0.25000646900017703
0.25000647300017703
0.25000647700017725
0.25000648100017725
0.25000648500017747
0.25000648900017747
0.2500064930001777
0.2500064970001777
0.25000650100017785
0.2500065050001779
0.2500065090001781
0.2500065130001781
0.25000651700017834
0.2500065210001783
0.2500065250001785
0.25000652900017856
0.2500065330001788
0.2500065370001788
0.250006541000179
0.250006545000179
0.25000654900017916
0.2500065530001792
0.2500065570001794
0.25000656100017943
0.25000656500017965
0.25000656900017965
0.25000657300017987
0.25000657700017986
0.2500065810001801
0.25000658500018
0.25000658900018025
0.2500065930001803
0.2500065970001805
0.2500066010001805
0.25000660500018074
0.25000660900018074
0.25000661300018096
0.25000661700018095
0.2500066210001812
0.25000662500018117
0.25000662900018134
0.2500066330001814
0.2500066370001816
0.2500066410001816
0.2500066450001818
0.25000664900018177
0.250006653000182
0.25000665700018204
0.25000666100018226
0.25000666500018226
0.2500066690001825
0.2500066730001825
0.25000667700018264
0.2500066810001827
0.25000668500018286
0.2500066890001829
0.25000669300018313
0.25000669700018313
0.25000670100018335
0.25000670500018335
0.25000670900018357
0.2500067130001835
0.25000671700018373
0.2500067210001838
0.250006725000184
0.250006729000184
0.2500067330001842
0.2500067370001842
0.25000674100018444
0.25000674500018444
0.25000674900018466
0.25000675300018466
0.2500067570001848
0.2500067610001849
0.2500067650001851
0.2500067690001851
0.2500067730001853
0.25000677700018525
0.2500067810001855
0.2500067850001855
0.25000678900018575
0.25000679300018575
0.25000679700018597
0.25000680100018596
0.2500068050001861
0.2500068090001862
0.25000681300018635
0.2500068170001864
0.2500068180001866
0.25000681200018665
0.2500068080001868
0.2500068120001868
0.25000681600018704
0.25000682000018704
0.25000682400018726
0.2500068280001873
0.2500068320001874
0.25000683600018747
0.2500068400001877
0.2500068440001877
0.2500068480001879
0.2500068520001879
0.25000685600018807
0.2500068600001881
0.2500068640001883
0.25000686800018834
0.25000687200018856
0.25000687600018856
0.2500068800001887
0.2500068840001888
0.25000688800018894
0.250006892000189
0.25000689600018916
0.2500069000001892
0.25000690400018943
0.25000690800018943
0.25000691200018965
0.25000691600018965
0.2500069200001898
0.25000692400018987
0.25000692800019003
0.2500069320001901
0.2500069360001903
0.2500069400001903
0.2500069440001905
0.2500069480001905
0.2500069470001907
0.25000695000019074
0.25000695400019096
0.25000695800019096
0.2500069620001911
0.2500069660001912
0.25000697000019134
0.2500069740001914
0.2500069780001916
0.2500069820001916
0.2500069860001918
0.25000699000019183
0.250006994000192
0.25000699800019205
0.25000700200019227
0.25000700600019227
0.25000701000019243
0.2500070140001925
0.25000701800019265
0.2500070220001927
0.25000702600019287
0.2500070300001929
0.25000703400019314
0.25000703800019314
0.25000704200019336
0.25000704600019336
0.2500070500001935
0.2500070540001936
0.25000705800019374
0.2500070620001938
0.250007066000194
0.250007070000194
0.25000707400019423
0.2500070780001942
0.25000708200019445
0.25000708600019445
0.2500070900001946
0.25000709400019466
0.2500070980001948
0.2500071020001949
0.2500071060001951
0.2500071100001951
0.25000711400019526
0.2500071180001953
0.2500071220001955
0.25000712600019553
0.25000713000019575
0.25000713400019575
0.2500071380001959
0.25000714200019597
0.25000714600019613
0.2500071500001962
0.25000715400019635
0.2500071580001964
0.2500071620001966
0.2500071660001966
0.25000717000019684
0.25000717400019684
0.250007178000197
0.25000718200019706
0.2500071860001972
0.2500071900001973
0.2500071940001975
0.2500071980001975
0.2500072020001977
0.2500072060001977
0.25000721000019793
0.25000721400019793
0.2500072180001981
0.25000722200019815
0.2500072260001983
0.25000723000019837
0.2500072340001986
0.2500072380001986
0.25000724200019875
0.2500072460001988
0.25000725000019897
0.250007254000199
0.25000725800019924
0.25000726200019924
0.2500072660001994
0.25000727000019946
0.2500072740001996
0.2500072780001997
0.25000728200019984
0.2500072860001999
0.2500072900002001
0.2500072940002001
0.25000729800020033
0.2500073020002003
0.2500073060002005
0.25000731000020054
0.2500073140002007
0.25000731800020076
0.250007322000201
0.250007326000201
0.2500073300002012
0.2500073340002012
0.2500073380002014
0.2500073420002014
0.2500073460002016
0.25000735000020163
0.2500073540002018
0.25000735800020185
0.25000736200020207
0.25000736600020207
0.25000737000020223
0.2500073740002023
0.25000737800020245
0.2500073820002025
0.2500073860002027
0.2500073900002027
0.2500073940002029
0.25000739800020294
0.2500074020002031
0.25000740600020316
0.2500074100002033
0.2500074140002034
0.2500074180002036
0.2500074220002036
0.2500074260002038
0.2500074300002038
0.250007434000204
0.25000743800020403
0.2500074420002042
0.25000744600020425
0.25000745000020447
0.25000745400020447
0.2500074580002047
0.2500074620002047
0.2500074660002049
0.2500074700002049
0.25000747400020507
0.2500074780002051
0.2500074820002053
0.25000748600020534
0.25000749000020556
0.25000749400020555
0.2500074980002057
0.2500075020002058
0.25000750600020594
0.250007510000206
0.2500075140002062
0.2500075180002062
0.2500075220002064
0.2500075260002064
0.2500075300002066
0.25000753400020664
0.2500075380002068
0.25000754200020686
0.2500075460002071
0.2500075500002071
0.2500075540002073
0.2500075580002073
0.25000756200020746
0.2500075660002075
0.2500075700002077
0.25000757400020773
0.25000757800020795
0.25000758200020795
0.25000758600020817
0.25000759000020817
0.2500075940002084
0.2500075980002084
0.25000760200020855
0.2500076060002086
0.25000761000020877
0.2500076140002088
0.25000761800020904
0.25000762200020904
0.2500076260002092
0.25000763000020926
0.2500076340002094
0.2500076380002095
0.2500076420002097
0.2500076460002097
0.25000765000020986
0.2500076540002099
0.2500076580002101
0.25000766200021013
0.2500076660002103
0.25000767000021035
0.25000767400021057
0.25000767800021056
0.2500076820002108
0.2500076860002108
0.25000769000021095
0.250007694000211
0.25000769800021116
0.2500077020002112
0.25000770600021144
0.25000771000021144
0.25000771400021166
0.25000771800021165
0.2500077220002119
0.25000772600021187
0.25000773000021204
0.2500077340002121
0.25000773800021225
0.2500077420002123
0.2500077460002125
0.2500077500002125
0.2500077540002127
0.25000775800021274
0.2500077620002129
0.25000776600021296
0.2500077700002132
0.2500077740002132
0.25000777800021334
0.2500077820002134
0.25000778600021356
0.2500077900002136
0.2500077940002138
0.25000779800021383
0.25000780200021405
0.25000780600021405
0.25000781000021427
0.25000781400021427
0.25000781800021443
0.2500078220002145
0.25000782600021465
0.2500078300002147
0.2500078340002149
0.2500078380002149
0.25000784200021514
0.25000784600021514
0.25000785000021536
0.25000785400021536
0.2500078580002155
0.2500078620002156
0.25000786600021574
0.2500078700002158
0.250007874000216
0.250007878000216
0.2500078820002162
0.25000788600021623
0.2500078900002164
0.25000789400021645
0.25000789800021667
0.25000790200021666
0.25000790600021683
0.2500079100002169
0.25000791400021705
0.2500079180002171
0.25000792200021726
0.2500079260002173
0.25000793000021754
0.25000793400021754
0.25000793800021776
0.25000794200021775
0.2500079460002179
0.25000795000021797
0.25000795400021814
0.2500079580002182
0.2500079620002184
0.2500079660002184
0.2500079700002186
0.2500079740002186
0.25000797800021884
0.25000798200021884
0.250007986000219
0.25000799000021906
0.25000798900021926
0.25000799100021925
0.2500079950002195
0.2500079990002195
0.2500080030002197
0.25000800700021975
0.2500080110002199
0.2500080150002199
0.2500080190002201
0.2500080230002202
0.25000802700022035
0.25000803100022034
0.25000803500022056
0.25000803900022056
0.2500080430002208
0.25000804700022083
0.250008051000221
0.250008055000221
0.2500080590002212
0.2500080630002212
0.25000806700022143
0.25000807100022143
0.25000807500022165
0.25000807900022165
0.25000808300022187
0.2500080870002219
0.2500080910002221
0.2500080950002221
0.2500080990002223
0.2500081030002223
0.2500081070002225
0.2500081110002225
0.25000811500022274
0.25000811900022274
0.25000812300022296
0.250008127000223
0.2500081310002232
0.25000813500022323
0.2500081390002234
0.2500081430002234
0.2500081470002236
0.25000815100022367
0.25000815500022383
0.25000815900022383
0.25000816300022405
0.25000816700022405
0.25000817100022427
0.2500081750002243
0.2500081790002245
0.2500081830002245
0.2500081870002247
0.2500081910002247
0.2500081950002249
0.2500081990002249
0.25000820300022514
0.25000820700022514
0.25000821100022536
0.2500082150002254
0.2500082190002256
0.25000822300022557
0.2500082270002258
0.2500082310002258
0.250008235000226
0.250008239000226
0.2500082430002262
0.2500082470002262
0.25000825100022644
0.2500082550002265
0.25000825900022666
0.2500082630002267
0.2500082670002269
0.2500082710002269
0.2500082750002271
0.25000827900022715
0.2500082830002273
0.2500082870002273
0.25000829100022753
0.25000829500022753
0.25000829900022775
0.2500083030002278
0.25000830700022797
0.25000831100022797
0.2500083150002282
0.2500083190002282
0.2500083230002284
0.2500083270002284
0.2500083310002286
0.2500083350002286
0.25000833900022884
0.2500083430002289
0.25000834700022906
0.25000835100022906
0.2500083550002293
0.2500083590002293
0.2500083630002295
0.2500083670002295
0.2500083710002297
0.2500083750002297
0.25000837900022993
0.25000838300023
0.25000838700023015
0.2500083910002302
0.25000839500023037
0.25000839900023036
0.2500084030002306
0.25000840700023064
0.2500084110002308
0.2500084150002308
0.250008419000231
0.250008423000231
0.25000842700023124
0.2500084310002313
0.25000843500023145
0.25000843900023145
0.2500084430002317
0.25000844700023167
0.2500084510002319
0.2500084550002319
0.2500084590002321
0.2500084630002321
0.2500084670002323
0.2500084710002324
0.25000847500023254
0.25000847900023254
0.25000848300023276
0.25000848700023276
0.250008491000233
0.250008495000233
0.2500084990002332
0.2500085030002332
0.2500085070002334
0.25000851100023347
0.25000851500023363
0.2500085190002337
0.25000852300023385
0.25000852700023385
0.25000853100023407
0.2500085350002341
0.2500085390002343
0.2500085430002343
0.2500085470002345
0.2500085510002345
0.2500085550002347
0.2500085590002348
0.25000856300023494
0.25000856700023494
0.25000857100023516
0.25000857500023516
0.2500085790002354
0.2500085830002354
0.2500085870002356
0.2500085910002356
0.2500085950002358
0.25000859900023586
0.25000860300023603
0.250008607000236
0.25000861100023625
0.25000861500023625
0.25000861900023647
0.25000862300023646
0.2500086270002367
0.2500086310002367
0.2500086350002369
0.25000863900023695
0.2500086430002371
0.25000864700023717
0.25000865100023734
0.25000865500023733
0.25000865900023755
0.2500086630002376
0.25000866700023777
0.25000867100023777
0.250008675000238
0.250008679000238
0.2500086830002382
0.25000868700023826
0.2500086910002384
0.2500086950002384
0.25000869900023864
0.25000870300023864
0.25000870700023886
0.25000871100023886
0.2500087150002391
0.2500087190002391
0.2500087230002393
0.25000872700023935
0.2500087310002395
0.2500087350002395
0.25000873900023973
0.25000874300023973
0.25000874700023995
0.25000875100023995
0.25000875500024017
0.25000875900024017
0.2500087630002404
0.25000876700024044
0.2500087710002406
0.25000877500024066
0.2500087790002408
0.2500087830002408
0.25000878700024104
0.2500087910002411
0.25000879500024126
0.25000879900024126
0.2500088030002415
0.2500088070002415
0.2500088110002417
0.25000881500024175
0.2500088190002419
0.2500088230002419
0.25000882700024213
0.2500088310002421
0.25000883500024235
0.25000883900024234
0.25000884300024256
0.25000884700024256
0.2500088510002428
0.25000885500024284
0.250008859000243
0.250008863000243
0.2500088670002432
0.2500088710002432
0.25000887500024344
0.25000887900024343
0.25000888300024365
0.25000888700024365
0.25000889100024387
0.2500088950002439
0.2500088990002441
0.25000890300024414
0.2500089070002443
0.2500089110002443
0.2500089150002445
0.2500089190002446
0.25000892300024474
0.25000892700024474
0.25000893100024496
0.25000893500024496
0.2500089390002452
0.25000894300024523
0.2500089470002454
0.2500089510002454
0.2500089550002456
0.2500089590002456
0.25000896300024583
0.25000896700024583
0.25000897100024605
0.25000897500024605
0.25000897900024627
0.2500089830002463
0.2500089870002465
0.2500089910002465
0.2500089950002467
0.2500089990002467
0.2500090030002469
0.2500090070002469
0.25000901100024714
0.25000901500024714
0.25000901900024736
0.2500090230002474
0.2500090270002476
0.25000903100024763
0.2500090350002478
0.2500090390002478
0.250009043000248
0.25000904700024806
0.25000905100024823
0.2500090550002482
0.25000905900024845
0.25000906300024844
0.25000906700024866
0.2500090710002487
0.2500090750002489
0.2500090790002489
0.2500090830002491
0.2500090870002491
0.2500090910002493
0.2500090950002493
0.25000909900024954
0.25000910300024953
0.25000910700024975
0.2500091110002498
0.25000911500024997
0.25000911900024997
0.2500091230002502
0.2500091270002502
0.2500091310002504
0.2500091350002504
0.2500091390002506
0.2500091430002506
0.25000914700025084
0.2500091510002509
0.25000915500025106
0.2500091590002511
0.2500091630002513
0.2500091670002513
0.2500091710002515
0.25000917500025155
0.2500091790002517
0.2500091830002517
0.25000918700025193
0.25000919100025193
0.25000919500025215
0.2500091990002522
0.25000920300025237
0.25000920700025236
0.2500092110002526
0.2500092150002526
0.2500092190002528
0.2500092230002528
0.250009227000253
0.250009231000253
0.25000923500025324
0.2500092390002533
0.25000924300025346
0.25000924700025345
0.2500092510002537
0.25000925500025367
0.2500092590002539
0.2500092630002539
0.2500092670002541
0.2500092710002541
0.2500092750002543
0.2500092790002544
0.25000928300025455
0.2500092870002546
0.25000929100025476
0.25000929500025476
0.250009299000255
0.25000930300025503
0.2500093070002552
0.2500093110002552
0.2500093150002554
0.2500093190002554
0.25000932300025563
0.2500093270002557
0.25000933100025585
0.25000933500025585
0.25000933900025607
0.25000934300025607
0.2500093470002563
0.2500093510002563
0.2500093550002565
0.2500093590002565
0.2500093630002567
0.2500093670002568
0.25000937100025694
0.25000937500025694
0.25000937900025716
0.25000938300025716
0.2500093870002574
0.2500093910002574
0.2500093950002576
0.2500093990002576
0.2500094030002578
0.25000940700025787
0.25000941100025803
0.2500094150002581
0.25000941900025825
0.25000942300025825
0.25000942700025847
0.2500094310002585
0.2500094350002587
0.2500094390002587
0.2500094430002589
0.2500094470002589
0.2500094510002591
0.2500094550002592
0.25000945900025934
0.25000946300025934
0.25000946700025956
0.25000947100025955
0.2500094750002598
0.25000947900025977
0.25000948300026
0.25000948700026
0.2500094910002602
0.25000949500026026
0.2500094990002604
0.2500095030002604
0.25000950700026064
0.25000951100026064
0.25000951500026086
0.25000951900026086
0.2500095230002611
0.2500095270002611
0.2500095310002613
0.25000953500026135
0.2500095390002615
0.25000954300026157
0.25000954700026173
0.25000955100026173
0.25000955500026195
0.250009556000262
0.25000955800026214
0.2500095620002622
0.2500095660002624
0.2500095700002624
0.2500095740002626
0.25000957800026263
0.2500095820002628
0.25000958600026285
0.250009590000263
0.25000959400026307
0.25000959800026323
0.2500096020002633
0.25000960600026345
0.2500096100002635
0.25000961400026367
0.2500096180002637
0.2500096220002639
0.25000962600026394
0.2500096300002641
0.25000963400026416
0.2500096380002643
0.2500096420002644
0.25000964600026454
0.2500096500002646
0.2500096540002648
0.2500096580002648
0.250009662000265
0.25000966600026503
0.2500096700002652
0.25000967400026525
0.2500096780002654
0.25000968200026547
0.25000968600026563
0.2500096900002657
0.2500096940002659
0.2500096980002659
0.25000970200026607
0.2500097060002661
0.2500097100002663
0.25000971400026634
0.2500097180002665
0.25000972200026655
0.2500097260002667
0.25000973000026677
0.25000973400026694
0.250009735000267
0.2500097330002672
0.25000973700026724
0.2500097410002674
0.25000974500026746
0.2500097490002676
0.2500097530002677
0.25000975700026784
0.2500097610002679
0.25000976500026806
0.25000976900026806
0.2500097730002683
0.25000977700026833
0.2500097810002685
0.25000978500026855
0.2500097890002687
0.25000979300026877
0.25000979700026893
0.250009801000269
0.25000980500026915
0.25000980900026915
0.2500098130002693
0.2500098170002694
0.2500098210002696
0.25000982500026964
0.2500098290002698
0.25000983300026985
0.25000983700027
0.25000984100027007
0.25000984500027024
0.2500098490002703
0.2500098530002704
0.25000985700027045
0.2500098610002707
0.2500098650002707
0.2500098690002709
0.25000987300027094
0.2500098770002711
0.25000988100027116
0.2500098850002713
0.2500098890002714

Avalanche_Distribution:
28
1
1
14
3
10
1
2
21
6
7
5
9
