
Branching_global:
0.9999999850000002
1.0000003200000105
1.0000006830000214
1.0000011100000317
1.0000014960000425
1.0000019080000528
1.000002297000064
1.0000027070000743
1.0000031040000852
1.0000034940000952
1.0000038990001063
1.0000043140001174
1.0000046990001281
1.0000051210001393
1.0000054850001494
1.0000059020001606
1.0000063070001717
1.0000067130001826
1.0000070880001928
1.0000075110002042
1.0000079070002152
1.000008310000226
1.0000087140002372
1.000009118000248
1.0000094960002586
1.0000099000002693
1.0000102980002805
1.0000107100002915
1.0000110940003022
1.0000114940003129
1.0000118880003237
1.0000122960003348
1.0000126940003458
1.0000130990003568
1.0000134940003678
1.0000138850003781
1.0000143010003897
1.0000146960004002
1.0000150970004116
1.0000154830004218
1.0000158790004328
1.0000162740004432
1.0000166880004548
1.000017083000465
1.0000174930004766
1.0000179040004873
1.0000182890004983
1.000018707000509
1.0000191130005207
1.0000195070005313
1.000019896000542
1.000020300000553
1.0000206830005636
1.0000211020005747
1.0000214890005854
1.0000218290005958
1.0000222210006076
1.0000226080006176
1.0000230370006296
1.00002342300064
1.000023818000651
1.0000242270006614
1.0000246130006725
1.0000250240006834
1.0000254200006944
1.0000258250007048
1.000026227000716
1.0000266130007267
1.0000270330007381
1.000027454000749
1.0000278240007596
1.000028007000771
1.0000284270007818
1.0000287960007919
1.0000292180008032
1.0000296050008144
1.0000300180008252
1.000030395000836
1.0000308190008471
1.0000312260008581
1.0000315750008688
1.0000319990008792
1.0000323840008907
1.0000327990009013
1.0000331660009123
1.0000335810009229
1.0000340060009343
1.0000343620009444
1.0000343660009556
1.0000347850009665
1.0000351740009776
1.0000356240009887
1.0000359560009993
1.0000363540010095
1.000036780001021
1.0000371650010313
1.000037589001043
1.0000379250010536
1.0000384050010651
1.0000387890010751

Autocorrelation:
-66666.66706526387
3125.0003975614304
1464.1292974021858
900.9013751985741
668.4496788657689
524.1095001598403
435.3509450005099
369.4131237697077
322.16543961191144
286.205414922149
256.4765124972563
231.80392438455388
212.81173063066626
195.27485516522464
182.31590068516925
169.4345855280734
158.55448331635765
148.9651913141417
141.0840176069302
133.1385605515954
126.47071282061357
120.33744016908624
114.75835778944156
109.67367095858538
105.30799502561779
101.01059826111538
97.10673157420497
93.3711790636404
90.1393113169747
87.00241167299728
84.11893647030654
81.3277586823505
78.77787299106718
76.34220339291312
74.10750850236583
72.02066368388311
69.92567815078175
68.04622487430481
66.23882368806353
64.58746458955295
62.9767562330939
61.44820632554313
59.92379654368184
58.53822597024596
57.16622187328726
55.85393905029437
54.678173614070275
53.45642413302269
52.320908765019475
51.264147548599674
50.261857696352706
49.26158240027105
48.34938423905358
47.38937180022805
46.53593546555837
45.811117649342506
45.0029739038395
44.232629009191186
43.40892872890396
42.693578283423726
41.98555217131151
41.27676089284019
40.62943481606584
39.96213573524372
39.3396019917224
38.72266738249248
38.129145008555334
37.57611990886348
36.992323794395936
36.425063730436385
35.94069453114018
35.705858389192954
35.178322930031555
34.7275444656132
34.225976502069116
33.77857709570546
33.31384440779188
32.900647143214975
32.44801524819299
32.02509400618364
31.671124620780198
31.251475731659777
30.87994578832523
30.48923357213154
30.15185899418914
29.779243111399065
29.40707449948704
29.1024141032868
29.0990268024818
28.748522771683287
28.43058961456448
28.071462613447526
27.812269165120718
27.507788664799037
27.189188747329727
26.907535440182954
26.604026886526327
26.36833051019397
26.038775540773898
25.78100406448721

Average_Activity:
1.0
3.0
2.0
0.25
0.0
0.0
0.0
0.0
0.0
0.0
0.0
0.0
0.0
0.0
0.0
0.0
0.0
0.0
0.0
0.0
0.0
0.0
0.0
0.0
0.0
0.0
0.0
0.0
0.0
0.0
0.0
0.0
0.0
0.0
0.0
0.0
0.0
0.0
0.0
0.0
0.0
0.0
0.0
0.0
0.0
0.0
0.0
0.0
0.0
0.0
0.0
0.0
0.0
0.0
0.0
0.0
0.0
0.0
0.0
0.0
0.0
0.0
0.0
0.0
0.0
0.0
0.0
0.0
0.0
0.0
0.0
0.0
0.0
0.0
0.0
0.0
0.0
0.0
0.0
0.0
0.0
0.0
0.0
0.0
0.0
0.0
0.0
0.0
0.0
0.0
0.0
0.0
0.0
0.0
0.0
0.0
0.0
0.0
0.0
0.0
0.0
0.0
0.0
0.0
0.0
0.0
0.0
0.0
0.0
0.0
0.0
0.0
0.0
0.0
0.0
0.0
0.0
0.0
0.0
0.0
0.0
0.0
0.0
0.0
0.0
0.0
0.0
0.0
0.0
0.0
0.0
0.0
0.0
0.0
0.0
0.0
0.0
0.0
0.0
0.0
0.0
0.0
0.0
0.0
0.0
0.0
0.0
0.0
0.0
0.0
0.0
0.0
0.0
0.0
0.0
0.0
0.0
0.0
0.0
0.0
0.0
0.0
0.0
0.0
0.0
0.0
0.0
0.0
0.0
0.0
0.0
0.0
0.0
0.0
0.0
0.0
0.0
0.0
0.0
0.0
0.0
0.0
0.0
0.0
0.0
0.0
0.0
0.0
0.0
0.0
0.0
0.0
0.0
0.0
0.0
0.0
0.0
0.0
0.0
0.0
0.0
0.0
0.0
0.0
0.0
0.0
0.0
0.0
0.0
0.0
0.0
0.0
0.0
0.0
0.0
0.0
0.0
0.0
0.0
0.0
0.0
0.0
0.0
0.0
0.0
0.0
0.0
0.0
0.0
0.0
0.0
0.0
0.0
0.0
0.0
0.0
0.0
0.0
0.0
0.0
0.0
0.0
0.0
0.0
0.0
0.0
0.0
0.0
0.0
0.0
0.0
0.0
0.0
0.0
0.0
0.0
0.0
0.0
0.0
0.0
0.0
0.0
0.0
0.0
0.0
0.0
0.0
0.0
0.0
0.0
0.0
0.0
0.0
0.0
0.0
0.0
0.0
0.0
0.0
0.0
0.0
0.0
0.0
0.0
0.0
0.0
0.0
0.0
0.0
0.0
0.0
0.0
0.0
0.0
0.0
0.0
0.0
0.0
0.0
0.0
0.0
0.0
0.0
0.0
0.0
0.0
0.0
0.0
0.0
0.0
0.0
0.0
0.0
0.0
0.0
0.0
0.0
0.0
0.0
0.0
0.0
0.0
0.0
0.0
0.0
0.0
0.0
0.0
0.0
0.0
0.0
0.0
0.0
0.0
0.0
0.0
0.0
0.0
0.0
0.0
0.0
0.0
0.0
0.0
0.0
0.0
0.0
0.0
0.0
0.0
0.0
0.0
0.0
0.0
0.0
0.0
0.0
0.0
0.0
0.0
0.0
0.0
0.0
0.0
0.0
0.0
0.0
0.0
0.0
0.0
0.0
0.0
0.0
0.0
0.0
0.0
0.0
0.0
0.0
0.0
0.0
0.0
0.0
0.0
0.0
0.0
0.0
0.0
0.0
0.0
0.0
0.0
0.0
0.0
0.0
0.0
0.0
0.0
0.0
0.0
0.0
0.0
0.0
0.0
0.0
0.0
0.0
0.0
0.0
0.0
0.0
0.0
0.0
0.0
0.0
0.0
0.0
0.0
0.0
0.0
0.0
0.0
0.0
0.0
0.0
0.0
0.0
0.0
0.0
0.0
0.0
0.0
0.0
0.0
0.0
0.0
0.0
0.0
0.0
0.0
0.0
0.0
0.0
0.0
0.0
0.0
0.0
0.0
0.0
0.0
0.0
0.0
0.0
0.0
0.0
0.0
0.0
0.0
0.0
0.0
0.0
0.0
0.0
0.0
0.0
0.0
0.0
0.0
0.0
0.0
0.0
0.0
0.0
0.0
0.0
0.0
0.0
0.0
0.0
0.0
0.0
0.0
0.0
0.0
0.0
0.0
0.0
0.0
0.0
0.0
0.0
0.0
0.0
0.0
0.0
0.0
0.0
0.0
0.0
0.0
0.0
0.0
0.0
0.0
0.0
0.0
0.0
0.0
0.0
0.0
0.0
0.0
0.0
0.0
0.0
0.0
0.0
0.0
0.0
0.0
0.0
0.0
0.0
0.0
0.0
0.0
0.0
0.0
0.0
0.0
0.0
0.0
0.0
0.0
0.0
0.0
0.0
0.0
0.0
0.0
0.0
0.0
0.0
0.0
0.0
0.0
0.0
0.0
0.0
0.0
0.0
0.0
0.5
0.0
0.0
0.0
0.0
0.0
0.0
0.0
0.0
0.0
0.0
0.0
0.0
0.0
0.0
0.0
0.0
0.0
0.0
0.0
0.0
0.0
0.0
0.0
0.0
0.0
0.0
0.0
0.0
0.0
0.0
0.0
0.0
0.0
0.0
0.0
0.0
0.0
0.0
0.0
0.0
0.0
0.0
0.0
0.0
0.0
0.0
0.0
0.0
0.0
0.0
0.0
0.0
0.0
0.0
0.0
0.0
0.0
0.0
0.0
0.0
0.0
0.0
0.0
0.0
0.0
0.0
0.0
0.0
0.0
0.0
0.0
0.0
0.0
0.0
0.0
0.0
0.0
0.0
0.0
0.0
0.0
0.0
0.0
0.0
0.0
0.0
0.0
0.0
0.0
0.0
0.0
0.0
0.0
0.0
0.0
0.0
0.0
0.0
0.0
0.0
0.0
0.0
0.0
0.0
0.0
0.0
0.0
0.0
0.0
0.0
0.0
0.0
0.0
0.0
0.0
0.0
0.0
0.0
0.0
0.0
0.0
0.0
0.0
0.0
0.0
0.0
0.0
0.0
0.0
0.0
0.0
0.0
0.0
0.0
0.0
0.0
0.0
0.0
0.0
0.0
0.0
0.0
0.0
0.0
0.0
0.0
0.0
0.0
0.0
0.0
0.0
0.0
0.0
0.0
0.0
0.0
0.0
0.0
0.0
0.0
0.0
0.0
0.0
0.0
0.0
0.0
0.0
0.0
0.0
0.0
0.0
0.0
0.0
0.0
0.0
0.0
0.0
0.0
0.0
0.0
0.0
0.0
0.0
0.0
0.0
0.0
0.0
0.0
0.0
0.0
0.0
0.0
0.0
0.0
0.0
0.0
0.0
0.0
0.0
0.0
0.0
0.0
0.0
0.0
0.0
0.0
0.0
0.0
0.0
0.0
0.25
0.0
0.0
0.0
0.0
0.0
0.0
0.0
0.0
0.0
0.0
0.0
0.0
0.0
0.0
0.0
0.0
0.0
0.0
0.0
0.0
0.0
0.0
0.0
0.0
0.0
0.0
0.0
0.0
0.0
0.0
0.0
0.0
0.0
0.0
0.0
0.0
0.0
0.0
0.0
0.0
0.0
0.0
0.0
0.0
0.0
0.0
0.0
0.0
0.0
0.0
0.0
0.0
0.0
0.0
0.0
0.0
0.0
0.0
0.0
0.0
0.0
0.0
0.0
0.0
0.0
0.0
0.0
0.0
0.0
0.0
0.0
0.0
0.0
0.0
0.0
0.0
0.0
0.0
0.0
0.0
0.0
0.0
0.0
0.0
0.0
0.0
0.0
0.0
0.0
0.0
0.0
0.0
0.0
0.0
0.0
0.0
0.0
0.0
0.0
0.0
0.0
0.0
0.0
0.0
0.0
0.0
0.0
0.0
0.0
0.0
0.0
0.0
0.0
0.0
0.0
0.0
0.0
0.0
0.0
0.0
0.0
0.0
0.0
0.0
0.0
0.0
0.0
0.0
0.0
0.0
0.0
0.0
0.0
0.0
0.0
0.0
0.0
0.0
0.0
0.0
0.0
0.0
0.0
0.0
0.0
0.0
0.0
0.0
0.0
0.0
0.0
0.0
0.0
0.0
0.0
0.0
0.0
0.0
0.0
0.0
0.0
0.0
0.0
0.0
0.0
0.0
0.0
0.0
0.0
0.0
0.0
0.0
0.0
0.0
0.0
0.0
0.0
0.0
0.0
0.0
0.0
0.0
0.0
0.0
0.0
0.0
0.0
0.0
0.0
0.0
0.0
0.0
0.0
0.0
0.0
0.0
0.0
0.0
0.0
0.0
0.0
0.0
0.0
0.0
0.0
0.0
0.0
0.0
0.0
0.0
0.0
0.0
0.0
0.0
0.0
0.0
0.0
0.0
0.0
0.0
0.0
0.0
0.0
0.0
0.0
0.0
0.0
0.0
0.0
0.0
0.0
0.0
0.0
0.0
0.0
0.0
0.0
0.0
0.0
0.0
0.0
0.0
0.0
0.0
0.0
0.0
0.0
0.0
0.0
0.0
0.0
0.0
0.0
0.0
0.0
0.0
0.0
0.0
0.0
0.0
0.0
0.0
0.0
0.0
0.0
0.0
0.0
0.0
0.0
0.0
0.0
0.0
0.0
0.0
0.0
0.0
0.0
0.0
0.0
0.0
0.0
0.0
0.0
0.0
0.0
0.0
0.0
0.0
0.0
0.0
0.0
0.0
0.0
0.0
0.0
0.0
0.0
0.0
0.0
0.0
0.0
0.0
0.0
0.0
0.0
0.0
0.0
0.0
0.0
0.0
0.0
0.0
0.0
0.0
0.0
0.0
0.0
0.0
0.0
0.0
0.0
0.0
0.0
0.0
0.0
0.0
0.0
0.0
0.0
0.0
0.0
0.0
0.0
0.0
0.0
0.0
0.0
0.0
0.0
0.0
0.0
0.0
0.0
0.0
0.0
0.0
0.0
0.0
0.0
0.0
0.0
0.0
0.0
0.0
0.0
0.0
0.0
0.0
0.0
0.0
0.0
0.0
0.0
0.0
0.0
0.0
0.0
0.0
0.0
0.0
0.0
0.0
0.0
0.0
0.0
0.0
0.0
0.0
0.0
0.0
0.0
0.0
0.0
0.0
0.0
0.0
0.0
0.0
0.0
0.0
0.0
0.0
0.0
0.0
0.0
0.0
0.0
0.0
0.0
0.0
0.0
0.0
0.0
0.0
0.0
0.0
0.0
0.0
0.0
0.0
0.0
0.0
0.0
0.0
0.0
0.0
0.0
0.0
0.0
0.0
0.0
0.0
0.0
0.0
0.0
0.0
0.0
0.0
0.0
0.0
0.0
0.0
0.0
0.0
0.0
0.0
0.0
0.0
0.0
0.0
0.0
0.0
0.0
0.0
0.0
0.0
0.0
0.0
0.0
0.0
0.0
0.0
0.0
0.0
0.0
0.0
0.0
0.0
0.0
0.0
0.0
0.0
0.0
0.0
0.0
0.0
0.0
0.0
0.0
0.0
0.0
0.0
0.0
0.0
0.0
0.0
0.0
0.0
0.0
0.0
0.0
0.0
0.0
0.0
0.0
0.0
0.0
0.0
0.0
0.0
0.0
0.0
0.0
0.0
0.0
0.0
0.0
0.0
0.0
0.0
0.0
0.0
0.0
0.0
0.0
0.0
0.0
0.0
0.0
0.0
0.0
0.0
0.0
0.0
0.0
0.0
0.0
0.0
0.0
0.0
0.0
0.0
0.0
0.0
0.0
0.0
0.0
0.0
0.0
0.0
0.0
0.0
0.0
0.0
0.0
0.0
0.0
0.0
0.0
0.0
0.0
0.0
0.0
0.0
0.0
0.0
0.0
0.0
0.0
0.0
0.0
0.0
0.0
0.0
0.0
0.0
0.0
0.0
0.0
0.0
0.0
0.0
0.0
0.0
0.0
0.0
0.0
0.0
0.0
0.0
0.0
0.0
0.0
0.0
0.0
0.0
0.0
0.0
0.0
0.0
0.0
0.0
0.0
0.0
0.0
0.0
0.0
0.0
0.0
0.0
0.0
0.0
0.0
0.0
0.0
0.0
0.0
0.0
0.0
0.0
0.0
0.0
0.0
0.0
2.25
1.75
0.25
0.0
0.0
0.0
0.0
0.0
0.0
0.0
0.0
0.0
0.0
0.0
0.0
0.0
0.0
0.0
0.0
0.0
0.0
0.0
0.0
0.0
0.0
0.0
0.0
0.0
0.0
0.0
0.0
0.0
0.0
0.0
0.0
0.0
0.0
0.0
0.0
0.0
0.0
0.0
0.0
0.0
0.0
0.0
0.0
0.0
0.0
0.0
0.0
0.0
0.0
0.0
0.0
0.0
0.0
0.0
0.0
0.0
0.0
0.0
0.0
0.0
0.0
0.0
0.0
0.0
0.0
0.0
0.0
0.0
0.0
0.0
0.0
0.0
0.0
0.0
0.0
0.0
0.0
0.0
0.0
0.0
0.0
0.0
0.0
0.0
0.0
0.0
0.0
0.0
0.0
0.0
0.0
0.0
0.0
0.0
0.0
0.0
0.0
0.0
0.0
0.0
0.0
0.0
0.0
0.0
0.0
0.0
0.0
0.0
0.0
0.0
0.0
0.0
0.0
0.0
0.0
0.0
0.0
0.0
0.0
0.0
0.0
0.0
0.0
0.0
0.0
0.0
0.0
0.0
0.0
0.0
0.0
0.0
0.0
0.0
0.0
0.0
0.0
0.0
0.0
0.0
0.0
0.0
0.0
0.0
0.0
0.0
0.0
0.0
0.0
0.0
0.0
0.0
0.0
0.0
0.0
0.0
0.0
0.0
0.0
0.0
0.0
0.0
0.0
0.0
0.0
0.0
0.0
0.0
0.0
0.0
0.0
0.0
0.0
0.0
0.0
0.0
0.0
0.0
0.0
0.0
0.0
0.0
0.0
0.0
0.0
0.0
0.0
0.0
0.0
0.0
0.0
0.0
0.0
0.0
0.0
0.0
0.0
0.0
0.0
0.0
0.0
0.0
0.0
0.0
0.0
0.0
0.0
0.0
0.0
0.0
0.0
0.0
0.0
0.0
0.0
0.0
0.0
0.0
0.0
0.0
0.0
0.0
0.0
0.0
0.0
0.0
0.0
0.0
0.0
0.0
0.0
0.0
0.0
0.0
0.0
0.0
0.0
0.0
0.0
0.0
0.0
0.0
0.0
0.0
0.0
0.0
0.0
0.0
0.0
0.0
0.0
0.0
0.0
0.0
0.0
0.0
0.0
0.0
0.0
0.0
0.0
0.0
0.0
0.0
0.0
0.0
0.0
0.0
0.0
0.0
0.0
0.0
0.0
0.0
0.0
0.0
0.0
0.0
0.0
0.0
0.0
0.0
0.0
0.0
0.0
0.0
0.0
0.0
0.0
0.0
0.0
0.0
0.0
0.0
0.0
0.0
0.0
0.0
0.0
0.0
0.0
0.0
0.0
0.0
0.0
0.0
0.0
0.0
0.0
0.0
0.0
0.0
0.0
0.0
0.0
0.0
0.0
0.0
0.0
0.0
0.0
0.0
0.0
0.0
0.0
0.0
0.0
0.0
0.0
0.0
0.0
0.0
0.0
0.0
0.0
0.0
0.0
0.0
0.0
0.0
0.0
0.0
0.0
0.0
0.0
0.0
0.0
0.0
0.0
0.0
0.0
0.0
0.0
0.0
0.0
0.0
0.0
0.0
0.0
0.0
0.0
0.0
0.0
0.0
0.0
0.0
0.0
0.0
0.0
0.0
0.0
0.0
0.0
0.0
0.0
0.0
0.0
0.0
0.0
0.0
0.0
0.0
0.0
2.75
4.0
4.0
2.0
0.5
0.0
0.0
0.0
0.0
0.25
0.0
0.0
0.0
0.0
0.0
0.0
0.0
0.0
0.0
0.0
0.0
0.0
0.0
0.0
0.0
0.0
0.0
0.0
0.0
0.0
0.0
0.0
0.0
0.0
0.0
0.0
0.0
0.0
0.0
0.0
0.0
0.0
0.0
0.0
0.0
0.0
0.0
0.0
0.0
0.0
0.0
0.0
0.0
0.0
0.0
0.0
0.0
0.0
0.0
0.0
0.0
0.0
0.0
0.0
0.0
0.0
0.0
0.0
0.0
0.0
0.0
0.0
0.0
0.0
0.0
0.0
0.0
0.0
0.0
0.0
0.0
0.0
0.0
0.0
0.0
0.0
0.0
0.0
0.0
0.0
0.0
0.0
0.0
0.0
0.0
0.0
0.0
0.0
0.0
0.0
0.0
0.0
0.0
0.0
0.0
0.0
0.0
0.0
0.0
0.0
0.0
0.0
0.0
0.0
0.0
0.0
0.0
0.0
0.0
0.0
0.0
0.0
0.0
0.0
0.0
0.0
0.0
0.0
0.0
0.0
0.0
0.0
0.0
0.0
0.0
0.0
0.0
0.0
0.0
0.0
0.0
0.0
0.0
0.0
0.0
0.0
0.0
0.0
0.0
0.0
0.0
0.0
0.0
0.0
0.0
0.0
0.0
0.0
0.0
0.0
0.0
0.0
0.0
0.0
0.0
0.0
0.0
0.0
0.0
0.0
0.0
0.0
0.0
0.0
0.0
0.0
0.0
0.0
0.0
0.0
0.0
0.0
0.0
0.0
0.0
0.0
0.0
0.0
0.0
0.0
0.0
0.0
0.0
0.0
0.0
0.0
0.0
0.0
0.0
0.0
0.0
0.0
0.0
0.0
0.0
0.0
0.0
0.0
0.0
0.0
0.0
0.0
0.0
0.0
0.0
0.0
0.0
0.0
0.0
0.0
0.0
0.0
0.0
0.0
0.0
0.0
0.0
0.0
0.0
0.0
0.0
0.0
0.0
0.0
0.0
0.0
0.0
0.0
0.0
0.0
0.0
0.0
0.0
0.0
0.0
0.0
0.0
0.0
0.0
0.0
0.0
0.0
0.0
0.0
0.0
0.0
0.0
0.0
0.0
0.0
0.75
0.0
0.0
0.0
0.0
0.0
0.0
0.0
0.0
0.0
0.0
0.0
0.0
0.0
0.0
0.0
0.0
0.0
0.0
0.0
0.0
0.0
0.0
0.0
0.0
0.0
0.0
0.0
0.0
0.0
0.0
0.0
0.0
0.0
0.0
0.0
0.0
0.0
0.0
0.0
0.0
0.0
0.0
0.0
0.0
0.0
0.0
0.0
0.0
0.0
0.0
0.0
0.0
0.0
0.0
0.0
0.0
0.0
0.0
0.0
0.0
0.0
0.0
0.0
0.0
0.0
0.0
0.0
0.0
0.0
0.0
0.0
0.0
0.0
0.0
0.0
0.0
0.0
0.0
0.0
0.0
0.0
0.0
0.0
0.0
0.0
0.0
0.0
0.0
0.0
0.0
0.0
0.0
0.0
0.0
0.0
0.0
0.0
0.0
0.0
0.0
0.0
0.0
0.0
0.0
0.0
0.0
0.0
0.0
0.0
0.0
0.0
0.0
0.0
0.0
0.0
0.0
0.0
0.0
0.0
0.0
0.0
0.0
0.0
0.0
0.0
0.0
0.0
0.0
0.0
0.0
0.0
0.0
0.0
0.0
0.0
0.0
0.0
0.0
0.0
0.0
0.0
0.0
0.0
0.0
0.0
0.0
0.0
0.0
0.0
0.0
0.0
0.0
0.0
0.0
0.0
0.0
0.0
0.0
0.0
0.0
0.0
0.0
0.0
0.0
0.0
0.0
0.0
0.0
0.0
0.0
1.5
6.5
4.5
4.75
4.5
3.5
0.0
0.0
0.0
0.0
0.0
0.0
0.0
0.0
0.0
0.0
0.0
0.0
0.0
0.0
0.0
0.0
0.0
0.0
0.0
0.0
0.0
0.0
0.0
0.0
0.0
0.0
0.0
0.0
0.0
0.0
0.0
0.0
0.0
0.0
0.0
0.0
0.0
0.0
0.0
0.0
0.0
0.0
0.0
0.0
0.0
0.0
0.0
0.0
0.0
0.0
0.0
0.0
0.0
0.0
0.0
0.0
0.0
0.0
0.0
0.0
0.0
0.0
0.0
0.0
0.0
0.0
0.0
0.0
0.0
0.0
0.0
0.0
0.0
0.0
0.0
0.0
0.0
0.0
0.0
0.0
0.0
0.0
0.0
0.0
0.0
0.0
0.0
0.0
0.0
0.0
0.0
0.0
0.0
0.0
0.0
0.0
0.0
0.0
0.0
0.0
0.0
0.0
0.0
0.0
0.0
0.0
0.0
0.0
0.0
0.0
0.0
0.0
0.0
0.0
0.0
0.0
0.0
0.0
0.0
0.0
0.0
0.0
0.0
0.0
0.0
0.0
0.0
0.0
0.0
0.0
0.0
0.0
0.0
0.0
0.0
0.0
0.0
0.0
0.0
0.0
0.0
0.0
0.0
0.0
0.0
0.0
0.0
0.0
0.0
0.0
0.0
0.0
0.0
0.0
0.0
0.0
0.0
0.0
0.0
0.0
0.0
0.0
0.0
0.0
0.0
0.0
0.0
0.0
0.0
0.0
0.0
0.0
0.0
0.0
0.0
0.0
0.0
0.0
0.0
0.0
0.0
0.0
0.0
0.0
0.0
0.0
0.0
0.0
0.0
0.0
0.0
0.0
0.0
0.0
0.0
0.0
0.0
0.0
0.0
0.0
0.0
0.0
0.0
0.0
0.0
0.0
0.0
0.0
0.0
0.0
0.0
0.0
0.0
0.0
0.0
0.0
0.0
0.0
0.0
0.0
0.0
0.0
0.0
0.0
0.0
0.0
0.0
0.0
0.0
0.0
0.0
0.0
0.0
0.0
0.0
0.0
0.0
0.0
0.0
0.0
0.0
0.0
0.0
0.0
0.0
0.0
0.0
0.0
0.0
0.0
0.0
0.0
0.0
0.0
0.0
0.0
0.0
0.0
0.0
0.0
0.0
0.0
0.0
0.0
0.0
0.0
0.0
0.0
0.0
0.0
0.0
0.0
0.0
0.0
0.0
0.0
0.0
0.0
0.0
0.0
0.0
0.0
0.0
0.0
0.0
0.0
0.0
0.0
0.0
0.0
0.0
0.0
0.0
0.0
0.0
0.0
0.0
0.0
0.0
0.0
0.0
0.0
0.0
0.0
0.0
0.0
0.0
0.0

Average_Alpha:
0.24999999700000003
0.2499999890000001
0.24999998500000026
0.24999998800000028
0.24999999200000048
0.2499999960000005
0.25000000000000067
0.2500000040000007
0.25000000800000094
0.2500000120000009
0.2500000160000011
0.25000002000000116
0.2500000240000013
0.2500000280000014
0.25000003200000154
0.25000003600000154
0.25000004000000176
0.25000004400000175
0.250000048000002
0.250000052000002
0.25000005600000214
0.2500000600000022
0.2500000640000024
0.2500000680000024
0.2500000720000026
0.2500000760000026
0.2500000800000028
0.25000008400000284
0.250000088000003
0.25000009200000306
0.2500000960000032
0.2500001000000033
0.25000010400000344
0.2500001080000035
0.2500001120000037
0.2500001160000037
0.2500001200000039
0.2500001240000039
0.2500001280000041
0.2500001320000041
0.2500001360000043
0.2500001400000043
0.2500001440000045
0.25000014800000453
0.2500001520000047
0.2500001560000048
0.2500001600000049
0.25000016400000497
0.25000016800000513
0.2500001720000052
0.25000017600000535
0.2500001800000054
0.2500001840000055
0.2500001880000056
0.2500001920000058
0.25000019600000584
0.250000200000006
0.250000204000006
0.2500002080000062
0.2500002120000062
0.25000021600000644
0.25000022000000643
0.2500002240000066
0.25000022800000665
0.2500002320000068
0.25000023600000687
0.25000024000000703
0.2500002440000071
0.25000024800000725
0.2500002520000073
0.25000025600000747
0.2500002600000075
0.2500002640000077
0.25000026800000774
0.2500002720000079
0.25000027600000796
0.2500002800000081
0.2500002840000082
0.2500002880000083
0.2500002920000084
0.2500002960000085
0.2500003000000086
0.2500003040000088
0.25000030800000883
0.250000312000009
0.250000316000009
0.2500003200000092
0.2500003240000092
0.25000032800000943
0.2500003320000094
0.2500003360000096
0.2500003400000096
0.2500003440000098
0.2500003480000098
0.25000035200001003
0.25000035600001
0.25000036000001025
0.2500003640000103
0.2500003680000105
0.25000037200001046
0.2500003760000107
0.2500003800000107
0.2500003840000109
0.2500003880000109
0.2500003920000111
0.2500003960000111
0.2500004000000113
0.25000040400001133
0.25000040800001155
0.25000041200001155
0.2500004160000117
0.25000042000001177
0.25000042400001193
0.250000428000012
0.25000043200001215
0.2500004360000122
0.25000044000001237
0.2500004440000124
0.2500004480000126
0.25000045200001264
0.25000045600001275
0.2500004600000128
0.25000046400001297
0.2500004680000131
0.2500004720000132
0.25000047600001324
0.25000048000001346
0.25000048400001346
0.2500004880000137
0.2500004920000137
0.2500004960000139
0.25000050000001384
0.25000050400001406
0.25000050800001405
0.2500005120000143
0.25000051600001433
0.2500005200000145
0.2500005240000145
0.2500005280000147
0.25000053200001476
0.25000053600001493
0.2500005400000149
0.2500005440000151
0.25000054800001514
0.25000055200001536
0.25000055600001536
0.2500005600000156
0.2500005640000156
0.2500005680000158
0.2500005720000158
0.250000576000016
0.25000058000001596
0.2500005840000162
0.2500005880000162
0.2500005920000164
0.25000059600001645
0.2500006000000166
0.25000060400001667
0.25000060800001683
0.25000061200001683
0.25000061600001705
0.25000062000001705
0.25000062400001727
0.25000062800001727
0.2500006320000175
0.2500006360000175
0.2500006400000177
0.2500006440000177
0.2500006480000179
0.2500006520000179
0.2500006560000181
0.25000066000001814
0.2500006640000183
0.25000066800001836
0.2500006720000185
0.2500006760000186
0.25000068000001874
0.2500006840000188
0.25000068800001896
0.250000692000019
0.2500006960000192
0.2500007000000192
0.2500007040000194
0.2500007080000194
0.25000071200001955
0.2500007160000196
0.25000072000001977
0.2500007240000198
0.25000072800002
0.25000073200002004
0.2500007360000202
0.25000074000002026
0.2500007440000204
0.2500007480000205
0.25000075200002064
0.25000075600002064
0.25000076000002086
0.2500007640000209
0.2500007680000211
0.25000077200002113
0.2500007760000213
0.25000078000002135
0.2500007840000215
0.25000078800002157
0.2500007920000217
0.25000079600002173
0.2500008000000219
0.25000080400002195
0.25000080800002217
0.2500008120000222
0.25000081600002233
0.25000082000002244
0.25000082400002255
0.2500008280000226
0.25000083200002277
0.25000083600002276
0.250000840000023
0.250000844000023
0.2500008480000232
0.25000085200002325
0.2500008560000234
0.2500008600000234
0.25000086400002364
0.25000086800002363
0.25000087200002385
0.25000087600002385
0.2500008800000241
0.25000088400002407
0.2500008880000243
0.2500008920000243
0.2500008960000245
0.2500009000000245
0.2500009040000247
0.2500009080000247
0.2500009120000249
0.25000091600002494
0.2500009200000251
0.25000092400002516
0.2500009280000253
0.2500009320000254
0.25000093600002554
0.2500009400000256
0.25000094400002576
0.2500009480000258
0.250000952000026
0.25000095600002603
0.2500009600000262
0.2500009640000262
0.25000096800002636
0.2500009720000264
0.2500009760000266
0.25000098000002663
0.2500009840000268
0.2500009880000269
0.250000992000027
0.2500009960000271
0.25000100000002723
0.2500010040000273
0.25000100800002745
0.2500010120000275
0.25000101600002766
0.2500010200000277
0.25000102400002794
0.25000102800002794
0.2500010320000281
0.2500010360000282
0.2500010400000284
0.2500010440000284
0.25000104800002854
0.2500010520000286
0.25000105600002875
0.2500010600000288
0.25000106400002897
0.250001068000029
0.2500010720000292
0.25000107600002924
0.2500010800000294
0.2500010840000295
0.2500010880000297
0.2500010920000297
0.25000109600002984
0.2500011000000299
0.25000110400003006
0.2500011080000301
0.2500011120000303
0.2500011160000304
0.2500011200000305
0.2500011240000306
0.2500011280000307
0.25000113200003077
0.25000113600003093
0.250001140000031
0.25000114400003115
0.2500011480000312
0.2500011520000314
0.2500011560000314
0.2500011600000316
0.2500011640000317
0.2500011680000318
0.2500011720000319
0.250001176000032
0.2500011800000321
0.25000118400003224
0.2500011880000323
0.25000119200003246
0.2500011960000325
0.2500012000000327
0.25000120400003273
0.2500012080000329
0.250001212000033
0.25000121600003317
0.25000122000003316
0.25000122400003333
0.2500012280000334
0.25000123200003355
0.2500012360000336
0.25000124000003376
0.2500012440000339
0.250001248000034
0.2500012520000341
0.2500012560000342
0.25000126000003425
0.2500012640000344
0.25000126800003447
0.25000127200003464
0.2500012760000347
0.25000128000003485
0.2500012840000349
0.25000128800003507
0.2500012920000352
0.2500012960000353
0.2500013000000354
0.2500013040000355
0.25000130800003556
0.2500013120000357
0.2500013160000358
0.25000132000003594
0.250001324000036
0.25000132800003616
0.2500013320000362
0.2500013360000364
0.2500013400000365
0.25000134400003665
0.25000134800003665
0.2500013520000368
0.25000135600003687
0.25000136000003703
0.2500013640000371
0.25000136800003725
0.25000137200003736
0.25000137600003747
0.2500013800000376
0.2500013840000377
0.25000138800003774
0.2500013920000379
0.25000139600003796
0.2500014000000381
0.2500014040000382
0.25000140800003834
0.2500014120000384
0.25000141600003856
0.2500014200000386
0.2500014240000388
0.2500014280000389
0.250001432000039
0.25000143600003905
0.2500014400000392
0.25000144400003926
0.25000144800003943
0.2500014520000395
0.25000145600003965
0.2500014600000397
0.25000146400003986
0.2500014680000399
0.25000147200004014
0.25000147600004013
0.2500014800000403
0.25000148400004035
0.2500014880000405
0.25000149200004057
0.25000149600004073
0.2500015000000408
0.25000150400004095
0.250001508000041
0.25000151200004117
0.2500015160000412
0.2500015200000414
0.25000152400004144
0.2500015280000416
0.25000153200004166
0.2500015360000418
0.2500015400000419
0.25000154400004204
0.2500015480000421
0.25000155200004226
0.25000155600004237
0.2500015600000425
0.25000156400004253
0.2500015680000427
0.25000157200004275
0.2500015760000429
0.25000158000004297
0.25000158400004313
0.2500015880000432
0.25000159200004335
0.2500015960000434
0.25000160000004357
0.2500016040000436
0.2500016080000438
0.25000161200004384
0.250001616000044
0.25000162000004406
0.2500016240000442
0.2500016280000443
0.25000163200004444
0.2500016360000445
0.25000164000004466
0.2500016440000447
0.2500016480000449
0.2500016520000449
0.2500016560000451
0.25000166000004514
0.2500016640000453
0.25000166800004536
0.2500016720000455
0.2500016760000456
0.25000168000004575
0.25000168400004585
0.25000168800004596
0.250001692000046
0.2500016960000462
0.25000170000004623
0.2500017040000464
0.25000170800004645
0.2500017120000466
0.25000171600004667
0.25000172000004683
0.2500017240000469
0.25000172800004705
0.2500017320000471
0.25000173600004727
0.2500017400000473
0.2500017440000475
0.25000174800004754
0.2500017520000477
0.25000175600004776
0.2500017600000479
0.250001764000048
0.25000176800004814
0.2500017720000482
0.25000177600004836
0.2500017800000484
0.2500017840000486
0.25000178800004863
0.2500017920000488
0.25000179600004885
0.250001800000049
0.25000180400004907
0.25000180800004923
0.25000181200004934
0.25000181600004945
0.2500018200000495
0.25000182400004967
0.2500018280000497
0.2500018320000499
0.25000183600004994
0.2500018400000501
0.25000184400005016
0.2500018480000503
0.2500018520000504
0.25000185600005054
0.2500018600000506
0.25000186400005076
0.2500018680000508
0.250001872000051
0.250001876000051
0.2500018800000512
0.25000188400005124
0.2500018880000514
0.25000189200005146
0.2500018960000516
0.2500019000000517
0.25000190400005184
0.2500019080000519
0.25000191200005206
0.2500019160000521
0.2500019200000523
0.25000192400005233
0.2500019280000525
0.25000193200005255
0.2500019360000527
0.2500019400000527
0.25000194400005293
0.250001948000053
0.25000195200005315
0.2500019560000532
0.25000196000005337
0.2500019640000534
0.2500019680000536
0.25000197200005364
0.2500019760000538
0.25000198000005386
0.250001984000054
0.250001988000054
0.25000199200005424
0.2500019960000543
0.25000200000005446
0.2500020040000545
0.2500020080000547
0.25000201200005473
0.2500020160000549
0.25000202000005495
0.2500020240000551
0.25000202800005517
0.25000203200005533
0.2500020360000554
0.25000204000005555
0.2500020440000556
0.25000204800005577
0.2500020520000558
0.250002056000056
0.25000206000005604
0.2500020640000562
0.2500020680000562
0.2500020720000564
0.2500020760000565
0.25000208000005664
0.2500020840000567
0.25000208800005685
0.2500020920000569
0.2500020960000571
0.2500021000000571
0.2500021040000573
0.25000210800005734
0.2500021120000575
0.2500021160000575
0.2500021200000577
0.2500021240000578
0.25000212800005794
0.250002132000058
0.25000213600005816
0.2500021400000582
0.2500021440000584
0.25000214800005843
0.2500021520000586
0.25000215600005865
0.2500021600000588
0.25000216400005887
0.25000216800005903
0.2500021720000591
0.25000217600005925
0.2500021800000593
0.25000218200005947
0.2500021860000595
0.2500021900000597
0.25000219400005974
0.2500021980000599
0.2500022020000599
0.2500022060000601
0.2500022100000601
0.25000221400006034
0.2500022180000604
0.25000222200006056
0.2500022260000606
0.2500022300000608
0.25000223400006083
0.250002238000061
0.250002242000061
0.2500022460000612
0.25000225000006127
0.25000225400006143
0.2500022580000615
0.25000226200006165
0.2500022660000617
0.25000227000006187
0.2500022740000619
0.2500022780000621
0.25000228200006214
0.2500022860000623
0.2500022900000623
0.2500022940000625
0.2500022980000626
0.25000230200006274
0.2500023060000628
0.25000231000006296
0.250002314000063
0.2500023180000632
0.2500023220000632
0.2500023260000634
0.2500023300000634
0.2500023340000636
0.2500023380000636
0.2500023420000638
0.2500023460000639
0.25000235000006404
0.2500023540000641
0.25000235800006426
0.2500023620000643
0.2500023660000645
0.2500023700000645
0.2500023740000647
0.25000237800006475
0.2500023820000649
0.25000238600006497
0.25000239000006513
0.2500023940000652
0.25000239800006535
0.2500024020000654
0.25000240600006557
0.2500024100000656
0.2500024140000658
0.2500024180000658
0.250002422000066
0.25000242600006606
0.2500024300000662
0.2500024340000663
0.25000243800006644
0.2500024420000665
0.25000244600006666
0.2500024500000667
0.2500024540000669
0.2500024580000669
0.2500024620000671
0.2500024660000671
0.2500024700000673
0.25000247400006737
0.25000247800006753
0.2500024820000676
0.25000248600006775
0.2500024900000678
0.25000249400006797
0.25000249800006796
0.2500025020000682
0.25000250600006824
0.2500025100000684
0.25000251400006845
0.2500025180000686
0.25000252200006867
0.25000252600006884
0.2500025300000689
0.25000253400006905
0.2500025380000691
0.25000254200006927
0.25000254600006927
0.2500025500000695
0.25000255400006954
0.2500025580000697
0.25000256200006976
0.2500025660000699
0.25000257000007
0.25000257400007014
0.2500025780000702
0.25000258200007036
0.25000258600007036
0.2500025900000706
0.2500025940000706
0.2500025980000708
0.25000260200007085
0.250002606000071
0.25000261000007107
0.25000261400007123
0.2500026180000713
0.25000262200007145
0.25000262600007145
0.25000263000007167
0.2500026340000717
0.2500026380000719
0.25000264200007194
0.2500026460000721
0.25000265000007216
0.2500026540000723
0.2500026580000724
0.25000266200007254
0.2500026660000726
0.25000267000007276
0.25000267400007276
0.250002678000073
0.25000268200007303
0.2500026860000732
0.25000269000007325
0.2500026940000734
0.25000269800007346
0.25000270200007363
0.2500027060000737
0.25000271000007385
0.25000271400007384
0.25000271800007406
0.25000272200007406
0.2500027260000743
0.25000273000007434
0.2500027340000745
0.25000273800007455
0.2500027420000747
0.25000274600007477
0.25000275000007494
0.25000275400007493
0.25000275800007515
0.2500027620000752
0.25000276600007537
0.2500027700000754
0.2500027740000756
0.25000277800007564
0.2500027820000758
0.25000278600007586
0.250002790000076
0.2500027940000761
0.25000279800007624
0.25000280200007624
0.25000280600007646
0.2500028100000765
0.2500028140000767
0.25000281800007673
0.2500028220000769
0.25000282600007695
0.2500028300000771
0.25000283400007717
0.25000283800007733
0.25000284200007733
0.25000284600007755
0.25000285000007755
0.25000285400007777
0.2500028580000778
0.250002862000078
0.25000286600007804
0.2500028700000782
0.25000287400007826
0.2500028780000784
0.2500028820000784
0.25000288600007864
0.2500028900000787
0.25000289400007886
0.2500028980000789
0.2500029020000791
0.25000290600007913
0.2500029100000793
0.25000291400007935
0.2500029180000795
0.25000292200007956
0.25000292600007973
0.2500029300000797
0.25000293400007995
0.25000293800008
0.25000294200008016
0.2500029460000802
0.2500029500000804
0.25000295400008044
0.2500029580000806
0.25000296200008065
0.2500029660000808
0.2500029700000808
0.25000297400008104
0.25000297800008103
0.25000298200008125
0.2500029860000813
0.25000299000008147
0.2500029940000815
0.2500029980000817
0.25000300200008174
0.2500030060000819
0.2500030100000819
0.2500030140000821
0.2500030180000822
0.25000302200008234
0.25000302500008237
0.2500030290000826
0.2500030330000826
0.25000303700008275
0.2500030410000828
0.25000304500008297
0.250003049000083
0.2500030530000832
0.25000305700008324
0.2500030610000834
0.2500030650000835
0.2500030690000837
0.2500030730000837
0.25000307700008384
0.2500030810000839
0.25000308500008406
0.2500030890000841
0.2500030930000843
0.25000309700008433
0.2500031010000845
0.25000310500008455
0.2500031090000847
0.2500031130000848
0.25000311700008493
0.250003121000085
0.25000312500008515
0.2500031290000852
0.2500031330000854
0.2500031370000854
0.2500031410000856
0.25000314500008564
0.25000314900008586
0.25000315300008585
0.2500031570000861
0.25000316100008607
0.25000316500008624
0.2500031690000863
0.25000317300008645
0.2500031770000865
0.25000318100008667
0.2500031850000867
0.2500031890000869
0.250003193000087
0.25000319700008716
0.25000320100008716
0.2500032050000873
0.2500032090000874
0.25000321300008754
0.2500032170000876
0.25000322100008776
0.2500032250000878
0.250003229000088
0.25000323300008803
0.2500032370000882
0.2500032410000883
0.2500032450000884
0.25000324900008847
0.25000325300008863
0.2500032570000887
0.2500032610000889
0.2500032650000889
0.25000326900008907
0.2500032730000891
0.25000327700008934
0.25000328100008934
0.25000328500008956
0.25000328900008956
0.2500032930000897
0.2500032970000898
0.25000330100008994
0.25000330500009
0.25000330900009016
0.2500033130000902
0.2500033170000904
0.2500033210000905
0.25000332500009065
0.25000332900009065
0.2500033330000908
0.25000333700009086
0.25000334100009103
0.2500033450000911
0.25000334900009125
0.2500033530000913
0.25000335700009146
0.2500033610000915
0.2500033650000917
0.2500033690000918
0.2500033730000919
0.25000337700009195
0.2500033810000921
0.25000338500009217
0.2500033890000924
0.2500033930000924
0.25000339700009255
0.2500034010000926
0.2500034050000928
0.2500034090000928
0.25000341300009304
0.25000341700009304
0.2500034210000932
0.25000342500009326
0.2500034290000934
0.2500034330000935
0.25000343700009364
0.2500034410000937
0.25000344500009386
0.25000344900009397
0.25000345300009413
0.25000345700009413
0.2500034610000943
0.25000346500009435
0.2500034690000945
0.25000347300009457
0.25000347700009473
0.2500034810000948
0.25000348500009495
0.250003489000095
0.25000349300009517
0.2500034970000953
0.2500035010000954
0.25000350500009544
0.2500035090000956
0.25000351300009566
0.2500035170000959
0.2500035210000959
0.25000352500009604
0.2500035290000961
0.2500035330000963
0.2500035370000963
0.25000354100009653
0.2500035450000965
0.2500035490000967
0.25000355300009675
0.2500035570000969
0.25000356100009696
0.2500035650000971
0.2500035690000972
0.25000357300009735
0.25000357700009745
0.2500035810000976
0.2500035850000976
0.2500035890000978
0.25000359300009783
0.250003597000098
0.25000360100009805
0.2500036050000982
0.25000360900009827
0.25000361300009843
0.2500036170000985
0.25000362100009865
0.25000362500009876
0.25000362900009887
0.2500036330000989
0.2500036370000991
0.25000364100009914
0.25000364500009936
0.25000364900009936
0.2500036530000995
0.2500036570000996
0.2500036610000998
0.2500036650000998
0.2500036690001
0.2500036730001
0.2500036770001002
0.25000368100010023
0.2500036850001004
0.25000368900010045
0.2500036930001006
0.25000369700010067
0.25000370100010083
0.25000370500010094
0.2500037090001011
0.2500037130001011
0.25000371700010127
0.2500037210001013
0.2500037250001015
0.25000372900010154
0.2500037330001017
0.25000373700010176
0.2500037410001019
0.250003745000102
0.25000374900010214
0.25000375300010225
0.25000375700010236
0.2500037610001024
0.2500037650001026
0.2500037690001026
0.25000377300010285
0.25000377700010284
0.250003781000103
0.25000378500010306
0.2500037890001033
0.2500037930001033
0.2500037970001035
0.2500038010001035
0.25000380500010366
0.2500038090001037
0.2500038130001039
0.25000381700010393
0.2500038210001041
0.25000382500010415
0.2500038290001043
0.2500038330001044
0.2500038370001046
0.2500038410001046
0.25000384500010475
0.2500038490001048
0.25000385300010497
0.250003857000105
0.2500038610001052
0.25000386500010524
0.2500038690001054
0.25000387300010546
0.2500038770001056
0.25000388100010573
0.25000388500010584
0.2500038890001059
0.25000389300010606
0.2500038970001061
0.25000390100010633
0.25000390500010633
0.2500039090001065
0.25000391300010655
0.25000391700010677
0.25000392100010677
0.250003925000107
0.250003929000107
0.25000393300010715
0.2500039370001072
0.25000394100010737
0.2500039450001074
0.2500039490001076
0.25000395300010764
0.2500039570001078
0.2500039610001079
0.2500039650001081
0.2500039690001081
0.25000397300010824
0.2500039770001083
0.25000398100010846
0.2500039850001085
0.2500039890001087
0.2500039930001087
0.2500039970001089
0.25000400100010894
0.2500040050001091
0.2500040090001092
0.2500040130001093
0.2500040170001094
0.25000402100010954
0.2500040250001096
0.2500040290001098
0.2500040330001098
0.25000403700011
0.25000404100011003
0.25000404500011025
0.25000404900011025
0.25000405300011047
0.25000405700011047
0.25000406100011063
0.2500040650001107
0.25000406900011085
0.2500040730001109
0.25000407700011107
0.2500040810001111
0.2500040850001113
0.2500040890001114
0.25000409300011156
0.25000409700011156
0.2500041010001117
0.2500041050001118
0.25000410900011194
0.250004113000112
0.25000411700011216
0.2500041210001122
0.2500041250001124
0.25000412900011243
0.2500041330001126
0.2500041370001127
0.2500041410001128
0.25000414500011287
0.25000414900011303
0.2500041530001131
0.2500041570001133
0.2500041610001133
0.25000416500011347
0.2500041690001135
0.25000417300011374
0.25000417700011374
0.25000418100011396
0.25000418500011395
0.2500041890001141
0.25000419300011417
0.25000419700011434
0.2500042010001144
0.25000420500011455
0.2500042090001146
0.25000421300011477
0.2500042170001149
0.25000422100011505
0.25000422500011504
0.2500042290001152
0.25000423300011526
0.2500042370001154
0.2500042410001155
0.25000424500011564
0.2500042490001157
0.25000425300011586
0.2500042570001159
0.2500042610001161
0.2500042650001162
0.2500042690001163
0.25000427300011635
0.2500042770001165
0.25000428100011657
0.2500042850001168
0.2500042890001168
0.25000429300011695
0.250004297000117
0.2500043010001172
0.2500043050001172
0.25000430900011744
0.25000431300011744
0.2500043170001176
0.25000432100011766
0.2500043250001178
0.2500043290001179
0.25000433300011804
0.2500043370001181
0.25000434100011826
0.25000434500011837
0.25000434900011853
0.25000435300011853
0.2500043570001187
0.25000436100011875
0.2500043650001189
0.25000436900011896
0.25000437300011913
0.2500043770001192
0.25000438100011935
0.2500043850001194
0.25000438900011956
0.2500043930001197
0.2500043970001198
0.25000440100011984
0.25000440500012
0.25000440900012005
0.2500044130001203
0.25000441700012027
0.25000442100012044
0.2500044250001205
0.2500044290001207
0.2500044330001207
0.2500044370001209
0.2500044410001209
0.2500044450001211
0.25000444900012114
0.2500044530001213
0.25000445700012136
0.2500044610001215
0.2500044650001216
0.25000446900012174
0.25000447300012185
0.250004477000122
0.250004481000122
0.2500044850001222
0.25000448900012223
0.2500044930001224
0.25000449700012245
0.2500045010001226
0.25000450500012267
0.25000450900012283
0.2500045130001229
0.25000451700012305
0.25000452100012316
0.25000452500012327
0.2500045290001233
0.2500045330001235
0.25000453700012354
0.25000454100012376
0.25000454500012376
0.2500045490001239
0.250004553000124
0.2500045570001242
0.2500045610001242
0.2500045650001244
0.2500045690001244
0.2500045730001246
0.25000457700012463
0.2500045810001248
0.25000458500012485
0.250004589000125
0.25000459300012506
0.25000459700012523
0.25000460100012534
0.2500046050001255
0.2500046090001255
0.25000461300012566
0.2500046170001257
0.2500046210001259
0.25000462500012594
0.2500046290001261
0.25000463300012615
0.2500046370001263
0.25000464100012637
0.25000464500012654
0.25000464900012664
0.25000465300012675
0.2500046570001268
0.25000466100012697
0.250004665000127
0.25000466900012724
0.25000467300012724
0.2500046770001274
0.25000468100012746
0.2500046850001277
0.2500046890001277
0.2500046930001279
0.2500046970001279
0.25000470100012806
0.2500047050001281
0.2500047090001283
0.25000471300012833
0.2500047170001285
0.25000472100012855
0.2500047250001287
0.2500047290001288
0.250004733000129
0.250004737000129
0.25000474100012915
0.2500047450001292
0.25000474900012937
0.2500047530001294
0.2500047570001296
0.25000476100012964
0.2500047650001298
0.25000476900012986
0.25000477300013
0.25000477700013013
0.25000478100013024
0.2500047850001303
0.25000478900013046
0.2500047930001305
0.25000479700013073
0.2500048010001307
0.2500048050001309
0.25000480900013095
0.25000481300013117
0.25000481700013116
0.2500048210001314
0.2500048250001314
0.25000482900013155
0.2500048330001316
0.25000483700013176
0.2500048410001318
0.250004845000132
0.25000484900013203
0.2500048530001322
0.2500048570001323
0.2500048610001325
0.25000486500013247
0.25000486900013263
0.2500048730001327
0.25000487700013285
0.2500048810001329
0.25000488500013307
0.2500048890001331
0.2500048930001333
0.25000489700013334
0.2500049010001335
0.2500049050001336
0.2500049090001337
0.2500049130001338
0.25000491700013394
0.250004921000134
0.2500049250001342
0.2500049290001342
0.2500049330001344
0.25000493700013443
0.25000494100013465
0.25000494500013465
0.25000494900013487
0.25000495300013487
0.25000495700013503
0.2500049610001351
0.25000496500013525
0.2500049690001353
0.25000497300013547
0.2500049770001355
0.2500049810001357
0.2500049850001358
0.25000498900013596
0.25000499300013596
0.2500049970001361
0.2500050010001362
0.25000500500013634
0.2500050090001364
0.25000501300013656
0.2500050170001366
0.2500050210001368
0.2500050250001368
0.250005029000137
0.2500050330001371
0.2500050370001372
0.25000504100013726
0.2500050450001374
0.2500050490001375
0.2500050530001377
0.2500050570001377
0.25000506100013786
0.2500050650001379
0.25000506900013814
0.25000507300013813
0.25000507700013835
0.25000508100013835
0.2500050850001385
0.25000508900013857
0.25000509300013873
0.2500050970001388
0.25000510100013895
0.250005105000139
0.25000510900013917
0.2500051130001393
0.25000511700013944
0.25000512100013944
0.2500051250001396
0.25000512900013966
0.2500051330001398
0.2500051370001399
0.25000514100014004
0.2500051450001401
0.25000514900014026
0.2500051530001403
0.2500051570001405
0.2500051610001406
0.2500051650001407
0.25000516900014075
0.2500051730001409
0.25000517700014097
0.2500051810001412
0.2500051850001412
0.25000518900014135
0.2500051930001414
0.2500051970001416
0.2500052010001416
0.25000520500014184
0.25000520900014184
0.250005213000142
0.25000521700014205
0.2500052210001422
0.2500052250001423
0.25000522900014244
0.2500052330001425
0.25000523700014265
0.25000524100014276
0.25000524500014293
0.2500052490001429
0.2500052530001431
0.25000525700014314
0.2500052610001433
0.25000526500014336
0.2500052690001435
0.2500052730001436
0.25000527700014374
0.2500052810001438
0.25000528500014396
0.25000528900014407
0.2500052930001442
0.25000529700014423
0.2500053010001444
0.25000530500014445
0.25000530900014467
0.25000531300014467
0.25000531700014483
0.2500053210001449
0.2500053250001451
0.2500053290001451
0.2500053330001453
0.2500053370001453
0.2500053410001455
0.25000534500014554
0.2500053490001457
0.25000535300014576
0.2500053570001459
0.250005361000146
0.25000536500014614
0.25000536900014625
0.2500053730001464
0.2500053770001464
0.2500053810001466
0.25000538500014663
0.2500053890001468
0.25000539300014685
0.250005397000147
0.25000540100014707
0.25000540500014723
0.2500054090001473
0.25000541300014745
0.25000541700014756
0.25000542100014767
0.2500054250001477
0.2500054290001479
0.25000543300014794
0.25000543700014816
0.25000544100014815
0.25000543600014835
0.2500054330001484
0.2500054360001486
0.2500054400001486
0.2500054440001488
0.25000544800014884
0.250005452000149
0.250005456000149
0.2500054600001492
0.2500054640001492
0.25000546800014944
0.2500054720001495
0.25000547600014966
0.2500054800001497
0.2500054840001499
0.25000548800014993
0.2500054920001501
0.2500054960001501
0.25000550000015026
0.25000550400015037
0.25000550800015053
0.2500055120001506
0.25000551600015075
0.25000552000015075
0.25000552400015097
0.250005528000151
0.2500055320001512
0.2500055360001512
0.2500055400001514
0.2500055440001514
0.2500055480001516
0.2500055520001516
0.25000555600015184
0.2500055600001519
0.25000556400015206
0.2500055680001521
0.2500055720001523
0.25000557600015233
0.2500055800001525
0.2500055840001525
0.2500055880001527
0.2500055920001527
0.25000559600015293
0.250005600000153
0.25000560400015315
0.2500056080001532
0.25000561200015337
0.2500056160001534
0.2500056200001536
0.2500056240001536
0.25000562800015375
0.25000563200015385
0.250005636000154
0.2500056400001541
0.25000564400015424
0.25000564800015423
0.25000565200015445
0.2500056560001545
0.2500056600001547
0.25000566400015467
0.2500056680001549
0.2500056720001549
0.2500056760001551
0.2500056800001551
0.2500056840001553
0.2500056880001554
0.25000569200015554
0.2500056960001556
0.25000570000015576
0.2500057040001558
0.250005708000156
0.250005712000156
0.2500057160001562
0.2500057200001562
0.2500057240001564
0.25000572800015647
0.25000573200015663
0.2500057360001567
0.25000574000015685
0.2500057440001569
0.25000574800015707
0.25000575200015707
0.25000575600015723
0.25000576000015734
0.2500057640001575
0.25000576800015756
0.2500057720001577
0.2500057760001577
0.25000578000015794
0.250005784000158
0.25000578800015816
0.25000579200015816
0.2500057960001584
0.2500058000001584
0.2500058040001586
0.2500058080001586
0.2500058120001588
0.25000581600015886
0.25000582000015903
0.2500058240001591
0.25000582800015925
0.2500058320001593
0.25000583600015946
0.25000584000015946
0.2500058440001597
0.2500058480001597
0.2500058520001599
0.25000585600015995
0.2500058600001601
0.25000586400016017
0.25000586800016034
0.2500058720001604
0.25000587600016055
0.25000588000016055
0.2500058840001607
0.2500058880001608
0.250005892000161
0.25000589600016104
0.2500059000001612
0.2500059040001612
0.2500059080001614
0.2500059120001615
0.25000591600016164
0.25000592000016164
0.25000592400016186
0.25000592800016186
0.2500059320001621
0.2500059360001621
0.2500059400001623
0.25000594400016235
0.2500059480001625
0.25000595200016257
0.25000595600016273
0.2500059600001628
0.25000596400016295
0.25000596800016295
0.25000597200016317
0.25000597600016317
0.2500059800001634
0.25000598400016344
0.2500059880001636
0.25000599200016366
0.2500059960001638
0.2500060000001639
0.25000600400016404
0.25000600800016404
0.2500060120001642
0.2500060160001643
0.2500060200001645
0.25000602400016453
0.2500060280001647
0.2500060320001647
0.2500060360001649
0.25000604000016496
0.25000604400016513
0.2500060480001651
0.25000605200016535
0.25000605600016534
0.25000606000016556
0.25000606400016556
0.2500060680001658
0.25000607200016584
0.250006076000166
0.25000608000016605
0.2500060840001662
0.25000608800016627
0.25000609200016644
0.25000609600016643
0.25000610000016665
0.25000610400016665
0.25000610800016687
0.2500061120001669
0.2500061160001671
0.25000612000016714
0.2500061240001673
0.25000612800016736
0.2500061320001675
0.2500061360001675
0.2500061400001677
0.2500061440001678
0.25000614800016796
0.250006152000168
0.2500061560001682
0.2500061600001682
0.2500061640001684
0.25000616800016845
0.2500061720001686
0.2500061760001686
0.25000618000016883
0.25000618400016883
0.25000618800016905
0.25000619200016905
0.25000619600016927
0.2500062000001693
0.2500062040001695
0.25000620800016954
0.2500062120001697
0.25000621600016976
0.2500062200001699
0.2500062240001699
0.25000622800017014
0.25000623200017014
0.25000623600017036
0.2500062400001704
0.2500062440001706
0.25000624800017063
0.2500062520001708
0.25000625600017085
0.250006260000171
0.250006264000171
0.2500062680001712
0.2500062720001713
0.25000627600017145
0.2500062800001715
0.25000628400017166
0.25000628800017166
0.2500062920001719
0.25000629600017193
0.2500063000001721
0.2500063040001721
0.2500063080001723
0.2500063120001723
0.25000631600017253
0.25000632000017253
0.25000632400017275
0.2500063280001728
0.25000633200017297
0.250006336000173
0.2500063400001732
0.25000634400017324
0.2500063480001734
0.2500063520001734
0.2500063560001736
0.2500063600001736
0.25000636400017384
0.2500063680001739
0.25000637200017406
0.2500063760001741
0.2500063800001743
0.25000638400017433
0.2500063880001745
0.2500063920001745
0.25000639600017466
0.25000640000017477
0.25000640400017493
0.250006408000175
0.25000641200017515
0.25000641600017515
0.25000642000017537
0.2500064240001754
0.2500064280001756
0.2500064320001756
0.2500064360001758
0.2500064400001758
0.250006444000176
0.250006448000176
0.25000645200017624
0.2500064560001763
0.25000646000017646
0.2500064640001765
0.2500064680001767
0.2500064720001767
0.2500064760001769
0.2500064800001769
0.2500064840001771
0.2500064880001771
0.2500064920001773
0.2500064960001774
0.25000650000017755
0.2500065040001776
0.25000650800017776
0.2500065120001778
0.250006516000178
0.250006520000178
0.25000652400017814
0.25000652800017825
0.2500065320001784
0.25000653600017847
0.25000654000017863
0.25000654400017863
0.25000654800017885
0.2500065520001789
0.25000655600017907
0.25000656000017907
0.2500065640001793
0.2500065680001793
0.2500065720001795
0.2500065760001795
0.2500065800001797
0.2500065840001798
0.25000658800017994
0.25000659200018
0.25000659600018016
0.2500066000001802
0.2500066040001804
0.2500066080001804
0.2500066120001806
0.2500066160001806
0.2500066200001808
0.25000662400018087
0.25000662800018103
0.2500066320001811
0.25000663600018125
0.2500066400001813
0.25000664400018147
0.25000664800018146
0.25000665200018163
0.25000665600018174
0.2500066600001819
0.25000666400018196
0.2500066680001821
0.2500066720001821
0.25000667600018234
0.2500066800001824
0.25000668400018256
0.25000668800018255
0.2500066920001828
0.25000669600018277
0.250006700000183
0.250006704000183
0.2500067080001832
0.25000671200018326
0.2500067160001834
0.2500067200001835
0.25000672400018364
0.2500067280001837
0.25000673200018386
0.25000673600018386
0.2500067400001841
0.2500067440001841
0.2500067480001843
0.25000675200018435
0.2500067560001845
0.25000676000018457
0.25000676400018473
0.2500067680001848
0.25000677200018495
0.25000677600018495
0.2500067800001851
0.2500067840001852
0.2500067880001854
0.25000679200018544
0.2500067960001856
0.2500068000001856
0.2500068040001858
0.2500068080001859
0.25000681200018604
0.25000681600018604
0.25000682000018626
0.25000682400018626
0.2500068280001865
0.2500068320001865
0.2500068360001867
0.25000684000018675
0.2500068440001869
0.25000684800018697
0.25000685200018713
0.2500068560001872
0.25000686000018735
0.25000686400018735
0.25000686800018757
0.25000687200018756
0.2500068760001878
0.25000688000018784
0.250006884000188
0.25000688800018805
0.2500068920001882
0.2500068960001883
0.25000690000018844
0.25000690400018843
0.2500069080001886
0.2500069120001887
0.2500069160001889
0.2500069200001889
0.2500069240001891
0.2500069280001891
0.2500069320001893
0.25000693600018936
0.2500069400001895
0.2500069440001895
0.25000694800018974
0.25000695200018974
0.25000695600018996
0.25000696000018996
0.2500069640001902
0.25000696800019023
0.2500069720001904
0.25000696500019043
0.2500069530001906
0.25000694100019066
0.25000693700019083
0.2500069390001909
0.25000694300019105
0.2500069470001911
0.25000695100019127
0.2500069550001913
0.25000695800019146
0.25000696200019157
0.25000696600019173
0.25000697000019173
0.2500069740001919
0.25000697800019195
0.2500069820001921
0.2500069860001922
0.25000699000019233
0.25000699400019244
0.25000699800019255
0.25000700200019266
0.2500070060001928
0.2500070100001929
0.250007014000193
0.25000701800019304
0.2500070220001932
0.2500070260001933
0.2500070300001934
0.2500070340001935
0.25000703800019364
0.25000704200019375
0.25000704600019386
0.25000705000019396
0.2500070540001941
0.2500070580001941
0.2500070620001943
0.25000706600019434
0.2500070700001945
0.2500070740001946
0.2500070780001947
0.2500070820001948
0.25000708600019494
0.25000709000019505
0.2500070940001952
0.2500070980001952
0.2500071020001954
0.25000710600019543
0.2500071100001956
0.2500071140001957
0.2500071180001958
0.2500071220001959
0.25000712600019603
0.25000713000019614
0.2500071340001963
0.25000713800019636
0.25000714200019647
0.2500071460001965
0.2500071500001967
0.2500071540001968
0.2500071580001969
0.25000716200019696
0.2500071660001971
0.25000717000019723
0.25000717400019734
0.25000717800019745
0.25000718200019756
0.2500071860001976
0.2500071900001978
0.25000719400019783
0.250007198000198
0.2500072020001981
0.2500072060001982
0.25000721000019827
0.25000721400019843
0.25000721800019854
0.2500072220001987
0.2500072260001987
0.25000723000019887
0.2500072340001989
0.2500072380001991
0.2500072420001992
0.2500072460001993
0.2500072500001994
0.2500072540001995
0.25000725800019963
0.2500072620001998
0.25000726600019985
0.25000727000019995
0.2500072740002
0.2500072780002002
0.2500072820002003
0.2500072860002004
0.25000729000020044
0.2500072940002006
0.2500072980002007
0.2500073020002008
0.25000730600020094
0.25000731000020104
0.2500073140002011
0.25000731800020126
0.2500073220002013
0.2500073260002015
0.2500073300002016
0.2500073340002017
0.25000733800020175
0.2500073420002019
0.250007346000202
0.2500073500002022
0.2500073540002022
0.25000735800020235
0.2500073620002024
0.25000736600020257
0.2500073700002027
0.2500073740002028
0.2500073780002029
0.250007382000203
0.2500073860002031
0.2500073900002033
0.25000739400020333
0.25000739800020344
0.2500074020002035
0.25000740600020366
0.25000741000020377
0.2500074140002039
0.25000741800020393
0.2500074220002041
0.2500074260002042
0.2500074300002043
0.2500074340002044
0.25000743800020453
0.2500074420002046
0.25000744600020475
0.2500074500002048
0.25000745400020497
0.2500074580002051
0.2500074620002052
0.25000746600020524
0.2500074700002054
0.2500074740002055
0.2500074780002057
0.25000748200020567
0.25000748600020584
0.2500074900002059
0.25000749400020605
0.25000749800020616
0.25000750200020627
0.2500075060002064
0.2500075100002065
0.2500075140002066
0.25000751800020676
0.2500075220002068
0.2500075260002069
0.250007530000207
0.25000753400020714
0.25000753800020725
0.25000754200020736
0.2500075460002074
0.2500075500002076
0.2500075540002077
0.2500075580002078
0.2500075620002079
0.250007566000208
0.25000757000020807
0.25000757400020823
0.2500075780002083
0.25000758200020845
0.25000758600020856
0.25000759000020867
0.2500075940002087
0.2500075980002089
0.250007602000209
0.25000760600020916
0.25000761000020916
0.2500076140002093
0.2500076180002094
0.25000762200020954
0.25000762600020965
0.25000763000020976
0.25000763400020987
0.25000763800021
0.2500076420002101
0.25000764600021025
0.2500076500002103
0.2500076540002104
0.25000765800021046
0.25000766200021063
0.25000766600021074
0.25000767000021085
0.2500076740002109
0.25000767800021106
0.2500076820002112
0.2500076860002113
0.2500076900002114
0.2500076940002115
0.25000769800021155
0.2500077020002117
0.25000770600021177
0.25000771000021194
0.25000771400021204
0.25000771800021215
0.2500077220002122
0.25000772600021237
0.2500077300002125
0.25000773400021264
0.25000773800021264
0.2500077420002128
0.25000774600021286
0.250007750000213
0.25000775400021313
0.25000775800021324
0.25000776200021335
0.25000776600021346
0.25000777000021357
0.25000777400021373
0.2500077780002138
0.2500077820002139
0.25000778600021395
0.2500077900002141
0.2500077940002142
0.25000779800021433
0.2500078020002144
0.25000780600021455
0.25000781000021466
0.25000781400021477
0.2500078180002149
0.250007822000215
0.25000782600021504
0.2500078300002152
0.25000783400021526
0.2500078380002154
0.25000784200021553
0.25000784600021564
0.2500078500002157
0.25000785400021586
0.25000785800021597
0.25000786200021613
0.25000786600021613
0.2500078700002163
0.25000787400021635
0.2500078780002165
0.2500078820002166
0.25000788600021673
0.25000789000021684
0.25000789400021695
0.25000789800021705
0.2500079020002172
0.2500079060002173
0.2500079100002174
0.25000791400021743
0.2500079180002176
0.2500079220002177
0.2500079260002178
0.25000793000021787
0.25000793400021804
0.25000793800021814
0.25000794200021825
0.25000794600021836
0.25000795000021847
0.2500079540002185
0.2500079580002187
0.25000795900021877
0.25000796300021894
0.250007967000219
0.25000797100021915
0.2500079750002192
0.2500079790002193
0.2500079830002194
0.2500079870002196
0.25000799100021964
0.2500079950002198
0.25000799900021986
0.25000800300022
0.2500080070002201
0.25000801100022024
0.2500080150002203
0.2500080190002204
0.2500080230002205
0.2500080270002207
0.25000803100022073
0.2500080350002209
0.25000803900022095
0.2500080430002211
0.25000804700022117
0.25000805100022133
0.2500080550002214
0.25000805900022155
0.2500080630002216
0.25000806700022177
0.2500080710002218
0.250008075000222
0.25000807900022204
0.2500080830002222
0.25000808700022226
0.2500080910002224
0.2500080950002225
0.25000809900022264
0.2500081030002227
0.2500081070002228
0.2500081110002229
0.2500081150002231
0.25000811900022313
0.2500081230002233
0.25000812700022335
0.2500081310002235
0.25000813500022356
0.25000813900022373
0.2500081430002238
0.2500081470002239
0.250008151000224
0.25000815500022416
0.2500081590002242
0.2500081630002244
0.25000816700022443
0.2500081710002246
0.25000817500022465
0.2500081790002248
0.25000818300022487
0.25000818700022504
0.2500081910002251
0.25000819500022525
0.2500081990002253
0.25000820300022547
0.2500082070002255
0.2500082110002257
0.25000821500022574
0.2500082190002259
0.25000822300022596
0.2500082270002261
0.2500082310002262
0.2500082350002263
0.2500082390002264
0.25000824300022656
0.2500082470002266
0.2500082510002268
0.25000825500022683
0.250008259000227
0.25000826300022705
0.2500082670002272
0.25000827100022727
0.2500082750002274
0.2500082790002275
0.25000828300022765
0.2500082870002277
0.25000829100022787
0.2500082950002279
0.2500082990002281
0.25000830300022814
0.2500083070002283
0.25000831100022836
0.2500083150002285
0.2500083190002286
0.25000832300022874
0.2500083270002288
0.25000833100022896
0.250008335000229
0.2500083390002292
0.2500083430002292
0.2500083470002294
0.25000835100022945
0.2500083550002296
0.25000835900022966
0.25000836300022977
0.2500083670002299
0.25000837100023005
0.2500083750002301
0.25000837900023026
0.2500083830002303
0.2500083870002305
0.25000839100023053
0.2500083950002307
0.25000839900023075
0.25000840300023086
0.25000840700023097
0.25000841100023113
0.2500084150002312
0.25000841900023135
0.2500084230002314
0.25000842700023157
0.2500084310002316
0.2500084350002318
0.25000843900023184
0.250008443000232
0.25000844700023206
0.2500084510002322
0.2500084550002323
0.25000845900023244
0.2500084630002325
0.25000846700023266
0.2500084710002327
0.2500084750002329
0.25000847900023293
0.2500084830002331
0.25000848700023315
0.25000849100023326
0.25000849500023337
0.25000849900023353
0.2500085030002336
0.25000850700023375
0.2500085110002338
0.25000851500023397
0.250008519000234
0.2500085230002342
0.25000852700023424
0.25000853100023435
0.25000853500023446
0.2500085390002346
0.2500085430002347
0.25000854700023484
0.2500085510002349
0.25000855500023506
0.2500085590002351
0.2500085630002353
0.2500085670002353
0.2500085710002355
0.25000857500023554
0.2500085790002357
0.25000858300023576
0.2500085870002359
0.250008591000236
0.25000859500023614
0.2500085990002362
0.25000860300023636
0.2500086070002364
0.2500086110002366
0.25000861500023663
0.25000861900023674
0.25000862300023685
0.250008627000237
0.25000863100023707
0.25000863500023723
0.2500086390002373
0.25000863700023745
0.2500086150002375
0.25000860100023764
0.2500085860002377
0.25000857200023785
0.2500085620002379
0.2500085660002381
0.25000857000023813
0.2500085740002383
0.25000857800023835
0.2500085820002385
0.25000858600023856
0.25000859000023873
0.2500085940002388
0.250008598000239
0.250008602000239
0.25000860600023916
0.2500086100002392
0.2500086140002394
0.25000861800023944
0.2500086220002396
0.25000862600023965
0.2500086300002398
0.25000863400023987
0.25000863800024004
0.2500086420002401
0.25000864600024025
0.2500086500002403
0.25000865400024047
0.2500086580002405
0.2500086620002407
0.25000866600024074
0.2500086700002409
0.250008674000241
0.2500086780002411
0.25000868200024123
0.25000868600024134
0.2500086900002414
0.25000869400024156
0.2500086980002416
0.2500087020002418
0.25000870600024183
0.250008710000242
0.25000871400024205
0.2500087180002422
0.25000872200024227
0.2500087260002425
0.2500087300002425
0.25000873400024265
0.2500087380002427
0.25000874200024287
0.2500087460002429
0.2500087500002431
0.25000875400024314
0.2500087580002433
0.25000876200024336
0.2500087660002435
0.2500087700002436
0.25000877400024374
0.2500087780002438
0.25000878200024396
0.250008786000244
0.2500087900002442
0.2500087940002442
0.2500087980002444
0.2500088020002445
0.2500088060002446
0.2500088100002447
0.25000881400024483
0.2500088180002449
0.25000882200024505
0.2500088260002451
0.25000883000024526
0.2500088340002453
0.2500088380002455
0.25000884200024553
0.2500088460002457
0.25000885000024575
0.250008854000246
0.25000885800024597
0.25000886200024613
0.2500088660002462
0.25000887000024635
0.2500088740002464
0.25000887800024657
0.2500088820002466
0.2500088860002468
0.25000889000024684
0.250008894000247
0.25000889800024706
0.2500089020002472
0.2500089060002473
0.25000891000024744
0.2500089140002475
0.25000891800024766
0.2500089220002477
0.2500089260002479
0.250008930000248
0.2500089340002481
0.2500089380002482
0.2500089420002483
0.25000894600024837
0.25000895000024853
0.2500089540002486
0.25000895800024875
0.2500089620002488
0.25000896600024897
0.250008970000249
0.2500089740002492
0.25000897800024924
0.25000898200024946
0.25000898600024946
0.2500089900002496
0.2500089940002497
0.25000899800024984
0.2500090020002499
0.25000900600025006
0.2500090100002501
0.2500090140002503
0.2500090180002503
0.2500090220002505
0.25000902600025054
0.2500090300002507
0.25000903400025076
0.2500090380002509
0.250009042000251
0.25000904600025114
0.2500090500002512
0.25000905400025136
0.25000905800025147
0.2500090620002516
0.2500090660002517
0.2500090700002518
0.25000907400025185
0.250009078000252
0.25000908200025207
0.25000908600025223
0.2500090900002523
0.25000909400025245
0.2500090980002525
0.25000910200025267
0.2500091060002527
0.25000911000025294
0.25000911400025294
0.2500091180002531
0.25000912200025316
0.2500091260002533
0.2500091300002534
0.25000913400025354
0.2500091380002536
0.25000914200025376
0.2500091460002538
0.250009150000254
0.25000915400025403
0.2500091580002542
0.25000916200025425
0.2500091660002544
0.25000917000025447
0.25000917400025463
0.2500091780002547
0.25000918200025485
0.25000918600025496
0.25000919000025507
0.2500091940002552
0.2500091980002553
0.25000920200025534
0.2500092060002555
0.25000921000025556
0.2500092140002557
0.2500092180002558
0.25000922200025594
0.250009226000256
0.25000923000025616
0.2500092340002562
0.25000923800025643
0.2500092420002564
0.2500092460002566
0.25000925000025664
0.2500092540002568
0.25000925800025686
0.250009262000257
0.2500092660002571
0.25000927000025724
0.2500092740002573
0.25000927800025746
0.2500092820002575
0.2500092860002577
0.25000929000025773
0.2500092940002579
0.25000929800025795
0.2500093020002581
0.25000930600025817
0.25000931000025833
0.25000931400025844
0.25000931800025855
0.25000932200025866
0.25000932600025877
0.2500093300002588
0.250009334000259
0.25000933800025904
0.2500093420002592
0.25000934600025926
0.2500093500002594
0.2500093540002595
0.25000935800025964
0.2500093620002597
0.2500093660002599
0.2500093700002599
0.2500093740002601
0.25000937800026013
0.2500093820002603
0.25000938600026035
0.2500093900002605
0.25000939400026057
0.25000939800026073
0.2500094020002608
0.25000940600026095
0.250009410000261
0.25000941400026117
0.2500094180002612
0.2500094220002614
0.25000942600026144
0.2500094300002616
0.25000943400026165
0.2500094380002618
0.25000944200026193
0.25000944600026204
0.25000945000026215
0.25000945400026225
0.2500094580002623
0.2500094620002625
0.2500094660002625
0.2500094700002627
0.25000947400026274
0.2500094780002629
0.25000948200026296
0.2500094860002631
0.2500094900002632
0.2500094940002634
0.2500094980002634
0.25000950200026356
0.2500095060002636
0.2500095100002638
0.25000951400026383
0.250009518000264
0.25000952200026405
0.2500095260002642
0.25000953000026427
0.25000953400026443
0.2500095380002645
0.25000954200026465
0.2500095460002647
0.25000955000026487
0.2500095540002649
0.2500095580002651
0.25000956200026514
0.2500095660002653
0.2500095700002654
0.2500095740002655
0.25000957800026563
0.25000958200026574
0.2500095860002658
0.25000959000026596
0.250009594000266
0.2500095980002662
0.25000960200026623
0.2500096060002664
0.25000961000026645
0.2500096140002666
0.25000961800026666
0.2500096220002669
0.2500096260002669
0.25000963000026705
0.2500096340002671
0.25000963800026726
0.2500096420002673
0.2500096460002675
0.25000965000026754
0.2500096540002677
0.25000965800026775
0.2500096620002679
0.25000966600026797
0.25000967000026814
0.2500096740002682
0.25000967800026835
0.2500096820002684
0.25000968600026857
0.2500096900002686
0.2500096940002688
0.2500096980002689
0.250009702000269
0.2500097060002691
0.2500097100002692
0.2500097140002693
0.25000971800026944
0.2500097220002695
0.25000972600026966
0.2500097300002697
0.2500097340002699
0.25000973800026993
0.2500097420002701
0.25000974600027015
0.25000975000027037
0.25000975400027037
0.25000975800027053
0.2500097620002706
0.25000976600027075
0.2500097700002708
0.25000977400027097
0.250009778000271
0.2500097820002712
0.25000978600027124
0.2500097900002714
0.25000979400027146

Avalanche_Distribution:
25
2
1
17
53
1
3
101
