
Branching_global:
0.7878400000002572
0.7918400000002617
0.7958400000002652
0.7998400000002696
0.8037800000002733
0.8078000000002776
0.8118100000002813
0.8154400000002856
0.8169200000002893
0.8206400000002936

Autocorrelation:
-0.004193570950490159
-0.0042845649001647754
-0.004379105880964489
-0.004477406688293359
-0.004578132441419413
-0.004685140390846161
-0.004796417122120896
-0.004901301652423161
-0.004945253371456866
-0.005058917280281622

Average_Activity:
0.0
0.0
0.0
0.0
0.0
0.0
0.0
0.0
0.0
0.0
0.0
0.0
0.0
0.0
0.0
0.0
0.0
0.0
0.0
0.0
0.0
0.0
0.0
0.0
0.0
0.0
0.0
0.0
0.0
0.0
0.0
0.0
0.0
0.0
0.0
0.0
0.0
0.0
0.0
0.0
0.0
0.0
0.0
0.0
0.0
0.0
0.0
0.0
0.0
0.0
0.0
0.0
0.0
0.0
0.0
0.0
0.0
0.0
0.0
0.0
0.0
0.0
0.0
0.0
0.0
0.0
0.0
0.0
0.0
0.0
0.0
0.0
0.0
0.0
0.0
0.0
0.0
0.25
0.0
0.0
0.0
0.0
0.0
0.0
0.0
0.0
0.0
0.0
0.0
0.0
0.0
0.0
0.0
0.0
0.0
0.0
0.0
0.0
0.0
0.0
0.0
0.0
0.0
0.0
0.0
0.0
0.0
0.0
0.0
0.0
0.0
0.0
0.0
0.0
0.0
0.0
0.0
0.0
0.0
0.0
0.0
0.0
0.0
0.0
0.0
0.0
0.0
0.0
0.0
0.0
0.0
0.0
0.0
0.0
0.0
0.0
0.0
0.0
0.0
0.0
0.0
0.0
0.0
0.0
0.0
0.0
0.0
0.0
0.0
0.0
0.0
0.0
0.0
0.0
0.0
0.0
0.0
0.0
0.0
0.0
0.0
0.0
0.0
0.0
0.0
0.0
0.75
1.25
0.75
0.0
0.0
0.0
0.0
0.0
0.0
0.0
0.0
0.0
0.0
0.0
0.0
0.0
0.0
0.0
0.0
1.25
0.25
0.0
0.0
0.25
1.25
0.0
0.0
1.0
2.0
2.0
3.75
1.25
0.0
0.0
2.75
1.5
0.25
0.0
0.0
0.0
0.0
0.0
0.0
0.0
0.0
0.0
0.0
0.0
0.0
0.0
0.0
0.0
0.0
0.0
0.0
0.0
0.0
0.0
0.0
0.0
0.0
0.0
0.0
0.0
0.0
0.0
0.0
0.0
0.75
0.0
0.0
0.0
0.0
0.0
0.0
0.0
0.0
0.0
0.0
0.0
0.0
0.75
0.0
0.0

Average_Alpha:
0.1969600000000643
0.19700000000006443
0.19704000000006436
0.1970800000000645
0.19712000000006447
0.19716000000006456
0.19720000000006457
0.19724000000006467
0.1972800000000646
0.19732000000006478
0.1973600000000647
0.19740000000006483
0.19744000000006479
0.1974800000000649
0.19752000000006487
0.19756000000006496
0.19760000000006495
0.19764000000006507
0.19768000000006503
0.19772000000006515
0.19776000000006513
0.1978000000000652
0.19784000000006519
0.1978800000000653
0.19792000000006527
0.19796000000006542
0.19800000000006537
0.19804000000006547
0.19808000000006543
0.19812000000006555
0.1981600000000655
0.19820000000006563
0.19824000000006559
0.1982800000000657
0.19832000000006564
0.1983600000000658
0.19840000000006575
0.19844000000006584
0.19848000000006585
0.19852000000006595
0.19856000000006588
0.19860000000006606
0.19864000000006599
0.1986800000000661
0.19872000000006607
0.1987600000000662
0.19880000000006615
0.19884000000006624
0.19888000000006623
0.19892000000006635
0.1989600000000663
0.19900000000006643
0.1990400000000664
0.19908000000006648
0.19912000000006647
0.1991600000000666
0.19920000000006655
0.1992400000000667
0.19928000000006665
0.19932000000006675
0.1993600000000667
0.19940000000006683
0.19944000000006679
0.1994800000000669
0.19952000000006687
0.199560000000067
0.19960000000006692
0.19964000000006707
0.19968000000006703
0.19972000000006712
0.19976000000006713
0.19980000000006723
0.19984000000006716
0.19988000000006734
0.19992000000006727
0.1999600000000674
0.20000000000006735
0.2000300000000675
0.20007000000006744
0.20011000000006754
0.2001500000000675
0.20019000000006765
0.20023000000006758
0.20027000000006767
0.20031000000006768
0.20035000000006778
0.20039000000006774
0.2004300000000679
0.20047000000006784
0.20051000000006797
0.20055000000006792
0.20059000000006802
0.20063000000006798
0.20067000000006813
0.20071000000006808
0.20075000000006818
0.20079000000006814
0.20083000000006826
0.20087000000006822
0.20091000000006834
0.20095000000006832
0.20099000000006842
0.2010300000000684
0.2010700000000685
0.20111000000006846
0.20115000000006858
0.20119000000006856
0.2012300000000687
0.20127000000006864
0.20131000000006877
0.20135000000006872
0.20139000000006882
0.20143000000006878
0.20147000000006893
0.20151000000006886
0.20155000000006895
0.20159000000006896
0.20163000000006906
0.20167000000006902
0.20171000000006917
0.20175000000006912
0.20179000000006925
0.2018300000000692
0.2018700000000693
0.20191000000006926
0.2019500000000694
0.20199000000006936
0.20203000000006946
0.20207000000006942
0.20211000000006954
0.2021500000000695
0.20219000000006962
0.2022300000000696
0.2022700000000697
0.20231000000006968
0.20235000000006978
0.20239000000006974
0.20243000000006986
0.20247000000006984
0.20251000000006997
0.20255000000006992
0.20259000000007005
0.20263000000007
0.2026700000000701
0.20271000000007006
0.2027500000000702
0.20279000000007014
0.20283000000007023
0.20287000000007024
0.20291000000007034
0.2029500000000703
0.20299000000007045
0.2030300000000704
0.20307000000007053
0.20311000000007048
0.20315000000007058
0.20319000000007054
0.2032300000000707
0.20327000000007064
0.20331000000007074
0.2033500000000707
0.20339000000007082
0.20343000000007078
0.2034700000000709
0.20351000000007088
0.20355000000007098
0.20356000000007093
0.20355000000007106
0.203560000000071
0.20360000000007114
0.2036400000000711
0.2036800000000712
0.2037200000000712
0.20376000000007133
0.20380000000007129
0.2038400000000714
0.20388000000007134
0.20392000000007146
0.20396000000007145
0.20400000000007154
0.2040400000000715
0.20408000000007165
0.20412000000007158
0.2041600000000717
0.20420000000007166
0.2041900000000718
0.20422000000007176
0.20426000000007183
0.20430000000007184
0.20433000000007195
0.2043200000000719
0.204360000000072
0.204400000000072
0.2044000000000721
0.2043600000000721
0.2043200000000722
0.20421000000007214
0.20420000000007227
0.20424000000007225
0.20428000000007235
0.2042100000000723
0.20419000000007242
0.2042200000000724
0.2042600000000725
0.20430000000007248
0.20434000000007257
0.20438000000007256
0.20442000000007265
0.20446000000007267
0.20450000000007276
0.20454000000007272
0.2045800000000728
0.2046200000000728
0.2046600000000729
0.20470000000007285
0.204740000000073
0.20478000000007296
0.20482000000007305
0.20486000000007307
0.20490000000007313
0.2049400000000731
0.20498000000007324
0.2050200000000732
0.20506000000007332
0.2051000000000733
0.20514000000007337
0.20518000000007336
0.20522000000007348
0.20526000000007344
0.20530000000007356
0.2053400000000735
0.20538000000007364
0.20542000000007363
0.2054600000000737
0.2054700000000737
0.20551000000007377
0.20555000000007373
0.20559000000007388
0.20563000000007384
0.20567000000007396
0.20571000000007392
0.205750000000074
0.20579000000007397
0.20583000000007412
0.20587000000007408
0.20591000000007417
0.20595000000007416
0.20596000000007425
0.20600000000007423
0.20604000000007433

Avalanche_Distribution:
1
8
3
6
6
40
18
3
3
