
Branching_global:
1.00004
0.9972300000000038
0.9992200000000082
1.0008600000000116
0.9978500000000161
0.9601300000000201
0.9618400000000239
0.960200000000028
0.9598600000000319
0.9609300000000359
0.9599700000000401
0.9622300000000439
0.9663300000000479
0.964870000000052
0.966810000000056
0.9648800000000599
0.9680600000000641
0.9723400000000679
0.972230000000072
0.9752200000000759
0.9634100000000799
0.965420000000084
0.9703600000000879
0.9710400000000919
0.974520000000096
0.9787600000001
0.9808700000001039
0.9306600000001078
0.9340000000001119
0.9294000000001158

Autocorrelation:
25.000499996641732
-0.36051059917181016
-1.2815512170394185
1.1632906260228282
-0.4646160997137197
-0.024578124468137046
-0.025702208552040334
-0.024622243760186988
-0.0244093912908373
-0.025091764688686687
-0.02447785970959762
-0.025972830782864963
-0.029197175598521766
-0.027962718737990618
-0.02962674437506881
-0.027970824868933052
-0.03080599876638466
-0.035650952501671385
-0.03550773594789075
-0.039853034106919163
-0.026826765271188456
-0.02841551736175346
-0.033235684325666155
-0.034027937807615975
-0.038744316988849364
-0.046579190230449305
-0.05177230571438002
-0.013915702298535795
-0.014645825690201168
-0.013658205155547658

Average_Activity:
0.0
0.0
0.0
0.0
0.0
0.0
0.0
0.0
0.0
0.0
0.0
0.0
0.0
0.0
0.0
0.0
0.0
0.5
4.5
3.75
4.0
3.75
5.25
2.75
9.75
7.75
6.5
2.25
1.5
0.0
0.0
0.0
0.0
0.0
0.0
0.0
0.0
0.0
0.0
0.0
0.0
0.0
0.0
0.0
0.0
0.0
0.0
0.0
0.0
0.0
0.25
0.0
0.25
2.25
3.5
2.0
0.0
0.0
0.25
3.75
4.5
0.0
0.0
0.0
0.0
0.0
0.0
0.0
0.0
0.0
0.0
0.0
0.0
0.0
0.0
0.0
0.0
0.0
0.0
0.0
0.0
0.0
0.0
0.0
0.0
0.0
0.0
0.0
0.0
0.0
0.0
0.25
2.25
1.75
5.5
6.75
4.25
5.5
5.5
4.0
2.75
3.25
5.5
7.5
4.25
4.75
10.0
23.25
32.75
26.0
24.25
22.75
9.0
8.75
10.25
10.25
11.5
18.5
10.25
8.0
8.25
1.0
0.0
0.75
0.0
0.0
0.0
0.25
0.0
0.0
0.0
0.0
0.0
1.25
1.5
0.5
0.0
0.0
0.5
2.5
4.25
1.75
0.0
0.5
1.25
0.25
0.0
0.75
3.0
3.0
1.25
0.0
0.0
0.0
0.0
0.25
0.0
0.0
0.0
0.0
0.0
0.0
0.0
0.0
0.0
0.0
0.0
0.5
1.75
2.25
3.0
3.0
5.0
2.75
3.75
8.0
8.0
8.0
7.25
6.25
3.25
1.0
0.0
0.0
0.0
0.0
1.5
1.5
0.25
0.25
0.0
0.0
0.75
0.25
0.0
0.0
0.0
0.0
0.0
0.0
0.0
0.25
0.0
0.0
0.0
0.0
0.0
0.0
0.0
0.0
0.0
0.5
1.5
0.25
0.0
0.0
0.0
0.0
0.25
3.0
4.75
0.25
0.0
0.0
0.0
0.0
0.0
0.0
0.0
0.0
0.0
0.75
1.25
2.25
3.25
1.5
2.5
4.75
3.25
1.75
4.0
3.75
0.75
1.5
0.0
0.0
0.0
0.0
0.0
0.0
0.0
0.0
0.0
0.0
0.0
0.0
0.0
0.0
0.0
0.0
0.0
0.0
0.0
0.0
0.0
0.0
0.0
0.0
0.0
0.0
0.0
0.0
0.0
0.0
0.0
0.0
0.0
0.0
0.0
0.0
0.0
0.0
0.0
0.0
0.0
0.0
0.0
0.0
0.0
0.25
2.75
1.25
0.5
0.0
0.0
0.0
0.0
0.0
0.0
0.0
0.0
0.0
0.0
0.0
0.0
0.0
0.0
0.0
0.0
0.0
0.0
0.0
0.0
0.0
0.25
0.25
0.0
0.25
3.25
11.5
16.75
9.75
2.25
0.0
0.0
0.0
0.0
0.0
0.25
0.0
0.0
0.0
0.0
0.0
0.75
0.75
0.0
0.0
0.0
0.0
0.0
0.0
0.0
0.0
0.0
0.0
0.0
0.25
0.75
0.0
0.5
0.0
0.0
0.25
0.0
0.0
0.25
0.25
0.0
0.0
0.0
0.0
0.0
0.0
0.0
0.0
0.0
0.0
1.5
7.5
7.25
2.5
2.5
1.5
2.0
6.25
6.5
2.5
3.5
2.0
0.0
0.0
0.0
0.0
0.0
0.0
0.0
0.0
0.0
0.0
0.5
0.0
0.0
0.0
0.0
0.0
0.0
0.0
0.0
0.0
0.0
0.0
0.0
0.0
0.0
0.0
0.0
0.0
0.0
0.0
0.25
0.75
0.0
0.0
0.25
0.0
0.0
0.0
0.25
1.0
0.0
0.0
0.0
0.0
0.0
0.0
0.0
0.0
0.0
0.25
2.5
3.0
3.75
0.5
0.0
0.0
0.0
0.25
0.25
0.0
0.0
0.0
1.25
1.0
0.0
0.5
1.25
1.25
0.0
0.25
0.5
0.5
0.25
2.0
3.25
0.75
0.0
0.0
0.25
0.25
0.0
0.0
0.0
0.0
0.0
0.75
0.0
0.0
0.0
0.0
0.0
0.0
0.0
0.25
0.0
0.0
0.0
0.0
0.0
0.0
0.0
1.75
4.75
5.5
6.25
11.25
13.75
13.0
16.5
14.25
4.25
1.25
2.0
1.25
0.0
0.0
0.0
3.0
3.0
0.25
0.0
0.0
0.0
0.0
0.0
0.0
0.0
0.0
0.0
0.0
0.0
0.0
0.0
0.0
0.0
0.0
0.0
0.0
0.0
0.0
0.0
0.0
0.0
0.0
0.0
0.0
0.0
0.0
0.0
0.0
0.0
0.0
0.0
0.0
0.0
0.0
0.0
0.0
0.0
0.0
0.0
0.0
0.0
0.0
0.0
0.0
0.25
0.0
0.0
0.0
0.0
0.5
0.0
0.0
0.0
0.0
0.0
0.0
0.0
0.0
0.0
0.25
1.75
5.0
4.5
1.5
0.0
0.0
0.0
0.0
0.0
0.0
0.0
2.25
4.75
3.0
0.75
0.0
0.0
0.0
0.0
0.0
0.0
0.0
0.0
0.0
0.0
0.0
0.0
0.0
0.0
0.0
0.0
0.0
0.0
0.5
1.0
0.25
0.75
0.0
0.0
0.0
0.0
0.25
0.25
0.0
0.0
0.0
0.0
0.0
0.75
0.75
0.5
0.0
0.0
0.0
1.25
0.5
0.0
0.0
0.0
0.0
0.0
0.0
0.0
1.0
0.0
0.0
0.0
0.0
0.0
0.0
0.0
0.0
1.75
0.0
0.0
0.0
0.0
0.0
0.25
0.0
0.0
1.5
1.25
0.25
0.0
0.0
0.0
1.25
8.0
14.0
14.25
13.25
30.75
26.75
34.25
26.25
22.0
22.5
19.5
12.75
11.5
13.5
9.0
4.25
5.0
2.5
5.75
9.5
9.0
14.5
2.5
0.0
0.0
0.0
0.0
0.5
0.0
0.0
1.5
2.5
1.75
0.0
1.25
2.25
2.5
0.75
0.0
0.0
0.0
0.0
0.0
0.0
0.0
0.0
0.0
0.0
0.0
0.0
0.0
0.0
0.0
0.0
1.0
2.5
8.75
13.25
5.25
3.5
0.0
0.0
0.0
0.0
0.0
0.0
1.5
0.75
1.25
0.0
0.0
0.5
2.75
0.0
0.0
0.0
0.0
0.0
1.5
2.0
0.75
0.5
0.0
0.0
0.0
0.0
0.0
0.0
0.0
0.0
0.0
0.5
7.75
2.5
0.0
0.0
0.0
0.75
3.0
4.25

Average_Alpha:
0.25001
0.25005
0.2500900000000001
0.2501300000000001
0.25017000000000017
0.25021000000000015
0.2502500000000003
0.25029000000000023
0.25033000000000033
0.2503700000000003
0.2504100000000004
0.2504500000000004
0.25049000000000055
0.2505300000000005
0.25057000000000057
0.2506100000000005
0.25065000000000065
0.2506700000000006
0.25053000000000075
0.25042000000000075
0.25030000000000086
0.2501900000000008
0.2500200000000009
0.2499500000000009
0.249600000000001
0.24933000000000094
0.24911000000000103
0.24906000000000103
0.24904000000000115
0.24908000000000113
0.24912000000000123
0.2491600000000012
0.2492000000000013
0.2492400000000013
0.2492800000000014
0.24932000000000135
0.24936000000000144
0.24940000000000145
0.24944000000000152
0.24948000000000153
0.2495200000000016
0.24956000000000159
0.2496000000000017
0.2496400000000017
0.24968000000000176
0.24972000000000177
0.24976000000000187
0.24980000000000185
0.24984000000000195
0.24988000000000193
0.24991000000000202
0.249950000000002
0.2499800000000021
0.24993000000000212
0.2498300000000022
0.24979000000000218
0.24983000000000224
0.24987000000000226
0.24990000000000237
0.24979000000000232
0.24965000000000243
0.2496900000000024
0.2497300000000025
0.2497700000000025
0.24981000000000259
0.24985000000000257
0.24989000000000267
0.24993000000000265
0.24997000000000275
0.25001000000000273
0.2500500000000029
0.2500900000000028
0.2501300000000029
0.25017000000000283
0.250210000000003
0.25025000000000297
0.25029000000000307
0.25033000000000305
0.25037000000000315
0.2504100000000031
0.2504500000000032
0.2504900000000032
0.2505300000000033
0.2505700000000033
0.2506100000000034
0.25065000000000337
0.25069000000000347
0.25073000000000345
0.25077000000000355
0.25081000000000353
0.2508500000000036
0.2508800000000036
0.2508300000000037
0.2508000000000037
0.2506200000000038
0.2503900000000037
0.25026000000000387
0.25008000000000385
0.2499000000000039
0.24978000000000394
0.249710000000004
0.249620000000004
0.2494400000000041
0.24918000000000406
0.24905000000000416
0.24890000000000417
0.24854000000000426
0.24765000000000423
0.24638000000000432
0.24538000000000434
0.24445000000000439
0.2435800000000044
0.24326000000000447
0.2429500000000045
0.24258000000000454
0.2422100000000046
0.2417900000000046
0.24109000000000466
0.24072000000000468
0.2404400000000047
0.24015000000000478
0.2401500000000048
0.24019000000000484
0.2402000000000049
0.24024000000000495
0.24028000000000496
0.24032000000000503
0.24035000000000506
0.2403900000000051
0.24043000000000514
0.2404700000000052
0.24051000000000522
0.24055000000000526
0.2405400000000053
0.2405200000000053
0.24054000000000536
0.2405800000000054
0.24062000000000547
0.2406400000000055
0.24058000000000557
0.2404500000000056
0.24042000000000566
0.24046000000000567
0.2404800000000057
0.24047000000000573
0.2405000000000058
0.2405400000000058
0.24055000000000587
0.2404700000000059
0.24039000000000596
0.240380000000006
0.24042000000000602
0.24046000000000606
0.24050000000000607
0.24054000000000617
0.2405700000000062
0.24061000000000624
0.24065000000000625
0.24069000000000632
0.24073000000000633
0.2407700000000064
0.24081000000000644
0.24085000000000648
0.2408900000000065
0.24093000000000656
0.24097000000000657
0.24101000000000664
0.24103000000000666
0.2410000000000067
0.24095000000000674
0.24087000000000677
0.24079000000000683
0.24063000000000687
0.24056000000000688
0.24045000000000694
0.240170000000007
0.23989000000000704
0.23961000000000707
0.23936000000000712
0.23915000000000713
0.23906000000000716
0.2390600000000072
0.23910000000000728
0.2391400000000073
0.23918000000000733
0.23922000000000737
0.23920000000000743
0.23918000000000744
0.23921000000000747
0.23924000000000753
0.2392800000000076
0.2393200000000076
0.23933000000000768
0.23936000000000768
0.23940000000000777
0.23944000000000779
0.2394800000000078
0.2395200000000079
0.2395600000000079
0.23960000000000792
0.23964000000000799
0.23967000000000804
0.23971000000000806
0.2397500000000081
0.23979000000000814
0.23983000000000818
0.23987000000000824
0.23991000000000826
0.2399500000000083
0.23999000000000834
0.24003000000000838
0.24005000000000842
0.24003000000000846
0.2400600000000085
0.24010000000000856
0.24014000000000857
0.2401800000000086
0.24022000000000868
0.2402500000000087
0.2401700000000087
0.24002000000000878
0.2400500000000088
0.24009000000000885
0.24013000000000892
0.24017000000000893
0.240210000000009
0.24025000000000904
0.24029000000000905
0.24033000000000912
0.24037000000000916
0.24041000000000917
0.24042000000000924
0.24041000000000926
0.24036000000000932
0.24027000000000936
0.24025000000000937
0.24019000000000942
0.24004000000000947
0.23995000000000952
0.23992000000000954
0.2398000000000096
0.23969000000000962
0.23970000000000966
0.2396800000000097
0.23972000000000976
0.2397600000000098
0.23980000000000984
0.23984000000000988
0.23988000000000992
0.23992000000000993
0.23996000000000997
0.24000000000001
0.24004000000001008
0.2400800000000101
0.24012000000001016
0.24016000000001017
0.2402000000000102
0.24024000000001025
0.24028000000001032
0.24032000000001033
0.24036000000001043
0.24040000000001044
0.24044000000001048
0.24048000000001052
0.24052000000001056
0.24056000000001057
0.2406000000000106
0.24064000000001068
0.2406800000000107
0.24072000000001073
0.2407600000000108
0.2408000000000108
0.24084000000001088
0.24088000000001092
0.24092000000001093
0.24096000000001097
0.24100000000001104
0.24104000000001108
0.24108000000001112
0.24112000000001116
0.2411600000000112
0.2412000000000112
0.24124000000001125
0.2412800000000113
0.24132000000001136
0.24136000000001137
0.24140000000001144
0.24144000000001145
0.2414800000000115
0.24151000000001152
0.2414400000000116
0.2414300000000116
0.24145000000001166
0.2414900000000117
0.24153000000001174
0.24157000000001178
0.24161000000001184
0.24165000000001186
0.2416900000000119
0.24173000000001194
0.24177000000001198
0.241810000000012
0.24185000000001208
0.2418900000000121
0.24193000000001214
0.2419700000000122
0.24201000000001222
0.24205000000001226
0.24209000000001232
0.24213000000001234
0.2421700000000124
0.24221000000001242
0.24225000000001248
0.2422900000000125
0.24232000000001255
0.24235000000001258
0.24239000000001262
0.24242000000001263
0.24233000000001273
0.24191000000001275
0.24128000000001276
0.24093000000001283
0.24088000000001283
0.2409200000000129
0.24096000000001294
0.24100000000001295
0.24104000000001302
0.24108000000001306
0.2411100000000131
0.24115000000001313
0.24119000000001317
0.2412300000000132
0.24127000000001325
0.2413100000000133
0.24132000000001336
0.2413300000000134
0.2413700000000134
0.24141000000001347
0.2414500000000135
0.24149000000001353
0.24153000000001357
0.24157000000001363
0.24161000000001365
0.2416500000000137
0.24169000000001375
0.24173000000001377
0.24177000000001383
0.24180000000001386
0.2418100000000139
0.24185000000001394
0.241870000000014
0.241910000000014
0.2419500000000141
0.24198000000001413
0.24202000000001414
0.24206000000001418
0.2420900000000142
0.24212000000001427
0.24216000000001428
0.24220000000001435
0.2422400000000144
0.2422800000000144
0.2423200000000145
0.2423600000000145
0.24240000000001452
0.2424400000000146
0.24248000000001463
0.24252000000001464
0.24250000000001473
0.24224000000001472
0.24199000000001478
0.24193000000001483
0.24187000000001485
0.24185000000001491
0.24181000000001496
0.24160000000001497
0.24138000000001503
0.24132000000001505
0.2412200000000151
0.24118000000001513
0.24122000000001517
0.2412600000000152
0.24130000000001525
0.2413400000000153
0.24138000000001533
0.24142000000001537
0.2414600000000154
0.24150000000001545
0.2415400000000155
0.24158000000001556
0.24160000000001558
0.24164000000001562
0.24168000000001563
0.2417200000000157
0.24176000000001574
0.24180000000001575
0.24184000000001585
0.24188000000001586
0.2419200000000159
0.2419600000000159
0.24200000000001598
0.242040000000016
0.24208000000001606
0.2421200000000161
0.24216000000001614
0.24220000000001618
0.24224000000001622
0.24228000000001626
0.2423200000000163
0.24236000000001634
0.24239000000001637
0.2424000000000164
0.24244000000001645
0.24248000000001652
0.24251000000001655
0.24255000000001656
0.24259000000001663
0.24263000000001664
0.24266000000001667
0.24266000000001672
0.2427000000000168
0.2427400000000168
0.24278000000001684
0.2428200000000169
0.24286000000001692
0.24290000000001696
0.24294000000001703
0.24298000000001704
0.24302000000001708
0.2430500000000171
0.24299000000001716
0.24291000000001722
0.24280000000001722
0.24282000000001727
0.2428600000000173
0.24290000000001738
0.24294000000001742
0.24297000000001748
0.2430000000000175
0.24304000000001752
0.24308000000001756
0.2431200000000176
0.24311000000001767
0.2431100000000177
0.2431500000000177
0.24317000000001776
0.2431600000000178
0.24315000000001785
0.2431900000000179
0.24322000000001792
0.24324000000001797
0.24326000000001802
0.24329000000001805
0.24325000000001806
0.24316000000001814
0.24317000000001818
0.2432100000000182
0.24325000000001826
0.2432800000000183
0.24331000000001834
0.24335000000001838
0.2433900000000184
0.2434300000000185
0.2434700000000185
0.24351000000001852
0.24352000000001858
0.24356000000001862
0.24360000000001866
0.24364000000001867
0.24368000000001874
0.24372000000001878
0.2437600000000188
0.2438000000000189
0.2438300000000189
0.24387000000001893
0.24391000000001894
0.24395000000001904
0.24399000000001905
0.2440300000000191
0.24407000000001916
0.24411000000001917
0.2440800000000192
0.24393000000001927
0.24375000000001934
0.24354000000001935
0.2431300000000194
0.24262000000001938
0.24214000000001948
0.24152000000001947
0.2409900000000195
0.24086000000001956
0.2408500000000196
0.24081000000001967
0.2408000000000197
0.24084000000001976
0.24088000000001977
0.24092000000001978
0.24084000000001984
0.24076000000001987
0.2407900000000199
0.24083000000001997
0.24087000000002
0.24091000000002002
0.24095000000002012
0.24099000000002013
0.24103000000002017
0.24107000000002024
0.24111000000002025
0.2411500000000203
0.24119000000002033
0.24123000000002037
0.24127000000002038
0.24131000000002045
0.2413500000000205
0.24139000000002053
0.24143000000002057
0.2414700000000206
0.24151000000002065
0.2415500000000207
0.24159000000002073
0.24163000000002077
0.2416700000000208
0.24171000000002085
0.2417500000000209
0.24179000000002093
0.24183000000002097
0.24187000000002104
0.24191000000002105
0.24195000000002106
0.24199000000002116
0.24203000000002117
0.24207000000002118
0.24211000000002125
0.2421500000000213
0.2421900000000213
0.2422300000000214
0.2422700000000214
0.24231000000002145
0.2423500000000215
0.24239000000002153
0.24243000000002154
0.2424700000000216
0.24251000000002165
0.24255000000002166
0.24259000000002173
0.24263000000002177
0.2426600000000218
0.24270000000002187
0.24274000000002188
0.24278000000002195
0.24282000000002196
0.242840000000022
0.24288000000002205
0.24292000000002206
0.24296000000002216
0.24300000000002217
0.2430400000000222
0.24308000000002228
0.2431200000000223
0.2431600000000223
0.24320000000002234
0.24323000000002243
0.24320000000002245
0.24304000000002246
0.24290000000002254
0.24288000000002258
0.2429200000000226
0.24296000000002266
0.24300000000002267
0.24304000000002274
0.24308000000002275
0.2431200000000228
0.24316000000002283
0.24311000000002286
0.24296000000002294
0.24288000000002297
0.242890000000023
0.24293000000002304
0.24297000000002308
0.24301000000002312
0.24305000000002314
0.24309000000002323
0.24313000000002324
0.24317000000002328
0.24321000000002335
0.24325000000002336
0.2432900000000234
0.24333000000002344
0.24337000000002348
0.24341000000002355
0.2434500000000236
0.24349000000002363
0.24353000000002364
0.24357000000002368
0.24361000000002372
0.24363000000002374
0.2436300000000238
0.24366000000002383
0.2436700000000239
0.24371000000002394
0.24375000000002395
0.24379000000002402
0.24383000000002403
0.2438600000000241
0.24389000000002412
0.24393000000002416
0.2439700000000242
0.24401000000002426
0.24405000000002428
0.24409000000002434
0.24410000000002435
0.2441100000000244
0.24413000000002444
0.24417000000002448
0.24421000000002455
0.2442500000000246
0.24424000000002463
0.24426000000002465
0.2443000000000247
0.24434000000002473
0.24438000000002477
0.24442000000002484
0.24446000000002485
0.2445000000000249
0.2445400000000249
0.244540000000025
0.24458000000002503
0.24462000000002507
0.24466000000002508
0.24470000000002515
0.24474000000002516
0.2447800000000252
0.24482000000002524
0.2448600000000253
0.24483000000002533
0.24487000000002535
0.2449100000000254
0.24495000000002545
0.24499000000002547
0.24503000000002553
0.2450600000000256
0.2451000000000256
0.24514000000002564
0.2451200000000257
0.24511000000002572
0.24514000000002578
0.24518000000002582
0.24522000000002586
0.2452600000000259
0.24525000000002592
0.24497000000002594
0.244450000000026
0.24392000000002606
0.2434300000000261
0.2422400000000261
0.24121000000002615
0.2398800000000262
0.23887000000002626
0.2380300000000263
0.23717000000002633
0.23643000000002637
0.2359600000000264
0.23554000000002645
0.23504000000002648
0.23472000000002652
0.23459000000002658
0.23443000000002662
0.23437000000002667
0.23418000000002667
0.23384000000002672
0.23352000000002676
0.2329800000000268
0.23292000000002683
0.23296000000002687
0.2330000000000269
0.23304000000002698
0.233080000000027
0.23310000000002704
0.23314000000002708
0.23318000000002712
0.23316000000002715
0.2331000000000272
0.23307000000002726
0.2331100000000273
0.2331000000000273
0.23305000000002735
0.2329900000000274
0.23300000000002744
0.23304000000002748
0.2330800000000275
0.23312000000002758
0.2331600000000276
0.23320000000002764
0.2332400000000277
0.23328000000002772
0.23332000000002773
0.23336000000002782
0.23340000000002784
0.2334400000000279
0.23348000000002792
0.23352000000002798
0.233560000000028
0.23360000000002804
0.23364000000002808
0.23364000000002813
0.23358000000002815
0.23327000000002818
0.23278000000002821
0.23261000000002827
0.2325100000000283
0.23255000000002835
0.23259000000002839
0.23263000000002843
0.2326700000000285
0.2327100000000285
0.2327500000000286
0.2327300000000286
0.23274000000002865
0.23273000000002866
0.23277000000002873
0.23281000000002877
0.2328300000000288
0.23276000000002886
0.2328000000000289
0.2328400000000289
0.23288000000002895
0.232920000000029
0.23296000000002903
0.23294000000002907
0.23290000000002914
0.23291000000002915
0.23293000000002922
0.23297000000002924
0.23301000000002928
0.23305000000002932
0.23309000000002936
0.2331300000000294
0.23317000000002946
0.23321000000002948
0.23325000000002952
0.23329000000002958
0.23331000000002958
0.23304000000002964
0.23298000000002966
0.23302000000002973
0.23306000000002977
0.2331000000000298
0.23311000000002982
0.23303000000002988
0.23290000000002994

Avalanche_Distribution:
209
1
32
34
1194
3
1
12
1
36
8
32
1
255
12
2
3
1
1
8
1
33
3
113
9
19
2
175
1
6
4
2
1
1
1
182
2
1
3
1
5
40
2
9
2
10
3
2
25
1
1
3
1
383
25
1
2
52
43
6
4
2
3
5
7
4
7
1
12
1330
2
23
27
137
6
8
13
17
1
1
43
1
37
