
Branching_global:
1.000000004
1.0000004040000108
1.000000804000022
1.0000012040000323
1.0000016040000437
1.0000015120000543
1.0000016310000635
1.000001986000072
1.000002325000081
1.0000027380000893
1.0000031720000984
1.000003561000109
1.00000397500012
1.0000042800001294
1.0000047470001414
1.0000050840001509
1.0000055510001629
1.0000058860001724
1.0000063010001834
1.0000067530001948
1.0000071230002052
1.0000074980002156
1.0000079360002272
1.0000083140002378
1.0000087260002488
1.0000091440002599
1.0000095220002707
1.0000099690002822
1.000010349000293
1.0000107570003036
1.0000110870003136
1.000011473000324
1.0000119660003368
1.0000123100003464
1.0000127830003587
1.000013097000368
1.0000135170003797
1.000013976000391
1.0000143080004011
1.0000146870004114
1.0000151390004235
1.0000155180004335
1.0000159390004455
1.000016360000456
1.000016730000467
1.0000171370004776
1.0000175760004892
1.0000178940004987
1.0000183070005098
1.0000181090005205
1.0000185540005326
1.000018934000543
1.0000192640005532
1.0000197820005658
1.0000201010005763
1.0000205110005866
1.0000209260005974
1.0000213120006078
1.0000216440006184
1.0000221110006298
1.000022518000641
1.0000229480006522
1.0000233250006627
1.0000236900006727
1.000024043000684
1.0000245440006956
1.000024900000706
1.0000252660007172
1.000025690000728
1.0000261170007392
1.0000264990007497
1.0000269120007603
1.0000272840007722
1.000027759000783
1.0000281360007939
1.0000284800008041
1.0000289200008157
1.0000293340008264
1.0000296470008367
1.0000301080008478
1.0000304960008588
1.0000309240008696
1.0000313230008806
1.0000316870008912
1.0000321120009024
1.0000324780009129
1.000032842000924
1.000033322000935
1.0000336670009455
1.0000340670009573
1.000034504000968
1.000034896000979
1.0000352720009893
1.0000356110010002
1.0000360070010113
1.0000364360010223
1.0000368070010326
1.0000373210010447
1.0000377270010556
1.000038077001066

Autocorrelation:
249999.99369269525
2475.2479587138187
1243.7815606601082
830.565261743775
623.4418795327722
661.376137636344
613.1212609420853
503.5251544663421
430.10801191471563
365.23058304498954
315.2590022036142
280.8204857868546
251.5728194522855
233.64535274771941
210.65985753274268
196.69600950488143
180.1482158454638
169.89516033162172
158.7054628457332
148.08282950504923
140.39078094686622
133.36939453734104
126.00856090808496
120.27954394871233
114.60054257155588
109.36182672505926
105.02045080469345
100.31146114834011
96.62819076081834
92.96321932371181
90.19622217047788
87.16165852423804
83.57061297345082
81.23526619392747
78.22939555876805
76.35386121918012
73.98141084539775
71.55172867829052
69.89146812599509
68.08792234427902
66.0550592183981
64.44179217956092
62.73969141907812
61.12519267179547
59.77336145032495
58.35376907324354
56.89626536974483
55.885152515091136
54.62441282718678
55.22165916020852
53.8972323091576
52.81554020769968
51.91079751105432
50.55150451739763
49.74926729010055
48.75482555036681
47.78794009429549
46.922420581878995
46.20267942098601
45.22685663141726
44.40941604454219
43.57728105005886
42.872953227980005
42.21240255622982
41.5926462174378
40.743653993148016
40.16114142953875
39.5793795837064
38.92615089938219
38.28973580964786
37.73777203480063
37.158644013352124
36.65201633318045
36.024851443952905
35.54215381427116
35.112858556792126
34.57864563367887
34.09063335231024
33.73072470075523
33.214262845954536
32.79168480329552
32.33784225199618
31.925921313561446
31.55918248151956
31.141505599576465
30.79057241222846
30.449314681758313
30.010702624351307
29.703175374122566
29.354419388331902
28.982646181539824
28.65707874375602
28.351599224561394
28.081710070096157
27.772876810262183
27.44588291336463
27.169244310400703
26.79506530885231
26.50671496276651
26.263072468539598

Average_Activity:
0.0
0.0
0.0
0.0
0.0
0.0
0.0
0.0
0.0
0.0
0.0
0.0
0.0
0.0
0.0
0.0
0.0
0.0
0.0
0.0
0.0
0.0
0.0
0.0
0.0
0.0
0.0
0.0
0.0
0.0
0.0
0.0
0.0
0.0
0.0
0.0
0.0
0.0
0.0
0.0
0.0
0.0
0.0
0.0
0.0
0.0
0.0
0.0
0.0
0.0
0.0
0.0
0.0
0.0
0.0
0.0
0.0
0.0
0.0
0.0
0.0
0.0
0.0
0.0
0.0
0.0
0.0
0.0
0.0
0.0
0.0
0.0
0.0
0.0
0.0
0.0
0.0
0.0
0.0
0.0
0.0
0.0
0.0
0.0
0.0
0.0
0.0
0.0
0.0
0.0
0.0
0.0
0.0
0.0
0.0
0.0
0.0
0.0
0.0
0.0
0.0
0.0
0.0
0.0
0.0
0.0
0.0
0.0
0.0
0.0
0.0
0.0
0.0
0.0
0.0
0.0
0.0
0.0
0.0
0.0
0.25
3.25
6.5
6.0
6.0
7.5
9.75
3.25
6.75
1.25
0.0
0.0
0.0
0.0
0.0
0.0
0.0
0.0
0.0
0.0
0.0
0.0
0.0
0.0
0.0
0.0
0.0
0.0
0.0
0.0
0.0
0.0
0.0
0.0
0.0
0.0
0.0
0.0
0.0
0.0
0.0
0.0
0.0
0.0
0.0
0.0
0.0
0.0
0.0
0.0
0.0
0.0
0.0
0.0
0.0
0.0
2.0
1.75
0.0
0.0
0.0
0.0
0.0
0.0
0.0
0.0
0.0
0.0
0.0
0.0
0.0
0.0
0.0
0.0
0.0
0.0
0.0
0.0
0.0
0.0
0.0
0.0
0.0
0.0
0.0
0.0
0.0
0.0
0.0
0.0
0.0
0.0
0.0
0.0
0.0
0.0
0.0
0.0
0.0
0.0
0.0
0.0
0.0
0.0
0.0
0.0
0.0
0.0
0.0
0.0
0.0
0.0
0.0
0.0
0.0
0.0
0.0
0.0
0.0
0.0
0.0
0.0
0.0
0.0
0.0
0.0
0.0
0.0
0.0
0.0
0.0
0.0
0.0
0.0
0.0
0.0
0.0
0.0
0.0
0.0
0.0
0.0
0.0
0.0
0.0
0.0
0.0
0.0
0.0
0.0
0.0
0.0
0.0
0.0
0.0
0.0
0.0
0.0
0.0
0.0
0.0
0.0
0.0
0.0
0.0
0.0
0.0
0.0
0.0
0.0
0.0
0.0
0.0
0.0
0.0
0.0
0.0
0.0
0.0
0.0
0.0
0.0
0.0
0.0
0.0
0.0
0.0
0.0
0.0
0.0
0.0
0.0
0.0
0.0
0.0
0.0
0.0
0.0
0.0
0.0
0.0
0.0
0.0
0.0
0.0
0.0
0.0
0.0
0.0
0.0
0.0
0.0
0.0
0.0
0.0
0.0
0.0
0.0
0.0
0.0
0.0
0.0
0.0
0.0
0.0
0.0
0.0
0.25
0.0
0.0
0.0
0.0
0.0
0.0
0.0
0.0
0.0
0.0
0.0
0.0
0.0
0.0
0.0
0.0
0.0
0.0
0.0
0.0
0.0
0.0
0.0
0.0
0.0
0.0
0.0
0.0
0.0
0.0
0.0
0.0
0.0
0.0
0.0
0.0
0.0
0.0
0.0
0.0
0.0
0.0
0.0
0.0
0.0
0.0
0.0
0.0
0.0
0.0
0.0
0.0
0.0
0.0
0.0
0.0
0.0
0.0
0.0
0.0
0.0
0.0
0.0
0.0
0.0
0.0
0.0
0.0
0.0
0.0
0.0
0.0
0.0
0.0
0.0
0.0
0.0
0.0
0.0
0.0
0.0
0.0
0.0
0.0
0.0
0.0
0.0
0.0
0.0
0.0
0.0
0.0
0.0
0.0
0.0
0.0
0.0
0.0
0.0
0.0
0.0
0.0
0.0
0.0
0.0
0.0
0.0
0.0
0.0
0.0
0.0
0.0
0.0
0.0
0.0
0.0
0.0
0.0
0.0
0.0
0.0
0.0
0.0
0.0
0.0
0.0
0.0
0.0
0.0
0.0
0.0
0.0
0.0
0.0
0.0
0.0
0.0
0.0
0.0
0.0
0.0
0.0
0.0
0.0
0.0
0.0
0.0
0.0
0.0
0.0
0.0
0.0
0.0
0.0
0.0
0.0
0.0
0.0
0.0
0.0
0.0
0.0
0.0
0.0
0.0
0.0
0.0
0.0
0.0
0.0
0.0
0.0
0.0
0.0
0.0
0.0
0.0
0.0
0.0
0.0
0.0
0.0
0.0
0.0
0.0
0.0
0.0
0.0
0.0
0.0
0.0
0.0
0.0
0.0
0.0
0.0
0.0
0.0
0.0
0.0
0.0
0.0
0.0
0.0
0.0
0.0
0.0
0.0
0.0
0.0
0.0
0.0
0.0
0.0
0.0
0.0
0.0
0.0
0.0
0.0
0.0
0.0
0.0
0.0
0.0
0.0
0.0
0.0
0.0
0.0
0.0
0.0
0.0
0.0
0.0
0.0
0.0
0.0
0.0
0.0
0.0
0.0
0.0
0.0
0.0
0.0
0.0
0.0
0.0
0.0
0.0
0.0
0.0
0.0
0.0
0.0
0.0
0.0
0.0
0.0
0.0
0.0
0.0
0.0
0.0
0.0
0.0
0.0
0.0
0.0
0.0
0.0
0.0
0.0
0.0
0.0
0.0
0.0
0.0
0.0
0.0
0.25
0.0
0.0
0.0
0.0
0.0
0.0
0.0
0.0
0.0
0.0
0.0
0.0
0.0
0.0
0.0
0.0
0.0
0.0
0.0
0.0
0.0
0.0
0.0
0.0
0.0
0.0
0.0
0.0
0.0
0.0
0.0
0.0
0.0
0.0
0.0
0.0
0.0
0.0
0.0
0.0
0.0
0.0
0.0
0.0
0.0
0.0
0.0
0.0
0.0
0.0
0.0
0.0
0.0
0.0
0.0
0.0
0.0
0.0
0.0
0.0
0.0
0.0
0.0
0.0
0.0
0.0
0.0
0.0
0.0
0.0
0.0
0.0
0.0
0.0
0.0
0.0
0.0
0.0
0.0
0.0
0.0
0.0
0.0
0.0
0.0
0.0
0.0
0.0
0.0
0.0
0.0
0.0
0.0
0.0
0.0
0.0
0.0
0.0
0.0
0.0
0.0
0.0
0.0
0.0
0.0
0.0
0.0
0.0
0.0
0.0
0.0
0.0
0.0
0.0
0.0
0.0
0.0
0.0
0.0
0.0
0.0
0.0
0.0
0.0
0.0
0.0
0.0
0.0
0.0
0.0
0.0
0.0
0.0
0.0
0.0
0.0
0.0
0.0
0.0
0.0
0.0
0.0
0.0
0.0
0.0
0.0
0.0
0.0
0.0
0.0
0.0
0.0
0.0
0.0
0.0
0.0
0.0
0.0
0.0
0.0
0.0
0.0
0.0
0.0
0.0
0.0
0.0
0.0
0.0
0.0
0.0
0.0
0.0
0.0
0.0
0.0
0.0
0.0
0.0
0.0
0.0
0.0
0.0
0.0
0.0
0.0
0.0
0.0
0.0
0.0
0.0
0.0
0.0
0.0
0.0
0.0
0.0
0.0
0.0
0.0
0.0
0.0
0.0
0.0
0.0
0.0
0.0
0.0
0.0
0.0
0.0
0.0
0.0
0.0
0.0
0.0
0.0
0.0
0.0
0.0
0.0
0.0
0.0
0.0
0.0
0.0
0.0
0.0
0.0
0.0
0.0
0.0
0.0
0.0
0.0
0.0
0.0
0.0
0.0
0.0
0.0
0.0
0.0
0.0
0.0
0.0
0.0
0.0
0.0
0.0
0.0
0.0
0.0
0.0
0.0
0.0
0.0
0.0
0.0
0.0
0.0
0.0
0.0
0.0
0.0
0.0
0.0
0.0
0.0
0.0
0.0
0.0
0.0
0.0
0.0
0.0
0.0
0.0
0.0
0.0
0.0
0.0
0.0
0.0
0.0
0.0
0.0
0.0
0.0
0.0
0.0
0.0
0.0
0.0
0.0
0.0
0.0
0.0
0.0
0.0
0.0
0.0
0.0
0.0
0.0
0.0
0.0
0.0
0.0
0.0
0.0
0.0
0.0
0.0
0.0
0.0
0.0
0.0
0.0
0.0
0.0
0.0
0.0
0.0
0.0
0.0
0.0
0.0
0.0
0.0
0.0
0.0
0.0
0.0
0.0
0.0
0.0
0.0
0.0
0.0
0.0
0.0
0.0
0.0
0.0
0.0
0.0
0.0
0.0
0.0
0.0
0.0
0.0
0.0
0.0
0.0
0.0
0.0
0.0
0.0
0.0
0.0
0.0
0.0
0.0
0.0
0.0
0.0
0.0
0.0
0.0
0.0
0.0
0.0
0.0
0.0
0.0
0.0
0.0
0.0
0.0
0.0
0.0
0.0
0.0
0.0
0.0
0.0
0.0
0.0
0.0
0.0
0.0
0.0
0.0
0.0
0.0
0.0
0.0
0.0
0.0
0.0
0.0
0.0
0.0
0.0
0.0
0.0
0.0
0.0
0.0
0.0
0.0
0.0
0.0
0.0
0.0
0.0
0.0
0.0
0.0
0.0
0.0
0.0
0.0
0.0
0.0
0.0
0.0
0.0
0.0
0.0
0.0
0.0
0.0
0.0
0.0
0.0
0.0
0.0
0.0
0.0
0.0
0.0
0.0
0.0
0.0
0.0
0.0
0.0
0.0
0.0
0.0
0.0
0.0
0.0
0.0
0.0
0.0
0.0
0.0
0.0
0.0
0.0
0.0
0.0
0.0
0.0
0.0
0.0
0.0
0.0
0.0
0.0
0.0
0.0
0.0
0.0
0.0
0.0
0.0
0.0
0.0
0.0
0.0
0.0
0.0
0.0
0.0
0.0
0.0
0.0
0.0
0.0
0.0
0.0
0.0
0.0
0.0
0.0
0.0
0.0
0.0
0.0
0.0
0.0
0.0
0.0
0.0
0.0
0.0
0.25
0.0
0.0
0.0
0.0
0.0
0.0
0.0
0.0
0.0
0.0
0.0
0.0
0.0
0.0
0.0
0.0
0.0
0.0
0.0
0.0
0.0
0.0
0.0
0.0
0.0
0.0
0.0
0.0
0.0
0.0
0.0
0.0
0.0
0.0
0.0
0.0
0.0
0.0
0.0
0.0
0.0
0.0
0.0
0.0
0.0
0.0
0.0
0.0
0.0
0.0
0.0
0.0
0.0
0.0
0.0
0.0
0.0
0.0
0.0
0.0
0.0
0.0
0.0
0.0
0.25
3.0
2.5
5.0
5.5
4.25
5.75
5.5
1.75
1.75
1.75
0.0
0.0
0.0
0.0
0.0
0.0
0.0
0.0
0.0
0.0
0.0
0.0
0.0
0.0
0.0
0.0
0.0
0.0
0.0
0.0
0.25
1.25
0.0
0.0
0.0
0.0
0.0
0.0
0.0
0.0
0.0
0.0
0.0
0.0
0.0
0.0
0.0
0.0
0.0
0.0
0.0
0.0
0.0
0.0
0.0
0.0
0.0
0.0
0.0
0.0
0.0
0.0
0.0
0.0
0.0
0.0
0.0
0.0
0.0
0.0
0.0
0.0
0.0
0.0
0.0
0.0
0.0
0.0
0.0
0.0
0.0
0.0
0.0
0.0
0.0
0.0
0.0
0.0
0.0
0.0
0.0
0.0
0.0
0.0
0.0
0.0
0.0
0.0
0.0
0.0
0.0
0.0
0.0
0.0
0.0
0.0
0.0
0.0
0.0
0.0
0.0
0.0
0.0
0.0
0.0
0.0
0.0
0.0
0.0
0.0
0.0
0.0
0.0
0.0
0.0
0.0
0.0
0.0
0.0
0.0
0.0
0.0
0.0
0.0
0.0
0.0
0.0
0.0
0.0
0.0
0.0
0.0
0.0
0.0
0.0
0.0
0.0
0.0
0.0
0.0
0.0
0.0
0.0
0.0
0.0
0.0
0.0
0.0
0.0
0.0
0.0
0.0
0.0
0.0
0.0
0.0
0.0
0.0
0.0
0.0
0.0
0.0
0.0
0.0
0.0
0.0
0.0
0.0
0.0
0.0
0.0
0.0
0.0
0.0
0.0
0.0
0.0
0.0
0.0
0.0
0.0
0.0
0.0
0.0
0.0
0.0
0.0
0.0
0.0
0.0
0.0
0.0
0.0
0.0
0.0
0.0
0.0
0.0
0.0
0.0
0.0
0.0
0.0
0.0
0.0
0.0
0.0
0.0
0.0
0.0
0.0
0.0
0.0
0.0
0.0
0.0
0.0
0.0
0.0
0.0
0.0
0.0
0.0
0.0
0.0
0.0
0.0
0.0
0.0
0.0
0.0
0.0
0.0
0.0
0.0
0.0
0.0
0.0
0.0
0.0
0.0
0.0
0.0
0.0
0.0
0.0
0.0
0.0
0.0
0.0
0.0
0.0
0.0
0.0
0.0
0.0
0.0
0.0
0.0
0.0
0.0
0.0
0.0
0.0
0.0
0.0
0.0
0.0
0.0
0.0
0.0
0.0
0.0
0.0
0.0
0.0
0.0
0.0
0.0
0.0
0.0
0.0
0.0
0.0
0.0
0.0
0.0
0.0
0.0
0.0
0.0
0.0
0.0
0.0
0.0
0.0
0.0
0.0
0.0
0.0
0.0
0.0
0.0
0.0
0.0
0.0
0.0
0.0
0.0
0.0
0.0
0.0
0.0
0.0
0.0
0.0
0.0
0.0
0.0
0.0
0.0
0.0
0.0
0.0
0.0
0.0
0.0
0.0
0.0
0.0
0.0
0.0
0.0
0.0
0.0
0.0
0.0
0.0
0.0
0.0
0.0
0.0
0.0
0.0
0.0
0.0
0.0
0.0
0.0
0.0
0.0
0.0
0.0
0.0
0.0
0.0
0.0
0.0
0.0
0.0
0.0
0.0
0.0
0.0
0.0
0.0
0.0
0.0
0.0
0.0
0.0
0.0
0.0
0.0
0.0
0.0
0.0
0.0
0.0
0.0
0.0
0.0
0.0
0.0
0.0
0.0
0.0
0.0
0.0
0.0
0.0
0.0
0.0
0.0
0.0
0.0
0.0
0.0
0.0
0.0
0.0
0.0
0.0
0.0
0.0
0.0
0.0
0.0
0.0
0.0
0.0
0.0
0.0
0.0
0.0
0.0
0.0
0.0
0.0
0.0
0.0
0.0
0.0
0.0
0.0
0.0
0.0
0.0
0.0
0.0
0.0
0.0
0.0
0.0
0.0
0.0
0.0
0.0
0.0
0.0
0.0
0.0
0.0
0.0
0.0
0.0
0.0
0.0
0.0
0.0
0.0
0.0
0.0
0.0
0.0
0.0
0.0
0.0
0.0
0.0
0.0
0.0
0.0
0.0
0.0
0.0
0.0
0.0
0.0
0.0
0.0
0.0
0.0
0.0
0.0
0.0
0.0
0.0
0.0
0.0
0.0
0.0
0.0
0.0
0.0
0.0
0.0
0.0
0.0
0.0
0.0
0.0
0.0
0.0
0.0
0.0
0.0
0.0
0.0
0.0
0.0
0.0
0.0
0.0
0.0
0.0
0.0
0.0
0.0
0.0
0.0
0.0
0.0
0.0
0.0
0.0
0.0
0.0
0.0
0.0
0.0
0.0
0.0
0.0
0.0
0.0
0.0
0.0
0.0
0.0
0.0
0.25
0.0
0.0
0.0
0.0
0.0
0.0
0.0
0.0
0.0
0.0
0.0
0.0
0.0
0.0
0.0
0.0
0.0
0.0
0.0
0.0
0.0
0.0
0.0
0.0
0.0
0.0
0.0
0.0
0.0
0.0
0.0
0.0
0.0
0.0
0.0
0.0
0.0
0.0
0.0
0.0
0.0
0.0
0.0
0.0
0.0
0.0
0.0
0.0
0.0
0.0
0.0
0.0
0.0
0.0
0.0
0.0
0.0
0.0
0.0
0.0
0.0
0.0
0.0
0.0
0.0
0.0
0.0
0.0
0.0
0.0
0.0
0.0
0.0
0.0
0.0
0.0
0.0
0.0
0.0
0.0
0.0
0.0
0.0
0.0
0.0
0.0
0.0
0.0
0.0
0.0
0.0
0.0
0.0
0.0
0.0
0.0
0.0
0.0
0.0
0.0
0.0
0.0
0.0
0.0
0.0
0.0
0.0
0.0
0.0
0.0
0.0
0.0
0.0
0.0
0.0
0.0
0.0
0.0
0.0
0.0
0.0
0.0
0.0
0.0
0.0
0.0
0.0
0.0
0.0
0.0
0.0
0.0
0.0
0.0
0.0
0.0
0.0
0.0
0.0
0.0
0.0
0.0
0.0
0.0
0.0
0.0
0.0
0.0
0.0
0.0
0.0
0.0
0.0
0.0
0.0
0.0
0.0
0.0
0.0
0.0
0.0
0.0
0.0
0.0
0.0
0.0
0.0
0.0
0.0
0.0
0.0
0.0
0.0
0.0
0.0
0.0
0.0
0.0
0.0
0.0
0.0
0.0
0.0
0.0
0.0
0.0
0.0
0.0
0.0
0.0
0.0
0.0
0.0
0.0
0.0
0.0
0.0
0.0
0.0
0.0
0.0
0.0
0.0
0.0
0.0
0.0
0.0
0.0
0.5
0.0
0.0
0.0
0.0
0.0
0.0
0.0
0.0
0.0
0.0
0.0
0.0
0.0
0.0
0.0
0.0
0.0
0.0
0.0
0.0
0.0
0.0
0.0
0.0
0.0
0.0
0.0
0.0
0.0
0.0
0.0
0.0
0.0
0.0
0.0
0.0
0.0
0.0
0.0
0.0
0.0
0.0
0.0
0.0
0.0
0.0
0.0
0.0
0.0
0.0
0.0
0.0
0.0
0.0
0.0
0.0
0.0
0.0
0.0
0.0
0.0
0.0
0.0
0.0
0.0
0.0
0.0
0.0
0.0
0.0
0.0
0.0
0.0
0.25
0.0
0.0
0.0
0.0
0.0
0.0
0.0
0.0
0.0
0.0
0.0
0.0
0.0
0.0
0.0
0.0
0.0
0.0
0.0
0.0
0.0
0.0
0.0
0.0
0.0
0.0
0.0
0.0
0.0
0.0
0.0
0.0
0.0
0.0
0.0
0.0
0.0
0.0
0.0
0.0
0.0
0.0
0.0
0.0
0.0
0.0
0.0
0.0
0.0
0.0
0.0
0.0
0.0
0.0
0.0
0.0
0.0
0.0
0.0
0.0
0.0
0.0
0.0
0.0
0.0
0.0
0.0
0.0
0.0
0.0
0.0
0.0
0.0
0.0
0.0
0.0
0.0
0.0
0.0
0.0
0.0
0.0
0.0
0.0
0.0
0.0
0.0
0.0
0.0
0.0
0.0
0.0
0.0
0.0
0.0
0.0
0.0
0.0
0.0
0.0
0.0
0.0
0.0
0.0
0.0
0.0
0.0
0.0
0.0
0.0
0.0
0.0
0.0
0.0
0.0
0.0
0.0
0.0
0.0
0.0
0.0
0.0
0.0
0.0
0.0
0.0
0.0
0.0
0.0
0.0
0.0
0.0
0.0
0.0
0.0
0.0
0.0
0.0
0.0
0.0
0.0
0.0
0.0
0.0
0.0
0.0
0.0
0.0
0.0
0.0
0.0
0.0
0.0
0.0
0.0
0.0
0.0
0.0
0.0
0.0
0.0
0.0
0.0
0.0
0.0
0.0
0.0
0.0
0.0
0.0
0.25
2.0
0.5
0.0
0.0
0.0
0.0
0.0
0.0
0.0
0.0
0.0
0.0
0.0
0.0
0.0
0.0
0.0
0.0
0.0
0.0
0.0
0.0
0.0
0.0
0.0
0.0
0.0
0.0
0.0
0.0
0.0
0.0
0.0
0.0
0.0
0.0
0.0
0.0
0.0
0.0
0.0
0.0
0.0
0.0
0.0
0.0
0.0
0.0
0.0
0.0
0.0
0.0
0.0
0.0
0.0
0.0
0.0
0.0
0.0
0.0
0.0
0.0
0.0
0.0
0.0
0.0
0.0
0.0
0.0
0.0
0.0
0.0
0.0
0.0
0.0
0.0
0.0
0.0
0.0
0.0
0.0
0.0
0.0
0.0
0.0
0.0
0.0
0.0
0.0
0.0
0.0
0.0
0.0
0.0
0.0
0.0
0.0
0.0
0.0
0.0
0.0
0.0
0.0
0.0
0.0
0.0
0.0
0.0
0.0
0.0
0.0
0.0
0.0
0.0
0.0
0.0
0.0
0.0
0.0
0.0
0.0
0.0
0.0
0.0
0.0
0.0
0.0
0.0
0.0
0.0
0.0
0.0
0.0
0.0
0.0
0.0
0.0
0.0
0.0
0.0
0.0
0.0
0.0
0.0
0.0
0.0
0.0
0.0
0.0
0.0
0.0
0.0
0.0
0.0
0.0
0.0
0.0
0.0
0.0
0.0
0.0
0.0
0.0
0.0
0.0
0.0
0.0
0.0
0.0
0.0
0.0
0.0
0.0
0.0
0.0
0.0
0.0
0.0
0.0
0.0
0.0
0.0
0.0
0.0
0.0
0.0
0.0
0.0
0.0
0.0
0.0
0.0
0.0
0.0
0.0
0.0
0.0
0.0
0.0
0.0
0.0
0.0
0.0
0.0
0.0
0.0
0.0
0.0
0.0
0.0
0.0
0.0
0.0
0.0
0.0
0.0
0.0
0.0
0.0
0.0
0.0
0.0
0.0
0.0
0.0
0.0
0.0
0.0
0.0
0.0
0.0
0.0
0.0
0.0
0.0
0.0
0.0
0.0
0.0
0.0
0.0
0.0
0.0
0.0
0.0
0.0
0.0
0.0
0.0
0.0
0.0
0.0
0.0
0.0
0.0
0.0
0.0
0.0
0.0
0.0
0.0
0.0
0.0
0.0
0.0
0.0
0.0
0.0
0.0
0.0
0.0
0.0
0.0
0.0
0.0
0.0
0.0
0.0
0.0
0.0
0.0
0.0
0.0
0.0
0.0
0.0
0.0
0.0
0.0
0.0
0.0
0.0
0.0
0.0
0.0
0.0
0.0

Average_Alpha:
0.250000001
0.2500000050000001
0.25000000900000025
0.2500000130000003
0.25000001700000046
0.2500000210000005
0.2500000250000007
0.25000002900000073
0.2500000330000009
0.25000003700000095
0.25000004100000117
0.2500000450000011
0.25000004900000133
0.2500000530000014
0.25000005700000155
0.2500000610000016
0.25000006500000177
0.2500000690000018
0.250000073000002
0.25000007700000204
0.25000008100000226
0.2500000850000022
0.2500000890000024
0.2500000930000025
0.25000009700000264
0.2500001010000027
0.25000010500000286
0.2500001090000029
0.2500001130000031
0.25000011700000313
0.2500001210000033
0.25000012500000335
0.2500001290000035
0.25000013300000357
0.25000013700000373
0.2500001410000038
0.25000014500000395
0.250000149000004
0.25000015300000417
0.2500001570000042
0.2500001610000044
0.25000016500000444
0.25000016900000466
0.2500001730000046
0.2500001770000048
0.2500001810000049
0.25000018500000504
0.2500001890000051
0.25000019300000526
0.2500001970000053
0.2500002010000055
0.2500002050000055
0.25000020900000575
0.2500002130000057
0.2500002170000059
0.25000022100000596
0.2500002250000061
0.2500002290000062
0.25000023300000634
0.2500002370000064
0.25000024100000656
0.2500002450000066
0.2500002490000068
0.25000025300000683
0.250000257000007
0.25000026100000705
0.2500002650000072
0.25000026900000727
0.25000027300000743
0.2500002770000075
0.25000028100000765
0.2500002850000077
0.25000028900000787
0.2500002930000079
0.25000029700000814
0.2500003010000081
0.2500003050000083
0.25000030900000836
0.2500003130000085
0.2500003170000086
0.25000032100000874
0.2500003250000088
0.25000032900000896
0.250000333000009
0.25000033700000923
0.2500003410000092
0.2500003450000094
0.25000034900000945
0.2500003530000096
0.25000035700000967
0.25000036100000983
0.2500003650000099
0.25000036900001005
0.2500003730000101
0.25000037700001027
0.2500003810000103
0.2500003850000105
0.25000038900001054
0.2500003930000107
0.25000039700001075
0.2500004010000109
0.250000405000011
0.25000040900001114
0.2500004130000112
0.25000041700001135
0.2500004210000114
0.25000042500001163
0.25000042900001157
0.2500004330000118
0.25000043700001184
0.250000441000012
0.25000044500001206
0.2500004490000122
0.2500004530000123
0.25000045700001244
0.2500004610000125
0.2500004650000127
0.25000046900001266
0.2500004730000129
0.25000047700001293
0.2500004800000131
0.25000047100001316
0.25000044900001334
0.25000042900001335
0.2500004090000135
0.25000038300001354
0.25000034800001375
0.2500003390000137
0.25000031600001393
0.2500003150000139
0.25000031900001407
0.25000032300001407
0.2500003270000143
0.25000033100001423
0.25000033500001445
0.25000033900001445
0.2500003430000146
0.2500003470000146
0.2500003510000148
0.2500003550000148
0.25000035900001494
0.250000363000015
0.25000036700001516
0.25000037100001515
0.2500003750000153
0.2500003790000153
0.2500003830000155
0.25000038700001553
0.25000039100001564
0.25000039500001564
0.25000039900001586
0.25000040300001586
0.250000407000016
0.250000411000016
0.2500004150000162
0.25000041900001624
0.2500004230000164
0.25000042700001635
0.2500004310000165
0.25000043500001656
0.2500004390000167
0.2500004430000167
0.2500004470000169
0.2500004510000169
0.2500004550000171
0.2500004590000171
0.25000046300001727
0.25000046700001727
0.2500004710000174
0.25000047500001743
0.2500004790000176
0.2500004830000176
0.2500004870000178
0.2500004910000178
0.2500004950000179
0.250000499000018
0.25000049500001814
0.25000049200001817
0.2500004960000183
0.2500005000000183
0.2500005040000185
0.2500005080000185
0.25000051200001866
0.25000051600001866
0.2500005200000188
0.2500005240000189
0.25000052800001904
0.250000532000019
0.25000053600001915
0.2500005400000192
0.25000054400001936
0.25000054800001936
0.2500005520000195
0.2500005560000195
0.2500005600000197
0.25000056400001974
0.2500005680000199
0.25000057200001985
0.25000057600002
0.25000058000002007
0.25000058400002023
0.25000058800002023
0.2500005920000204
0.2500005960000204
0.25000060000002056
0.25000060400002055
0.2500006080000208
0.2500006120000207
0.2500006160000209
0.25000062000002093
0.2500006240000211
0.2500006280000211
0.25000063200002126
0.25000063600002126
0.2500006400000214
0.2500006440000215
0.2500006480000216
0.2500006520000216
0.25000065600002175
0.2500006600000218
0.25000066400002197
0.25000066800002196
0.25000067200002213
0.2500006760000221
0.2500006800000223
0.2500006840000223
0.25000068800002245
0.25000069200002245
0.2500006960000226
0.25000070000002267
0.25000070400002283
0.25000070800002283
0.250000712000023
0.250000716000023
0.25000072000002316
0.25000072400002316
0.2500007280000233
0.2500007320000233
0.2500007360000235
0.25000074000002354
0.2500007440000237
0.2500007480000237
0.25000075200002386
0.25000075600002386
0.250000760000024
0.250000764000024
0.2500007680000242
0.2500007720000242
0.25000077600002435
0.2500007800000244
0.2500007840000245
0.25000078800002457
0.2500007920000248
0.25000079600002484
0.25000080000002495
0.250000804000025
0.25000080800002517
0.2500008120000252
0.2500008160000254
0.25000082000002544
0.2500008240000256
0.25000082800002565
0.2500008320000258
0.25000083600002593
0.25000084000002604
0.2500008440000261
0.25000084800002625
0.2500008520000263
0.2500008560000265
0.2500008600000265
0.2500008640000267
0.25000086800002674
0.2500008720000269
0.25000087600002696
0.2500008800000271
0.2500008840000272
0.25000088800002734
0.2500008920000274
0.2500008960000275
0.2500009000000276
0.2500009040000278
0.25000090800002783
0.25000091200002794
0.250000916000028
0.2500009200000282
0.25000092400002827
0.25000092800002843
0.25000093200002843
0.2500009360000286
0.25000094000002865
0.2500009440000288
0.25000094800002887
0.25000095200002903
0.2500009560000291
0.25000096000002925
0.2500009640000293
0.2500009680000295
0.2500009720000296
0.2500009760000297
0.25000098000002974
0.2500009840000299
0.25000098800002996
0.2500009920000301
0.2500009960000302
0.25000100000003034
0.2500010040000304
0.25000100800003056
0.2500010120000306
0.2500010160000308
0.25000102000003077
0.250001024000031
0.25000102800003104
0.2500010320000312
0.2500010360000312
0.25000104000003137
0.2500010440000314
0.2500010480000316
0.2500010520000317
0.25000105600003186
0.25000106000003186
0.250001064000032
0.2500010680000321
0.25000107200003224
0.2500010760000323
0.25000108000003246
0.2500010840000325
0.2500010880000327
0.25000109200003273
0.2500010960000329
0.25000110000003295
0.2500011040000331
0.25000110800003317
0.25000111200003333
0.2500011160000334
0.25000112000003355
0.2500011240000336
0.25000112800003377
0.2500011320000338
0.250001136000034
0.25000114000003404
0.25000114400003415
0.25000114800003426
0.2500011520000344
0.2500011560000345
0.25000116000003464
0.25000116400003464
0.2500011680000348
0.2500011710000349
0.25000117500003505
0.2500011790000351
0.25000118300003527
0.2500011870000353
0.2500011910000355
0.25000119500003554
0.2500011990000357
0.25000120300003575
0.25000120700003586
0.2500012110000359
0.25000121500003614
0.2500012190000362
0.25000122300003635
0.2500012270000364
0.2500012310000366
0.25000123500003657
0.2500012390000368
0.2500012430000368
0.250001247000037
0.250001251000037
0.25000125500003717
0.2500012590000372
0.2500012630000374
0.25000126700003744
0.2500012710000376
0.25000127500003766
0.2500012790000378
0.2500012830000379
0.25000128700003804
0.2500012910000381
0.2500012950000382
0.2500012990000383
0.2500013030000385
0.25000130700003853
0.2500013110000387
0.25000131500003875
0.2500013190000389
0.25000132300003897
0.25000132700003913
0.2500013310000392
0.2500013350000393
0.2500013390000394
0.2500013430000395
0.2500013470000396
0.25000135100003973
0.2500013550000398
0.25000135900003995
0.25000136300004006
0.2500013670000402
0.2500013710000403
0.25000137500004044
0.25000137900004044
0.2500013830000406
0.25000138700004065
0.2500013910000408
0.25000139500004087
0.25000139900004104
0.2500014030000411
0.25000140700004125
0.2500014110000413
0.25000141500004147
0.2500014190000415
0.2500014230000417
0.25000142700004174
0.2500014310000419
0.25000143500004196
0.2500014390000421
0.2500014430000422
0.25000144700004234
0.2500014510000424
0.25000145500004256
0.2500014590000426
0.2500014630000428
0.2500014670000428
0.250001471000043
0.25000147500004305
0.2500014790000432
0.25000148300004327
0.2500014870000434
0.2500014910000435
0.25000149500004365
0.2500014990000437
0.25000150300004387
0.25000150700004387
0.25000151100004403
0.2500015150000441
0.25000151900004425
0.2500015230000443
0.25000152700004447
0.2500015310000445
0.2500015350000447
0.25000153900004474
0.2500015430000449
0.2500015470000449
0.2500015510000451
0.2500015550000452
0.25000155900004534
0.2500015630000454
0.25000156700004555
0.2500015710000456
0.2500015750000458
0.2500015790000458
0.250001583000046
0.250001587000046
0.25000159100004615
0.25000159500004626
0.25000159900004637
0.2500016030000465
0.2500016070000466
0.25000161100004664
0.2500016150000468
0.25000161900004686
0.2500016230000471
0.25000162700004713
0.25000163100004724
0.2500016350000473
0.25000163900004746
0.2500016430000475
0.2500016470000477
0.25000165100004773
0.2500016550000479
0.25000165900004795
0.2500016630000481
0.25000166700004817
0.25000167100004833
0.25000167500004833
0.25000167900004855
0.2500016830000486
0.25000168700004877
0.2500016910000488
0.250001695000049
0.25000169900004904
0.2500017030000492
0.25000170700004926
0.2500017110000494
0.2500017150000494
0.2500017190000496
0.2500017230000497
0.2500017270000498
0.2500017310000499
0.2500017350000501
0.25000173900005007
0.2500017430000503
0.25000174700005035
0.25000175100005045
0.25000175500005056
0.25000175900005067
0.2500017630000507
0.2500017670000509
0.25000177100005094
0.2500017750000511
0.25000177900005116
0.2500017830000513
0.2500017870000514
0.25000179100005154
0.2500017950000516
0.25000179900005176
0.2500018030000518
0.250001807000052
0.25000181100005203
0.2500018150000522
0.25000181900005225
0.2500018230000524
0.25000182700005247
0.25000183100005263
0.2500018350000527
0.25000183900005285
0.2500018430000529
0.25000184700005307
0.2500018510000531
0.2500018550000533
0.25000185900005334
0.2500018630000535
0.25000186700005356
0.2500018710000537
0.2500018750000538
0.25000187900005394
0.250001883000054
0.25000188700005416
0.2500018910000542
0.2500018950000544
0.25000189900005443
0.2500019030000546
0.25000190700005465
0.2500019110000548
0.25000191500005486
0.25000191900005503
0.2500019230000551
0.25000192700005525
0.2500019310000553
0.25000193500005546
0.2500019390000555
0.2500019430000557
0.25000194700005574
0.2500019510000559
0.25000195500005595
0.2500019590000561
0.25000196300005617
0.25000196700005634
0.2500019710000564
0.25000197500005655
0.2500019790000566
0.25000198300005677
0.2500019870000568
0.250001991000057
0.25000199500005704
0.2500019990000572
0.25000200300005726
0.2500020070000574
0.2500020110000575
0.25000201500005764
0.2500020190000577
0.25000202300005786
0.2500020270000579
0.2500020310000581
0.25000203500005813
0.2500020390000583
0.25000204300005835
0.2500020470000585
0.25000205100005857
0.25000205500005873
0.2500020590000588
0.25000206300005895
0.250002067000059
0.25000207100005917
0.2500020750000592
0.2500020790000594
0.25000208300005944
0.2500020870000596
0.25000209100005966
0.2500020950000598
0.2500020990000599
0.25000210300006004
0.2500021070000601
0.25000211100006026
0.2500021150000603
0.2500021190000605
0.2500021230000605
0.2500021270000607
0.25000213100006075
0.2500021350000609
0.25000213900006096
0.25000214300006113
0.2500021470000612
0.25000215100006135
0.2500021550000614
0.25000215900006156
0.2500021630000616
0.2500021670000618
0.25000217100006183
0.250002175000062
0.25000217900006205
0.2500021830000622
0.25000218700006227
0.25000219100006243
0.2500021950000625
0.25000219900006265
0.2500022030000627
0.25000220700006287
0.2500022110000629
0.2500022150000631
0.25000221900006314
0.2500022230000633
0.25000222700006336
0.2500022310000635
0.2500022350000636
0.25000223900006374
0.2500022430000638
0.25000224700006396
0.250002251000064
0.2500022550000642
0.25000225900006423
0.2500022630000644
0.25000226700006445
0.2500022710000646
0.25000227500006467
0.25000227900006483
0.2500022830000649
0.25000228700006505
0.2500022910000651
0.25000229500006527
0.2500022980000653
0.25000230200006546
0.25000230600006557
0.25000231000006573
0.25000231400006573
0.25000231800006595
0.250002322000066
0.25000232600006617
0.2500023300000662
0.25000233400006633
0.2500023380000664
0.25000234200006655
0.2500023460000666
0.25000235000006676
0.2500023540000668
0.250002358000067
0.25000236200006704
0.25000236600006726
0.2500023700000673
0.2500023740000675
0.25000237800006747
0.25000238200006764
0.2500023860000677
0.2500023900000679
0.25000239400006796
0.25000239800006807
0.2500024020000682
0.25000240600006834
0.2500024100000684
0.25000241400006856
0.25000241800006856
0.2500024220000687
0.2500024260000688
0.25000243000006894
0.25000243400006905
0.2500024380000692
0.2500024420000692
0.25000244600006943
0.2500024500000695
0.25000245400006965
0.2500024580000697
0.2500024620000698
0.25000246600006987
0.25000247000007003
0.2500024740000701
0.25000247800007025
0.2500024820000703
0.25000248600007047
0.2500024900000705
0.25000249400007074
0.2500024980000708
0.25000250200007096
0.25000250600007096
0.2500025100000711
0.2500025140000712
0.2500025180000714
0.25000252200007145
0.25000252600007156
0.25000253000007167
0.25000253400007183
0.2500025380000719
0.25000254200007205
0.25000254600007205
0.2500025500000722
0.25000255400007226
0.25000255800007243
0.25000256200007254
0.2500025660000727
0.2500025700000727
0.2500025740000729
0.250002578000073
0.25000258200007314
0.2500025860000732
0.2500025900000733
0.25000259400007335
0.2500025980000735
0.25000260200007357
0.25000260600007373
0.2500026100000738
0.25000261400007395
0.250002618000074
0.2500026220000742
0.2500026260000743
0.25000263000007444
0.25000263400007444
0.2500026380000746
0.25000264200007466
0.2500026460000749
0.25000265000007493
0.25000265400007504
0.25000265800007515
0.2500026620000753
0.25000266600007537
0.25000267000007553
0.25000267400007553
0.2500026780000757
0.25000268200007575
0.2500026860000759
0.250002690000076
0.2500026940000762
0.2500026980000762
0.2500027020000764
0.25000270600007646
0.2500027100000766
0.2500027140000767
0.2500027180000768
0.25000272200007684
0.250002726000077
0.25000273000007706
0.2500027340000772
0.2500027380000773
0.25000274200007744
0.2500027460000775
0.2500027500000777
0.25000275400007776
0.25000275800007793
0.2500027620000779
0.2500027660000781
0.25000277000007814
0.25000277400007836
0.2500027780000784
0.2500027820000785
0.25000278600007864
0.2500027900000788
0.25000279400007885
0.250002798000079
0.250002802000079
0.2500028060000792
0.25000281000007923
0.2500028140000794
0.2500028180000795
0.25000282200007967
0.25000282600007967
0.2500028300000799
0.25000283400007994
0.2500028380000801
0.25000284200008016
0.25000284600008027
0.2500028500000803
0.2500028540000805
0.25000285800008054
0.2500028620000807
0.25000286600008076
0.2500028700000809
0.250002874000081
0.2500028780000812
0.25000288200008125
0.2500028860000814
0.2500028900000814
0.2500028940000816
0.25000289800008163
0.25000290200008185
0.2500029060000819
0.250002910000082
0.2500029140000821
0.2500029180000823
0.25000292200008234
0.2500029260000825
0.2500029300000825
0.25000293400008267
0.2500029380000827
0.2500029420000829
0.250002946000083
0.25000295000008316
0.25000295400008316
0.2500029580000834
0.25000296200008343
0.2500029660000836
0.25000297000008365
0.25000297400008376
0.2500029780000838
0.250002982000084
0.250002986000084
0.2500029900000842
0.25000299400008424
0.2500029980000844
0.25000300200008446
0.2500030060000847
0.25000301000008474
0.2500030140000849
0.2500030180000849
0.25000302200008506
0.2500030260000851
0.25000303000008534
0.2500030340000854
0.2500030380000855
0.2500030420000856
0.25000304600008577
0.2500030500000858
0.250003054000086
0.250003058000086
0.25000306200008615
0.2500030660000862
0.25000307000008637
0.2500030740000865
0.25000307800008664
0.25000308200008664
0.25000308600008686
0.2500030900000869
0.2500030940000871
0.25000309800008713
0.25000310200008724
0.2500031060000873
0.25000311000008746
0.2500031140000875
0.2500031180000877
0.25000312200008773
0.2500031260000879
0.25000313000008795
0.25000313400008817
0.2500031380000882
0.2500031420000884
0.2500031460000884
0.25000315000008855
0.2500031540000886
0.2500031580000888
0.2500031620000889
0.250003166000089
0.2500031700000891
0.25000317400008926
0.2500031780000893
0.2500031820000895
0.2500031860000895
0.25000319000008964
0.2500031940000897
0.25000319800008985
0.25000320200008996
0.25000320600009013
0.2500032100000901
0.25000321400009035
0.2500032180000904
0.25000322200009056
0.2500032260000906
0.2500032300000907
0.2500032340000908
0.25000323800009094
0.250003242000091
0.25000324600009116
0.2500032500000912
0.2500032540000914
0.25000325800009143
0.25000326200009165
0.2500032660000917
0.25000327000009187
0.25000327400009187
0.25000327800009203
0.2500032820000921
0.2500032860000923
0.25000329000009236
0.25000329400009247
0.2500032980000926
0.25000330200009274
0.2500033060000928
0.25000331000009296
0.25000331400009296
0.2500033180000931
0.2500033220000932
0.25000332600009334
0.25000333000009345
0.2500033340000936
0.2500033380000936
0.25000334200009383
0.2500033460000939
0.25000335000009405
0.2500033540000941
0.2500033580000942
0.25000336200009426
0.25000336600009443
0.2500033700000945
0.25000337400009465
0.2500033780000947
0.25000338200009486
0.2500033860000949
0.25000339000009514
0.2500033940000952
0.25000339800009536
0.25000340200009535
0.2500034060000955
0.25000341000009557
0.2500034140000958
0.25000341800009585
0.25000342200009595
0.25000342600009606
0.2500034300000962
0.2500034340000963
0.25000343800009645
0.25000344200009644
0.2500034460000966
0.25000345000009666
0.2500034540000968
0.25000345800009693
0.2500034620000971
0.2500034660000971
0.2500034700000973
0.25000347400009737
0.25000347800009753
0.2500034820000976
0.2500034860000977
0.25000349000009775
0.2500034940000979
0.25000349800009797
0.25000350200009813
0.2500035060000982
0.25000351000009835
0.2500035140000984
0.2500035180000986
0.2500035220000987
0.25000352600009884
0.25000353000009884
0.250003534000099
0.25000353800009906
0.2500035420000993
0.25000354600009933
0.25000355000009944
0.25000355400009955
0.2500035580000997
0.25000356200009977
0.25000356600009993
0.25000357000009993
0.2500035740001001
0.25000357800010015
0.2500035820001003
0.2500035860001004
0.2500035900001006
0.2500035940001006
0.2500035980001008
0.25000360200010086
0.250003606000101
0.2500036100001011
0.2500036140001012
0.25000361800010124
0.2500036220001014
0.25000362600010145
0.2500036300001016
0.25000363400010167
0.25000363800010184
0.2500036420001019
0.2500036460001021
0.25000365000010216
0.2500036540001023
0.2500036580001023
0.2500036620001025
0.25000366600010254
0.25000367000010276
0.2500036740001028
0.2500036780001029
0.25000368200010303
0.2500036860001032
0.25000369000010325
0.2500036940001034
0.2500036980001034
0.2500037020001036
0.25000370600010363
0.2500037100001038
0.2500037140001039
0.25000371800010407
0.25000372200010407
0.2500037260001043
0.25000373000010434
0.2500037340001045
0.25000373800010456
0.25000374200010467
0.2500037460001047
0.2500037500001049
0.25000375400010494
0.2500037580001051
0.25000376200010516
0.2500037660001053
0.2500037700001054
0.2500037740001056
0.25000377800010565
0.2500037820001058
0.2500037860001058
0.250003790000106
0.250003794000106
0.25000379800010625
0.2500038020001063
0.2500038060001064
0.2500038100001065
0.2500038140001067
0.25000381800010674
0.2500038220001069
0.2500038260001069
0.25000383000010706
0.2500038340001071
0.2500038380001073
0.2500038420001074
0.25000384600010755
0.25000385000010755
0.2500038540001078
0.2500038580001078
0.250003862000108
0.25000386600010804
0.25000387000010815
0.2500038740001082
0.25000387800010837
0.2500038820001084
0.2500038860001086
0.25000389000010864
0.2500038940001088
0.25000389800010886
0.2500039020001091
0.25000390600010913
0.2500039100001093
0.2500039140001093
0.25000391800010946
0.2500039220001095
0.25000392600010973
0.2500039300001098
0.2500039340001099
0.25000393800011
0.25000394200011017
0.2500039460001102
0.2500039500001104
0.2500039540001104
0.25000395800011055
0.2500039620001106
0.25000396600011077
0.2500039700001109
0.25000397400011104
0.25000397800011104
0.25000398200011126
0.2500039860001113
0.2500039900001115
0.25000399400011153
0.25000399800011164
0.2500040020001117
0.25000400600011186
0.2500040100001119
0.2500040140001121
0.2500040180001121
0.2500040220001123
0.25000402600011234
0.25000403000011256
0.2500040340001126
0.2500040380001128
0.2500040420001128
0.25000404600011294
0.250004050000113
0.2500040540001132
0.25000405800011327
0.2500040620001134
0.2500040660001135
0.25000407000011365
0.2500040740001137
0.25000407800011387
0.25000408200011387
0.25000408600011403
0.2500040900001141
0.25000409400011425
0.25000409800011436
0.2500041020001145
0.2500041060001145
0.25000411000011474
0.2500041140001148
0.25000411800011496
0.250004122000115
0.2500041260001151
0.2500041300001152
0.25000413400011534
0.2500041380001154
0.25000414200011556
0.2500041460001156
0.2500041500001158
0.25000415400011583
0.25000415800011605
0.2500041620001161
0.25000416600011627
0.25000417000011627
0.25000417400011643
0.2500041780001165
0.2500041820001167
0.25000418600011676
0.25000419000011687
0.250004194000117
0.25000419800011714
0.2500042020001172
0.25000420600011736
0.25000421000011736
0.2500042140001175
0.2500042180001176
0.25000422200011774
0.25000422600011785
0.250004230000118
0.250004234000118
0.25000423800011823
0.2500042420001183
0.25000424600011845
0.2500042500001185
0.2500042540001186
0.25000425800011866
0.2500042620001188
0.2500042660001189
0.25000427000011904
0.2500042740001191
0.25000427800011926
0.2500042820001193
0.25000428600011954
0.2500042900001196
0.25000429400011975
0.25000429800011975
0.2500043020001199
0.25000430600011997
0.2500043100001202
0.25000431400012024
0.25000431800012035
0.25000432200012046
0.2500043260001206
0.2500043300001207
0.25000433400012084
0.25000433800012084
0.250004342000121
0.2500043450001211
0.25000434900012125
0.2500043530001213
0.25000435700012147
0.2500043610001215
0.2500043650001217
0.25000436900012174
0.2500043730001219
0.25000437700012196
0.2500043810001221
0.2500043850001222
0.25000438900012234
0.2500043930001224
0.25000439700012256
0.2500044010001226
0.2500044050001228
0.25000440900012283
0.250004413000123
0.25000441700012305
0.2500044210001232
0.25000442500012326
0.25000442900012343
0.2500044330001235
0.25000443700012365
0.2500044410001237
0.25000444500012386
0.2500044490001239
0.2500044530001241
0.25000445700012414
0.2500044610001243
0.25000446500012435
0.2500044690001245
0.25000447300012457
0.25000447700012474
0.2500044810001248
0.25000448500012495
0.250004489000125
0.25000449300012517
0.2500044970001252
0.2500045010001254
0.25000450500012544
0.2500045090001256
0.25000451300012566
0.2500045170001258
0.2500045210001259
0.25000452500012604
0.2500045290001261
0.25000453300012626
0.2500045370001263
0.2500045410001265
0.25000454500012653
0.2500045490001267
0.25000455300012675
0.2500045570001269
0.25000456100012697
0.25000456500012713
0.2500045690001272
0.25000457300012735
0.2500045770001274
0.25000458100012757
0.2500045850001276
0.2500045890001278
0.25000459300012784
0.250004597000128
0.25000460100012806
0.2500046040001282
0.25000459600012825
0.2500045900001285
0.2500045740001285
0.25000455600012866
0.2500045430001287
0.25000452400012885
0.2500045060001289
0.2500045030001291
0.25000450000012914
0.2500044970001293
0.2500045010001294
0.25000450500012955
0.2500045090001296
0.25000451300012977
0.2500045170001298
0.25000452100012993
0.25000452500013
0.25000452900013015
0.25000453300013026
0.2500045370001304
0.2500045410001304
0.2500045450001306
0.2500045490001307
0.2500045530001308
0.2500045570001309
0.250004561000131
0.2500045650001311
0.25000456900013124
0.2500045730001313
0.25000457700013146
0.25000458000013154
0.2500045790001317
0.2500045830001318
0.2500045870001319
0.250004591000132
0.2500045950001321
0.2500045990001322
0.2500046030001324
0.2500046070001324
0.25000461100013255
0.2500046150001326
0.25000461900013277
0.2500046230001328
0.250004627000133
0.2500046310001331
0.2500046350001332
0.2500046390001333
0.2500046430001335
0.25000464700013353
0.25000465100013364
0.2500046550001337
0.25000465900013386
0.25000466300013396
0.2500046670001341
0.2500046710001341
0.2500046750001343
0.25000467900013434
0.2500046830001345
0.2500046870001346
0.2500046910001347
0.2500046950001348
0.25000469900013494
0.250004703000135
0.25000470700013516
0.25000471100013527
0.2500047150001354
0.2500047190001355
0.2500047230001356
0.2500047270001357
0.25000473100013587
0.25000473500013587
0.25000473900013603
0.2500047430001361
0.25000474700013625
0.2500047510001363
0.25000475500013647
0.2500047590001366
0.2500047630001367
0.2500047670001368
0.25000477100013696
0.250004775000137
0.2500047790001371
0.2500047830001372
0.25000478700013734
0.25000479100013745
0.25000479500013756
0.2500047990001376
0.2500048030001378
0.25000480700013783
0.250004811000138
0.2500048150001381
0.2500048190001382
0.25000482300013827
0.25000482700013843
0.2500048310001385
0.25000483500013865
0.25000483900013876
0.25000484300013887
0.250004847000139
0.2500048510001391
0.2500048550001392
0.25000485900013936
0.25000486300013935
0.2500048670001395
0.2500048710001396
0.25000487500013974
0.2500048790001398
0.25000488300013995
0.25000488700014006
0.2500048910001402
0.2500048950001403
0.25000489900014045
0.2500049030001405
0.2500049070001406
0.25000491100014066
0.2500049150001408
0.25000491900014093
0.25000492300014104
0.2500049270001411
0.25000493100014126
0.2500049350001413
0.2500049390001415
0.2500049430001416
0.2500049470001417
0.25000495100014175
0.2500049550001419
0.25000495900014197
0.25000496300014213
0.25000496700014224
0.25000497100014235
0.25000497500014246
0.25000497900014257
0.2500049830001427
0.25000498700014284
0.25000499100014284
0.250004995000143
0.25000499900014306
0.2500050030001432
0.2500050070001433
0.25000501100014344
0.25000501500014355
0.25000501900014366
0.25000502300014377
0.25000502700014393
0.250005031000144
0.2500050350001441
0.25000503900014415
0.2500050430001443
0.2500050470001444
0.25000505100014453
0.2500050550001446
0.25000505900014475
0.2500050630001448
0.25000506700014496
0.2500050710001451
0.2500050750001452
0.25000507900014524
0.2500050830001454
0.25000508700014545
0.2500050910001456
0.2500050950001457
0.25000509900014584
0.25000510300014595
0.25000510700014605
0.25000511100014616
0.2500051150001463
0.2500051190001463
0.2500051230001465
0.25000512700014654
0.2500051310001467
0.25000513500014676
0.2500051390001469
0.25000514300014703
0.25000514700014714
0.25000515100014725
0.2500051550001474
0.25000515900014747
0.2500051630001476
0.25000516700014763
0.2500051710001478
0.2500051750001479
0.250005179000148
0.25000518300014807
0.25000518700014823
0.2500051910001483
0.25000519500014845
0.25000519900014856
0.25000520300014867
0.2500052070001487
0.2500052110001489
0.25000521500014894
0.2500052190001491
0.2500052230001492
0.2500052270001493
0.25000523100014943
0.25000523500014954
0.25000523900014965
0.2500052430001498
0.2500052470001498
0.25000525100015
0.25000525500015003
0.2500052590001502
0.25000526300015025
0.2500052670001504
0.2500052710001505
0.25000527500015063
0.25000527900015074
0.2500052830001509
0.25000528700015096
0.25000529100015106
0.2500052950001511
0.2500052990001513
0.2500053030001514
0.2500053070001515
0.25000531100015155
0.2500053150001517
0.25000531900015177
0.25000532300015194
0.25000532700015204
0.25000533100015215
0.2500053350001522
0.25000533900015237
0.2500053430001524
0.2500053470001526
0.2500053510001527
0.2500053550001528
0.2500053590001529
0.250005363000153
0.25000536700015313
0.2500053710001533
0.2500053750001533
0.25000537900015346
0.2500053830001535
0.2500053870001537
0.25000539100015373
0.2500053950001539
0.250005399000154
0.2500054030001541
0.2500054070001542
0.2500054110001544
0.25000541500015444
0.25000541900015455
0.2500054230001546
0.25000542700015477
0.2500054310001549
0.250005435000155
0.25000543900015504
0.2500054430001552
0.25000544700015526
0.2500054510001554
0.25000545500015553
0.25000545900015564
0.2500054630001557
0.25000546700015586
0.2500054710001559
0.2500054750001561
0.2500054790001562
0.2500054830001563
0.2500054870001564
0.2500054910001565
0.2500054950001566
0.2500054990001568
0.2500055030001568
0.25000550700015695
0.250005511000157
0.25000551500015716
0.2500055190001572
0.2500055230001574
0.2500055270001575
0.2500055310001576
0.2500055350001577
0.2500055390001579
0.2500055430001579
0.25000554700015803
0.2500055510001581
0.25000555500015825
0.25000555900015836
0.25000556300015847
0.2500055670001585
0.2500055710001587
0.25000557500015874
0.2500055790001589
0.250005583000159
0.2500055870001591
0.2500055910001592
0.25000559500015934
0.2500055990001594
0.25000560300015956
0.25000560700015967
0.2500056110001598
0.2500056150001599
0.25000561900016
0.2500056230001601
0.25000562700016027
0.25000563100016027
0.25000563500016043
0.2500056390001605
0.25000564300016065
0.2500056470001607
0.25000565100016087
0.250005655000161
0.2500056590001611
0.2500056630001612
0.25000566700016136
0.2500056710001614
0.2500056750001615
0.2500056790001616
0.25000568300016174
0.25000568700016185
0.25000569100016196
0.250005695000162
0.2500056990001622
0.2500057030001622
0.2500057070001624
0.2500057110001625
0.2500057150001626
0.25000571900016266
0.2500057230001628
0.2500057270001629
0.25000573100016305
0.25000573500016315
0.25000573900016326
0.25000574300016337
0.2500057470001635
0.2500057510001636
0.25000575500016375
0.25000575900016375
0.2500057630001639
0.25000576700016397
0.25000577100016413
0.2500057750001642
0.25000577900016435
0.25000578300016446
0.25000578700016457
0.2500057910001647
0.25000579500016484
0.2500057990001649
0.250005803000165
0.25000580700016506
0.2500058110001652
0.25000581500016533
0.25000581900016544
0.2500058230001655
0.25000582700016566
0.2500058310001657
0.2500058350001659
0.250005839000166
0.2500058430001661
0.25000584700016615
0.2500058510001663
0.25000585500016637
0.25000585900016653
0.25000586300016664
0.25000586700016675
0.25000587100016686
0.25000587500016697
0.2500058790001671
0.25000588300016724
0.25000588700016724
0.2500058910001674
0.25000589500016746
0.2500058990001676
0.2500059030001677
0.25000590700016784
0.25000591100016795
0.25000591500016806
0.25000591900016816
0.25000592300016833
0.2500059270001684
0.2500059310001685
0.25000593500016854
0.2500059390001687
0.2500059430001688
0.2500059470001689
0.250005951000169
0.25000595500016914
0.2500059590001692
0.25000596300016936
0.25000596700016947
0.2500059710001696
0.25000597500016963
0.2500059790001698
0.25000598300016985
0.25000598700017
0.2500059910001701
0.25000599500017023
0.25000599900017034
0.25000600300017045
0.25000600700017056
0.2500060110001707
0.2500060150001707
0.2500060190001709
0.25000602300017094
0.2500060270001711
0.25000603100017116
0.2500060350001713
0.25000603900017143
0.25000604300017154
0.25000604700017165
0.2500060510001718
0.25000605500017187
0.250006059000172
0.25000606300017203
0.2500060670001722
0.2500060710001723
0.2500060750001724
0.25000607900017247
0.25000608300017263
0.2500060870001727
0.25000609100017285
0.25000609500017296
0.25000609900017307
0.2500061030001731
0.2500061070001733
0.25000611100017334
0.2500061150001735
0.2500061190001736
0.2500061230001737
0.25000612700017383
0.25000613100017394
0.25000613500017405
0.2500061390001742
0.2500061430001742
0.2500061470001744
0.2500061510001744
0.2500061550001746
0.25000615900017464
0.2500061630001748
0.2500061670001749
0.250006171000175
0.25000617500017513
0.2500061790001753
0.25000618300017535
0.25000618700017546
0.2500061910001755
0.2500061950001757
0.2500061990001758
0.2500062030001759
0.25000620700017595
0.2500062110001761
0.25000621500017617
0.25000621900017633
0.25000622300017644
0.25000622700017655
0.2500062310001766
0.25000623500017677
0.2500062390001768
0.250006243000177
0.2500062470001771
0.2500062510001772
0.2500062550001773
0.2500062590001774
0.25000626300017753
0.2500062670001777
0.2500062710001777
0.25000627500017786
0.2500062790001779
0.2500062830001781
0.25000628700017813
0.2500062910001783
0.2500062950001784
0.2500062990001785
0.2500063030001786
0.2500063070001788
0.25000631100017884
0.25000631500017895
0.250006319000179
0.25000632300017916
0.2500063270001793
0.2500063310001794
0.25000633500017944
0.2500063390001796
0.25000634300017965
0.2500063470001798
0.2500063510001799
0.25000635500018004
0.2500063590001801
0.25000636300018025
0.2500063670001803
0.25000637100018047
0.2500063750001806
0.2500063790001807
0.2500063830001808
0.2500063870001809
0.250006391000181
0.2500063950001812
0.2500063990001812
0.25000640300018134
0.2500064070001814
0.25000641100018156
0.2500064150001816
0.2500064190001818
0.2500064230001819
0.250006427000182
0.2500064310001821
0.25000643500018227
0.2500064390001823
0.25000644300018243
0.2500064470001825
0.25000645100018265
0.25000645500018276
0.25000645900018287
0.2500064630001829
0.2500064670001831
0.25000647100018314
0.2500064750001833
0.2500064790001834
0.2500064830001835
0.2500064870001836
0.25000649100018374
0.2500064950001838
0.25000649900018396
0.25000650300018407
0.2500065070001842
0.2500065110001843
0.2500065150001844
0.2500065190001845
0.25000652300018467
0.25000652700018466
0.25000653100018483
0.2500065350001849
0.25000653900018505
0.2500065430001851
0.25000654700018526
0.2500065510001854
0.2500065550001855
0.2500065590001856
0.25000656300018576
0.2500065670001858
0.2500065710001859
0.25000657500018597
0.25000657900018614
0.25000658300018624
0.25000658700018635
0.2500065910001864
0.25000659500018657
0.2500065990001866
0.2500066030001868
0.2500066070001869
0.250006611000187
0.25000661500018706
0.25000661800018725
0.2500066220001873
0.25000662600018747
0.2500066300001875
0.25000663400018763
0.25000663800018774
0.25000664200018785
0.25000664600018796
0.2500066500001881
0.2500066540001882
0.25000665800018834
0.2500066620001884
0.25000666600018856
0.2500066700001886
0.2500066740001888
0.25000667800018883
0.25000668200018894
0.25000668600018905
0.2500066900001892
0.25000669400018927
0.25000669800018943
0.2500067020001895
0.25000670600018965
0.2500067100001897
0.25000671400018987
0.2500067180001899
0.2500067220001901
0.25000672600019014
0.2500067300001903
0.25000673400019036
0.2500067380001905
0.2500067420001906
0.25000674600019074
0.2500067500001908
0.25000675400019096
0.250006758000191
0.2500067620001911
0.2500067660001912
0.25000677000019134
0.25000677400019145
0.2500067780001916
0.25000678200019166
0.2500067860001918
0.2500067900001919
0.25000679400019205
0.2500067980001921
0.25000680200019226
0.2500068060001923
0.2500068100001924
0.25000681400019253
0.2500068180001927
0.25000682200019275
0.2500068260001929
0.25000683000019297
0.25000683400019313
0.2500068380001932
0.25000684200019335
0.2500068460001934
0.25000685000019357
0.2500068540001936
0.2500068580001938
0.25000686200019384
0.250006866000194
0.25000687000019406
0.2500068740001942
0.2500068780001943
0.25000688200019444
0.2500068860001945
0.2500068900001946
0.2500068940001947
0.2500068980001948
0.25000690200019493
0.2500069060001951
0.25000691000019515
0.2500069140001953
0.25000691800019537
0.25000692200019553
0.2500069260001956
0.25000693000019575
0.2500069340001958
0.2500069380001959
0.250006942000196
0.2500069460001962
0.25000695000019624
0.2500069540001964
0.25000695800019646
0.2500069620001966
0.2500069660001967
0.25000697000019684
0.2500069740001969
0.25000697800019706
0.2500069820001971
0.2500069860001973
0.2500069900001973
0.2500069940001975
0.25000699800019754
0.2500070020001977
0.25000700600019776
0.2500070100001979
0.250007014000198
0.2500070180001981
0.2500070220001982
0.2500070260001983
0.2500070300001984
0.2500070340001986
0.25000703800019863
0.2500070420001988
0.25000704600019885
0.250007050000199
0.25000705400019907
0.25000705800019923
0.2500070620001993
0.2500070660001994
0.2500070700001995
0.25000707400019967
0.2500070780001997
0.2500070820001999
0.25000708600019994
0.2500070900002001
0.25000709400020016
0.2500070980002003
0.2500071020002004
0.25000710600020054
0.2500071100002006
0.25000711400020076
0.2500071180002008
0.250007122000201
0.25000712600020103
0.2500071300002012
0.25000713400020125
0.2500071380002014
0.25000714200020147
0.2500071460002016
0.2500071500002017
0.2500071540002018
0.2500071580002019
0.25000716200020207
0.2500071660002021
0.2500071700002023
0.25000717400020234
0.2500071780002025
0.25000718200020255
0.2500071860002027
0.2500071900002028
0.2500071940002029
0.250007198000203
0.25000720200020315
0.2500072060002032
0.2500072100002034
0.2500072140002034
0.2500072180002036
0.25000722200020364
0.2500072260002038
0.25000723000020386
0.250007234000204
0.2500072380002041
0.25000724200020424
0.2500072460002043
0.25000725000020446
0.2500072540002045
0.2500072580002047
0.25000726200020473
0.2500072660002049
0.25000727000020495
0.25000727400020506
0.25000727800020517
0.2500072820002053
0.2500072860002054
0.25000729000020555
0.2500072940002056
0.25000729800020577
0.2500073020002058
0.250007306000206
0.25000731000020604
0.2500073140002062
0.25000731800020626
0.25000732200020637
0.2500073260002065
0.25000733000020664
0.2500073340002067
0.25000733800020686
0.2500073420002069
0.2500073460002071
0.25000735000020713
0.2500073540002073
0.25000735800020735
0.2500073620002075
0.25000736600020756
0.25000737000020773
0.2500073740002078
0.25000737800020795
0.250007382000208
0.25000738600020816
0.2500073900002082
0.2500073940002084
0.25000739800020844
0.25000740200020855
0.25000740600020865
0.25000741000020876
0.25000741400020887
0.25000741800020904
0.2500074220002091
0.25000742600020925
0.2500074300002093
0.25000743400020947
0.2500074380002095
0.2500074420002097
0.25000744600020974
0.25000745000020985
0.25000745200020996
0.2500074560002101
0.2500074600002102
0.25000746400021034
0.2500074680002104
0.25000747200021056
0.2500074760002106
0.2500074800002108
0.25000748400021083
0.250007488000211
0.25000749200021105
0.2500074960002112
0.25000750000021127
0.25000750400021143
0.2500075080002115
0.25000751200021165
0.2500075160002117
0.25000752000021187
0.2500075240002119
0.2500075280002121
0.25000753200021214
0.25000753600021225
0.25000754000021236
0.2500075440002125
0.2500075480002126
0.25000755200021274
0.2500075560002128
0.25000756000021296
0.250007564000213
0.2500075680002132
0.2500075720002133
0.25000757600021334
0.25000758000021345
0.2500075840002136
0.25000758800021367
0.25000759200021383
0.2500075960002139
0.25000760000021405
0.2500076040002141
0.25000760800021427
0.2500076120002143
0.2500076160002145
0.25000762000021454
0.2500076240002147
0.25000762800021475
0.2500076320002149
0.25000763600021497
0.25000764000021514
0.2500076440002152
0.25000764800021535
0.2500076520002154
0.2500076560002156
0.2500076600002156
0.25000766400021573
0.25000766800021584
0.250007672000216
0.25000767600021606
0.2500076800002162
0.2500076840002163
0.25000768800021644
0.2500076920002165
0.25000769600021666
0.25000770000021677
0.2500077040002168
0.25000770800021693
0.2500077120002171
0.25000771600021715
0.2500077200002173
0.25000772400021737
0.25000772800021753
0.2500077320002176
0.25000773600021775
0.2500077400002178
0.25000774400021797
0.250007747000218
0.25000775100021816
0.2500077550002182
0.2500077590002184
0.2500077630002185
0.2500077670002186
0.25000777100021865
0.2500077750002188
0.2500077790002189
0.25000778300021903
0.2500077870002191
0.25000779100021925
0.25000779500021936
0.2500077990002195
0.2500078030002196
0.25000780700021974
0.25000781100021974
0.2500078150002199
0.25000781900021996
0.2500078230002201
0.25000782700022023
0.25000783100022034
0.25000783500022045
0.25000783900022056
0.25000784300022066
0.25000784700022083
0.2500078510002208
0.250007855000221
0.2500078590002211
0.2500078630002212
0.2500078670002213
0.2500078710002215
0.2500078750002215
0.25000787900022164
0.2500078830002217
0.25000788700022186
0.25000789100022197
0.2500078950002221
0.25000789900022213
0.2500079030002223
0.2500079070002224
0.2500079110002225
0.25000791500022257
0.25000791900022273
0.25000792300022284
0.250007927000223
0.25000793100022306
0.2500079350002232
0.2500079390002232
0.2500079430002234
0.25000794700022344
0.2500079510002236
0.2500079550002237
0.2500079590002238
0.25000796300022393
0.25000796700022404
0.25000797100022415
0.2500079750002243
0.2500079790002243
0.2500079830002245
0.2500079870002246
0.2500079910002247
0.2500079950002248
0.25000799900022497
0.25000800300022497
0.25000800700022513
0.2500080110002252
0.25000801500022535
0.25000801900022546
0.25000802300022557
0.2500080270002256
0.2500080310002258
0.2500080350002259
0.250008039000226
0.25000804300022605
0.2500080470002262
0.25000805100022633
0.2500080550002265
0.25000805900022655
0.2500080630002267
0.2500080670002267
0.2500080710002269
0.2500080750002269
0.2500080790002271
0.2500080830002272
0.2500080870002273
0.2500080910002274
0.2500080950002275
0.25000809900022763
0.2500081030002278
0.2500081070002278
0.25000811100022796
0.25000811500022807
0.2500081190002282
0.2500081230002283
0.25000812700022845
0.25000813100022845
0.2500081350002286
0.25000813900022867
0.25000814300022883
0.25000814700022894
0.25000815100022905
0.2500081550002291
0.25000815900022927
0.2500081630002294
0.2500081670002295
0.25000817100022954
0.2500081750002297
0.2500081790002298
0.25000818300023
0.25000818700023003
0.2500081910002302
0.2500081950002302
0.25000819900023036
0.2500082030002304
0.2500082070002306
0.2500082110002307
0.2500082150002308
0.2500082190002309
0.250008223000231
0.2500082270002311
0.2500082310002313
0.2500082350002313
0.25000823900023145
0.25000824300023156
0.25000824700023166
0.2500082510002318
0.25000825500023194
0.25000825900023194
0.2500082630002321
0.25000826700023215
0.2500082710002323
0.2500082750002324
0.25000827900023254
0.2500082830002326
0.25000828700023275
0.25000829100023286
0.25000829500023297
0.250008299000233
0.2500083030002332
0.2500083070002333
0.25000831100023346
0.2500083150002335
0.2500083190002337
0.2500083230002337
0.25000832700023384
0.2500083310002339
0.25000833500023406
0.25000833900023417
0.2500083430002343
0.2500083470002344
0.2500083510002345
0.2500083550002346
0.25000835900023477
0.25000836300023477
0.25000836700023493
0.25000837100023504
0.25000837500023515
0.25000837900023526
0.2500083830002354
0.2500083870002354
0.2500083910002356
0.25000839500023564
0.2500083990002358
0.2500084030002359
0.250008407000236
0.2500084110002361
0.25000841500023624
0.25000841900023635
0.25000842300023646
0.2500084270002365
0.25000843000023665
0.25000842600023676
0.2500084280002369
0.2500084320002369
0.25000843600023714
0.2500084400002372
0.25000844400023736
0.2500084480002374
0.2500084520002376
0.25000845600023763
0.2500084600002378
0.25000846400023785
0.250008468000238
0.25000847200023807
0.25000847600023823
0.2500084800002383
0.25000848400023845
0.2500084880002385
0.25000849200023867
0.2500084960002387
0.2500085000002389
0.25000850400023894
0.2500085080002391
0.25000851200023916
0.2500085160002393
0.2500085200002394
0.25000852400023954
0.2500085280002396
0.25000853200023976
0.2500085360002398
0.25000854000024
0.25000854400024003
0.2500085480002402
0.25000855200024025
0.2500085560002404
0.2500085600002404
0.25000856400024063
0.2500085680002407
0.25000857200024085
0.2500085760002409
0.25000858000024107
0.2500085840002411
0.2500085880002413
0.25000859200024134
0.2500085960002415
0.25000860000024155
0.2500086040002417
0.25000860800024177
0.25000861200024194
0.250008616000242
0.25000862000024215
0.2500086240002422
0.25000862800024237
0.2500086320002424
0.2500086360002426
0.25000864000024264
0.2500086440002428
0.25000864800024286
0.250008652000243
0.2500086560002431
0.25000866000024324
0.2500086640002433
0.25000866800024346
0.2500086720002435
0.2500086760002437
0.25000868000024373
0.2500086840002439
0.2500086880002439
0.2500086920002441
0.25000869600024417
0.25000870000024433
0.2500087040002444
0.25000870800024455
0.2500087120002446
0.25000871600024477
0.2500087200002448
0.250008724000245
0.25000872800024504
0.2500087320002452
0.25000873600024526
0.2500087400002454
0.2500087440002455
0.25000874800024564
0.2500087520002457
0.25000875600024586
0.2500087600002459
0.2500087640002461
0.25000876800024613
0.2500087720002463
0.25000877600024635
0.2500087800002465
0.25000878400024656
0.25000878800024673
0.2500087920002468
0.25000879600024695
0.250008800000247
0.25000880400024716
0.2500088080002472
0.2500088120002474
0.2500088160002474
0.2500088200002476
0.25000882400024765
0.2500088280002478
0.25000883200024787
0.25000883600024804
0.2500088400002481
0.25000884400024825
0.2500088480002483
0.25000885200024847
0.2500088560002485
0.2500088600002487
0.25000886400024874
0.2500088680002489
0.25000887200024896
0.2500088760002491
0.2500088800002492
0.25000888400024934
0.2500088880002494
0.25000889200024956
0.2500088960002496
0.2500089000002498
0.25000890400024983
0.25000890800025
0.25000891200025005
0.2500089160002502
0.25000892000025027
0.25000892400025043
0.2500089280002505
0.25000893200025065
0.2500089360002507
0.25000894000025087
0.25000894400025087
0.2500089480002511
0.25000895200025114
0.2500089560002513
0.25000896000025136
0.2500089640002515
0.2500089680002516
0.25000897200025174
0.2500089760002518
0.25000898000025196
0.250008984000252
0.2500089880002522
0.25000899200025223
0.2500089960002524
0.25000900000025245
0.2500090040002526
0.25000900800025266
0.25000901200025283
0.2500090160002529
0.25000902000025305
0.2500090240002531
0.25000902800025326
0.2500090320002533
0.2500090360002535
0.25000904000025354
0.2500090440002537
0.25000904800025375
0.2500090520002539
0.25000905600025397
0.25000906000025414
0.2500090640002542
0.25000906800025435
0.25000907200025435
0.25000907600025457
0.2500090800002546
0.2500090840002548
0.25000908800025484
0.250009092000255
0.25000909600025506
0.2500091000002552
0.2500091040002553
0.25000910800025544
0.2500091120002555
0.25000911600025566
0.2500091200002557
0.2500091240002559
0.25000912800025593
0.2500091320002561
0.25000913600025615
0.2500091400002563
0.25000914400025637
0.25000914800025653
0.2500091520002566
0.25000915600025675
0.2500091600002568
0.25000916400025697
0.250009168000257
0.2500091720002572
0.25000917600025724
0.2500091800002574
0.25000918400025746
0.2500091880002576
0.2500091920002577
0.25000919600025784
0.25000920000025784
0.25000920400025806
0.2500092080002581
0.2500092120002583
0.2500092160002583
0.2500092200002585
0.25000922400025855
0.2500092280002587
0.25000923200025876
0.2500092360002589
0.250009240000259
0.25000924400025915
0.2500092480002592
0.25000925200025936
0.2500092560002594
0.2500092600002596
0.25000926400025963
0.2500092680002598
0.25000927200025985
0.25000927600026
0.25000928000026007
0.25000928400026023
0.2500092880002603
0.25000929200026045
0.2500092960002605
0.25000930000026067
0.2500093040002607
0.2500093080002609
0.25000931200026094
0.2500093160002611
0.25000932000026116
0.2500093240002613
0.2500093280002613
0.25000933200026154
0.2500093360002616
0.25000934000026176
0.2500093440002618
0.250009348000262
0.25000935200026203
0.2500093560002622
0.25000936000026225
0.2500093640002624
0.25000936800026247
0.25000937200026263
0.2500093760002627
0.25000938000026285
0.2500093840002629
0.25000938800026307
0.2500093920002631
0.2500093960002633
0.25000940000026334
0.2500094040002635
0.25000940800026356
0.2500094120002637
0.2500094160002638
0.25000942000026394
0.250009424000264
0.25000942800026416
0.2500094320002642
0.2500094360002644
0.2500094400002644
0.2500094440002646
0.25000944800026464
0.2500094520002648
0.2500094560002648
0.250009460000265
0.2500094640002651
0.25000946800026524
0.2500094720002653
0.25000947600026546
0.2500094800002655
0.2500094840002657
0.25000948800026573
0.2500094920002659
0.25000949600026595
0.2500095000002661
0.25000950400026617
0.25000950800026633
0.2500095120002664
0.25000951600026655
0.2500095200002666
0.25000952400026677
0.2500095280002668
0.250009532000267
0.25000953600026704
0.2500095400002672
0.25000954400026726
0.2500095480002674
0.2500095520002675
0.25000955600026764
0.2500095600002677
0.25000956400026786
0.2500095680002679
0.2500095720002681
0.25000957600026813
0.2500095800002683
0.2500095840002683
0.2500095880002685
0.25000959200026857
0.25000959600026873
0.2500096000002688
0.25000960400026895
0.250009608000269

Avalanche_Distribution:
202
15
1
1
1
148
6
1
2
1
11
