
Branching_global:
1.0000000042022739
1.0000004241261964
1.0000008502363877
1.000001259974911
1.000001070563065
1.0000014703776887
1.0000018552192107
1.0000023182786975
1.000002698559817
1.0000031700886187

Autocorrelation:
237966.40459148888
2357.7893103166225
1176.1439989376652
793.6670970190335
934.0883950640266
680.0978706778361
539.0203604197787
431.35502225708757
370.5685317785165
315.44909474712597

Average_Activity:
0.0
0.0
0.0
0.0
0.0
0.0
0.0
0.0
0.0
0.0
0.0
0.0
0.0
0.0
0.0
0.0
0.0
0.0
0.0
0.0
0.0
0.0
0.0
0.0
0.0
0.0
0.0
0.0
0.0
0.0
0.0
0.0
0.0
0.0
0.0
0.0
0.0
0.0
0.0
0.0
0.0
0.0
0.0
0.0
0.0
0.0
0.0
0.0
0.0
0.0
0.0
0.0
0.0
0.0
0.0
0.0
0.0
0.0
0.0
0.0
0.0
0.0
0.0
0.0
0.0
0.0
0.0
0.25
0.5
0.0
0.0
0.0
0.0
0.0
0.0
0.0
0.0
0.0
0.0
0.0
0.0
0.0
0.0
0.0
0.0
0.0
0.0
0.0
0.0
0.0
0.0
0.0
0.75
2.5
9.0
10.0
12.25
5.75
0.0
0.0
0.0
0.0
0.0
0.0
0.0
0.0
0.0
0.0
0.0
0.0
0.0
0.0
0.0
0.0
0.0
0.0
0.0
0.0
0.0
0.0
0.0
0.0
0.0
0.0
0.0
0.0
0.0
0.0
0.0
0.0
0.0
0.0
0.0
0.0
0.0
0.0
0.0
0.0
0.0
0.0
0.0
0.0
0.0
0.0
0.0
0.0
0.0
0.0
0.0
0.0
0.0
0.0
0.0
0.0
0.0
0.0
0.0
0.0
0.0
0.0
0.0
0.0
0.0
0.0
0.0
0.0
0.0
0.0
0.0
0.0
0.0
0.0
0.0
0.0
0.0
0.0
0.0
0.0
0.0
0.0
0.0
0.0
0.0
0.0
0.0
0.0
0.0
0.0
0.0
0.0
0.0
0.0
0.0
0.25
0.0
0.0
0.0
0.0
0.0
0.0
0.0
0.0
0.0
0.0
0.0
0.0
0.0
0.0
0.0
0.0
0.0
0.0
0.0
0.0
0.0
0.0
0.0
0.0
0.0
0.0
0.25
0.0
0.0
0.0
0.0
0.0
0.0
0.0
0.0
0.0
0.25
0.0
0.0
0.0
0.0
0.0
0.0
0.0
0.0
0.0
0.0
0.0
0.0
0.0
0.0
0.0
0.0
0.0
0.0
0.0

Average_Alpha:
0.25000000105273773
0.2500000052636888
0.25000000947463985
0.2500000136855909
0.2500000178965419
0.25000002210749295
0.250000026318444
0.250000030529395
0.25000003474034604
0.25000003895129713
0.25000004316224816
0.2500000473731992
0.25000005158415023
0.25000005579510126
0.2500000600060523
0.2500000642170033
0.25000006842795436
0.2500000726389054
0.2500000768498564
0.25000008106080746
0.2500000852717585
0.2500000894827096
0.2500000936936606
0.25000009790461164
0.2500001021155627
0.2500001063265137
0.25000011053746474
0.25000011474841577
0.25000011895936686
0.2500001231703179
0.2500001273812689
0.25000013159221995
0.250000135803171
0.2500001400141221
0.25000014422507305
0.2500001484360241
0.25000015264697517
0.2500001568579262
0.25000016106887724
0.25000016527982827
0.2500001694907793
0.25000017370173033
0.25000017791268137
0.2500001821236324
0.25000018633458343
0.2500001905455345
0.25000019475648555
0.2500001989674366
0.2500002031783876
0.25000020738933865
0.2500002116002897
0.2500002158112407
0.25000022002219174
0.2500002242331428
0.25000022844409386
0.2500002326550449
0.25000023686599593
0.25000024107694696
0.250000245287898
0.250000249498849
0.25000025370980006
0.2500002579207511
0.2500002621317021
0.25000026634265315
0.2500002705536042
0.2500002747645553
0.2500002789755063
0.2500002821864573
0.2500002843974084
0.25000028860835943
0.25000029281931047
0.2500002970302615
0.25000030124121253
0.25000030545216356
0.2500003096631146
0.2500003138740656
0.25000031808501666
0.25000032229596775
0.2500003265069188
0.2500003307178698
0.25000033492882084
0.2500003391397719
0.2500003433507229
0.25000034756167394
0.250000351772625
0.250000355983576
0.2500003601945271
0.25000036440547807
0.25000036861642916
0.2500003728273802
0.2500003770383312
0.25000038124928226
0.2500003824602333
0.2500003766711843
0.2500003448821354
0.2500003090930864
0.25000026430403743
0.25000024551498845
0.25000024972593954
0.25000025393689057
0.2500002581478416
0.2500002623587927
0.25000026656974367
0.25000027078069476
0.25000027499164573
0.2500002792025968
0.25000028341354785
0.2500002876244989
0.2500002918354499
0.25000029604640095
0.25000030025735204
0.250000304468303
0.25000030867925405
0.25000031289020513
0.2500003171011561
0.25000032131210714
0.25000032552305823
0.25000032973400926
0.2500003339449603
0.25000033815591133
0.25000034236686236
0.2500003465778134
0.2500003507887644
0.25000035499971546
0.2500003592106665
0.2500003634216175
0.2500003676325686
0.25000037184351964
0.2500003760544707
0.2500003802654217
0.25000038447637274
0.25000038868732377
0.2500003928982748
0.25000039710922584
0.25000040132017687
0.2500004055311279
0.250000409742079
0.25000041395302997
0.250000418163981
0.2500004223749321
0.2500004265858831
0.25000043079683415
0.2500004350077852
0.2500004392187362
0.25000044342968725
0.2500004476406383
0.2500004518515893
0.25000045606254034
0.2500004602734914
0.25000046448444246
0.2500004686953935
0.2500004729063445
0.25000047711729556
0.2500004813282466
0.2500004855391977
0.2500004897501487
0.2500004939610997
0.2500004981720508
0.2500005023830018
0.25000050659395284
0.2500005108049039
0.2500005150158549
0.25000051922680594
0.25000052343775697
0.25000052764870806
0.25000053185965904
0.25000053607061007
0.25000054028156116
0.2500005444925122
0.25000054870346317
0.25000055291441425
0.2500005571253653
0.2500005613363163
0.25000056554726735
0.2500005697582184
0.2500005739691694
0.25000057818012045
0.25000058239107154
0.2500005866020225
0.25000059081297354
0.25000059502392463
0.2500005992348756
0.2500006034458267
0.25000060765677773
0.25000061186772876
0.2500006160786798
0.2500006202896308
0.2500006245005819
0.2500006287115329
0.250000632922484
0.250000637133435
0.25000064134438604
0.2500006455553371
0.25000064876628814
0.2500006529772391
0.2500006571881902
0.25000066139914123
0.25000066561009227
0.2500006698210433
0.25000067403199433
0.25000067824294536
0.2500006824538964
0.2500006866648474
0.25000069087579846
0.2500006950867495
0.2500006992977006
0.2500007035086516
0.2500007077196026
0.2500007119305537
0.2500007161415047
0.25000072035245574
0.2500007245634068
0.2500007287743578
0.25000073298530884
0.25000073719625987
0.2500007414072109
0.25000074561816193
0.250000749829113
0.25000075404006405
0.2500007582510151
0.2500007614619661
0.2500007656729172
0.2500007698838682
0.25000077409481924
0.2500007783057703
0.2500007825167213
0.25000078672767234
0.2500007909386234
0.2500007951495744
0.25000079936052544
0.25000080257147644
0.25000080678242753
0.25000081099337856
0.25000081520432965
0.25000081941528063
0.25000082362623166
0.25000082783718275
0.2500008320481338
0.2500008362590848
0.25000084047003585
0.2500008446809869
0.2500008488919379
0.25000085310288894
0.25000085731384
0.250000861524791
0.25000086573574204
0.25000086994669307
0.2500008741576441
0.25000087836859514
0.2500008825795462

Avalanche_Distribution:
3
161
1
1
1
