
Branching_global:
1.000000004
0.9999884840000054
0.9999712570000053
0.9999690900000053
0.9999675520000049
0.9999669500000048
0.9999669890000046
0.9999609180000043
0.9999551860000042
0.9999540390000038

Autocorrelation:
249999.99369269525
-86.83520688237756
-34.79057957125683
-32.35148965037024
-30.818040435843354
-30.256686083330028
-30.292432660262826
-25.586726855915753
-22.313955302510095
-21.757077074181485

Average_Activity:
0.0
0.0
0.0
1.5
4.0
8.5
19.25
22.0
16.75
9.5
7.5
20.25
37.5
50.25
55.25
50.25
55.5
50.0
60.75
61.25
51.25
43.0
30.0
30.25
27.25
28.75
24.0
26.5
46.0
61.25
63.5
48.5
29.0
34.25
40.25
45.5
45.75
43.5
54.5
49.75
47.5
44.0
46.75
53.75
56.0
52.75
46.5
45.0
36.25
30.25
25.75
18.5
22.5
17.5
22.5
25.75
18.25
12.25
5.75
0.0
0.0
0.0
1.75
5.75
4.75
1.0
0.0
0.25
2.25
4.75
7.25
6.0
9.75
6.5
5.0
0.0
0.0
0.0
0.0
4.25
8.75
4.5
6.25
9.0
11.0
6.0
2.5
1.0
5.5
8.0
10.25
10.0
6.0
2.25
2.25
3.5
1.5
2.75
1.0
0.0
0.25
0.0
0.0
0.0
0.0
0.0
0.0
0.25
0.0
0.0
0.25
0.0
0.25
0.25
0.5
0.25
2.0
1.25
0.0
0.0
0.0
0.5
4.25
5.75
4.5
4.75
1.5
0.0
0.0
0.0
0.0
0.25
5.75
6.25
4.25
1.75
0.5
0.5
0.25
0.5
0.0
0.0
0.0
0.0
0.25
2.25
0.25
0.0
0.0
0.25
2.5
7.0
6.75
9.25
15.5
27.25
23.75
8.25
9.5
4.75
1.75
1.0
4.25
8.25
15.25
14.75
27.0
36.25
33.75
36.75
37.5
39.75
32.5
8.5
9.0
12.75
11.75
10.75
15.75
14.75
16.25
17.5
18.5
10.0
8.25
7.5
6.75
4.0
1.25
2.75
5.75
13.5
16.5
18.5
28.0
25.25
30.75
27.0
26.0
23.25
14.5
5.0
3.25
0.25
0.5
0.0
0.0
0.75
3.0
3.75
1.25
2.25
3.75
5.25
9.5
10.0
5.25
4.25
5.25
9.5
9.25
11.25
4.75
2.25
0.5
0.0
0.0
0.25
0.75
0.75
0.0
0.75
3.5
12.25
12.25
14.5
16.5
15.0
13.25
9.25
12.25
15.75
17.0
14.25
16.75
11.5
10.25
7.5
2.0
1.5

Average_Alpha:
0.250000001
0.2500000050000001
0.25000000900000025
0.2500000070000003
0.24999999500000047
0.24999996500000052
0.24999989200000067
0.2499998080000007
0.24999974500000088
0.24999971100000087
0.24999968500000103
0.249999608000001
0.24999946200000114
0.24999926500000114
0.24999904800000125
0.24999885100000124
0.2499986330000013
0.24999843700000127
0.24999819800000134
0.24999795700000133
0.24999775600000135
0.24999758800000133
0.24999747200000136
0.24999735500000134
0.24999725000000136
0.24999713900000137
0.24999704700000136
0.24999694500000139
0.2499967650000014
0.24999652400000139
0.2499962740000014
0.24999608400000137
0.2499959720000014
0.24999583900000136
0.2499956820000014
0.24999550400000137
0.24999532500000138
0.24999515500000138
0.24999494100000139
0.24999474600000138
0.24999456000000136
0.24999438800000134
0.24999420500000138
0.24999399400000136
0.24999377400000133
0.24999356700000136
0.24999338500000134
0.24999320900000135
0.24999306800000134
0.24999295100000138
0.24999285200000135
0.24999278200000133
0.24999269600000132
0.24999263000000133
0.24999254400000134
0.24999244500000134
0.24999237600000135
0.24999233100000134
0.2499923120000013
0.24999231600000132
0.24999232000000132
0.24999232400000132
0.24999232100000132
0.2499923020000013
0.24999228700000134
0.24999228700000134
0.24999229100000134
0.24999229400000134
0.24999228900000134
0.24999227400000132
0.2499922490000013
0.2499922290000013
0.24999219400000128
0.2499921720000013
0.24999215600000127
0.24999216000000127
0.2499921640000013
0.2499921680000013
0.2499921720000013
0.24999215900000127
0.24999212800000128
0.24999211400000126
0.2499920930000013
0.2499920610000013
0.24999202100000129
0.24999200100000127
0.24999199500000127
0.24999199500000124
0.24999197700000128
0.2499919490000013
0.24999191200000126
0.24999187600000128
0.2499918560000013
0.24999185100000124
0.24999184600000127
0.24999183600000122
0.24999183400000125
0.24999182700000125
0.24999182700000125
0.24999183100000125
0.24999183400000127
0.24999183800000122
0.24999184200000124
0.24999184600000124
0.24999185000000124
0.24999185400000123
0.24999185800000123
0.24999186100000123
0.24999186500000126
0.24999186900000123
0.24999187200000123
0.24999187600000125
0.24999187900000122
0.24999188200000122
0.24999188400000122
0.24999188700000122
0.24999188300000122
0.2499918820000012
0.24999188600000122
0.24999189000000122
0.24999189400000119
0.24999189600000118
0.2499918830000012
0.24999186400000117
0.24999185000000118
0.24999183500000116
0.2499918330000012
0.2499918370000012
0.24999184100000116
0.24999184500000118
0.2499918490000012
0.24999185200000115
0.2499918330000012
0.24999181200000117
0.24999179900000115
0.24999179600000115
0.24999179800000118
0.24999180000000118
0.24999180300000118
0.24999180500000118
0.24999180900000118
0.24999181300000115
0.24999181700000117
0.24999182100000114
0.24999182400000114
0.24999181900000117
0.24999182200000114
0.24999182600000114
0.24999183000000114
0.24999183300000113
0.24999182700000114
0.24999180300000115
0.24999178000000113
0.24999174700000112
0.24999168900000113
0.24999158400000113
0.24999149300000112
0.2499914640000011
0.24999143000000112
0.24999141500000113
0.2499914120000011
0.2499914120000011
0.2499913990000011
0.24999137000000113
0.24999131300000113
0.2499912580000011
0.24999115400000108
0.2499910130000011
0.2499908820000011
0.2499907390000011
0.2499905930000011
0.2499904380000011
0.2499903120000011
0.2499902820000011
0.24999025000000108
0.24999020300000108
0.24999016000000107
0.24999012100000106
0.2499900620000011
0.24999000700000107
0.24998994600000105
0.24998988000000108
0.24998981000000106
0.24998977400000105
0.24998974500000104
0.24998971900000105
0.24998969600000107
0.24998968400000107
0.24998968300000105
0.24998967600000105
0.24998965700000106
0.24998960700000106
0.24998954500000103
0.24998947500000104
0.24998936700000104
0.24998927000000104
0.24998915100000105
0.24998904700000102
0.24998894700000102
0.249988858000001
0.24998880400000104
0.24998878800000102
0.24998877900000105
0.24998878200000105
0.24998878400000105
0.24998878800000102
0.24998879200000101
0.24998879300000101
0.24998878500000102
0.249988774000001
0.249988773000001
0.24998876800000103
0.24998875700000098
0.24998874000000101
0.249988706000001
0.24998867000000097
0.249988653000001
0.249988640000001
0.249988623000001
0.24998858900000098
0.24998855600000097
0.24998851500000097
0.24998850000000097
0.24998849500000098
0.24998849700000098
0.24998850100000097
0.24998850500000097
0.249988508000001
0.24998850900000097
0.249988510000001
0.24998851400000094
0.24998851500000097
0.24998850500000094
0.24998846000000097
0.24998841500000094
0.24998836100000096
0.24998829900000094
0.24998824300000097
0.24998819400000094
0.24998816100000093
0.24998811600000095
0.24998805700000093
0.24998799300000094
0.24998794000000094
0.24998787700000094
0.24998783500000094
0.2499877980000009
0.2499877720000009
0.24998776800000092
0.24998776600000094

Avalanche_Distribution:
7921
53
167
209
216
1
1
1
1
3
14
85
75
3
2
11
466
1836
966
2
367
1
3
2
1
