
Branching_global:
1.000000004249208
1.0000004237640647
1.0000007059128695
1.0000011110115048
1.0000015274823877
1.0000019631382455
1.0000020128717335
0.9999939518980645
0.9999812300712317
0.9999817043657536

Autocorrelation:
235337.96872626225
2359.8041814256867
1416.6059242921788
900.0811883491572
654.6725329223417
509.3889764772994
496.80314437600566
-165.34062861556617
-53.27620724364815
-54.65734823338463

Average_Activity:
0.0
0.0
0.0
0.0
0.0
0.0
0.0
0.0
0.0
0.0
0.0
0.0
0.0
0.0
0.0
0.0
0.0
0.0
0.0
0.0
0.0
0.0
0.0
0.0
0.0
0.0
0.0
0.0
0.0
0.0
0.0
0.25
2.0
2.5
2.75
0.25
0.0
0.0
0.0
0.0
0.0
0.0
0.0
0.0
0.0
0.0
0.0
0.25
0.75
0.25
0.0
0.0
0.0
0.0
0.0
0.0
0.0
0.0
0.0
0.0
0.0
0.0
0.0
0.0
0.0
0.0
0.0
0.0
0.0
0.0
0.25
0.0
0.0
0.0
0.0
0.0
0.0
0.0
0.0
0.0
0.0
0.0
0.0
0.0
0.0
0.25
0.0
0.0
0.0
0.0
0.0
0.0
0.0
0.0
0.0
0.0
0.0
0.0
0.0
0.0
0.0
0.0
0.0
0.0
0.0
0.0
0.0
0.0
0.0
0.0
0.0
0.0
0.0
0.0
0.0
0.0
0.0
0.0
0.0
0.0
0.0
0.0
0.5
0.0
0.0
0.0
0.0
0.0
0.0
0.0
0.0
1.0
0.5
0.25
0.0
0.0
0.0
0.0
0.0
0.0
0.0
1.25
2.5
1.75
0.0
0.0
0.0
0.75
4.75
6.25
3.25
6.5
10.0
11.0
17.0
22.75
26.25
25.0
23.25
34.25
39.25
36.25
30.0
23.25
21.75
21.25
14.5
11.5
9.0
10.75
8.25
11.5
17.0
23.25
27.25
41.5
42.75
44.75
52.75
47.5
42.75
49.5
44.75
44.5
50.25
52.75
35.5
37.25
47.25
36.0
40.25
39.25
32.5
24.5
16.25
16.75
11.75
10.25
8.25
4.25
0.0
0.0
0.0
0.0
0.0
0.0
0.0
0.0
0.0
0.0
0.5
0.0
0.0
0.0
0.0
0.0
0.0
0.0
0.0
0.0
0.0
0.0
0.5
0.0
0.0
0.0
0.0
0.0
0.0
0.0
0.0
0.0
0.25
1.25
0.5
0.0
0.0
0.0
0.0
0.0
0.0
0.0
0.0
0.0
0.0
0.0
0.0
0.0
0.0
0.0

Average_Alpha:
0.25000000105020426
0.25000000525102145
0.25000000945183865
0.2500000136526558
0.250000017853473
0.25000002205429017
0.2500000262551073
0.2500000304559245
0.25000003465674164
0.25000003885755884
0.250000043058376
0.25000004725919317
0.25000005146001036
0.2500000556608275
0.2500000598616447
0.25000006406246184
0.25000006826327903
0.25000007246409617
0.25000007666491336
0.2500000808657305
0.2500000850665477
0.2500000892673649
0.2500000934681821
0.2500000976689992
0.25000010186981636
0.25000010607063355
0.25000011027145075
0.2500001144722679
0.2500001186730851
0.2500001228739022
0.2500001270747194
0.2500001302755366
0.2500001264763537
0.2500001206771709
0.2500001138779881
0.25000011707880526
0.2500001212796224
0.2500001254804396
0.2500001296812568
0.2500001338820739
0.25000013808289107
0.25000014228370826
0.25000014648452545
0.2500001506853426
0.2500001548861598
0.250000159086977
0.2500001632877941
0.2500001664886113
0.25000016768942845
0.2500001708902456
0.25000017509106276
0.25000017929188
0.25000018349269715
0.2500001876935143
0.2500001918943315
0.2500001960951487
0.2500002002959658
0.250000204496783
0.25000020869760015
0.25000021289841734
0.2500002170992345
0.2500002213000517
0.25000022550086887
0.250000229701686
0.25000023390250314
0.25000023810332034
0.25000024230413753
0.2500002465049547
0.25000025070577186
0.250000254906589
0.25000025810740617
0.25000026230822336
0.25000026650904056
0.2500002707098577
0.2500002749106749
0.25000027911149203
0.2500002833123092
0.2500002875131264
0.25000029171394356
0.25000029591476075
0.2500003001155779
0.2500003043163951
0.2500003085172123
0.2500003127180294
0.25000031691884655
0.2500003201196638
0.25000032432048097
0.2500003285212981
0.25000033272211525
0.25000033692293244
0.2500003411237496
0.2500003453245668
0.2500003495253839
0.2500003537262011
0.2500003579270183
0.25000036212783544
0.25000036632865263
0.2500003705294698
0.25000037473028697
0.25000037893110416
0.2500003831319213
0.2500003873327385
0.2500003915335557
0.2500003957343728
0.25000039993518997
0.25000040413600716
0.2500004083368243
0.2500004125376415
0.2500004167384587
0.2500004209392758
0.250000425140093
0.25000042934091016
0.2500004335417273
0.2500004377425445
0.2500004419433617
0.2500004461441789
0.250000450344996
0.2500004545458132
0.25000045874663035
0.25000046294744754
0.2500004671482647
0.2500004713490819
0.250000473549899
0.25000047775071627
0.25000048195153335
0.25000048615235054
0.25000049035316774
0.2500004945539849
0.250000498754802
0.25000050295561926
0.2500005071564364
0.2500005073572536
0.25000050955807074
0.2500005127588879
0.25000051695970504
0.25000052116052224
0.25000052536133943
0.2500005295621566
0.25000053376297376
0.2500005379637909
0.2500005421646081
0.2500005413654253
0.2500005355662424
0.25000053276705964
0.2500005369678768
0.25000054116869397
0.2500005453695111
0.25000054657032833
0.25000053177114545
0.25000051097196263
0.2500005021727798
0.25000048037359696
0.2500004445744141
0.2500004047752313
0.25000034097604845
0.25000025417686567
0.25000015337768283
0.25000005757849997
0.24999996877931718
0.2499998359801343
0.2499996831809515
0.24999954238176866
0.24999942658258584
0.249999337783403
0.24999925498422015
0.24999917418503736
0.2499991203858545
0.24999907858667167
0.24999904678748885
0.24999900798830602
0.2499989791891232
0.24999893738994036
0.2499988735907575
0.24999878479157467
0.24999867999239184
0.249998518193209
0.24999835139402618
0.24999817659484336
0.24999796979566052
0.2499977839964777
0.24999761719729485
0.24999742339811204
0.24999724859892922
0.24999707479974637
0.24999687800056353
0.2499966712013807
0.24999653340219788
0.24999638860301504
0.2499962038038322
0.24999606400464938
0.24999590720546655
0.24999575440628372
0.2499956286071009
0.24999553480791803
0.2499954740087352
0.2499954112095524
0.24999536841036957
0.24999533161118673
0.2499953028120039
0.24999529001282103
0.2499952942136382
0.2499952984144554
0.24999530261527256
0.2499953068160897
0.2499953110169069
0.24999531521772406
0.24999531941854125
0.2499953236193584
0.24999532782017558
0.24999533202099275
0.24999533422180992
0.24999533842262706
0.24999534262344422
0.2499953468242614
0.24999535102507858
0.24999535522589575
0.24999535942671292
0.24999536362753008
0.24999536782834725
0.24999537202916444
0.24999537622998155
0.24999538043079875
0.24999538263161594
0.24999538683243308
0.24999539103325025
0.2499953952340674
0.24999539943488458
0.24999540363570175
0.2499954078365189
0.24999541203733608
0.24999541623815327
0.24999542043897044
0.24999542363978758
0.24999542284060475
0.24999542504142191
0.24999542924223908
0.24999543344305625
0.24999543764387344
0.2499954418446906
0.24999544604550777
0.24999545024632494
0.2499954544471421
0.24999545864795927
0.24999546284877644
0.24999546704959363
0.24999547125041077
0.24999547545122794
0.2499954796520451
0.24999548385286227
0.24999548805367947

Avalanche_Distribution:
31
4
1
1
1
2
5
2
22
5478
2
2
8
