
Branching_global:
1.000000004
1.0000003900000107
1.0000007950000218
0.9999949870000282
0.9999844780000289
0.9999847060000286
0.9999850730000286
0.9999855970000286
0.9999859120000285
0.9999862080000284
0.9999865350000281
0.9999867960000284
0.9999875260000292
0.9999876140000292
0.9999881510000301
0.9999884390000305
0.9999890010000312
0.9999890920000313
0.999989456000032
0.9999900130000331
0.9999898780000332
0.9999903430000345
0.9999904890000364
0.9999824700000371
0.9999783860000377
0.9999785810000382
0.9999786240000371
0.9999790080000377
0.9999791930000365
0.9999794980000363
0.9999785770000379
0.999978925000038
0.9999793890000379
0.9999798900000362
0.9999802410000381
0.9999804020000376
0.999980716000038
0.999981064000037
0.9999817260000378
0.9999807420000385
0.9999811440000368
0.9999815100000392
0.9999808170000389
0.9999815820000386
0.9999819740000392
0.9999817400000389
0.99998248200004
0.9999827590000395
0.9999834740000415
0.9999838660000416
0.9999842720000404
0.9999828250000405
0.9999755920000427
0.9999738340000417
0.999974538000045
0.9999748470000402
0.9999753860000425
0.9999757640000423
0.9999759730000426
0.9999761990000424
0.9999764000000444
0.999977300000045
0.9999774910000433
0.9999771820000435
0.9999723110000418
0.9999629710000442
0.9999608910000425
0.9999603120000428
0.9999619010000431
0.9999621070000428
0.9999541510000429
0.9999516550000415
0.9999521020000416
0.9999518580000399
0.9999522880000412
0.9999521380000388
0.9999530850000427
0.9999532280000408
0.9999536640000407
0.9999540750000415
0.9999543150000428
0.9999545560000392
0.9999552260000375
0.999955711000038
0.999955331000038
0.9999565750000398
0.9999569770000388
0.9999572520000359
0.9999578050000368
0.9999582670000391
0.9999565330000365
0.9999568710000347
0.9999564470000362
0.9999573460000382
0.9999575320000385
0.9999572430000367
0.9999577990000362
0.9999577220000381
0.9999578490000365
0.9999584470000372

Autocorrelation:
249999.99369269525
2564.102993554092
1257.8621007059776
-199.48084961571524
-64.42418765882191
-65.38461846825201
-66.99219792301032
-69.4294800022019
-70.98189650817262
-72.50530061194597
-74.26611730944379
-75.73412603261254
-80.16624701976907
-80.73581538403145
-84.39480783454275
-86.4972080382594
-90.91685638014759
-91.67533451204572
-94.84016796501282
-100.12966955097147
-98.79420492752168
-103.55132805923658
-105.14091560502263
-57.044565721253036
-46.26580895287155
-46.687020507324526
-46.78093720520346
-47.63669520574235
-48.060248868947056
-48.775229281734205
-46.67830323626885
-47.44908490003038
-48.517281854540165
-49.72600431452947
-50.60934877256549
-51.02511495484752
-51.85596141570365
-52.80896355730833
-54.72205674940612
-51.92597221769687
-53.033017284768725
-54.082788377071246
-52.12898975650328
-54.29421180738198
-55.4749245060919
-54.76401271104664
-57.083642154325254
-58.00077615959629
-60.51021054633772
-61.98041003834887
-63.58037503470004
-58.223663163667254
-40.96967378319746
-38.21703426341108
-39.273712619308704
-39.7561891244507
-40.62678535296682
-41.26043421752442
-41.61934441356347
-42.01454145771578
-42.37238143367756
-44.05236352162502
-44.42617385851094
-43.82455048042566
-36.114924950190456
-27.00536030080351
-25.569062017920317
-25.196032980905443
-26.24690809498375
-26.3895984617472
-21.81022653189839
-20.684162336598312
-20.877198456659052
-20.771383192149706
-20.95858787462384
-20.892901876637183
-21.314644425571945
-21.37981302254787
-21.58099172780665
-21.774132568934625
-21.88852267185578
-22.004605199617057
-22.333890509458268
-22.578469963070127
-22.38639025238543
-23.02770957417288
-23.242881464524025
-23.392407286617463
-23.698990478128724
-23.961352749420538
-23.00545855896264
-23.185755202995654
-22.96003086290874
-23.443960091504746
-23.546641394817883
-23.38748327073972
-23.695620961827462
-23.652463734131373
-23.7237295726652
-24.065151114284046

Average_Activity:
0.0
0.0
0.0
0.0
0.0
0.0
0.0
0.0
0.0
0.0
0.0
0.0
0.0
0.0
0.0
0.0
0.0
0.0
0.0
0.0
0.5
0.0
0.0
0.0
0.0
0.0
0.0
0.0
0.0
0.0
0.0
0.0
0.0
0.0
0.0
0.0
0.0
0.0
0.0
0.0
0.0
0.0
0.0
0.0
0.25
0.0
0.0
0.0
0.0
0.0
0.0
0.0
0.0
2.25
5.25
5.75
5.25
4.75
11.75
17.5
21.75
24.75
26.75
26.25
35.25
28.25
29.25
16.25
17.25
8.25
6.75
12.5
12.25
14.0
19.5
28.5
27.75
28.0
35.25
22.0
26.25
35.25
27.75
30.0
46.75
51.0
47.5
35.0
28.25
30.5
30.0
28.25
29.5
31.0
29.0
27.75
23.75
15.25
10.75
4.25
0.5
0.0
0.0
0.0
0.0
0.0
0.0
0.0
0.0
0.25
0.0
0.0
0.0
0.0
0.0
0.0
0.0
0.0
0.0
0.0
0.0
0.0
0.0
0.0
0.0
0.0
0.0
0.0
0.0
0.0
0.0
0.0
0.0
0.0
0.0
0.0
0.0
0.0
0.0
0.0
0.0
0.0
0.0
0.0
0.0
0.0
0.0
0.0
0.0
0.0
0.0
0.0
0.0
0.0
0.0
0.0
0.75
0.5
0.0
0.0
0.0
0.0
0.0
0.0
0.0
0.0
0.0
0.0
0.0
0.0
0.0
0.0
0.0
0.0
0.0
0.0
0.0
0.0
0.0
0.5
0.0
0.0
0.0
0.0
0.0
0.0
0.0
0.0
0.0
0.0
0.0
0.0
0.0
0.0
0.25
0.0
0.0
0.0
0.0
0.0
0.0
0.0
0.0
0.0
0.0
0.0
0.0
0.0
0.0
0.0
0.0
0.0
0.0
0.0
0.0
0.0
0.0
0.0
0.0
0.0
0.0
0.0
0.0
0.0
0.0
0.0
0.0
0.0
0.0
0.0
0.0
0.0
0.0
0.0
0.0
0.0
0.0
0.0
0.0
0.0
1.25
0.0
0.0
0.0
0.0
0.0
0.0
0.0
0.0
0.0
0.0
0.0
0.0
0.0
0.0
0.0
0.0
0.0
0.0
0.0
0.0
0.0
0.0
0.0
0.0
0.0
0.0
0.0
0.0
0.0
0.0
0.25
0.0
0.0
0.0
0.0
0.0
0.0
0.0
0.0
0.0
0.0
0.0
0.0
0.0
0.0
0.0
0.0
0.0
0.0
0.0
0.0
0.0
0.0
0.0
0.0
0.0
0.0
0.0
0.0
0.0
0.0
0.25
0.0
0.0
0.0
0.0
0.0
0.0
0.0
0.0
0.0
0.0
0.0
0.0
0.0
0.0
0.0
0.0
0.0
0.0
0.0
0.0
0.0
0.0
0.0
0.0
0.0
0.0
0.0
0.0
0.0
0.0
0.0
0.0
0.0
0.0
0.0
0.0
0.0
0.0
0.0
0.0
0.0
0.0
0.0
0.0
0.0
0.0
0.0
0.0
0.25
0.0
0.0
0.0
0.0
0.0
0.0
0.0
0.0
0.0
0.0
0.0
0.0
0.0
0.0
0.0
0.0
1.25
2.75
3.75
2.5
0.0
0.0
0.0
0.0
0.0
0.0
0.0
0.0
0.0
0.0
0.0
0.0
0.0
0.0
0.0
0.0
0.0
0.0
0.0
0.0
0.0
0.0
0.0
0.0
0.0
0.0
0.0
0.0
0.0
0.0
0.0
0.0
0.0
0.0
0.0
0.0
0.0
0.0
0.0
0.0
0.0
0.0
0.0
0.0
0.0
0.25
1.25
0.0
0.0
0.0
0.0
0.0
0.0
0.0
0.0
0.0
0.0
0.0
0.0
0.0
0.0
0.0
0.0
0.0
0.0
0.0
0.0
0.0
0.0
0.0
0.0
0.0
0.0
0.0
0.0
0.0
0.0
0.0
0.0
0.0
0.0
0.0
0.0
0.0
0.0
0.0
0.0
0.0
0.0
0.0
0.0
0.0
0.0
0.75
2.5
3.5
4.0
4.0
1.0
0.0
0.0
0.0
0.0
0.0
0.0
0.0
0.0
0.0
0.0
0.0
0.0
0.0
0.0
0.0
0.0
0.0
0.0
0.0
0.0
0.0
0.0
0.0
0.0
0.0
0.0
1.0
5.25
3.25
3.5
1.75
0.0
0.0
0.0
0.0
0.0
0.0
0.0
0.0
0.0
0.0
0.0
0.0
0.0
0.0
0.0
0.0
0.0
0.0
0.0
0.0
0.0
0.0
0.0
0.0
0.0
0.0
0.0
0.0
0.0
0.0
0.0
0.0
0.0
0.0
0.0
0.0
0.0
0.0
0.0
0.0
0.0
0.0
0.0
0.0
0.0
0.0
0.0
0.0
0.25
3.5
11.0
15.5
21.75
12.75
10.5
15.5
12.25
11.0
8.75
22.25
29.5
26.5
29.25
25.25
31.5
28.0
30.0
24.5
23.25
25.0
27.0
24.5
32.5
38.0
49.0
40.25
36.5
34.25
26.5
21.0
16.0
16.0
9.25
6.5
8.75
3.25
1.0
2.5
6.75
9.75
9.75
2.25
0.0
0.0
0.0
0.0
0.0
0.0
0.0
0.0
0.0
0.0
0.0
0.0
0.0
0.0
0.0
0.0
0.0
0.0
0.0
0.0
0.0
0.0
0.5
4.25
0.75
0.0
0.0
0.0
0.0
0.0
0.0
0.0
0.0
0.0
0.0
0.0
0.0
0.0
0.0
0.0
0.25
3.25
1.25
0.0
0.0
0.0
0.0
0.0
0.0
0.0
0.0
0.0
0.0
0.0
0.0
0.0
0.0
0.0
0.0
0.0
0.0
0.0
0.0
0.0
0.0
0.0
0.0
0.0
0.0
0.0
0.0
1.75
5.5
2.75
0.75
0.0
0.0
0.0
0.0
0.0
0.0
0.0
0.0
0.0
0.0
0.0
0.0
0.0
0.0
0.0
0.0
0.0
0.0
0.0
0.25
0.0
0.0
0.0
0.0
0.0
0.0
0.0
0.0
0.0
0.0
0.0
0.0
0.0
0.0
0.0
0.0
0.0
0.0
0.0
0.0
0.0
0.0
0.25
0.25
0.0
0.0
0.0
0.0
0.0
0.0
0.0
0.0
0.0
0.0
0.0
0.0
0.0
0.0
0.0
0.0
0.0
0.0
0.25
3.75
12.0
20.0
12.0
6.75
8.0
4.0
3.5
7.0
10.0
7.0
2.25
2.25
0.75
0.0
0.0
0.0
0.0
0.0
0.0
0.0
0.0
0.0
0.0
0.0
0.25
0.0
0.0
0.0
0.0
0.0
0.0
0.0
0.0
0.0
0.0
0.0
0.0
0.0
0.0
0.0
0.0
0.0
0.0
0.0
0.0
0.0
0.0
0.0
0.25
0.0
0.0
0.0
0.0
0.0
0.0
0.0
0.0
0.0
0.0
0.0
0.0
0.0
0.0
0.0
0.0
0.0
0.0
0.0
0.0
0.0
0.0
0.0
0.0
0.0
0.0
0.0
0.0
0.0
0.0
0.0
0.0
0.0
0.0
0.0
0.0
0.0
0.0
0.0
0.0
0.0
0.0
0.0
0.0
0.0
0.0
0.0
0.0
0.0
0.0
0.0
0.0
0.0
0.0
0.0
0.0
0.0
0.0
0.0
0.0
0.0
0.0
0.0
0.0
0.0
0.0
0.0
0.0
0.0
0.0
1.25
1.75
4.0
2.0
0.0
0.0
0.0
0.0
0.0
0.0
0.0
0.0
0.0
0.0
0.0
0.0
0.0
0.0
0.0
0.0
0.0
0.0
0.0
0.0
0.0
0.0
0.0
0.0
0.0
0.0
0.0
0.0
0.0
0.0
0.0
0.0
0.0
0.0
0.0
0.0
0.0
0.0
0.0
0.0
0.0
0.0
0.25
0.25
0.0
0.0
0.0
0.0
0.0
0.0
0.0
0.0
0.0
0.0
0.0
0.0
0.0
0.0
0.0
0.0
0.0
0.0
0.0
0.0
0.0
0.0
0.0
0.0
0.0
0.0
0.0
0.0
0.0
0.0
0.0
0.0
0.0
0.0
0.0
0.0
0.0
0.0
0.0
0.0
0.0
0.0
0.0
0.0
0.0
0.0
0.0
0.0
0.0
0.0
0.0
0.0
0.0
0.0
0.0
0.0
0.0
0.0
0.0
0.75
4.0
5.25
6.25
6.5
12.5
12.25
10.25
5.25
5.75
2.0
3.25
1.75
0.0
0.0
0.0
0.0
0.0
0.0
0.0
0.0
0.0
0.0
0.0
0.25
0.0
0.0
0.0
0.0
0.0
0.0
0.0
0.0
0.0
0.0
0.0
0.0
0.0
0.0
0.0
0.0
0.0
0.0
0.0
0.0
0.0
0.0
0.0
0.0
0.0
0.0
0.0
0.0
0.0
0.25
0.0
0.0
0.0
0.0
0.0
0.0
0.0
0.0
0.0
0.0
0.0
0.0
0.0
1.0
0.25
0.0
2.25
4.5
7.25
6.0
6.75
7.0
7.5
8.5
1.25
1.5
0.25
0.0
0.0
0.0
0.0
0.0
0.0
0.0
0.0
0.0
0.25
0.0
0.0
0.0
0.0
0.0
0.0
0.0
0.0
0.0
0.0
0.0
0.0
0.0
0.0
0.0
0.25
1.0
0.0
0.0
0.0
0.0
0.0
0.0
0.0
0.0
0.0
0.0
0.0
0.0
0.0
0.0
0.0
0.0
0.0
0.0
0.0
0.0
0.0
0.0
0.0
0.0
0.0
0.0
0.0
0.0
0.25
0.0
0.75
2.5
2.0
0.5
0.0
0.0
0.0
0.0
0.0
0.0
0.0
0.0
0.0
0.0
0.0
0.0
0.0
0.0
0.0
0.0
0.0
0.0
0.0
0.0
0.0
0.0
0.0
0.0
0.0
0.0
0.0
0.0
0.0
0.0
0.0
0.0
0.0
0.75
0.25
0.0
0.0
0.0
0.0
0.0
2.0
0.0
0.0
0.0
0.0
0.5
0.0
0.0
0.0
0.0
0.0
0.0
0.0
0.0
0.0
0.0
0.0
0.0
0.0
0.0
0.0
0.0
0.0
0.0
0.0
0.0
0.0
0.0
0.0
0.0
0.0
0.0
0.0
0.0
0.0
0.0
0.0
0.0
0.0
0.0
0.0
0.0
0.0
0.0
0.0
0.0
0.0
0.0
0.0
0.0
0.0
1.25
0.5
0.0
0.0
0.0
0.0
0.0
0.0
0.0
0.0
0.0
0.0
0.0
0.0
0.0
0.25
0.0
0.0
0.0
0.0
0.0
0.0
0.0
0.0
0.0
0.0
0.0
0.0
0.0
0.0
0.0
0.0
0.0
0.0
0.0
0.5
0.0
0.0
0.0
0.0
0.0
0.0
0.0
0.0
0.0
0.0
0.0
0.25
0.0
0.0
0.0
0.0
0.0
0.0
0.0
0.0
0.0
0.0
0.0
0.0
0.0
0.0
0.0
0.0
0.0
0.0
0.0
0.0
0.0
0.0
0.0
0.0
2.0
1.0
5.0
13.5
16.25
20.0
14.5
9.0
7.5
5.25
5.0
6.25
7.5
10.0
10.75
8.75
9.0
12.0
15.25
11.5
15.5
20.0
24.75
30.0
35.25
41.0
23.75
21.5
20.5
13.25
11.75
16.0
20.0
24.5
34.0
31.25
22.25
17.5
17.25
10.5
7.5
12.75
8.75
5.0
7.25
10.75
3.75
8.75
0.75
0.25
0.75
0.0
0.0
0.0
0.0
0.0
0.0
0.0
0.0
0.0
0.0
0.0
0.0
0.0
0.0
0.0
0.0
0.0
0.0
0.0
0.0
0.0
0.0
0.0
0.0
0.0
0.0
0.0
0.0
0.0
0.0
0.0
0.0
0.0
0.0
0.0
0.0
0.0
0.0
0.0
0.0
0.0
0.0
0.0
0.0
0.0
0.0
0.0
0.0
0.0
0.0
0.0
0.0
0.0
0.0
0.0
0.0
0.0
0.0
0.0
0.0
0.0
0.0
0.0
0.0
0.0
0.0
0.0
0.0
0.0
0.5
0.5
0.0
0.0
0.0
0.0
0.0
0.0
0.0
0.0
0.0
0.0
0.0
0.0
0.0
0.0
0.0
0.0
0.0
0.0
0.0
0.0
0.0
0.0
0.0
0.0
0.0
0.0
0.0
0.0
0.0
0.0
0.0
0.0
0.0
0.0
0.0
0.0
0.0
0.0
0.0
0.0
0.25
0.0
0.0
0.0
0.0
0.0
0.0
0.0
0.0
0.0
0.0
0.0
0.0
0.0
0.0
0.0
0.0
0.25
0.0
0.0
0.0
0.0
0.0
0.0
0.0
0.0
0.0
0.0
0.0
0.0
0.0
0.0
0.0
0.0
0.0
0.0
0.5
1.0
0.25
0.0
0.0
0.0
0.0
0.0
0.0
0.0
0.0
0.0
0.0
0.0
0.0
0.0
0.0
0.0
0.0
0.25
2.25
5.5
4.75
1.5
0.0
0.0
0.0
0.0
0.0
0.0
0.0
0.0
0.0
0.0
0.0
0.0
0.0
0.0
0.0
0.0
0.0
0.0
0.0
0.0
0.0
0.0
0.0
0.0
0.0
0.0
0.0
0.0
0.0
0.0
0.0
0.0
0.0
0.0
0.0
0.0
0.0
0.0
0.0
0.0
0.0
0.0
0.0
0.0
0.0
0.0
0.0
0.0
0.0
0.0
0.0
0.75
0.5
0.0
0.0
0.0
0.0
0.0
0.0
0.0
0.0
0.0
0.0
0.0
0.0
0.0
0.0
0.0
0.0
0.0
0.0
0.0
0.0
0.0
0.0
0.0
0.0
0.0
0.0
0.0
0.0
0.0
0.0
0.0
1.5
4.75
4.75
7.5
10.25
14.25
16.25
24.5
27.5
22.5
14.5
20.5
19.0
22.25
19.75
14.5
15.25
9.75
7.75
11.0
7.0
6.5
3.25
3.5
4.75
3.5
3.0
13.25
16.5
18.0
24.75
16.0
22.25
32.5
28.5
32.75
28.75
33.0
46.5
39.5
27.25
30.0
33.25
37.5
31.25
24.75
16.5
7.0
12.75
9.25
5.25
6.5
7.5
14.0
20.0
18.5
23.0
30.25
24.0
17.5
17.0
11.0
9.5
13.0
4.0
6.0
2.5
2.75
1.0
1.0
0.75
0.0
0.0
0.0
0.0
0.75
0.25
0.0
0.0
0.0
0.0
0.0
0.0
0.0
0.0
0.0
0.0
0.75
0.25
0.0
0.0
0.0
0.0
0.0
0.0
0.0
0.0
0.0
0.0
0.0
0.0
0.0
0.0
0.0
0.0
0.0
0.0
0.0
0.0
0.0
0.25
1.75
0.0
0.0
0.0
0.0
0.0
0.0
0.0
0.0
0.0
0.0
0.0
0.5
0.0
0.0
0.0
0.0
0.0
0.0
0.0
0.0
0.0
0.0
0.0
0.25
3.75
2.5
0.25
0.0
0.0
0.0
0.0
0.0
0.0
0.0
0.0
0.0
0.0
0.0
0.0
0.0
0.0
0.0
0.0
0.0
0.5
6.0
8.5
8.0
5.0
8.25
8.25
3.25
8.0
10.75
9.0
22.25
22.25
41.75
31.0
35.0
36.75
36.75
38.25
46.5
42.5
35.5
34.25
22.25
19.5
19.0
21.75
27.75
25.0
18.0
17.25
9.5
5.25
1.25
0.0
0.0
0.0
0.0
0.0
0.0
0.0
0.0
0.0
0.0
0.0
0.0
0.0
0.0
0.0
0.0
0.0
0.0
0.0
0.0
0.0
0.0
0.0
0.0
0.0
0.0
0.0
0.0
0.0
0.0
0.0
0.0
0.0
0.0
0.0
0.0
0.0
0.0
0.0
0.0
0.0
0.0
0.0
0.0
0.0
0.0
0.0
0.0
0.0
0.0
0.0
0.0
0.0
0.0
0.0
0.25
3.5
4.5
4.5
3.0
0.5
0.0
0.0
0.0
0.0
0.0
0.0
0.0
0.0
0.0
0.0
0.0
0.0
0.0
0.0
0.0
0.0
0.0
0.0
0.0
0.0
0.0
0.0
0.0
0.0
0.0
0.0
0.0
0.0
0.0
0.0
0.75
1.75
0.25
0.0
0.0
0.0
0.0
0.0
0.0
0.0
0.0
0.0
0.0
0.0
0.0
0.0
0.0
0.0
0.0
0.0
1.5
3.25
2.75
2.75
0.25
0.0
0.0
0.0
0.0
0.0
0.0
0.0
0.0
0.0
0.0
0.0
0.0
0.0
0.0
0.0
0.0
0.0
0.0
0.0
0.0
0.0
0.75
0.0
0.0
0.0
0.25
1.25
1.5
1.5
0.75
0.0
0.0
0.0
0.0
0.0
0.0
0.0
0.0
0.0
0.0
0.0
0.0
0.0
0.0
0.0
0.75
0.25
0.0
0.0
0.0
0.0
0.0
0.0
0.0
0.0
0.0
0.0
0.0
0.0
0.0
0.75
1.25
0.0
0.0
0.0
0.0
0.0
0.0
0.0
0.0
0.0
0.0
0.0
0.0
0.0
0.0
0.0
0.0
0.0
0.0
0.0
0.0
0.0
0.0
0.0
0.0
0.0
0.0
0.0
0.0
0.0
0.0
0.0
0.0
0.0
0.0
0.0
0.0
0.0
0.0
0.0
0.0
0.0
0.0
0.0
0.0
0.0
0.0
0.0
0.0
0.0
0.0
0.0
0.25
2.0
3.25
1.75
0.0
0.0
0.0
0.0
0.0
0.0
0.0
0.0
0.0
0.0
0.25
0.0
0.0
0.0
0.0
0.0
0.0
0.0
0.0
0.0
0.0
0.0
0.0
0.0
0.0
0.0
0.0
0.0
0.0
0.0
0.0
0.0
0.0
0.0
0.0
0.0
0.0
0.0
0.0
0.0
0.0
0.0
0.0
0.0
0.0
0.0
0.0
0.0
0.0
0.0
0.0
0.0
0.0
0.0
0.0
0.0
0.0
0.0
0.0
0.0
0.0
0.0
0.0
0.0
0.0
0.0
0.0
0.0
0.0
0.0
0.0
0.0
0.0
0.0
0.0
0.0
0.0
0.0
0.0
0.0
0.0
0.0
0.0
0.0
0.75
0.25
0.0
0.0
0.0
0.0
0.0
0.0
0.0
0.0
0.0
0.0
0.0
0.0
0.0
0.0
0.0
0.0
0.0
0.0
0.0
0.0
0.0
1.25
0.25
0.0
0.0
0.0
0.0
0.0
0.0
0.0
0.0
0.0
0.0
0.0
0.0
0.0
0.0
0.0
0.0
0.0
0.0
0.0
0.0
0.0
0.0
0.0
0.0
0.0
0.0
0.0
0.0
0.0
0.0
0.0
0.0
0.0
0.0
0.0
0.0
0.0
0.0
0.0
0.0
0.0
0.0
0.0
0.0
0.0
0.0
0.0
0.0
0.0
0.0
0.0
0.0
0.0
0.0
0.0
0.0
0.0
0.0
0.0
0.0
0.5
0.0
0.0
0.0
0.0
0.0
0.0
0.0
0.0
0.0
0.0
0.0
0.0
0.0
0.0
0.0
0.0
0.0
0.0
0.0
0.0
0.0
0.0
0.0
0.0
0.0
0.0
0.0
0.0
0.0
0.0
0.0
0.0
0.0
0.0
0.0
0.0
0.0
1.0
2.5
0.5
0.0
0.0
0.0
0.0
0.0
0.0
0.0
0.0
0.0
0.0
0.0
0.0
0.0
0.0
0.0
0.0
0.0
0.0
0.0
0.0
0.0
0.0
0.0
0.0
0.0
0.25
0.0
0.0
0.0
0.25
0.0
0.0
0.0
0.0
0.0
0.0
0.0
0.0
0.0
2.5
6.75
7.75
14.5
24.0
18.0
14.25
14.5
11.25
5.5
2.0
2.0
0.5
0.0
0.0
0.0
0.0
0.0
0.0
0.0
0.0
0.0
0.0
0.0
0.0
0.0
0.0
0.0
0.0
0.0
0.0
0.0
2.0
9.0
13.0
5.25
3.25
0.0
0.0
0.0
0.25
3.25
7.0
1.0
0.0
0.0
0.0
0.0
0.0
0.0
0.0
0.0
0.0
0.0
0.0
0.0
0.0
0.0
0.0
0.0
0.0
0.0
0.0
0.0
0.0
0.0
0.0
0.5
0.0
0.0
0.0
0.0
0.0
0.0
0.0
0.0
0.0
0.0
0.0
0.0
0.0
0.0
0.0
0.0
0.0
0.0
0.0
0.0
0.0
0.0
0.0
0.0
0.0
0.0
0.0
0.0
0.0
0.0
0.25
0.75
0.0
0.0
0.0
0.0
0.0
0.0
0.0
0.0
0.0
0.0
0.0
0.0
0.0
0.0
0.0
0.0
0.0
0.0
0.0
0.0
0.0
0.0
0.0
1.5
0.0
0.0
0.0
0.0
0.0
0.0
0.0
0.0
0.0
0.0
0.0
0.0
0.0
0.0
0.0
0.0
0.0
0.0
0.0
0.0
0.0
0.0
0.0
0.0
0.0
0.0
0.0
0.0
0.0
0.0
0.0
0.0
0.0
0.0
0.0
0.0
0.0
0.0
0.0
0.0
0.0
0.0
0.0
0.0
0.0
0.0
0.0
0.25
2.0
4.25
8.5
6.5
4.5
5.25
8.25
4.5
7.5
4.75
3.0
1.5
1.0
0.0
0.0
0.0
0.0
0.0
0.0
0.0
0.0
0.0
0.0
0.0
0.0
0.0
0.0
0.0
0.0
0.0
0.0
0.0
0.0
0.0
0.0
0.0
0.0
0.0
0.0
0.0
0.0
0.0
0.0
0.0
0.0
0.0
0.0
0.0
0.0
0.0
0.0
0.0
0.0
0.0
0.0
0.0
0.0
0.0
0.0
0.0
0.0
0.0
0.0
0.0
0.0
0.0
0.0
0.0
0.0
0.25
0.0
0.0
0.0
0.0
0.0
0.0
0.0
0.0
0.75
3.75
9.5
7.25
3.5
4.0
8.5

Average_Alpha:
0.250000001
0.2500000050000001
0.25000000900000025
0.2500000130000003
0.25000001700000046
0.2500000210000005
0.2500000250000007
0.25000002900000073
0.2500000330000009
0.25000003700000095
0.25000004100000117
0.2500000450000011
0.25000004900000133
0.2500000530000014
0.25000005700000155
0.2500000610000016
0.25000006500000177
0.2500000690000018
0.250000073000002
0.25000007700000204
0.2500000790000022
0.25000008300000226
0.2500000870000024
0.2500000910000025
0.25000009500000264
0.2500000990000027
0.25000010300000286
0.2500001070000029
0.2500001110000031
0.25000011500000313
0.2500001190000033
0.25000012300000335
0.2500001270000035
0.25000013100000357
0.25000013500000373
0.2500001390000038
0.25000014300000395
0.250000147000004
0.25000015100000417
0.2500001550000042
0.2500001590000044
0.25000016300000444
0.2500001670000046
0.2500001710000046
0.2500001740000048
0.25000017800000485
0.250000182000005
0.2500001860000051
0.2500001900000053
0.2500001940000053
0.25000019800000545
0.2500002020000055
0.25000020600000566
0.2500002010000057
0.25000018400000595
0.25000016500000594
0.2500001480000061
0.2500001330000061
0.25000009000000634
0.2500000240000063
0.2499999410000065
0.24999984600000652
0.24999974300000663
0.24999964200000666
0.24999950500000673
0.24999939600000676
0.24999928300000682
0.24999922200000682
0.2499991570000069
0.2499991280000069
0.24999910500000697
0.249999059000007
0.249999014000007
0.249998962000007
0.24999888800000708
0.24999877800000705
0.2499986710000071
0.24999856300000708
0.24999842600000713
0.24999834200000715
0.24999824100000717
0.2499981040000072
0.2499979970000072
0.24999788100000717
0.2499976980000072
0.2499974980000072
0.2499973120000072
0.24999717600000718
0.2499970670000072
0.2499969490000072
0.24999683300000722
0.2499967240000072
0.2499966100000072
0.2499964900000072
0.2499963780000072
0.24999627100000724
0.2499961800000072
0.24999612300000723
0.24999608400000722
0.2499960710000072
0.24999607300000717
0.24999607700000717
0.2499960810000072
0.24999608500000722
0.2499960890000072
0.2499960930000072
0.2499960970000072
0.24999610100000716
0.24999610500000718
0.2499961080000072
0.2499961120000072
0.24999611600000718
0.24999612000000718
0.2499961240000072
0.2499961280000072
0.24999613200000717
0.24999613600000717
0.2499961400000072
0.24999614400000716
0.24999614800000716
0.24999615200000716
0.2499961560000072
0.24999616000000716
0.24999616400000718
0.24999616800000718
0.24999617200000718
0.24999617600000715
0.24999618000000717
0.2499961840000072
0.24999618800000717
0.24999619200000717
0.24999619600000716
0.24999620000000716
0.24999620400000716
0.24999620800000716
0.24999621200000716
0.24999621600000715
0.24999622000000718
0.24999622400000715
0.24999622800000715
0.24999623200000715
0.24999623600000717
0.24999624000000717
0.24999624400000714
0.24999624800000714
0.24999625200000714
0.24999625600000716
0.24999626000000716
0.24999626400000716
0.24999626800000715
0.24999627200000712
0.24999627600000715
0.24999628000000715
0.24999628400000715
0.24999628800000714
0.24999629200000714
0.24999629300000714
0.24999629500000714
0.24999629900000714
0.24999630300000714
0.24999630700000713
0.24999631100000713
0.2499963150000071
0.24999631900000713
0.24999632300000713
0.24999632700000712
0.2499963310000071
0.24999633500000715
0.24999633900000715
0.24999634300000714
0.2499963470000071
0.2499963510000071
0.24999635500000714
0.24999635900000713
0.24999636300000713
0.24999636700000713
0.24999637100000713
0.24999637500000713
0.24999637900000712
0.24999638100000712
0.24999638500000712
0.2499963890000071
0.24999639300000712
0.24999639700000711
0.24999640100000708
0.2499964050000071
0.2499964090000071
0.2499964130000071
0.2499964170000071
0.2499964210000071
0.2499964250000071
0.24999642900000707
0.2499964330000071
0.24999643700000712
0.2499964400000071
0.2499964440000071
0.2499964480000071
0.24999645200000709
0.2499964560000071
0.24999646000000708
0.2499964640000071
0.24999646800000708
0.24999647200000708
0.24999647600000707
0.2499964800000071
0.2499964840000071
0.24999648800000707
0.2499964920000071
0.2499964960000071
0.2499965000000071
0.24999650400000706
0.24999650800000706
0.24999651200000708
0.24999651600000708
0.24999652000000708
0.24999652400000708
0.24999652800000707
0.24999653200000707
0.24999653600000707
0.24999654000000707
0.24999654400000706
0.24999654800000706
0.24999655200000706
0.2499965560000071
0.24999656000000706
0.24999656400000708
0.24999656800000705
0.24999657200000705
0.24999657600000705
0.24999658000000705
0.24999658400000704
0.24999658800000707
0.24999659200000707
0.24999659600000707
0.24999660000000706
0.24999660400000703
0.24999660800000706
0.24999661200000708
0.24999661600000705
0.24999662000000705
0.24999661900000705
0.24999662300000705
0.24999662700000705
0.24999663100000705
0.24999663500000704
0.24999663900000704
0.249996643000007
0.24999664700000704
0.24999665100000704
0.24999665500000703
0.249996659000007
0.24999666300000706
0.24999666700000706
0.24999667100000705
0.24999667500000702
0.24999667900000708
0.24999668300000707
0.24999668700000705
0.2499966910000071
0.2499966950000071
0.2499966990000071
0.24999670300000706
0.2499967070000071
0.24999671100000712
0.24999671500000714
0.2499967190000071
0.2499967230000071
0.24999672700000714
0.2499967310000071
0.2499967350000071
0.24999673900000713
0.24999674200000715
0.24999674600000715
0.24999675000000715
0.24999675400000715
0.24999675800000717
0.24999676200000714
0.24999676600000717
0.24999677000000717
0.24999677400000717
0.24999677800000722
0.24999678200000722
0.24999678600000722
0.24999679000000719
0.2499967940000072
0.24999679800000724
0.24999680200000723
0.2499968060000072
0.24999681000000723
0.24999681400000723
0.24999681800000723
0.24999682200000725
0.24999682600000725
0.24999683000000728
0.24999683400000725
0.24999683800000727
0.2499968420000073
0.2499968460000073
0.24999685000000726
0.2499968540000073
0.24999685800000732
0.24999686200000729
0.24999686500000728
0.24999686900000728
0.24999687300000734
0.2499968770000073
0.2499968810000073
0.24999688500000736
0.24999688900000736
0.24999689300000733
0.24999689700000735
0.24999690100000738
0.24999690500000735
0.24999690900000734
0.24999691300000737
0.2499969170000074
0.24999692100000737
0.24999692500000736
0.2499969290000074
0.24999693300000742
0.24999693700000739
0.2499969410000074
0.2499969450000074
0.2499969490000074
0.2499969530000074
0.2499969570000074
0.24999696100000746
0.24999696500000743
0.24999696900000742
0.24999697300000742
0.24999697700000748
0.24999698100000745
0.24999698500000744
0.24999698900000744
0.24999699300000747
0.24999699700000746
0.2499970010000075
0.2499970050000075
0.2499970090000075
0.2499970130000075
0.2499970170000075
0.24999702100000748
0.24999702500000748
0.24999702900000753
0.24999703300000756
0.24999703700000753
0.24999704100000752
0.24999704500000752
0.24999704900000755
0.24999705300000755
0.24999705700000754
0.24999706000000754
0.2499970640000076
0.24999706800000757
0.24999707200000756
0.24999707600000762
0.2499970800000076
0.24999708400000759
0.24999708800000758
0.2499970920000076
0.2499970960000076
0.2499971000000076
0.2499971040000076
0.2499971080000076
0.24999711200000763
0.24999711600000762
0.24999712000000762
0.24999712400000762
0.24999712300000762
0.24999711600000765
0.24999710500000766
0.24999709900000766
0.24999710300000766
0.24999710700000766
0.24999711100000765
0.24999711500000768
0.24999711900000768
0.24999712300000765
0.24999712700000765
0.2499971310000077
0.2499971350000077
0.2499971390000077
0.24999714300000772
0.24999714700000772
0.24999715100000772
0.24999715500000771
0.2499971590000077
0.24999716300000774
0.24999716700000774
0.24999717100000773
0.24999717500000773
0.24999717900000776
0.24999718300000773
0.24999718700000775
0.24999719100000775
0.24999719500000778
0.24999719900000777
0.2499972030000078
0.2499972070000078
0.24999721100000777
0.24999721500000782
0.24999721900000782
0.24999722300000782
0.2499972270000078
0.2499972310000078
0.24999723500000784
0.24999723900000784
0.2499972430000078
0.24999724700000783
0.24999725100000786
0.24999725500000783
0.24999725900000785
0.24999726300000788
0.24999726700000788
0.24999727100000785
0.24999727500000787
0.24999727900000787
0.2499972820000079
0.2499972810000079
0.24999728500000787
0.2499972890000079
0.24999729300000792
0.24999729700000792
0.2499973010000079
0.24999730500000794
0.24999730900000794
0.2499973130000079
0.2499973170000079
0.24999732100000793
0.24999732500000796
0.24999732900000793
0.24999733300000795
0.24999733700000795
0.24999734100000792
0.24999734500000795
0.24999734900000797
0.249997353000008
0.24999735700000797
0.24999736100000797
0.249997365000008
0.249997369000008
0.249997373000008
0.249997377000008
0.24999738100000804
0.249997385000008
0.249997389000008
0.249997393000008
0.24999739700000806
0.24999740100000803
0.24999740500000803
0.24999740900000803
0.24999741300000808
0.24999741700000805
0.24999742100000805
0.24999742500000804
0.24999742900000807
0.24999743300000807
0.24999743700000807
0.2499974410000081
0.2499974450000081
0.2499974490000081
0.2499974530000081
0.2499974570000081
0.24999746100000808
0.24999746500000813
0.2499974660000081
0.2499974600000081
0.24999745000000811
0.24999743800000812
0.24999742600000815
0.24999742600000815
0.24999743000000813
0.24999743400000815
0.24999743800000818
0.24999744200000817
0.24999744600000814
0.24999745000000817
0.24999745400000817
0.2499974580000082
0.24999746200000816
0.2499974660000082
0.24999747000000822
0.24999747400000819
0.24999747800000818
0.24999748200000824
0.24999748600000823
0.2499974900000082
0.2499974940000082
0.24999749800000826
0.24999750200000823
0.24999750600000822
0.24999751000000825
0.24999751400000828
0.24999751800000825
0.24999752200000824
0.2499975260000083
0.2499975300000083
0.2499975300000083
0.24999751300000828
0.24999750400000828
0.24999749400000829
0.2499974910000083
0.2499974950000083
0.24999749900000837
0.24999750300000836
0.24999750700000833
0.2499975110000084
0.2499975150000084
0.2499975190000084
0.2499975230000084
0.24999752700000846
0.24999753100000846
0.2499975350000085
0.24999753900000848
0.24999754300000854
0.24999754700000854
0.24999755100000856
0.24999755500000856
0.2499975590000086
0.2499975630000086
0.24999756700000864
0.24999757100000863
0.2499975750000087
0.24999757900000866
0.2499975830000087
0.2499975870000087
0.24999759100000876
0.24999759500000873
0.24999759900000873
0.24999760300000878
0.24999760700000878
0.2499976110000088
0.24999761500000886
0.24999761900000886
0.24999762300000886
0.24999762700000888
0.24999763100000888
0.2499976350000089
0.2499976390000089
0.24999764300000896
0.249997647000009
0.249997651000009
0.249997655000009
0.24999765900000903
0.24999766300000903
0.24999766700000906
0.24999767100000905
0.24999767500000908
0.2499976790000091
0.24999768300000913
0.24999768600000913
0.24999767600000913
0.24999763600000918
0.24999757800000919
0.2499974950000092
0.24999744800000923
0.24999741000000922
0.24999735200000925
0.24999730700000927
0.2499972670000093
0.24999723600000928
0.2499971510000093
0.2499970370000093
0.24999693500000933
0.24999682200000933
0.24999672500000933
0.2499966030000093
0.24999649500000934
0.24999637900000934
0.24999628500000934
0.24999619600000936
0.24999610000000935
0.24999599600000938
0.24999590200000937
0.24999577600000936
0.24999562800000935
0.24999543600000937
0.2499952790000094
0.2499951370000094
0.24999500400000937
0.24999490200000937
0.2499948220000094
0.24999476200000936
0.24999470200000934
0.24999466900000936
0.24999464700000937
0.24999461600000938
0.24999460700000936
0.2499946070000094
0.24999460100000936
0.24999457800000938
0.24999454300000934
0.24999450800000939
0.24999450300000936
0.24999450700000939
0.24999451100000936
0.24999451500000935
0.24999451900000935
0.2499945230000094
0.24999452700000938
0.24999453100000937
0.24999453500000937
0.24999453900000937
0.24999454300000937
0.24999454700000937
0.24999455100000936
0.24999455500000936
0.24999455900000936
0.24999456300000936
0.24999456700000933
0.24999457100000935
0.24999457500000938
0.24999457900000938
0.24999458300000935
0.24999458700000934
0.24999459100000937
0.24999459300000934
0.24999458000000938
0.24999458100000937
0.24999458500000935
0.24999458900000934
0.24999459300000934
0.24999459700000934
0.24999460100000934
0.24999460500000933
0.24999460900000936
0.24999461300000933
0.24999461700000933
0.24999462100000935
0.24999462500000935
0.24999462900000935
0.24999463300000935
0.24999463700000935
0.24999464100000932
0.24999464400000934
0.24999463500000935
0.24999463400000935
0.24999463800000934
0.24999464200000934
0.24999464600000934
0.24999465000000937
0.24999465400000934
0.24999465800000933
0.24999466200000933
0.24999466600000936
0.24999467000000933
0.24999467400000933
0.24999467800000935
0.24999468200000932
0.24999468600000932
0.24999469000000935
0.24999469400000934
0.24999469800000934
0.24999470200000934
0.24999470600000934
0.2499947100000093
0.2499947140000093
0.24999471800000933
0.24999472200000936
0.24999472600000933
0.24999473000000932
0.24999473400000932
0.24999473800000932
0.24999474200000935
0.24999474600000934
0.24999474300000932
0.24999472500000933
0.24999471800000933
0.24999471900000933
0.24999472300000936
0.24999472700000933
0.24999473100000932
0.24999473500000932
0.2499947390000093
0.2499947430000093
0.24999474700000934
0.24999475100000934
0.2499947550000093
0.2499947590000093
0.2499947630000093
0.2499947670000093
0.2499947710000093
0.2499947750000093
0.24999477900000933
0.2499947830000093
0.24999478700000932
0.24999479100000932
0.24999479500000935
0.24999479800000932
0.24999480200000931
0.2499948060000093
0.24999481000000928
0.2499948140000093
0.2499948180000093
0.2499948220000093
0.2499948260000093
0.2499948300000093
0.2499948340000093
0.24999483800000932
0.2499948420000093
0.24999484600000932
0.2499948500000093
0.2499948540000093
0.24999485800000928
0.2499948620000093
0.24999486600000928
0.24999487000000928
0.2499948740000093
0.2499948780000093
0.24999488200000927
0.24999488600000927
0.24999488900000927
0.24999489200000932
0.2499948960000093
0.2499949000000093
0.2499949040000093
0.2499949080000093
0.24999491200000928
0.24999491600000928
0.24999492000000928
0.24999492400000925
0.24999492800000928
0.24999493200000927
0.2499949360000093
0.24999494000000927
0.2499949440000093
0.2499949480000093
0.2499949520000093
0.24999495600000926
0.24999496000000926
0.24999496400000928
0.24999496700000928
0.24999495600000926
0.24999491200000926
0.24999483600000927
0.2499947920000093
0.24999476900000928
0.24999474100000926
0.24999472900000927
0.24999471900000927
0.24999469500000926
0.24999465900000925
0.2499946350000093
0.24999463000000927
0.24999462500000924
0.24999462600000924
0.24999463000000924
0.24999463400000926
0.24999463800000926
0.24999464200000926
0.24999464600000926
0.24999465000000926
0.24999465400000923
0.24999465800000928
0.24999466200000928
0.24999466600000925
0.24999467000000927
0.24999467300000927
0.2499946770000093
0.24999468100000927
0.24999468500000926
0.24999468900000926
0.2499946930000093
0.24999469700000926
0.24999470100000928
0.24999470500000928
0.2499947090000093
0.24999471300000928
0.24999471700000928
0.2499947210000093
0.24999472500000927
0.24999472900000927
0.2499947330000093
0.24999473700000932
0.2499947410000093
0.24999474500000932
0.2499947490000093
0.2499947530000093
0.2499947570000093
0.2499947610000093
0.2499947650000093
0.24999476800000928
0.2499947720000093
0.2499947760000093
0.24999478000000933
0.2499947840000093
0.2499947880000093
0.2499947920000093
0.2499947960000093
0.24999480000000932
0.2499948040000093
0.24999480800000934
0.2499948120000093
0.24999481600000933
0.24999482000000933
0.24999482400000933
0.2499948280000093
0.24999483200000933
0.24999483600000932
0.24999484000000932
0.24999484400000932
0.24999484800000935
0.24999485200000934
0.2499948560000093
0.24999486000000934
0.24999486400000934
0.24999486800000933
0.24999487200000933
0.24999487600000936
0.24999488000000936
0.24999488400000933
0.24999488800000932
0.24999489200000935
0.24999489600000938
0.24999490000000935
0.24999490400000934
0.24999490800000934
0.24999491200000934
0.24999491600000934
0.24999492000000936
0.24999492400000936
0.24999492800000936
0.24999493200000936
0.24999493600000935
0.24999494000000935
0.24999494400000935
0.24999494800000938
0.2499949520000094
0.24999495600000937
0.24999496000000937
0.24999496400000937
0.24999496800000934
0.24999497200000936
0.2499949760000094
0.2499949800000094
0.24999498400000936
0.24999498800000935
0.2499949920000094
0.2499949960000094
0.24999500000000938
0.24999500400000937
0.2499950080000094
0.24999501200000937
0.2499950160000094
0.2499950200000094
0.2499950240000094
0.2499950280000094
0.2499950320000094
0.2499950360000094
0.24999504000000936
0.24999504400000938
0.2499950480000094
0.24999504700000938
0.24999504400000938
0.2499950320000094
0.24999502800000942
0.2499950320000094
0.2499950360000094
0.24999504000000938
0.2499950440000094
0.2499950480000094
0.24999505200000943
0.2499950560000094
0.2499950600000094
0.24999506400000943
0.24999506800000945
0.24999507200000942
0.24999507600000942
0.24999508000000942
0.24999508400000942
0.24999508800000939
0.24999509200000944
0.24999509600000944
0.2499951000000094
0.2499951040000094
0.24999510800000943
0.2499951120000094
0.24999511600000943
0.24999512000000942
0.24999512400000945
0.24999512800000942
0.24999513200000945
0.24999513600000944
0.24999514000000944
0.2499951440000094
0.24999514800000944
0.24999515200000946
0.24999515600000943
0.24999516000000943
0.24999516400000946
0.24999516800000948
0.24999517200000945
0.24999517600000945
0.24999518000000945
0.24999518400000942
0.24999518800000942
0.24999519200000947
0.24999519600000947
0.24999519900000944
0.24999520200000946
0.24999520600000943
0.2499952100000095
0.24999521400000946
0.24999521800000946
0.24999522200000945
0.24999522600000948
0.24999523000000945
0.24999523400000948
0.24999523800000947
0.24999524200000944
0.24999524600000947
0.2499952500000095
0.2499952540000095
0.24999525800000946
0.2499952620000095
0.24999526600000951
0.24999527000000948
0.24999527400000948
0.24999527800000948
0.24999528200000948
0.24999528600000945
0.24999529000000947
0.2499952940000095
0.2499952980000095
0.24999530200000947
0.2499953060000095
0.24999531000000952
0.2499953140000095
0.2499953180000095
0.2499953220000095
0.24999532600000948
0.2499953300000095
0.2499953340000095
0.24999533800000953
0.24999534200000947
0.24999534600000953
0.2499953500000095
0.24999535400000952
0.2499953580000095
0.24999536200000952
0.24999536600000952
0.24999537000000954
0.2499953740000095
0.2499953780000095
0.2499953820000095
0.2499953860000095
0.24999539000000953
0.24999539400000953
0.24999539800000953
0.24999540200000953
0.24999540600000952
0.24999541000000955
0.24999541400000952
0.24999541800000952
0.24999542200000952
0.24999542600000957
0.24999543000000954
0.24999543400000954
0.24999543800000953
0.24999543900000956
0.24999542700000957
0.24999541000000955
0.24999538900000953
0.24999536700000954
0.24999532100000954
0.24999527600000954
0.24999523900000956
0.24999522200000956
0.24999520300000955
0.24999519900000958
0.24999519000000953
0.24999518700000953
0.24999519100000953
0.24999519500000955
0.24999519900000958
0.24999520300000955
0.24999520700000954
0.24999521100000957
0.24999521500000954
0.24999521900000957
0.24999522300000956
0.24999522700000956
0.24999523100000953
0.24999523400000956
0.24999523800000956
0.24999524200000958
0.24999524600000955
0.24999525000000958
0.2499952540000096
0.24999525800000957
0.24999526200000957
0.24999526600000957
0.24999527000000957
0.24999527400000957
0.2499952780000096
0.2499952820000096
0.24999528600000956
0.24999529000000956
0.24999529400000955
0.24999529800000955
0.24999530200000958
0.24999530600000958
0.24999531000000957
0.24999531400000957
0.2499953180000096
0.2499953220000096
0.2499953260000096
0.2499953300000096
0.2499953340000096
0.24999533800000961
0.2499953420000096
0.2499953460000096
0.2499953500000096
0.24999535300000963
0.24999535700000963
0.2499953610000096
0.24999536500000966
0.24999536900000965
0.24999537300000962
0.24999537700000962
0.24999538100000968
0.24999538500000967
0.24999538900000964
0.24999539300000964
0.2499953970000097
0.24999540100000966
0.24999540500000966
0.24999540500000966
0.24999540800000966
0.2499954120000097
0.24999540700000966
0.24999539300000967
0.24999536800000968
0.2499953480000097
0.2499953250000097
0.24999530100000972
0.2499952750000097
0.2499952450000097
0.2499952440000097
0.24999524200000972
0.24999524500000972
0.24999524900000972
0.24999525300000972
0.2499952570000097
0.2499952610000097
0.24999526500000974
0.24999526900000973
0.2499952730000097
0.24999527700000976
0.24999528100000976
0.24999528400000975
0.24999528800000972
0.24999529200000978
0.24999529600000978
0.24999530000000977
0.24999530400000974
0.24999530800000974
0.24999531200000977
0.2499953160000098
0.24999532000000976
0.24999532400000976
0.2499953280000098
0.24999533200000976
0.24999533600000978
0.24999534000000978
0.2499953440000098
0.24999534700000978
0.24999534700000978
0.24999535100000977
0.24999535500000983
0.24999535900000983
0.2499953630000098
0.2499953670000098
0.24999537100000982
0.2499953750000098
0.2499953790000098
0.24999538300000984
0.24999538700000984
0.2499953910000098
0.2499953950000098
0.24999539900000986
0.24999540300000983
0.24999540700000983
0.24999541100000983
0.24999541500000985
0.24999541900000985
0.24999542300000985
0.24999542700000985
0.24999543100000987
0.24999543500000984
0.24999543900000984
0.24999544300000986
0.24999544700000986
0.24999545100000986
0.24999545500000986
0.24999545900000988
0.24999546200000985
0.24999546600000985
0.24999546700000988
0.24999546100000986
0.24999545700000989
0.24999545900000988
0.24999546300000985
0.2499954670000099
0.2499954710000099
0.2499954750000099
0.24999547900000987
0.24999548300000993
0.24999548700000992
0.2499954910000099
0.2499954950000099
0.24999549900000992
0.24999550300000992
0.24999550700000991
0.24999551100000994
0.24999551500000994
0.2499955190000099
0.2499955230000099
0.24999552700000993
0.24999553100000993
0.24999553500000993
0.24999553900000995
0.24999554300000995
0.24999554700000995
0.24999555100000995
0.24999555500000997
0.24999555900000997
0.24999556300000994
0.24999556700000994
0.24999557100001
0.24999557500001
0.24999557900000996
0.24999558300000999
0.24999558700000998
0.24999559100000995
0.24999559200000995
0.24999559500000998
0.24999559900000998
0.24999560300001003
0.24999560700001
0.24999561100001
0.24999561500001
0.24999561100001
0.24999561500001
0.24999561900001002
0.24999562300001
0.24999562700001002
0.24999562900001002
0.24999563300001001
0.24999563700001
0.24999564100001
0.24999564500001
0.24999564900001
0.24999565300001
0.24999565700001006
0.24999566100001006
0.24999566500001003
0.24999566900001005
0.24999567300001005
0.24999567700001007
0.24999568100001004
0.24999568500001004
0.24999568900001004
0.24999569300001007
0.24999569700001006
0.24999570100001006
0.24999570500001006
0.24999570900001003
0.24999571300001006
0.24999571700001008
0.24999572100001005
0.24999572500001005
0.24999572900001008
0.2499957330000101
0.24999573700001007
0.2499957410000101
0.2499957450000101
0.24999574900001012
0.2499957530000101
0.2499957570000101
0.24999576100001009
0.2499957650000101
0.2499957690000101
0.2499957730000101
0.24999577700001013
0.24999578100001013
0.24999578500001013
0.24999578900001013
0.24999579300001012
0.24999579700001015
0.24999580100001015
0.24999580500001015
0.24999580900001012
0.24999580800001014
0.24999581000001012
0.24999581400001014
0.24999581800001014
0.24999582200001014
0.24999582600001014
0.24999583000001013
0.2499958340000102
0.24999583800001016
0.24999584200001015
0.24999584600001015
0.2499958500000102
0.24999585400001018
0.24999585800001017
0.24999586200001017
0.24999586500001014
0.24999586900001017
0.2499958730000102
0.2499958770000102
0.24999588100001016
0.24999588500001022
0.24999588900001019
0.2499958930000102
0.24999589700001018
0.24999590100001023
0.24999590500001023
0.2499959090000102
0.2499959130000102
0.24999591700001025
0.24999592100001025
0.24999592500001022
0.24999592900001022
0.24999593300001022
0.24999593700001024
0.24999594100001024
0.24999594300001024
0.24999594700001027
0.24999595100001024
0.24999595500001023
0.24999595900001026
0.24999596300001026
0.24999596700001023
0.24999597100001025
0.24999597500001025
0.24999597900001028
0.24999598300001025
0.24999598700001027
0.24999599000001024
0.2499959940000103
0.24999599800001027
0.24999600200001026
0.24999600600001026
0.2499960100000103
0.24999601400001029
0.24999601800001028
0.2499960220000103
0.2499960260000103
0.2499960300000103
0.24999603400001033
0.24999603800001036
0.24999604200001033
0.24999604600001035
0.24999605000001035
0.24999605400001035
0.24999605800001037
0.2499960620000104
0.2499960660000104
0.2499960700000104
0.24999607400001042
0.24999607800001042
0.24999608200001044
0.24999608600001044
0.24999608200001047
0.24999608200001047
0.24999606600001048
0.2499960160000105
0.24999595500001048
0.24999587900001052
0.2499958250000105
0.2499957930000105
0.24999576700001053
0.24999575000001054
0.24999573400001054
0.24999571300001053
0.24999568700001054
0.24999565100001056
0.24999561200001058
0.2499955810000106
0.2499955490000106
0.24999550500001058
0.24999544800001058
0.2499954060000106
0.2499953480000106
0.24999527200001057
0.2499951770000106
0.24999506100001062
0.2499949240000106
0.2499947640000106
0.2499946730000106
0.24999459100001062
0.2499945130000106
0.24999446400001063
0.24999442100001062
0.24999436100001063
0.2499942850000106
0.24999419100001063
0.24999405900001062
0.24999393800001063
0.24999385300001062
0.24999378700001063
0.24999372200001063
0.24999368400001062
0.24999365800001064
0.2499936110000106
0.24999358000001062
0.24999356400001063
0.24999353900001062
0.2499935000000106
0.24999348900001064
0.2499934580000106
0.2499934590000106
0.24999346200001066
0.24999346300001063
0.2499934670000106
0.24999347100001063
0.24999347500001062
0.24999347900001062
0.24999348300001062
0.24999348700001062
0.24999349100001064
0.2499934950000106
0.2499934990000106
0.2499935030000106
0.24999350700001063
0.24999351100001063
0.24999351500001063
0.24999351900001063
0.2499935230000106
0.2499935270000106
0.24999353100001065
0.24999353500001065
0.24999353900001062
0.24999354300001062
0.24999354700001064
0.24999355100001064
0.2499935550000106
0.2499935590000106
0.24999356300001063
0.2499935670000106
0.2499935710000106
0.24999357500001063
0.24999357900001065
0.24999358300001062
0.24999358700001062
0.24999359100001062
0.24999359500001062
0.24999359900001064
0.24999360300001064
0.24999360700001064
0.2499936110000106
0.2499936150000106
0.24999361900001063
0.24999362300001063
0.2499936270000106
0.24999363100001062
0.24999363500001062
0.2499936390000106
0.24999364300001062
0.24999364700001062
0.24999365100001064
0.2499936550000106
0.24999365900001064
0.24999366300001064
0.2499936670000106
0.2499936710000106
0.24999367500001063
0.24999367900001063
0.2499936830000106
0.2499936870000106
0.24999369100001062
0.24999369500001062
0.24999369900001062
0.24999370300001061
0.2499937070000106
0.2499937110000106
0.24999371500001064
0.24999371900001063
0.24999372300001063
0.2499937270000106
0.24999373100001063
0.24999373500001063
0.2499937390000106
0.2499937410000106
0.24999374300001062
0.24999374700001062
0.24999375100001062
0.24999375500001061
0.2499937590000106
0.2499937630000106
0.2499937670000106
0.2499937710000106
0.2499937750000106
0.2499937790000106
0.24999378300001063
0.24999378700001063
0.24999379100001062
0.2499937950000106
0.24999379900001062
0.24999380300001064
0.24999380700001064
0.2499938110000106
0.2499938150000106
0.24999381900001064
0.24999382300001063
0.2499938270000106
0.2499938310000106
0.24999383500001063
0.2499938390000106
0.2499938430000106
0.24999384700001062
0.24999385100001065
0.24999385500001062
0.24999385900001062
0.2499938630000106
0.24999386700001058
0.24999387100001064
0.2499938750000106
0.24999387900001063
0.2499938830000106
0.2499938870000106
0.24999389100001063
0.24999389500001065
0.24999389900001062
0.24999390300001062
0.24999390600001062
0.24999391000001062
0.2499939140000106
0.2499939180000106
0.24999392200001064
0.2499939260000106
0.2499939300000106
0.2499939340000106
0.24999393800001057
0.2499939420000106
0.24999394600001063
0.24999395000001062
0.2499939540000106
0.2499939580000106
0.24999396200001064
0.24999396600001064
0.2499939700000106
0.2499939730000106
0.2499939770000106
0.24999398100001058
0.2499939850000106
0.2499939890000106
0.24999399300001063
0.2499939970000106
0.24999400100001062
0.24999400500001062
0.24999400900001062
0.24999401300001062
0.24999401700001062
0.2499940210000106
0.24999402500001058
0.24999402900001058
0.24999403300001063
0.24999403700001063
0.2499940410000106
0.2499940450000106
0.2499940470000106
0.24999404700001063
0.24999405000001065
0.24999405400001062
0.2499940580000106
0.24999406200001062
0.24999406600001062
0.24999407000001062
0.2499940740000106
0.2499940780000106
0.2499940820000106
0.2499940860000106
0.2499940900000106
0.2499940940000106
0.2499940980000106
0.2499941020000106
0.24999410600001062
0.2499941100000106
0.2499941140000106
0.2499941170000106
0.2499941120000106
0.24999409400001063
0.24999407900001064
0.2499940770000106
0.24999408100001058
0.2499940850000106
0.2499940890000106
0.24999409300001063
0.2499940970000106
0.2499941010000106
0.2499941050000106
0.24999410900001062
0.2499941130000106
0.2499941170000106
0.24999412100001062
0.24999412500001061
0.2499941290000106
0.2499941330000106
0.2499941370000106
0.2499941410000106
0.24999414500001063
0.24999414900001063
0.2499941530000106
0.2499941570000106
0.24999416100001062
0.24999416500001062
0.24999416900001062
0.24999417300001062
0.24999417700001064
0.24999418100001064
0.24999418500001064
0.24999418900001064
0.24999419300001063
0.2499941970000106
0.24999420100001063
0.24999420500001066
0.24999420900001065
0.24999421300001062
0.24999421700001068
0.24999422100001067
0.24999422500001064
0.24999422900001064
0.24999423300001067
0.24999423700001067
0.24999424100001066
0.24999424500001066
0.2499942490000107
0.24999425300001069
0.24999425700001066
0.24999426100001068
0.24999426500001068
0.24999426900001065
0.24999427300001065
0.2499942770000107
0.2499942810000107
0.2499942820000107
0.24999428400001067
0.2499942880000107
0.24999429200001072
0.24999429600001072
0.2499943000000107
0.24999430400001071
0.24999430800001074
0.2499943120000107
0.2499943160000107
0.2499943200000107
0.24999432400001073
0.2499943280000107
0.24999433200001073
0.24999433600001073
0.24999434000001075
0.24999434400001075
0.24999434800001075
0.24999435200001074
0.24999435600001071
0.2499943600000107
0.24999436400001077
0.24999436800001076
0.24999437200001073
0.24999437600001073
0.24999438000001073
0.24999438400001076
0.24999438800001075
0.24999439200001075
0.24999439600001078
0.24999440000001075
0.24999440400001077
0.24999440800001077
0.24999440600001077
0.24999439100001075
0.2499943760000108
0.24999435000001075
0.24999431300001076
0.24999426000001077
0.24999419900001077
0.24999410500001076
0.24999399900001076
0.24999391300001078
0.24999385900001078
0.24999378100001077
0.2499937090000108
0.2499936240000108
0.24999354900001078
0.2499934950000108
0.24999343800001078
0.2499934030000108
0.2499933760000108
0.2499933360000108
0.2499933120000108
0.24999329000001078
0.24999328100001078
0.24999327100001079
0.24999325600001077
0.2499932460000108
0.2499932380000108
0.24999318900001077
0.24999312700001078
0.2499930590000108
0.24999296400001078
0.24999290400001078
0.2499928190000108
0.24999269300001078
0.2499925830000108
0.2499924560000108
0.2499923450000108
0.24999221700001079
0.2499920350000108
0.24999188100001077
0.24999177600001077
0.2499916600000108
0.24999153100001076
0.24999138500001078
0.24999126400001073
0.24999116900001075
0.24999110700001076
0.24999108300001074
0.24999103600001074
0.2499910030000108
0.24999098600001077
0.24999096400001075
0.24999093800001074
0.24999088600001076
0.24999081000001075
0.24999074000001076
0.24999065200001072
0.24999053500001073
0.24999044300001072
0.2499903770000107
0.24999031300001073
0.24999027300001073
0.24999023900001074
0.24999019100001071
0.24999017900001072
0.24999015900001073
0.24999015300001073
0.24999014600001074
0.24999014600001074
0.24999014600001074
0.24999014700001068
0.24999015100001068
0.2499901550000107
0.2499901590000107
0.2499901630000107
0.2499901640000107
0.2499901670000107
0.24999017100001072
0.2499901750000107
0.2499901790000107
0.2499901830000107
0.2499901870000107
0.2499901910000107
0.24999019500001068
0.2499901990000107
0.2499902030000107
0.24999020700001068
0.24999020800001068
0.24999021100001068
0.24999021500001067
0.24999021900001067
0.24999022300001067
0.2499902270000107
0.2499902310000107
0.24999023500001066
0.24999023900001066
0.24999024300001066
0.24999024700001066
0.24999025100001068
0.24999025500001065
0.24999025900001068
0.24999026300001065
0.24999026700001065
0.24999027100001064
0.24999027500001064
0.24999027900001067
0.24999028300001067
0.24999028700001066
0.24999029100001063
0.24999029500001063
0.24999029800001063
0.24999029500001063
0.24999029900001063
0.24999030300001063
0.24999030700001063
0.24999031100001062
0.24999031500001065
0.24999031900001062
0.24999032300001062
0.24999032700001064
0.2499903310000106
0.2499903350000106
0.24999033900001064
0.2499903410000106
0.24999034500001063
0.2499903490000106
0.2499903530000106
0.2499903570000106
0.24999036100001057
0.24999036500001062
0.24999036900001062
0.24999037300001062
0.2499903770000106
0.2499903810000106
0.24999038500001058
0.2499903880000106
0.2499903770000106
0.2499903710000106
0.24999037400001056
0.2499903780000106
0.24999038200001059
0.24999038600001058
0.24999039000001055
0.24999039400001058
0.24999039800001058
0.2499904020000106
0.24999040600001057
0.24999041000001057
0.24999041400001057
0.24999041800001054
0.24999042200001054
0.2499904260000106
0.2499904300000106
0.24999043400001053
0.24999043800001053
0.24999044200001055
0.24999044400001058
0.24999042400001054
0.24999039400001052
0.24999036600001054
0.24999035000001052
0.2499903210000105
0.24999029200001052
0.24999028300001055
0.24999025500001054
0.24999021600001048
0.24999018400001052
0.2499900990000105
0.24999001400001053
0.2499898510000105
0.2499897310000105
0.24998959500001053
0.24998945200001052
0.2499893090000105
0.24998916000001048
0.24998897800001052
0.2499888120000105
0.24998867400001049
0.24998854100001047
0.2499884560000105
0.2499883820000105
0.2499883100000105
0.24998822700001047
0.2499881200000105
0.24998802400001052
0.24998795600001048
0.24998789100001048
0.24998785700001047
0.24998784000001045
0.24998783900001048
0.24998784300001048
0.24998784700001048
0.24998785100001047
0.24998785500001047
0.24998785900001047
0.24998786300001044
0.24998786700001047
0.24998787100001044
0.24998787500001046
0.24998787900001046
0.24998788300001046
0.24998788700001046
0.24998789100001045
0.24998789500001045
0.24998789900001045
0.24998790300001045
0.24998790700001047
0.24998791100001044
0.24998791500001044
0.24998791900001044
0.24998792300001044
0.2499879270000104
0.2499879310000104
0.24998793500001043
0.2499879390000104
0.24998794300001043
0.24998794700001042
0.24998795100001042
0.24998795500001042
0.2499879590000104
0.24998796300001044
0.24998796700001044
0.2499879710000104
0.2499879750000104
0.2499879790000104
0.24998798300001038
0.2499879870000104
0.2499879910000104
0.24998799500001043
0.2499879990000104
0.2499880030000104
0.2499880070000104
0.24998801100001036
0.24998801500001036
0.2499880190000104
0.24998802300001038
0.24998802700001038
0.24998803100001038
0.24998803500001038
0.24998803900001035
0.2499880430000104
0.2499880470000104
0.2499880510000104
0.24998805500001037
0.24998805900001037
0.24998806200001036
0.2499880520000104
0.24998803800001038
0.24998802400001036
0.24998801600001036
0.24998801800001036
0.24998802200001038
0.24998802600001035
0.24998803000001038
0.24998803400001038
0.24998803800001038
0.24998804200001035
0.24998804600001034
0.24998805000001037
0.24998805400001037
0.24998805800001034
0.24998806200001036
0.24998806600001036
0.24998807000001033
0.24998807400001036
0.24998807800001033
0.24998808200001033
0.24998808600001032
0.24998809000001035
0.24998809400001035
0.24998809800001032
0.24998810200001031
0.2499881060000103
0.2499881100000103
0.24998811400001034
0.24998811800001033
0.24998812200001033
0.2499881260000103
0.2499881300000103
0.2499881340000103
0.2499881380000103
0.24998813900001027
0.2499881360000103
0.2499881390000103
0.2499881430000103
0.2499881470000103
0.2499881510000103
0.24998815500001026
0.24998815900001028
0.24998816300001028
0.24998816700001028
0.24998817100001028
0.2499881750000103
0.2499881790000103
0.24998818300001027
0.24998818700001027
0.24998819100001027
0.2499881950000103
0.2499881990000103
0.2499882030000103
0.2499882070000103
0.2499882050000103
0.24998819600001024
0.24998818900001027
0.24998818200001025
0.24998818500001027
0.24998818900001027
0.24998819300001027
0.24998819700001024
0.24998820100001024
0.24998820500001026
0.24998820900001023
0.24998821300001026
0.24998821700001025
0.24998822100001025
0.24998822500001022
0.24998822900001022
0.24998823300001022
0.24998823700001022
0.24998824100001021
0.24998824500001024
0.24998824900001024
0.2499882530000102
0.2499882570000102
0.2499882610000102
0.24998826500001023
0.24998826900001023
0.24998827000001023
0.24998827400001022
0.24998827800001022
0.2499882820000102
0.2499882850000102
0.24998828400001022
0.2499882820000102
0.2499882800000102
0.2499882810000102
0.2499882850000102
0.2499882890000102
0.2499882930000102
0.24998829700001016
0.2499883010000102
0.2499883050000102
0.24998830900001018
0.24998831300001018
0.24998831700001017
0.24998832100001017
0.24998832500001017
0.2499883290000102
0.2499883330000102
0.24998833700001016
0.24998834100001016
0.24998834200001016
0.2499883450000102
0.24998834900001018
0.24998835300001016
0.24998835700001015
0.24998836100001015
0.24998836500001015
0.24998836900001015
0.24998837300001014
0.24998837700001017
0.24998838100001014
0.24998838500001014
0.24998838900001016
0.24998839300001016
0.24998839700001013
0.24998839800001013
0.24998839700001013
0.24998840100001013
0.24998840500001016
0.24998840900001013
0.24998841300001012
0.24998841700001015
0.24998842100001012
0.24998842500001012
0.24998842900001014
0.24998843300001014
0.2499884370000101
0.2499884410000101
0.24998844500001013
0.24998844900001013
0.2499884530000101
0.2499884570000101
0.2499884610000101
0.2499884650000101
0.24998846900001012
0.24998847300001012
0.24998847700001012
0.2499884810000101
0.24998848500001009
0.2499884890000101
0.24998849300001008
0.2499884970000101
0.24998850100001008
0.2499885050000101
0.24998850900001007
0.2499885130000101
0.2499885170000101
0.2499885210000101
0.24998852500001006
0.2499885290000101
0.2499885330000101
0.24998853700001006
0.24998854100001006
0.24998854500001008
0.24998854900001008
0.24998855300001008
0.24998855700001008
0.24998856100001007
0.24998856500001004
0.24998856900001004
0.24998857300001004
0.2499885770000101
0.24998858100001004
0.24998858500001006
0.24998858900001006
0.24998859300001003
0.24998859700001003
0.24998860100001005
0.24998860400001005
0.24998860000001005
0.24998859100001006
0.24998858800001003
0.24998859200001006
0.24998859600001003
0.24998860000001003
0.24998860400001002
0.24998860800001
0.24998861200001005
0.24998861600001004
0.24998862000001004
0.24998862400001
0.24998862800001
0.24998863100001
0.24998863500000998
0.24998863900001003
0.24998864300001003
0.24998864700001
0.24998865100000997
0.24998865500001002
0.24998865900001002
0.24998866300001002
0.24998866700001
0.24998867100001
0.24998867500001
0.24998867900000998
0.24998868300000998
0.24998868700000998
0.24998869100000998
0.24998869500001
0.24998869900001
0.24998870300001
0.24998870700000997
0.24998871100000997
0.24998871500000996
0.24998871900001002
0.24998872300001
0.24998872700000999
0.24998873100000996
0.24998873500000995
0.24998873900000998
0.24998874300000998
0.24998874700000998
0.24998875100000995
0.24998875500000997
0.24998875900000997
0.24998876300000997
0.24998876700000994
0.24998877100000996
0.24998877500000993
0.2499887790000099
0.24998878300000996
0.24998878700000995
0.24998879100000995
0.24998879500000992
0.24998879900000995
0.24998880300000997
0.24998880700000992
0.24998881100000991
0.24998881500000994
0.24998881900000994
0.24998882300000994
0.24998882700000993
0.24998883100000993
0.24998883500000993
0.24998883900000993
0.24998884300000992
0.24998884700000992
0.2499888510000099
0.24998885500000995
0.24998885900000992
0.24998886300000994
0.2499888670000099
0.2499888710000099
0.2499888750000099
0.2499888790000099
0.24998888300000988
0.24998888700000993
0.2499888910000099
0.2499888950000099
0.24998889900000992
0.2499889030000099
0.24998890700000986
0.2499889110000099
0.2499889150000099
0.2499889190000099
0.24998892300000988
0.24998892400000988
0.24998892700000988
0.24998893100000988
0.24998893500000985
0.24998893900000987
0.2499889430000099
0.2499889470000099
0.24998895100000987
0.24998895500000987
0.2499889590000099
0.24998896300000983
0.24998896700000983
0.24998897100000986
0.24998897500000988
0.24998897900000985
0.24998898300000988
0.24998898700000988
0.24998899100000987
0.24998899500000984
0.24998899900000984
0.24998900300000987
0.24998900700000984
0.24998901100000984
0.24998901000000984
0.24998901300000984
0.24998901700000986
0.24998902100000983
0.24998902500000983
0.24998902900000985
0.24998903300000985
0.24998903700000982
0.24998904100000982
0.24998904500000985
0.24998904900000982
0.24998905300000981
0.2499890570000098
0.24998906100000984
0.2499890650000098
0.2499890690000098
0.2499890730000098
0.2499890770000098
0.24998908100000983
0.24998908500000983
0.24998908900000982
0.2499890930000098
0.2499890970000098
0.2499891010000098
0.2499891050000098
0.2499891090000098
0.2499891130000098
0.2499891170000098
0.24998912100000978
0.24998912500000978
0.2499891290000098
0.2499891330000098
0.24998913700000977
0.2499891410000098
0.2499891450000098
0.24998914900000976
0.24998915300000976
0.24998915700000982
0.2499891610000098
0.24998916500000978
0.24998916900000978
0.24998917300000978
0.24998917700000975
0.24998918100000975
0.24998918500000974
0.24998918900000977
0.24998919300000977
0.24998919700000977
0.24998920100000976
0.24998920500000973
0.24998920900000976
0.24998921300000976
0.24998921700000976
0.24998922100000975
0.24998922500000975
0.24998922900000975
0.24998923300000972
0.24998923700000975
0.24998924100000977
0.24998924500000977
0.2499892490000097
0.24998925300000974
0.24998925500000974
0.24998925900000973
0.2499892630000097
0.24998926700000973
0.24998927100000976
0.24998927500000975
0.24998927900000972
0.24998928300000972
0.24998928700000975
0.24998929100000972
0.24998929500000971
0.24998929900000974
0.24998930300000974
0.2499893070000097
0.2499893110000097
0.2499893150000097
0.2499893190000097
0.2499893230000097
0.24998932700000973
0.24998933100000972
0.2499893350000097
0.2499893390000097
0.2499893430000097
0.2499893470000097
0.2499893510000097
0.24998935500000968
0.2499893590000097
0.24998936300000968
0.24998936700000968
0.2499893710000097
0.2499893750000097
0.2499893790000097
0.24998938300000967
0.2499893870000097
0.24998939100000966
0.24998939500000966
0.24998939900000972
0.24998940300000969
0.24998940300000966
0.24998939700000966
0.2499893990000097
0.24998940300000966
0.24998940700000963
0.24998941100000963
0.24998941500000968
0.24998941900000965
0.24998942300000965
0.24998942700000965
0.24998943100000967
0.24998943500000964
0.24998943900000964
0.24998944300000966
0.24998944700000963
0.24998945100000963
0.24998945500000963
0.24998945900000968
0.24998946300000965
0.24998946700000965
0.24998947100000965
0.24998947500000962
0.24998947900000962
0.24998948300000962
0.2499894870000096
0.24998949100000964
0.24998949500000964
0.24998949900000964
0.24998950200000963
0.2499895060000096
0.24998951000000963
0.24998951400000963
0.24998951700000963
0.24998952100000962
0.24998952500000962
0.24998952900000962
0.2499895330000096
0.2499895370000096
0.2499895410000096
0.24998954500000958
0.24998954900000958
0.2499895530000096
0.24998954700000958
0.2499895240000096
0.24998949700000958
0.24998944300000958
0.2499893510000096
0.2499892830000096
0.24998923000000958
0.24998917600000958
0.24998913500000958
0.24998911700000956
0.2499891130000096
0.2499891090000096
0.2499891110000096
0.2499891150000096
0.24998911900000956
0.24998912300000956
0.24998912700000958
0.24998913100000955
0.24998913500000955
0.24998913900000957
0.24998914300000957
0.24998914700000954
0.24998915100000957
0.24998915500000957
0.24998915900000956
0.24998916300000953
0.24998916700000956
0.24998917100000956
0.24998917500000953
0.24998917900000953
0.24998918300000958
0.24998918700000958
0.24998918300000955
0.24998915100000954
0.24998910300000954
0.24998908600000955
0.24998907700000955
0.24998908100000955
0.24998908500000955
0.24998908900000952
0.24998909200000952
0.24998908300000952
0.2499890590000095
0.24998905900000953
0.24998906300000953
0.24998906700000953
0.24998907100000953
0.2499890750000095
0.24998907900000952
0.24998908300000952
0.2499890870000095
0.2499890910000095
0.24998909500000951
0.2499890990000095
0.24998910300000948
0.24998910700000948
0.24998911100000948
0.2499891150000095
0.2499891190000095
0.2499891230000095
0.2499891270000095
0.24998913100000947
0.24998913500000947
0.2499891390000095
0.2499891430000095
0.2499891470000095
0.24998915100000949
0.24998915300000948
0.2499891570000095
0.24998916100000948
0.24998916500000948
0.24998916900000948
0.24998917300000947
0.24998917700000947
0.24998918100000947
0.24998918500000947
0.24998918900000944
0.2499891930000095
0.2499891970000095
0.2499892010000095
0.24998920500000946
0.24998920900000945
0.24998921300000945
0.24998921700000942
0.24998922100000948
0.24998922500000947
0.24998922900000947
0.24998923300000944
0.24998923700000947
0.24998924100000947
0.24998924500000944
0.24998924900000943
0.24998925300000946
0.24998925700000946
0.24998926100000943
0.24998926500000943
0.24998926900000942
0.24998927300000942
0.24998927600000945
0.24998927700000945
0.24998928100000944
0.24998928500000944
0.2499892890000094
0.2499892930000094
0.24998929700000944
0.2499893010000094
0.2499893050000094
0.2499893090000094
0.24998931300000943
0.2499893170000094
0.2499893210000094
0.2499893250000094
0.24998932900000936
0.2499893330000094
0.24998933700000942
0.2499893410000094
0.24998934500000938
0.24998934900000938
0.24998935300000938
0.2499893570000094
0.24998936100000937
0.24998936500000937
0.2499893690000094
0.24998936700000937
0.2499893710000094
0.24998937500000937
0.24998937900000937
0.24998938300000936
0.2499893870000094
0.24998939100000936
0.24998939500000938
0.24998939900000938
0.24998940300000935
0.24998940700000935
0.24998941100000935
0.24998941500000935
0.24998941900000937
0.24998942300000937
0.24998942700000937
0.24998943100000934
0.24998943500000936
0.24998943900000936
0.24998944300000933
0.24998944700000933
0.24998945100000936
0.24998945500000935
0.24998945900000932
0.24998946300000932
0.24998946700000935
0.24998947100000937
0.24998947500000934
0.24998947900000934
0.24998948300000934
0.2499894870000093
0.2499894910000093
0.24998949500000936
0.24998949900000936
0.24998950300000933
0.24998950700000933
0.24998951100000932
0.24998951500000932
0.24998951900000932
0.24998952300000932
0.24998952700000932
0.2499895310000093
0.2499895350000093
0.2499895390000093
0.24998954300000928
0.2499895470000093
0.24998955100000933
0.24998955500000933
0.2499895580000093
0.24998955400000933
0.2499895410000093
0.24998951100000932
0.24998948900000928
0.2499894750000093
0.24998945800000927
0.24998942900000928
0.24998941500000926
0.24998938900000928
0.24998937400000928
0.2499893660000093
0.2499893640000093
0.2499893640000093
0.2499893680000093
0.24998937200000929
0.24998937600000928
0.24998938000000928
0.2499893840000093
0.24998938800000928
0.24998939200000925
0.24998939600000927
0.24998940000000924
0.24998940400000924
0.2499894080000093
0.24998941200000924
0.24998941600000926
0.24998942000000926
0.24998942400000926
0.24998942800000923
0.24998943200000923
0.24998943600000925
0.24998944000000928
0.24998944400000922
0.24998944800000925
0.24998945200000924
0.2499894560000092
0.24998946000000924
0.24998946400000924
0.24998946800000924
0.24998947200000923
0.24998947600000923
0.24998948000000926
0.24998948400000923
0.2499894880000092
0.24998949200000922
0.24998949600000925
0.24998950000000922
0.24998950400000922
0.24998950800000921
0.24998951200000924
0.2499895160000092
0.24998952000000918
0.2499895240000092
0.2499895280000092
0.2499895320000092
0.24998953600000923
0.2499895400000092
0.2499895440000092
0.2499895480000092
0.2499895520000092
0.2499895560000092
0.2499895600000092
0.24998956400000918
0.24998956800000918
0.24998957200000915
0.2499895760000092
0.2499895800000092
0.2499895840000092
0.24998958800000917
0.24998959100000917
0.24998959500000917
0.24998959900000914
0.24998960300000916
0.2499896070000092
0.2499896110000092
0.24998961500000916
0.24998961900000916
0.24998962300000915
0.24998962400000918
0.24998961300000913
0.24998957900000915
0.24998955400000916
0.24998954400000917
0.24998953200000915
0.24998950200000916

Avalanche_Distribution:
2
1
4325
1
5
2
1
5
1
1
1
41
6
63
59
3356
22
19
43
1
2
398
1
1
36
2
303
1
1
5
211
1
5
1
23
4
8
2
7
1
2
1
2823
4
4
1
1
7
57
5
4543
2
4
4
8
2
27
2739
65
11
42
3
21
4
8
29
1
4
6
2
16
1
1
494
130
46
2
4
6
247
1
