
Branching_global:
0.9999999670000002
1.00000009400001
1.0000005020000204
1.00000085600003
1.0000004880000395
1.0000006360000475
1.0000009770000546
1.0000013530000624
1.0000016730000694
1.000002020000076

Autocorrelation:
-30303.029946416544
10638.297240828437
1992.0322913944285
1168.2247581644665
2049.1806620484704
1572.3274265558425
1023.5418961900018
739.0987659694241
597.729106417256
495.04998630086624

Average_Activity:
1.75
7.75
7.0
4.0
0.0
0.0
0.0
0.0
0.0
0.0
0.0
0.0
0.0
0.0
0.0
0.0
0.0
0.0
0.0
0.0
0.0
0.0
0.0
0.0
0.0
0.0
0.0
0.0
0.0
0.0
0.0
0.0
0.0
0.0
0.0
0.0
0.0
0.0
0.0
0.0
0.0
0.0
0.0
0.0
0.0
0.0
0.0
0.0
0.0
0.0
0.0
0.75
0.5
0.0
0.0
0.0
0.0
0.0
0.0
0.0
0.0
0.0
0.0
0.0
0.75
0.75
0.0
0.0
0.0
0.0
0.0
0.0
0.0
0.0
0.0
0.0
0.0
0.0
0.0
0.25
0.0
0.0
0.0
0.0
0.0
0.0
0.0
0.0
0.0
0.0
0.0
2.25
3.5
2.75
8.75
4.5
2.25
6.25
6.5
3.5
2.75
3.5
3.5
3.0
2.5
3.75
1.5
2.0
0.25
0.25
0.75
0.0
0.0
0.0
0.0
0.0
0.0
0.0
0.0
0.0
0.0
0.0
0.0
0.0
0.0
0.0
0.0
0.0
0.0
0.0
0.0
0.0
0.0
0.0
0.0
0.0
0.0
0.0
0.0
0.0
0.0
0.0
0.0
0.0
0.0
0.0
0.0
0.0
0.0
0.0
0.0
0.0
0.0
0.0
0.0
0.0
0.0
0.0
0.0
0.0
0.5
1.5
2.5
1.75
0.0
0.0
0.0
0.0
0.5
0.75
0.0
0.0
0.0
0.0
0.0
0.0
0.0
0.0
0.0
0.0
0.0
0.0
0.0
0.0
0.0
0.0
0.0
0.0
0.0
0.0
0.0
0.0
0.0
0.0
0.0
0.0
0.0
0.0
0.0
0.0
0.0
0.0
1.0
0.0
0.0
0.0
0.0
0.0
0.0
0.0
0.0
0.0
0.0
0.0
0.0
0.0
0.0
0.0
0.0
0.0
0.0
0.0
0.0
0.0
0.0
0.0
0.0
0.0
0.0
0.0
0.0
0.0
0.0
0.0
0.0
0.0
0.0
0.0
0.0
0.0
0.75
0.0
0.0
0.0
0.0
0.0
0.0
0.0
0.0
1.5

Average_Alpha:
0.24999999400000003
0.24999996700000007
0.24999994300000025
0.24999993100000029
0.24999993500000045
0.2499999390000005
0.24999994300000067
0.24999994700000067
0.24999995100000086
0.24999995500000088
0.24999995900000108
0.2499999630000011
0.24999996700000127
0.24999997100000126
0.24999997500000148
0.24999997900000148
0.24999998300000167
0.24999998700000167
0.24999999100000184
0.2499999950000019
0.24999999900000205
0.2500000030000021
0.25000000700000224
0.2500000110000023
0.25000001500000246
0.25000001900000246
0.2500000230000027
0.2500000270000027
0.2500000310000029
0.25000003500000284
0.25000003900000306
0.25000004300000306
0.2500000470000033
0.2500000510000033
0.25000005500000344
0.2500000590000035
0.25000006300000366
0.25000006700000366
0.2500000710000039
0.2500000750000039
0.25000007900000404
0.2500000830000041
0.25000008700000426
0.2500000910000043
0.2500000950000045
0.2500000990000045
0.2500001030000047
0.2500001070000047
0.25000011100000485
0.2500001150000049
0.250000119000005
0.2500001200000051
0.25000012200000526
0.25000012600000526
0.2500001300000055
0.2500001340000055
0.25000013800000565
0.25000014200000564
0.25000014600000586
0.25000015000000586
0.2500001540000061
0.2500001580000061
0.25000016200000624
0.2500001660000063
0.25000016700000643
0.25000016800000646
0.2500001720000067
0.2500001760000067
0.25000018000000684
0.25000018400000684
0.25000018800000706
0.25000019200000706
0.2500001960000073
0.2500002000000073
0.25000020400000744
0.25000020800000744
0.25000021200000766
0.25000021600000766
0.2500002200000079
0.2500002230000079
0.25000022700000807
0.25000023100000807
0.25000023500000823
0.2500002390000083
0.25000024300000845
0.25000024700000845
0.2500002510000086
0.25000025500000866
0.25000025900000883
0.2500002630000089
0.250000267000009
0.250000262000009
0.25000025200000925
0.2500002450000092
0.2500002140000094
0.25000020000000944
0.2500001950000096
0.2500001740000096
0.25000015200000975
0.2500001420000098
0.2500001350000099
0.25000012500000995
0.25000011500001007
0.25000010700001013
0.25000010100001024
0.2500000900000103
0.2500000880000104
0.2500000840000104
0.2500000870000106
0.25000009000001056
0.2500000910000107
0.25000009500001075
0.25000009900001086
0.25000010300001085
0.250000107000011
0.250000111000011
0.2500001150000112
0.2500001190000112
0.2500001230000113
0.25000012700001134
0.25000013100001145
0.2500001350000115
0.2500001390000116
0.2500001430000116
0.2500001470000118
0.25000015100001177
0.25000015500001194
0.25000015900001193
0.25000016300001204
0.2500001670000121
0.2500001710000122
0.25000017500001226
0.2500001790000123
0.25000018300001237
0.25000018700001253
0.25000019100001253
0.2500001950000127
0.2500001990000127
0.2500002030000128
0.25000020700001285
0.25000021100001296
0.25000021500001296
0.2500002190000131
0.2500002230000131
0.2500002270000133
0.2500002310000133
0.2500002350000134
0.2500002390000134
0.25000024300001356
0.2500002470000136
0.2500002510000137
0.2500002550000137
0.2500002590000138
0.2500002630000139
0.25000026700001404
0.25000027100001404
0.2500002750000142
0.2500002790000142
0.2500002830000143
0.25000028700001437
0.25000028900001453
0.25000028700001453
0.25000028100001465
0.2500002780000146
0.2500002820000148
0.2500002860000148
0.2500002900000149
0.25000029400001494
0.25000029600001505
0.250000297000015
0.2500003010000152
0.25000030500001524
0.25000030900001535
0.2500003130000154
0.2500003170000155
0.2500003210000155
0.2500003250000156
0.2500003290000157
0.2500003330000158
0.2500003370000158
0.25000034100001595
0.25000034500001594
0.25000034900001605
0.2500003530000161
0.25000035700001627
0.25000036100001627
0.2500003650000164
0.2500003690000164
0.25000037300001654
0.25000037700001654
0.25000038100001665
0.2500003850000167
0.2500003890000168
0.2500003930000168
0.25000039700001697
0.25000040100001697
0.25000040500001713
0.2500004090000171
0.25000041300001724
0.25000041700001724
0.2500004210000174
0.2500004250000174
0.2500004250000175
0.25000042900001757
0.25000043300001773
0.25000043700001773
0.25000044100001784
0.2500004450000178
0.25000044900001794
0.250000453000018
0.25000045700001816
0.25000046100001816
0.25000046500001827
0.25000046900001827
0.25000047300001843
0.25000047700001843
0.2500004810000186
0.25000048500001854
0.2500004890000187
0.2500004930000187
0.25000049700001886
0.25000050100001886
0.250000505000019
0.250000509000019
0.2500005130000192
0.2500005170000192
0.2500005210000193
0.2500005250000193
0.25000052900001946
0.25000053300001945
0.2500005370000196
0.2500005410000196
0.2500005450000197
0.2500005490000197
0.2500005530000199
0.2500005570000199
0.25000056100002
0.25000056500002005
0.25000056900002016
0.25000057300002015
0.2500005740000203
0.2500005780000203
0.25000058200002045
0.25000058600002045
0.2500005900000206
0.2500005940000206
0.2500005980000208
0.2500006020000208
0.2500006060000209
0.25000060400002094

Avalanche_Distribution:
82
5
6
1
252
4
25
5
4
3
