
Branching_global:
0.9400000039999998
0.9400003059999996
0.9400003279999998
0.9399999049999992
0.9400001969999991
0.9399998779999988
0.9399999299999987
0.9400002769999986
0.9399997439999983
0.939999723999998
0.9399997559999979
0.9399999289999975
0.9399992289999974
0.9399991619999971
0.9399987299999971
0.9399981989999968
0.9399983899999965
0.9399976299999965
0.9399979889999961
0.9399982159999959
0.9399982999999956
0.9399984809999955
0.9399980499999954
0.9399981059999951
0.939997458999995
0.9399975639999948
0.9399979039999945
0.9399977879999942
0.9399977109999941
0.9399978549999938
0.9399980859999936
0.9399984349999934
0.9399985019999932
0.939998866999993
0.9399991369999927
0.9399989479999926
0.9399993199999924
0.939999322999992
0.9399992149999918
0.9399987999999917
0.9399991429999915
0.9399990629999914
0.939999310999991
0.9399986349999908
0.9399973849999906
0.9399970989999904
0.9399963369999903
0.93999645499999
0.9399958339999899
0.9399955129999896
0.9399955469999893
0.9399948379999892
0.939995038999989
0.9399948759999889
0.9399956969999885
0.9399943079999882
0.9399939179999882
0.9399938859999879
0.9399937279999876
0.9399935879999874
0.9399934989999873
0.939993353999987
0.9399913679999867
0.9399919889999867
0.9399920419999864
0.9399920989999861
0.9399920919999861
0.9399924059999858
0.9399921299999855
0.9399921999999854
0.9399931089999851
0.9399906999999851
0.9399913469999847
0.9399911289999845
0.9399912899999844
0.9399899599999842
0.939990111999984
0.9399899469999836
0.9399901209999835
0.9399898129999833
0.939989705999983
0.9399893989999829
0.9399895859999826
0.9399895269999824
0.9399896219999822
0.939989899999982
0.9399900019999818
0.9399897559999816
0.9399897749999814
0.9399903419999812
0.9399908509999809
0.9399905749999807
0.9399897419999805
0.9399900639999803
0.9399897579999802
0.93998974999998
0.9399895839999797
0.9399894609999794
0.9399890449999794
0.9399896129999792

Autocorrelation:
-0.016161511823478688
-0.016161595739568865
-0.016161601852694576
-0.0161614843147453
-0.01616156545187586
-0.016161476812379172
-0.016161491261386402
-0.01616158768136431
-0.016161439578514136
-0.016161434021235037
-0.01616144291288319
-0.016161490983520307
-0.016161296479759623
-0.016161277863208916
-0.01616115782913422
-0.01616101028961785
-0.016161063359086656
-0.0161608521946154
-0.016160951941376754
-0.01616101501306448
-0.01616103835248831
-0.016161088643611814
-0.016160968890109213
-0.016160984449631755
-0.01616080468334591
-0.016160833856900054
-0.016160928324347262
-0.016160896094156652
-0.016160874700047203
-0.01616091470985483
-0.016160978892655633
-0.01616107586241295
-0.01616109447851256
-0.01616119589530764
-0.01616127091674423
-0.01616121840166766
-0.016161321764990556
-0.016161322598570834
-0.01616129258972913
-0.016161177278981215
-0.01616127258389461
-0.016161250355245918
-0.016161319264249484
-0.01616113143298207
-0.016160784122996395
-0.01616070466050514
-0.016160492949452376
-0.016160525733751742
-0.016160353200875822
-0.016160264018614885
-0.0161602734646658
-0.016160076488934964
-0.01616013233066527
-0.016160087046049265
-0.016160315138547748
-0.01615992924636426
-0.01615982089971835
-0.01615981200979956
-0.01615976811596481
-0.01615972922288663
-0.016159704498095527
-0.0161596642162895
-0.016159112514036966
-0.01615928502124143
-0.01615929974424376
-0.016159315578445098
-0.01615931363389242
-0.01615940086141538
-0.016159324190040767
-0.016159343635612475
-0.016159596154369446
-0.016158926954715803
-0.01615910668052182
-0.01615904612332588
-0.016159090846717045
-0.016158721399810453
-0.016158763621485415
-0.01615871778875589
-0.01615876612145959
-0.016158680567209413
-0.016158650845646088
-0.016158565570347113
-0.016158617513177737
-0.01615860112476299
-0.01615862751290409
-0.016158704733417996
-0.01615873306630388
-0.01615866473421346
-0.01615867001187522
-0.01615882750995214
-0.01615896889964894
-0.016158892232246518
-0.016158660845411864
-0.016158750288300765
-0.016158665289756267
-0.01615866306758366
-0.01615861695763691
-0.01615858279199746
-0.01615846724095384
-0.01615862501297052

Average_Activity:
0.0
0.0
0.0
0.0
1.25
2.0
0.25
0.0
0.25
0.0
0.0
0.25
0.25
0.25
0.0
0.0
1.0
0.0
0.25
0.0
0.0
0.0
0.25
0.0
0.0
0.5
0.25
0.0
0.25
1.75
1.5
0.0
2.5
3.0
2.0
0.75
0.0
0.25
0.5
1.75
0.5
0.0
0.0
0.5
3.0
1.25
0.0
0.0
0.0
0.0
0.75
2.25
0.5
0.0
0.75
1.25
1.75
6.75
6.0
7.25
4.5
6.75
2.0
1.25
0.75
0.5
1.75
3.5
3.0
2.5
1.75
0.25
0.0
0.0
0.5
0.75
0.25
0.5
0.25
0.0
0.0
0.0
0.25
1.0
0.25
0.0
0.0
0.0
0.0
0.0
0.0
0.0
0.75
1.0
1.0
0.0
0.0
0.0
0.0
0.0
0.0
0.5
1.75
2.25
0.5
0.0
0.0
1.5
4.5
7.0
4.5
1.75
4.25
3.75
3.5
2.0
1.0
0.0
0.75
0.0
0.0
0.0
0.25
1.5
1.25
3.0
2.5
0.0
0.0
0.0
0.25
0.75
1.25
2.5
2.0
0.25
0.0
0.0
0.0
0.0
0.0
0.0
0.0
0.75
3.5
5.0
0.25
0.25
0.0
0.0
0.25
0.0
0.0
0.0
0.0
0.0
0.0
0.0
0.0
0.75
1.25
1.75
0.0
0.0
0.0
0.0
1.0
1.5
0.25
0.0
0.0
0.25
0.0
0.0
0.0
0.0
0.5
2.0
1.25
0.0
0.0
0.5
2.25
0.5
0.0
1.5
3.5
5.0
6.0
3.0
0.5
0.0
0.0
0.0
1.0
6.25
11.0
5.5
2.0
1.0
0.75
4.75
4.5
4.0
2.75
2.25
0.25
0.25
0.0
1.75
1.25
2.75
2.0
0.0
0.75
0.0
0.0
0.5
0.0
0.0
0.0
0.0
0.0
0.25
0.25
1.0
0.0
0.0
0.25
0.0
0.5
0.0
0.0
0.0
0.25
0.25
0.75
0.75
0.75
3.0
3.75
0.5
0.0
0.0
0.0
0.0
0.25
0.75
0.75
1.75
1.75
0.0
0.0
0.25
1.5
0.75
0.0
1.0
1.75
3.5
2.0
0.0
0.0
0.25
2.25
1.0
2.75
0.0
0.0
0.0
0.0
0.0
0.0
0.0
0.5
0.75
1.0
0.0
0.5
0.0
0.0
0.25
0.0
0.0
0.0
0.0
0.0
0.0
0.5
0.0
0.25
0.0
1.25
3.5
3.25
5.5
7.25
7.5
11.25
11.75
10.5
8.25
5.5
3.0
1.5
0.0
0.0
1.25
3.25
1.5
1.75
1.0
0.0
0.0
0.5
0.0
0.25
0.75
1.0
2.0
1.5
0.0
0.0
0.0
0.0
0.0
0.0
1.5
1.0
0.0
0.0
0.0
0.0
0.25
2.0
6.0
8.0
4.25
5.5
10.75
4.5
5.25
2.5
0.0
0.0
0.5
0.5
0.25
0.0
0.0
0.0
2.25
0.25
0.25
0.0
0.0
0.25
0.75
0.5
0.0
0.25
0.0
0.0
0.0
0.75
0.0
1.5
4.5
10.0
14.0
7.25
5.75
3.75
3.0
1.25
0.5
0.0
0.0
1.0
2.5
2.0
0.5
1.5
3.25
0.75
0.0
0.0
0.75
1.75
4.25
3.5
0.25
0.75
0.0
0.0
0.0
0.0
0.0
0.0
0.0
1.0
3.75
6.75
8.25
1.5
0.25
1.25
0.0
0.5
1.75
2.25
4.0
2.25
3.0
1.0
0.0
0.0
0.75
3.25
4.75
9.0
4.0
1.25
0.0
0.0
0.0
0.0
0.0
0.0
0.0
0.0
0.0
0.0
0.0
0.0
1.0
0.0
0.25
2.25
3.25
3.75
2.0
0.25
0.0
0.0
0.0
0.0
0.0
0.0
0.0
0.0
0.0
0.25
0.0
2.25
5.0
4.0
1.5
0.0
0.0
0.0
0.0
0.0
0.0
0.0
0.0
0.5
0.0
0.0
0.25
0.0
0.0
0.0
0.0
0.0
0.0
0.25
0.0
0.0
0.0
0.0
0.5
0.0
0.25
0.0
0.25
0.0
0.25
3.25
4.25
0.75
0.0
0.25
0.5
0.25
0.0
0.0
2.0
0.25
0.5
4.25
3.25
1.75
1.0
1.25
1.0
0.25
0.5
0.0
0.0
0.5
0.25
0.0
0.0
0.0
0.5
0.0
0.5
2.25
1.25
0.0
0.25
0.0
0.25
0.25
0.0
0.0
0.0
0.0
0.0
0.0
1.0
0.75
0.0
0.25
0.5
0.0
0.25
0.0
0.0
1.25
0.5
0.0
0.0
0.25
3.75
4.0
3.75
9.0
9.0
1.25
1.75
0.0
0.0
0.25
1.25
0.0
0.0
0.0
0.0
0.25
1.75
1.75
1.25
0.0
1.25
1.0
1.5
0.0
0.0
0.0
0.0
0.0
0.75
7.25
4.75
5.75
5.75
5.25
4.5
3.5
3.75
2.5
0.0
0.0
0.25
0.5
2.25
4.0
8.25
12.5
9.75
6.5
1.25
0.0
0.0
0.0
0.25
0.25
0.0
0.0
0.25
0.25
0.0
1.25
2.5
0.25
0.0
0.0
0.0
0.0
0.0
0.0
0.0
0.0
0.75
0.0
0.0
1.25
3.0
2.75
2.5
0.0
0.0
1.0
0.0
0.0
0.0
0.0
0.0
0.5
0.0
0.0
0.0
0.0
0.5
1.0
0.0
0.0
0.0
0.0
0.5
0.0
0.0
0.0
0.25
0.75
0.0
0.75
0.5
0.0
0.25
1.5
4.5
7.5
4.0
2.0
3.0
0.25
0.25
1.5
2.75
1.5
1.75
1.75
0.25
0.25
0.0
0.0
0.0
0.0
0.0
0.0
0.25
0.0
0.0
0.0
0.25
0.0
0.0
0.25
0.25
0.0
0.25
0.5
0.25
1.25
2.0
0.0
0.25
0.0
0.25
0.25
0.0
0.0
0.0
0.5
2.0
1.75
4.25
5.25
1.75
0.0
1.75
1.0
0.0
0.25
1.75
0.25
0.0
0.0
0.0
0.0
0.25
3.0
4.0
0.25
0.0
0.0
0.5
0.75
0.0
0.25
0.0
0.0
0.5
0.25
0.25
0.0
1.25
1.5
2.25
0.0
0.75
1.25
0.5
0.25
1.0
1.25
0.75
0.25
0.0
0.0
0.0
0.0
0.0
0.25
0.0
0.5
0.5
0.0
0.0
0.0
0.0
0.25
0.0
0.0
0.25
4.75
1.5
0.5
0.0
0.25
0.0
0.0
0.0
0.0
0.0
0.0
0.0
0.0
0.0
0.0
0.0
0.0
0.0
0.25
0.0
0.0
0.0
0.0
0.0
0.0
0.0
1.25
2.25
3.5
3.25
1.0
0.0
0.0
0.0
0.0
0.0
0.0
1.25
0.5
1.0
0.25
0.0
0.0
0.0
0.5
2.5
0.5
0.0
0.75
0.25
1.0
0.25
0.0
0.0
0.0
0.25
0.5
0.0
0.0
0.75
0.0
0.0
0.0
0.0
0.0
0.0
0.0
1.0
0.75
0.0
0.0
0.0
0.0
0.0
0.0
0.0
0.0
0.5
2.5
1.0
0.0
0.25
1.0
1.25
0.0
0.25
0.0
0.0
0.0
0.0
0.0
0.0
0.25
0.0
0.0
0.0
0.5
0.5
0.0
0.0
0.75
4.75
4.25
0.25
3.0
4.0
0.75
2.5
3.0
3.5
0.5
0.0
0.5
0.5
0.25
0.5
3.0
0.0
0.0
0.0
1.0
1.75
2.0
0.5
0.0
0.5
0.0
2.25
0.25
0.0
1.25
0.0
0.25
0.75
0.0
0.0
1.5
2.25
4.5
0.5
0.0
0.0
0.0
1.25
0.0
0.0
0.0
0.0
0.0
0.0
0.25
1.5
1.25
0.0
0.0
0.0
0.25
0.25
0.5
1.0
0.0
0.0
0.75
2.25
1.5
2.25
2.75
1.75
1.0
0.0
0.0
0.5
0.75
0.25
0.0
0.5
0.25
0.0
1.25
1.0
2.0
2.25
0.75
0.25
3.75
5.0
4.25
5.25
3.5
0.25
0.0
0.0
0.0
1.0
2.25
3.25
6.0
2.5
0.0
0.0
0.0
0.0
1.0
1.75
2.0
5.0
6.25
6.75
3.25
1.5
0.25
1.0
1.25
0.0
0.0
0.5
0.25
0.25
0.0
0.0
0.0
0.0
0.0
0.0
0.0
0.0
0.75
0.0
0.0
0.0
0.75
0.25
0.0
0.0
0.0
0.0
0.0
0.25
0.0
0.0
1.25
0.0
0.25
0.25
1.25
1.75
0.5
0.0
0.0
0.0
0.0
1.25
2.25
1.75
1.5
0.25
1.0
0.25
0.25
0.0
0.0
0.25
0.5
0.0
0.0
1.0
0.0
2.0
1.0
0.0
1.25
3.0
6.75
2.0
0.25
0.25
1.0
1.0
0.5
0.25
0.0
0.0
0.0
0.0
0.0
0.0
0.25
0.0
0.0
0.0
0.0
0.5
0.25
0.25
0.0
0.0
0.0
0.0
0.0
0.0
0.0
0.0
0.0
0.5
3.5
5.25
4.5
4.75
3.75
6.0
12.5
10.25
9.0
9.75
4.75
1.25
1.75
2.0
0.0
0.0
0.25
0.0
0.0
0.25
0.0
0.0
0.75
3.5
10.75
11.5
11.25
10.0
11.5
7.0
4.5
2.5
5.25
7.25
4.5
1.75
0.0
0.0
0.0
0.0
0.25
1.5
2.0
3.5
3.75
5.75
3.75
0.0
0.5
1.0
0.0
0.0
0.0
0.75
0.0
0.0
0.0
1.25
2.0
3.0
3.75
3.25
6.0
3.25
2.0
6.5
14.5
18.0
13.0
4.5
4.25
3.5
3.25
1.25
1.5
0.0
0.0
1.0
1.0
0.0
0.0
0.25
0.0
0.0
0.0
0.0
0.0
0.5
0.25
0.0
0.0
0.0
0.25
0.0
0.25
0.5
0.0
0.0
0.0
0.0
0.0
0.0
0.0
0.0
0.25
1.75
0.5
0.0
0.5
2.25
1.75
1.25
0.25
0.0
0.0
0.25
0.5
2.25
3.75
4.0
4.0
3.75
4.0
3.0
4.0
3.5
7.5
5.75
2.75
0.0
1.75
2.0
0.0
0.0
0.75
0.5
2.75
7.75
4.0
1.0
1.5
2.25
1.5
1.25
0.75
0.5
0.0
0.75
2.75
3.0
5.75
4.5
2.5
2.5
3.75
4.0
0.5
1.75
2.0
2.75
1.0
0.25
0.0
1.5
0.0
0.0
0.0
0.0
0.0
0.0
0.25
0.0
0.0
0.25
0.25
0.75
1.75
0.5
0.5
1.25
0.0
0.0
0.0
0.0
0.0
1.5
2.0
5.0
6.75
11.5
10.25
1.75
2.25
0.75
0.0
0.0
0.25
1.25
3.5
2.25
1.75
4.0
3.75
2.0
3.0
3.25
1.25
0.0
0.0
0.0
0.0
0.5
0.0
0.0
0.0
0.25
0.0
0.25
0.0
0.25
0.25
4.25
7.75
4.0
1.75
0.0
0.0
1.75
2.0
0.0
0.0
0.0
1.25
0.25
0.0
0.5
0.0
0.0
0.0
0.0
0.0
0.0
0.0
0.0
0.0
0.0
0.0
1.25
4.75
3.5
4.25
8.5
6.0
0.75
0.0
0.25
0.0
0.25
0.0
0.0
0.0
0.0
0.0
0.75
0.0
0.5
0.0
0.5
0.25
0.5
0.0
0.0
0.25
0.0
0.0
0.0
0.0
0.0
0.0
0.0
0.0
0.0
0.0
0.0
0.0
0.0
0.0
0.0
0.25
0.0
0.0
0.0
0.0
0.0
0.0
0.0
0.0
0.0
0.0
1.0
2.0
0.75
2.5
9.75
17.5
19.0
21.0
16.5
4.5
3.75
3.0
0.5
0.25
2.25
5.75
5.0
6.5
5.25
2.5
5.75
4.0
0.5
0.0
0.75
0.0
1.0
1.5
2.0
0.25
0.25
0.0
0.0
1.25
0.25
0.25
0.0
0.0
0.0
0.0
0.0
0.5
3.5
1.75
0.0
0.25
0.0
0.0
0.0
0.0
0.0
0.0
1.5
0.0
0.0
0.0
0.0
0.0
0.0
0.0
0.0
0.0
0.0
0.0
0.5
0.25
0.0
0.0
0.0
0.0
0.0
0.0
0.0
0.25
0.0
2.5
6.25
7.25
9.25
4.0
2.0
3.75
2.0
2.0
1.25
0.0
0.0
0.0
0.0
0.25
0.5
0.0
0.5
2.5
5.5
6.25
1.5
0.0
1.75
1.0
3.75
4.5
5.25
2.75
0.25
0.0
0.5
0.0
0.25
0.25
0.0
0.0
0.25
3.5
2.5
2.25
4.25
7.5
3.0
3.0
3.5
1.25
0.0
0.25
0.75
2.0
1.25
0.0
2.0
1.25
0.0
0.0
0.25
0.25
0.0
0.75
0.0
0.0
0.0
0.0
0.25
0.25
0.5
0.25
0.5
3.0
1.0
1.25
0.5
0.0
0.25
1.5
3.5
0.75
2.75
4.5
2.25
0.0
0.0
0.0
0.0
0.25
0.25
3.5
7.0
7.75
8.75
5.5
6.75
8.25
14.0
8.75
16.25
14.0
14.0
7.0
4.25
0.25
0.0
0.0
0.0
0.75
2.25
1.5
0.0
1.25
0.25
0.75
0.0
0.0
0.0
0.0
0.0
0.25
0.0
0.25
0.0
0.5
0.0
0.0
0.0
0.25
0.5
0.0
0.0
2.0
0.25
3.0
1.0
0.0
0.0
0.0
0.0
0.0
0.75
3.25
4.0
3.0
4.25
1.75
0.5
0.25
0.0
0.0
0.0
0.25
0.0
0.0
0.25
0.0
0.0
0.0
0.25
1.0
0.25
0.0
0.0
0.0
3.25
6.0
1.0
0.0
0.0
0.0
0.0
0.0
0.0
0.0
0.0
1.75
3.5
2.25
0.75
0.0
0.0
0.0
0.0
0.5
0.0
0.0
0.5
0.0
0.0
0.0
0.0
0.0
0.5
2.25
2.0
0.0
1.5
1.75
1.0
0.0
0.0
0.0
0.75
0.5
0.25
0.0
0.0
0.25
1.0
0.0
0.25
1.75
2.5
1.75
0.25
0.0
0.0
0.0
0.0
0.0
0.25
1.5
0.5
0.0
0.0
0.5
0.0
0.25
0.0
0.0
0.0
0.25
0.0
0.25
0.0
0.25
0.0
0.0
0.5
0.25
1.0
0.75
0.0
0.0
0.25
0.5
0.0
1.75
2.0
0.0
0.0
0.0
0.0
0.0
0.75
6.75
8.75
6.25
6.0
2.75
0.0
0.0
1.0
0.75
0.25
0.0
0.0
0.25
1.0
1.25
2.5
0.0
0.0
0.0
0.5
5.0
2.25
2.75
1.75
0.25
0.0
0.0
0.0
0.0
0.0
0.25
0.0
0.0
0.5
0.0
0.0
0.0
0.0
0.0
0.0
0.0
0.0
0.0
0.0
0.0
0.0
0.0
0.0
0.25
0.0
0.0
0.25
0.0
0.0
0.0
0.25
0.75
0.0
0.0
0.25
0.0
0.0
0.0
0.75
2.25
6.0
8.5
5.25
11.25
15.75
19.25
23.0
22.0
10.75
7.25
8.25
3.5
2.0
2.5
1.75
0.0
0.25
0.0
0.0
0.0
0.0
0.0
0.0
0.0
0.0
0.0
0.0
0.0
0.0
0.25
0.0
0.5
0.0
0.0
0.5
1.0
0.25
0.0
0.25
0.0
1.0
0.5
0.0
0.5
0.0
0.0
0.25
1.5
1.0
0.25
0.25
0.0
0.25
0.25
0.0
0.0
0.0
0.0
0.25
0.25
4.5
4.75
2.75
4.0
2.75
0.25
0.0
0.0
0.75
1.0
0.0
1.0
2.0
1.0
0.25
2.25
2.75
1.75
0.0
1.0
0.0
0.25
0.5
1.25
1.0
0.0
0.0
0.25
1.25
0.25
0.0
0.25
0.0
0.75
0.25
0.25
0.0
0.25
0.0
0.0
0.5
0.5
0.0
0.75
4.75
4.25
2.0
0.75
2.25
3.25
6.0
9.5
5.5
4.25
5.0
10.25
14.0
8.5
5.75
4.25
7.5
9.5
10.5
4.25
1.25
0.25
0.5
1.75
1.25
0.0
0.0
0.0
0.5
0.0
0.0
0.0
1.5
1.0
1.5
2.25
2.25
3.25
1.0
2.0
2.25
1.25
0.0
0.0
0.0
1.75
2.5
1.25
0.0
0.0
0.0
0.5
0.0
0.25
0.0
0.0
0.0
0.0
0.0
0.75
2.5
1.5
0.0
0.5
1.25
0.75
0.0
0.0
0.25
0.0
0.0
0.0
0.0
1.25
1.25
0.0
0.0
0.0
0.0
0.0
0.0
0.0
0.0
0.0
0.0
0.0
0.0
1.5
3.75
1.75
1.5
0.75
0.0
0.5
0.0
0.0
0.0
0.0
1.5
3.5
3.25
0.25
0.0
0.0
0.0
0.0
0.0
0.0
0.0
1.25
0.0
0.5
3.0
1.75
0.5
4.0
9.75
5.5
6.75
5.5
4.5
1.75
0.25
0.75
2.5
1.25
2.0
2.0
1.0
1.5
1.75
4.25
5.25
3.75
0.25
2.75
3.75
5.5
7.0
0.5
0.0
0.25
0.0
0.0
1.75
1.75
1.25
1.75
0.0
0.0
0.0
0.5
0.25
1.25
1.5
0.25
1.0
1.0
0.0
0.0
0.25
1.5
0.0
0.25
0.25
0.75
0.25
0.25
0.0
0.0
0.0
0.0
0.0
0.25
0.0
0.0
0.0
0.0
0.0
0.0
0.0
0.0
0.0
0.0
0.0
2.5
5.5
1.0
0.0
0.25
1.25
0.0
2.5
0.5
0.0
0.0
0.25
0.0
0.5
0.0
0.5
0.0
1.25
1.0
4.0
4.5
0.75
0.0
0.0
0.0
0.0
1.25
1.25
1.25
0.0
0.0
0.0
0.0
0.0
0.0
0.0
0.0
1.0
4.25
5.25
2.0
0.75
0.0
0.0
0.0
0.0
0.0
0.25
0.0
0.0
1.25
1.0
0.5
0.0
0.0
0.0
0.5
0.25
0.0
0.0
0.0
1.75
1.25
0.0
0.0
0.25
0.5
3.25
5.0
1.0
0.0
0.0
0.0
1.0
0.0
0.0
0.0
0.5
0.25
0.0
0.0
0.0
0.0
0.0
0.25
1.25
2.0
4.5
4.25
3.25
0.0
0.0
0.0
0.0
0.0
0.0
0.25
0.0
0.5
1.75
0.25
1.25
0.0
0.0
1.25
0.0
0.0
0.0
0.0
0.25
0.0
0.0
0.75
3.0
8.0
1.25
4.75
3.0
0.75
0.0
0.0
0.0
0.25
0.5
0.25
0.0
0.0
0.0
0.5
4.0
4.5
2.75
1.0
0.25
0.0
0.0
0.25
1.5
0.75
0.5
0.5
0.0
0.0
0.0
0.0
0.0
0.75
0.0
0.0
0.25
2.0
1.0
0.0
0.75
0.25
0.0
0.0
0.25
0.75
0.0
0.0
0.0
0.25
0.0
0.0
0.0
0.0
0.0
0.0
0.25
0.25
0.0
0.0
0.0
1.0
0.5
2.0
1.75
2.25
2.25
2.5
3.75
2.0
0.75
0.25
0.0
0.5
0.0
0.0
0.75
0.25
0.0
0.0
0.0
0.0
0.0
0.5
0.25
0.0
0.0
0.0
0.0
0.0
0.0
0.0
0.25
0.25
0.25
0.0
0.0
0.0
0.0
0.25
0.0
0.75
0.0
0.0
2.0
0.25
0.0
0.25
1.0
1.25
2.25
3.0
1.5
0.25
1.0
0.25
1.75
5.5
4.5
7.5
3.5
0.0
0.0
0.0
0.25
4.0
7.75
14.0
10.75
8.5
7.0
4.75
1.5
0.0
0.25
1.25
0.0
0.0
0.0
0.0
0.75
0.5
0.0
0.25
0.0
0.0
0.0
0.0
0.0
0.0
0.0
0.0
0.0
0.25
2.5
4.75
0.75
1.5
0.0
0.0
0.0
0.25
0.0
0.0
0.0
0.0
0.0
0.0
1.5
5.25
10.75
9.25
2.5
0.75
1.25
1.5
0.5
0.0
0.0
0.0
0.5
0.25
0.0
1.25
4.25
0.5
0.0
0.0
1.0
0.25
0.5
1.0
2.25
3.75
3.5
2.75
3.75
7.75
3.0
0.25
0.0
0.0
0.0
0.0
0.0
0.25
0.25
0.0
1.0
0.0
0.0
0.0
1.25
3.75
4.0
1.5
1.25
1.0
0.5
0.75
3.0
2.25
1.25
2.25
3.5
4.5
5.0
4.0
1.5
0.0
2.0
3.75
0.0
0.25
0.0
0.0
0.0
0.0
0.25
0.25
0.25
3.0
2.5
1.75
1.75
0.0
0.0
0.0
0.0
0.0
0.0
0.0
0.0
0.25
1.75
1.0
0.5
1.5
0.75
0.0
0.25
0.0
0.0
0.0
0.0
0.25
0.25
0.0
2.5
4.25
3.5
2.5
5.5
10.5
6.5
0.75
0.0
0.0
0.0
0.0
0.5
1.25
1.5
2.5
0.25
0.0
0.75
2.75
2.75
0.0
1.25
0.25
0.25
0.25
0.25
0.0
0.0
0.25
0.25
0.0
0.0
0.5
0.5
0.0
0.0
0.0
0.0
0.75
0.0
0.25
0.0
0.0
0.0
0.0
0.0
0.0
0.0
0.0
0.0
0.0
0.0
0.0
0.0
0.25
0.0
0.5
0.0
0.0
0.75
0.0
0.0
0.0
0.0
0.0
0.0
0.0
0.0
0.5
0.25
0.0
0.25
0.0
0.5

Average_Alpha:
0.23500000099999996
0.23500000499999993
0.23500000900000007
0.23500001300000006
0.23500001199999998
0.23500000799999993
0.23500001100000004
0.235000015
0.23500001799999995
0.23500002199999992
0.23500002600000006
0.23500002900000003
0.23500003199999997
0.2350000349999999
0.23500003900000002
0.235000043
0.23500004299999994
0.23500004699999988
0.23500005000000004
0.23500005399999999
0.2350000579999999
0.2350000619999999
0.235000065
0.235000069
0.23500007299999992
0.23500007499999986
0.235000078
0.23500008199999997
0.23500008499999991
0.2350000819999999
0.23500007999999997
0.23500008399999997
0.23500007799999992
0.23500006999999987
0.235000066
0.23500006699999995
0.23500007099999987
0.23500007399999986
0.23500007599999997
0.23500007299999992
0.2350000749999999
0.23500007899999986
0.23500008299999997
0.23500008499999991
0.23500007699999986
0.23500007599999986
0.23500007999999997
0.23500008399999994
0.23500008799999986
0.23500009199999985
0.23500009299999994
0.23500008799999994
0.23500008999999988
0.23500009399999985
0.23500009499999994
0.2350000939999999
0.23500009099999986
0.23500006799999984
0.23500004799999993
0.2350000229999999
0.23500000899999984
0.23499998599999986
0.23499998199999994
0.23499998099999989
0.23499998199999983
0.23499998399999983
0.2349999809999999
0.23499997099999986
0.2349999629999998
0.23499995699999982
0.2349999539999999
0.23499995699999984
0.2349999609999998
0.2349999649999998
0.2349999669999999
0.23499996799999986
0.23499997099999978
0.2349999729999998
0.2349999759999999
0.23499997999999983
0.23499998399999977
0.2349999879999998
0.23499999099999988
0.23499999099999982
0.2349999939999998
0.23499999799999977
0.23500000199999987
0.23500000599999982
0.2350000099999998
0.23500001399999979
0.23500001799999984
0.23500002199999984
0.23500002299999978
0.23500002299999978
0.23500002299999986
0.2350000269999998
0.23500003099999975
0.2350000349999998
0.23500003899999986
0.2350000429999998
0.23500004699999977
0.23500004899999977
0.23500004599999982
0.23500004099999977
0.23500004299999971
0.23500004699999977
0.23500005099999982
0.23500004899999977
0.23500003499999975
0.23500001099999973
0.23499999699999985
0.23499999399999977
0.23499998099999972
0.23499996999999972
0.2349999599999998
0.23499995599999976
0.2349999559999997
0.23499995999999973
0.23499996099999979
0.23499996499999976
0.23499996899999973
0.23499997299999972
0.23499997599999978
0.23499997399999972
0.23499997299999972
0.23499996499999973
0.23499995899999976
0.23499996299999976
0.2349999669999997
0.23499997099999972
0.23499997399999978
0.23499997499999972
0.2349999739999997
0.2349999679999997
0.23499996399999976
0.2349999669999997
0.23499997099999967
0.2349999749999997
0.23499997899999975
0.2349999829999997
0.23499998699999963
0.23499999099999969
0.23499999499999974
0.23499999599999966
0.23499998599999963
0.23499996999999967
0.23499997299999972
0.23499997599999967
0.23499997999999966
0.23499998399999966
0.23499998699999972
0.23499999099999969
0.23499999499999966
0.23499999899999965
0.2350000029999997
0.23500000699999968
0.23500001099999962
0.23500001499999967
0.23500001899999973
0.23500001999999967
0.23500001899999962
0.23500001599999965
0.23500001999999967
0.23500002399999967
0.23500002799999958
0.23500003199999964
0.2350000319999997
0.23500002999999964
0.2350000329999996
0.23500003699999963
0.23500004099999966
0.23500004399999963
0.2350000479999996
0.23500005199999963
0.23500005599999965
0.23500005999999962
0.2350000619999996
0.23500005799999962
0.23500005699999965
0.23500006099999962
0.23500006499999962
0.2350000669999996
0.23500006199999965
0.23500006399999962
0.23500006799999956
0.23500006599999962
0.23500005599999962
0.2350000399999996
0.23500001999999956
0.23500001199999956
0.23500001399999962
0.23500001799999962
0.23500002199999956
0.23500002599999958
0.23500002599999964
0.2350000049999996
0.2349999649999996
0.23499994699999957
0.23499994299999957
0.23499994299999957
0.23499994399999954
0.23499992899999955
0.2349999149999996
0.23499990299999957
0.23499989599999954
0.23499989099999957
0.2349998939999996
0.23499989699999954
0.2349999009999995
0.23499989799999954
0.23499989699999957
0.23499988999999954
0.23499988599999952
0.23499988999999954
0.23499989099999957
0.23499989499999951
0.2349998989999995
0.2349999009999995
0.23499990499999956
0.23499990899999953
0.2349999129999995
0.23499991699999953
0.23499992099999958
0.2349999239999995
0.2349999269999995
0.2349999269999995
0.23499993099999955
0.23499993499999955
0.23499993799999946
0.2349999419999995
0.23499994399999954
0.23499994799999951
0.23499995199999948
0.23499995599999948
0.23499995899999954
0.23499996199999948
0.23499996299999948
0.23499996399999953
0.23499996499999953
0.23499995699999948
0.23499994599999946
0.2349999479999995
0.23499995199999948
0.23499995599999948
0.23499995999999948
0.23499996399999948
0.2349999669999995
0.23499996799999945
0.23499996899999945
0.23499996599999945
0.2349999629999995
0.23499996699999945
0.23499997099999945
0.23499997399999945
0.23499997199999947
0.23499997299999945
0.23499997699999944
0.23499997699999947
0.23499997399999945
0.23499996399999945
0.23499995999999942
0.23499996399999945
0.23499996799999945
0.23499997099999942
0.2349999659999994
0.23499996599999942
0.23499995899999945
0.23499996299999942
0.2349999669999994
0.23499997099999942
0.23499997499999944
0.2349999789999994
0.23499998299999939
0.2349999869999994
0.23499998899999944
0.2349999899999994
0.2349999899999994
0.23499999399999938
0.23499999599999943
0.2349999999999994
0.2350000039999994
0.2350000069999994
0.2350000109999994
0.2350000149999994
0.2350000189999994
0.23500002299999936
0.23500002699999942
0.23500003099999936
0.23500003299999936
0.23500003699999938
0.23500003999999938
0.23500004399999938
0.23500004299999938
0.2350000329999994
0.23500002399999942
0.23500000599999937
0.23499998099999936
0.23499995499999937
0.2349999139999994
0.23499987099999936
0.23499983299999935
0.23499980399999937
0.23499978599999938
0.2349997779999993
0.23499977599999933
0.23499977999999935
0.23499978399999935
0.2349997829999993
0.23499977399999933
0.23499977199999933
0.23499976899999933
0.23499976899999933
0.23499977299999933
0.23499977699999935
0.23499977899999933
0.2349997829999993
0.2349997859999993
0.23499978699999932
0.23499978699999935
0.2349997829999993
0.23499978099999927
0.23499978499999932
0.23499978899999935
0.2349997929999993
0.2349997969999993
0.23499980099999931
0.2349998049999993
0.23499980299999929
0.2349998029999993
0.23499980699999928
0.23499981099999928
0.23499981499999928
0.23499981899999928
0.2349998219999993
0.2349998179999993
0.23499979799999926
0.23499976999999928
0.23499975699999928
0.2349997389999993
0.23499969999999926
0.23499968599999926
0.23499966899999927
0.23499966299999928
0.23499966699999922
0.23499967099999924
0.2349996729999993
0.23499967499999927
0.2349996779999992
0.23499968199999927
0.23499968599999926
0.23499968999999926
0.2349996849999992
0.23499968799999926
0.23499969099999923
0.23499969499999923
0.23499969899999923
0.23499970199999923
0.23499970299999925
0.23499970499999923
0.2349997089999992
0.23499971199999922
0.23499971599999925
0.23499971999999922
0.2349997239999992
0.23499972499999922
0.23499972899999924
0.23499972699999921
0.2349997129999992
0.23499967699999919
0.2349996249999992
0.2349995999999992
0.23499958099999918
0.2349995699999992
0.23499956199999922
0.23499956099999925
0.23499956299999916
0.23499956699999916
0.2349995709999992
0.2349995709999992
0.23499956499999916
0.23499956099999916
0.23499956299999916
0.2349995609999992
0.23499955199999914
0.23499955299999917
0.2349995569999992
0.23499956099999916
0.23499956199999913
0.23499955899999916
0.2349995459999992
0.23499953599999918
0.23499953899999912
0.23499953999999915
0.23499954399999917
0.23499954799999914
0.23499955199999914
0.23499955599999914
0.2349995599999992
0.23499956399999916
0.2349995679999991
0.23499956799999916
0.23499955699999914
0.23499953399999912
0.23499950499999908
0.23499950299999914
0.23499950599999914
0.23499950499999914
0.2349995089999991
0.2349995109999991
0.23499950799999914
0.23499950299999914
0.23499949099999906
0.2349994859999991
0.2349994779999991
0.23499947799999915
0.2349994819999991
0.23499948599999915
0.23499948699999915
0.2349994779999991
0.23499946299999908
0.2349994309999991
0.23499941899999913
0.23499941799999907
0.23499942199999907
0.2349994259999991
0.23499942999999912
0.2349994339999991
0.23499943799999906
0.2349994419999991
0.23499944599999908
0.23499944999999905
0.23499945399999905
0.23499945799999908
0.23499946199999908
0.23499946599999907
0.23499946599999902
0.23499946999999907
0.2349994729999991
0.23499946799999907
0.23499945899999902
0.23499944799999906
0.23499944399999906
0.23499944699999903
0.23499945099999903
0.23499945499999905
0.23499945899999905
0.23499946299999905
0.23499946699999902
0.23499947099999907
0.23499947499999904
0.23499947899999904
0.23499948299999904
0.23499948599999904
0.234999489999999
0.23499948499999904
0.23499946899999902
0.23499945699999905
0.23499945499999905
0.23499945899999902
0.23499946299999896
0.23499946699999902
0.23499947099999902
0.234999474999999
0.23499947899999898
0.234999482999999
0.234999486999999
0.234999488999999
0.23499949299999898
0.234999496999999
0.23499949999999903
0.234999503999999
0.23499950799999897
0.23499951199999902
0.234999515999999
0.234999519999999
0.23499952399999896
0.234999526999999
0.23499953099999898
0.23499953499999898
0.23499953899999895
0.234999542999999
0.23499954499999898
0.23499954899999898
0.23499955199999895
0.23499955599999897
0.23499955899999894
0.23499956299999894
0.23499956599999894
0.23499955699999897
0.23499954399999898
0.23499954499999892
0.23499954899999892
0.23499955199999892
0.23499955399999897
0.23499955699999897
0.23499956099999894
0.23499956499999894
0.23499956099999894
0.23499956399999894
0.2349995659999989
0.23499955299999892
0.23499954399999892
0.23499954099999892
0.23499954099999892
0.2349995399999989
0.23499953999999895
0.23499954299999895
0.23499954499999887
0.23499954899999892
0.23499955299999895
0.23499955499999892
0.23499955799999886
0.23499956199999888
0.23499956599999894
0.23499956999999888
0.23499957199999885
0.23499957599999888
0.2349995779999989
0.2349995729999989
0.23499957199999885
0.23499957599999885
0.2349995789999989
0.2349995829999989
0.23499958599999884
0.23499958899999887
0.2349995929999989
0.2349995969999989
0.23499960099999884
0.23499960499999886
0.2349996089999989
0.23499961299999889
0.23499961299999886
0.23499961399999886
0.23499961799999886
0.23499962099999885
0.23499962299999885
0.23499962699999885
0.23499962999999885
0.23499963399999882
0.23499963799999882
0.23499963699999887
0.23499963899999887
0.23499964299999884
0.2349996469999988
0.23499964999999884
0.23499963899999884
0.23499962699999885
0.2349996159999988
0.23499958399999885
0.23499955199999883
0.23499955099999884
0.2349995479999988
0.23499955199999883
0.23499955599999886
0.2349995589999988
0.23499955799999878
0.2349995619999988
0.23499956599999883
0.23499956999999883
0.2349995739999988
0.2349995769999988
0.2349995739999988
0.2349995709999988
0.23499956999999874
0.23499957399999877
0.2349995729999988
0.23499957299999877
0.23499957099999877
0.23499957499999877
0.2349995789999988
0.2349995829999988
0.23499958699999873
0.23499959099999876
0.23499959199999876
0.23499956699999877
0.23499955199999875
0.2349995329999988
0.23499951399999877
0.23499949699999878
0.23499948299999876
0.23499947299999877
0.23499946199999877
0.23499945599999875
0.23499945999999874
0.23499946399999874
0.23499946699999874
0.23499946899999877
0.23499946399999874
0.23499945199999878
0.23499942299999874
0.23499937699999873
0.2349993419999987
0.2349993199999987
0.23499931899999874
0.23499932299999873
0.2349993269999987
0.23499933099999873
0.23499933399999873
0.23499933699999873
0.2349993409999987
0.23499934499999872
0.23499934799999872
0.23499935099999872
0.2349993549999987
0.23499935399999874
0.23499934799999872
0.23499935099999872
0.23499935499999866
0.23499935899999871
0.2349993629999987
0.2349993669999987
0.23499937099999868
0.2349993749999987
0.23499937899999873
0.23499938299999867
0.23499938399999867
0.2349993879999987
0.2349993919999987
0.23499939099999867
0.23499938299999865
0.23499937599999868
0.23499936999999868
0.23499937399999868
0.23499937799999868
0.23499937799999868
0.23499938199999867
0.23499938599999864
0.23499938999999864
0.23499939399999867
0.23499939799999867
0.23499939999999864
0.23499940399999864
0.23499940799999866
0.23499941199999863
0.23499941599999863
0.23499941799999863
0.23499941799999863
0.23499942199999868
0.23499942599999865
0.2349994299999986
0.23499943399999865
0.23499943599999865
0.23499943999999862
0.23499944399999861
0.2349994479999986
0.23499945099999867
0.2349994519999986
0.23499945599999858
0.23499945699999863
0.23499945899999863
0.23499946299999863
0.23499946599999863
0.23499946399999863
0.23499944999999864
0.23499942399999862
0.23499941199999858
0.23499940799999863
0.2349993999999986
0.2349994029999986
0.23499940599999858
0.2349994039999986
0.23499939699999858
0.2349993949999986
0.23499939199999859
0.2349993889999986
0.2349993919999986
0.23499939499999858
0.23499939899999855
0.23499940299999858
0.2349994069999986
0.23499941099999858
0.23499941499999855
0.23499941899999857
0.23499942199999857
0.23499942599999854
0.23499942999999854
0.23499943399999856
0.2349994369999986
0.23499944099999856
0.23499944499999856
0.23499944799999856
0.23499945099999855
0.23499945499999852
0.23499945799999852
0.23499945999999855
0.23499946299999858
0.23499946199999855
0.23499945799999852
0.23499946199999855
0.23499946499999855
0.23499946899999852
0.23499947199999852
0.23499947499999851
0.23499947899999854
0.2349994829999985
0.2349994869999985
0.2349994889999985
0.2349994849999985
0.2349994819999985
0.2349994689999985
0.23499945199999853
0.23499944899999853
0.2349994529999985
0.2349994499999985
0.2349994499999985
0.2349994539999985
0.23499945699999847
0.23499945399999847
0.23499945699999847
0.2349994609999985
0.23499946499999852
0.2349994689999985
0.2349994729999985
0.2349994759999985
0.2349994679999985
0.23499945599999847
0.23499945899999847
0.2349994629999985
0.23499946699999844
0.23499946899999843
0.23499946999999846
0.2349994739999985
0.23499947699999846
0.23499948099999843
0.23499948499999845
0.23499948699999845
0.23499948999999848
0.23499949299999845
0.23499949699999848
0.23499949599999848
0.23499949399999845
0.23499948899999845
0.23499949299999845
0.23499949399999845
0.23499949299999845
0.23499949499999842
0.23499949799999845
0.23499949799999845
0.23499949699999842
0.23499949799999842
0.23499950099999842
0.23499950499999844
0.2349995089999984
0.2349995129999984
0.23499951699999844
0.23499952099999843
0.2349995239999984
0.23499952799999838
0.2349995299999984
0.23499953199999843
0.23499953599999843
0.2349995399999984
0.23499954399999842
0.23499954799999842
0.23499955099999842
0.2349995549999984
0.2349995589999984
0.23499956199999839
0.23499954699999842
0.23499954499999837
0.2349995469999984
0.23499955099999836
0.23499955399999836
0.23499955799999836
0.23499956199999839
0.23499956599999836
0.23499956999999835
0.23499957399999838
0.23499957799999838
0.23499958199999837
0.23499958599999834
0.23499958999999837
0.23499959399999834
0.23499959799999834
0.23499960199999834
0.23499960599999833
0.23499960899999833
0.23499961299999836
0.23499961699999836
0.23499962099999835
0.23499962499999832
0.23499962899999835
0.23499963299999835
0.2349996369999983
0.23499963599999835
0.23499963099999835
0.23499962099999833
0.2349996119999983
0.2349996119999983
0.23499961599999833
0.23499961999999833
0.2349996239999983
0.23499962799999832
0.23499963199999832
0.2349996359999983
0.23499963499999832
0.2349996369999983
0.2349996369999983
0.2349996399999983
0.2349996439999983
0.2349996479999983
0.23499965199999828
0.23499965399999828
0.23499964799999828
0.23499964999999828
0.2349996539999983
0.23499965499999828
0.23499965799999828
0.2349996579999983
0.2349996609999983
0.23499966499999825
0.23499966899999825
0.23499967299999827
0.2349996759999983
0.23499967799999827
0.23499968199999824
0.2349996859999983
0.2349996869999983
0.23499969099999826
0.23499969499999823
0.23499969899999826
0.23499970299999828
0.23499970699999825
0.23499971099999822
0.23499971499999825
0.23499971499999828
0.23499971599999825
0.23499971999999825
0.23499972399999822
0.23499972799999827
0.23499973199999824
0.2349997359999982
0.2349997399999982
0.23499974399999826
0.23499974799999823
0.2349997499999982
0.2349997439999982
0.23499974399999826
0.2349997479999982
0.23499975099999817
0.23499975099999817
0.2349997499999982
0.2349997539999982
0.2349997569999982
0.2349997609999982
0.2349997649999982
0.2349997689999982
0.2349997729999982
0.2349997769999982
0.23499978099999821
0.23499978399999819
0.2349997879999982
0.23499979199999818
0.23499979599999818
0.23499979799999818
0.23499979999999818
0.23499980399999817
0.23499980799999817
0.23499980899999814
0.23499979399999815
0.23499978099999816
0.23499978399999819
0.2349997759999982
0.23499976399999814
0.23499976499999814
0.23499975899999817
0.23499975099999815
0.23499974099999815
0.23499974299999815
0.23499974699999815
0.23499974899999815
0.23499975099999812
0.23499975399999815
0.23499975599999814
0.23499974799999815
0.23499975199999812
0.23499975599999812
0.23499975999999817
0.23499975999999811
0.23499975699999812
0.23499975299999812
0.23499975499999814
0.23499975899999812
0.23499976099999811
0.2349997649999981
0.23499975999999811
0.2349997629999981
0.23499976699999808
0.23499976599999808
0.23499976999999814
0.23499977299999808
0.2349997739999981
0.2349997779999981
0.2349997819999981
0.2349997799999981
0.23499977499999808
0.23499976099999811
0.23499976299999809
0.23499976699999808
0.23499977099999808
0.2349997749999981
0.2349997739999981
0.23499977799999808
0.23499978199999808
0.2349997859999981
0.2349997899999981
0.23499979399999807
0.23499979799999807
0.23499980099999807
0.23499979899999807
0.23499979799999807
0.23499980199999806
0.23499980599999803
0.23499980999999806
0.23499981299999803
0.23499981599999803
0.23499981799999806
0.23499981799999808
0.23499982199999805
0.23499982599999802
0.23499982699999805
0.23499982199999805
0.234999819999998
0.23499981499999806
0.23499980799999803
0.23499980499999804
0.23499980499999804
0.234999808999998
0.23499981299999803
0.23499981499999803
0.23499981599999803
0.234999818999998
0.234999822999998
0.23499982499999805
0.23499982799999802
0.23499983199999802
0.23499983099999805
0.23499983099999805
0.234999826999998
0.23499982199999797
0.234999822999998
0.23499982599999802
0.23499981499999797
0.23499979899999798
0.234999785999998
0.23499976899999803
0.234999758999998
0.23499976199999797
0.23499976599999797
0.23499976999999803
0.23499977399999797
0.23499977399999797
0.23499976899999797
0.234999759999998
0.23499973999999796
0.23499973399999796
0.234999737999998
0.23499974199999799
0.23499974599999798
0.23499974999999795
0.23499974999999795
0.23499974699999795
0.23499974299999798
0.23499972699999797
0.23499970599999795
0.23499968299999796
0.23499967399999794
0.23499967199999794
0.23499967499999794
0.23499967499999794
0.23499967399999794
0.2349996779999979
0.23499968199999796
0.23499968399999796
0.23499968699999796
0.23499968999999793
0.23499969399999793
0.23499969799999793
0.23499970199999792
0.2349997059999979
0.23499970999999795
0.23499971399999794
0.23499971799999791
0.2349997219999979
0.2349997229999979
0.2349997269999979
0.23499973099999788
0.23499973499999788
0.2349997359999979
0.23499973899999793
0.23499974299999793
0.23499974699999787
0.2349997509999979
0.2349997549999979
0.2349997589999979
0.23499976199999786
0.2349997659999979
0.23499976999999792
0.23499976899999786
0.23499977299999786
0.23499977599999788
0.23499977899999788
0.23499977799999786
0.23499977499999783
0.23499977699999788
0.23499978099999788
0.23499978499999788
0.23499978899999785
0.23499979299999788
0.23499979199999788
0.23499978699999788
0.23499978399999785
0.23499978199999788
0.23499978499999788
0.23499978499999788
0.2349997879999978
0.23499979099999785
0.23499979499999785
0.23499979899999784
0.23499980199999781
0.23499980399999784
0.23499980799999784
0.23499981199999784
0.2349998119999978
0.23499981599999786
0.23499981199999784
0.2349998119999978
0.23499981599999778
0.23499981499999784
0.2349998069999978
0.23499978399999782
0.2349997799999978
0.23499978299999782
0.23499978599999782
0.23499978599999782
0.23499978599999782
0.2349997879999978
0.2349997909999978
0.2349997949999978
0.2349997989999978
0.2349998029999978
0.2349998069999978
0.23499981099999778
0.23499981499999778
0.23499981799999778
0.2349998219999978
0.23499982599999777
0.23499982999999774
0.23499983399999777
0.2349998359999978
0.2349998389999978
0.23499984199999777
0.23499984599999776
0.23499984999999776
0.23499985399999776
0.23499985799999773
0.23499986199999778
0.23499986599999778
0.23499986999999778
0.23499987399999775
0.23499987799999775
0.23499987999999775
0.23499986999999775
0.23499985299999773
0.23499983899999777
0.23499982399999775
0.23499981299999773
0.23499979299999774
0.23499974699999773
0.23499970999999775
0.2349996779999977
0.2349996429999977
0.23499962799999777
0.23499962699999777
0.23499962399999771
0.23499961999999772
0.23499962399999771
0.2349996279999977
0.23499963099999768
0.23499963499999768
0.23499963899999773
0.23499964199999773
0.2349996459999977
0.2349996499999977
0.2349996509999977
0.23499964099999773
0.2349996019999977
0.2349995599999977
0.23499951899999771
0.2349994829999977
0.23499944099999767
0.23499941699999768
0.23499940299999766
0.2349993969999977
0.23499937999999768
0.23499935499999766
0.2349993409999977
0.2349993379999977
0.23499934199999764
0.23499934599999767
0.23499934999999766
0.2349993539999977
0.23499935699999763
0.23499935499999766
0.23499935099999766
0.2349993409999977
0.23499932999999762
0.23499931099999763
0.23499929999999766
0.23499930399999766
0.23499930599999763
0.23499930599999763
0.23499930999999766
0.23499931399999763
0.23499931799999763
0.23499931899999763
0.23499932299999762
0.2349993269999976
0.23499933099999762
0.23499932999999762
0.23499932599999762
0.23499931799999763
0.2349993069999976
0.23499929799999758
0.23499927799999762
0.23499926899999765
0.2349992649999976
0.23499924299999758
0.2349991889999976
0.23499912099999762
0.2349990729999976
0.2349990589999976
0.2349990459999976
0.2349990359999976
0.23499902699999756
0.2349990259999976
0.23499902399999759
0.23499902799999756
0.23499903199999755
0.23499903199999758
0.23499903199999758
0.23499903599999758
0.23499903999999755
0.23499904299999758
0.23499904699999757
0.23499905099999757
0.23499905499999754
0.23499905899999757
0.23499906299999757
0.23499906499999756
0.23499906799999756
0.23499907199999753
0.23499907599999756
0.23499907999999756
0.23499908299999753
0.23499908699999753
0.23499908999999755
0.23499909199999755
0.23499909599999755
0.23499909999999755
0.23499910399999754
0.23499910799999754
0.2349991119999975
0.2349991159999975
0.23499911999999756
0.23499912399999753
0.23499912699999753
0.2349991239999975
0.23499912599999753
0.2349991299999975
0.2349991319999975
0.2349991269999975
0.23499912399999753
0.2349991229999975
0.23499912599999748
0.2349991299999975
0.23499913399999753
0.23499913699999753
0.23499913899999753
0.23499913399999747
0.2349991229999975
0.23499911099999748
0.2349990989999975
0.2349990879999975
0.2349990759999975
0.23499906799999748
0.23499905599999746
0.2349990459999975
0.2349990199999975
0.23499900099999746
0.2349989939999975
0.23499899799999746
0.2349989949999975
0.23499899099999746
0.23499899499999743
0.23499899899999746
0.23499899999999746
0.23499900199999746
0.23499899499999746
0.23499896799999748
0.23499895599999746
0.23499895599999746
0.23499895399999743
0.23499894899999743
0.23499894699999746
0.23499894599999743
0.23499894699999743
0.23499894899999746
0.23499895299999743
0.23499895399999743
0.23499894699999743
0.23499893899999738
0.23499891999999745
0.23499890599999743
0.23499889999999743
0.2349988939999974
0.2349988829999974
0.2349988709999974
0.2349988729999974
0.2349988699999974
0.23499886599999745
0.23499885899999742
0.2349988589999974
0.23499886199999742
0.23499886599999742
0.2349988639999974
0.23499886799999736
0.2349988719999974
0.23499887599999741
0.2349988799999974
0.23499888399999738
0.23499888799999735
0.2349988909999974
0.23499889499999738
0.23499889899999737
0.23499890199999737
0.2349989049999974
0.23499890599999737
0.23499890299999737
0.23499890499999737
0.23499890699999737
0.23499890599999737
0.23499890999999734
0.23499891399999737
0.23499891799999736
0.2349989219999974
0.23499892599999733
0.23499892399999733
0.23499891999999736
0.23499890399999734
0.23499888099999733
0.23499883899999732
0.23499880199999734
0.23499879899999734
0.23499879399999732
0.23499879499999732
0.23499879899999734
0.23499880299999734
0.23499880599999734
0.23499880499999734
0.23499879499999735
0.23499878999999732
0.23499878699999732
0.23499877499999733
0.23499876399999733
0.23499875999999734
0.23499875199999729
0.23499874299999732
0.23499874199999732
0.23499874599999732
0.23499874999999731
0.23499875399999728
0.23499875799999734
0.2349987599999973
0.23499876399999728
0.2349987679999973
0.2349987719999973
0.2349987749999973
0.23499877899999727
0.23499878199999727
0.23499878599999727
0.23499878899999727
0.23499879199999726
0.23499877899999727
0.23499875199999726
0.23499873999999726
0.23499873699999724
0.23499874099999726
0.2349987449999973
0.2349987419999973
0.23499873799999724
0.23499874199999726
0.23499874599999726
0.23499874999999723
0.23499874899999726
0.23499875199999723
0.23499875599999726
0.23499875799999723
0.23499876199999725
0.23499876599999725
0.23499876999999725
0.23499877399999725
0.23499877799999724
0.2349987819999972
0.23499878599999727
0.23499878999999724
0.2349987939999972
0.2349987979999972
0.23499880199999723
0.23499880099999723
0.2349987859999972
0.23499877599999722
0.23499876299999722
0.23499873299999724
0.2349987129999972
0.23499871399999722
0.23499871799999722
0.2349987209999972
0.2349987249999972
0.2349987279999972
0.2349987319999972
0.2349987359999972
0.2349987399999972
0.2349987439999972
0.2349987479999972
0.2349987489999972
0.23499875299999717
0.2349987549999972
0.23499875899999717
0.2349987609999972
0.23499876399999717
0.2349987659999972
0.2349987699999972
0.2349987739999972
0.2349987769999972
0.23499878099999716
0.23499878499999718
0.23499878899999718
0.23499879299999715
0.23499879699999718
0.23499880099999718
0.23499880499999717
0.23499880899999714
0.23499881299999714
0.23499881699999714
0.23499882099999717
0.23499882499999714
0.23499882899999716
0.23499883299999716
0.23499883699999713
0.23499883999999713
0.23499884399999713
0.23499884799999715
0.23499885199999715
0.23499885599999715
0.23499885999999715
0.23499886399999712
0.2349988679999971
0.2349988719999971
0.23499887599999714
0.2349988799999971
0.23499887999999713
0.2349988759999971
0.23499887699999708
0.2349988709999971
0.2349988359999971
0.23499876999999708
0.2349986979999971
0.23499861799999713
0.2349985559999971
0.2349985419999971
0.2349985309999971
0.2349985229999971
0.23499852499999707
0.2349985279999971
0.23499852299999707
0.2349985039999971
0.2349984879999971
0.23499846599999705
0.23499844899999708
0.23499844299999711
0.23499842399999704
0.23499841199999705
0.23499841399999707
0.23499841799999707
0.23499841899999704
0.23499842299999704
0.23499842299999704
0.23499842099999704
0.23499841699999707
0.23499841999999704
0.23499842299999704
0.23499842699999707
0.23499843099999704
0.23499842999999704
0.23499843299999704
0.23499843599999706
0.23499843999999703
0.23499844399999706
0.23499844799999703
0.23499845199999703
0.23499845599999702
0.23499845799999702
0.23499844799999703
0.23499844499999706
0.23499844899999703
0.234998451999997
0.23499845599999702
0.23499845999999702
0.234998463999997
0.234998467999997
0.234998471999997
0.23499847599999701
0.23499847399999702
0.234998477999997
0.234998481999997
0.234998485999997
0.23499848999999698
0.23499849399999698
0.234998497999997
0.23499850199999703
0.23499850599999697
0.234998509999997
0.234998513999997
0.234998517999997
0.23499851999999696
0.23499852299999696
0.23499852699999696
0.23499853099999699
0.23499853499999696
0.23499853899999695
0.23499854299999698
0.23499854699999695
0.23499855099999695
0.23499855399999695
0.23499855799999697
0.23499855199999695
0.23499853099999696
0.23499850599999694
0.23499847299999696
0.23499846099999694
0.23499845699999694
0.23499844599999692
0.23499844199999695
0.23499843799999695
0.23499843699999692
0.23499844099999692
0.23499844499999695
0.23499844899999692
0.23499845299999692
0.2349984559999969
0.2349984579999969
0.23499846199999694
0.2349984639999969
0.23499845799999694
0.23499843999999692
0.2349984189999969
0.23499841699999688
0.23499842099999688
0.2349984179999969
0.23499841799999688
0.23499840699999688
0.2349983929999969
0.23499837599999687
0.2349983689999969
0.2349983719999969
0.23499837599999687
0.23499837799999687
0.2349983819999969
0.23499838499999687
0.23499838799999684
0.2349983919999969
0.2349983959999969
0.2349983989999969
0.23499838899999684
0.23499838299999687
0.23499837799999687
0.23499836499999688
0.23499833899999686
0.23499833099999687
0.2349983229999969
0.23499831299999688
0.23499831199999685
0.23499831599999685
0.23499831899999685
0.23499831999999685
0.23499831599999682
0.23499831499999685
0.23499831899999685
0.23499831499999688
0.23499831399999685
0.23499831799999685
0.23499832199999685
0.23499832499999684
0.23499832799999684
0.2349983319999968
0.2349983329999968
0.2349983369999968
0.2349983409999968
0.23499834499999683
0.23499834899999683
0.23499835199999683
0.23499835499999683
0.23499835699999683
0.2349983599999968
0.2349983619999968
0.23499835399999677
0.2349983539999968
0.23499835299999683
0.2349983549999968
0.2349983589999968
0.2349983619999968
0.2349983599999968
0.23499834999999678
0.23499835099999677
0.23499834399999678
0.23499832999999679
0.2349983249999968
0.2349983289999968
0.23499833299999678
0.23499833699999678
0.23499834099999678
0.23499834399999675
0.23499834699999678
0.23499833699999678
0.23499831299999677
0.23499828599999673
0.23499825499999677
0.23499823699999678
0.23499821399999676
0.23499818499999675
0.23499813299999675
0.23499810199999674
0.23499804099999677
0.23499798899999672
0.23499793699999674
0.23499791299999676
0.2349978999999967
0.2349979029999967
0.23499790699999676
0.23499791099999676
0.23499791499999673
0.23499791599999673
0.23499791099999676
0.23499790899999673
0.23499791299999667
0.23499791199999673
0.23499791499999673
0.23499791599999673
0.23499791999999672
0.23499792399999672
0.2349979279999967
0.23499793199999672
0.2349979359999967
0.23499793899999669
0.2349979429999967
0.2349979459999967
0.2349979499999967
0.2349979519999967
0.23499795599999668
0.23499795999999668
0.23499796399999667
0.23499796699999667
0.23499796899999673
0.2349979729999967
0.23499797699999667
0.23499797299999664
0.2349979759999967
0.2349979679999967
0.23499796799999667
0.23499797199999664
0.2349979759999967
0.2349979799999967
0.2349979839999967
0.23499798799999666
0.23499798899999666
0.2349979799999967
0.23499796799999667
0.23499795999999665
0.23499794699999665
0.23499794399999666
0.23499794599999665
0.23499794899999665
0.23499795299999665
0.23499795699999662
0.23499796099999662
0.23499796399999662
0.23499796799999667
0.23499797199999664
0.2349979749999966
0.23499797899999664
0.23499798299999666
0.23499798699999663
0.23499798999999663
0.2349979899999966
0.23499799299999663
0.23499799699999663
0.2349980009999966
0.2349980049999966
0.23499799599999663
0.2349979759999966
0.23499797599999658
0.2349979799999966
0.23499798399999658
0.2349979879999966
0.2349979919999966
0.2349979959999966
0.23499799999999657
0.23499800399999657
0.23499800799999657
0.23499800499999657
0.2349979949999966
0.2349979899999966
0.23499799099999658
0.23499799499999657
0.23499799899999657
0.23499800299999657
0.23499800699999657
0.23499800899999657
0.2349980129999966
0.2349980169999966
0.23499801899999656
0.23499802299999656
0.23499802699999656
0.23499803099999655
0.23499803499999652
0.23499803899999655
0.23499804099999655
0.23499803599999658
0.23499803199999653
0.23499803599999655
0.23499803399999655
0.23499803099999655
0.2349980309999965
0.23499803499999655
0.23499803899999655
0.23499804299999652
0.23499804399999652
0.23499804599999652
0.23499804899999654
0.23499805299999654
0.23499805699999649
0.23499805999999654
0.23499805999999654
0.23499806399999654
0.23499806699999654
0.23499806399999654
0.23499805799999648
0.2349980549999965
0.23499805799999648
0.23499806199999648
0.23499806599999654
0.2349980699999965
0.2349980739999965
0.2349980779999965
0.2349980809999965
0.2349980789999965
0.2349980809999965
0.23499808499999647
0.2349980889999965
0.2349980909999965
0.2349980949999965
0.23499809799999646
0.2349981019999965
0.2349981059999965
0.23499810999999649
0.23499811299999646
0.23499811699999645
0.23499811999999645
0.23499812399999645
0.23499812699999645
0.23499813099999647
0.23499813499999647
0.23499813699999647
0.23499813999999644
0.23499813999999644
0.23499814099999644
0.23499814499999644
0.23499814899999644
0.23499815199999644
0.23499815399999643
0.23499815799999643
0.2349981549999964
0.23499815099999646
0.23499815499999643
0.23499815899999643
0.23499816299999643
0.23499816699999643
0.23499817099999643
0.2349981719999964
0.2349981489999964
0.23499811799999645
0.2349980969999964
0.23499807699999642
0.2349980699999964
0.23499807399999642
0.23499807799999645
0.2349980779999964
0.2349980789999964
0.2349980819999964
0.2349980859999964
0.23499808999999638
0.2349980929999964
0.2349980929999964
0.2349980919999964
0.23499808599999636
0.23499808999999638
0.2349980939999964
0.23499809799999638
0.23499809999999635
0.23499808399999636
0.2349980789999964
0.2349980719999964
0.23499806899999634
0.23499807199999637
0.2349980759999964
0.2349980799999964
0.23499808399999636
0.23499808799999636
0.23499809199999636
0.23499809499999638
0.23499809899999632
0.23499810299999635
0.23499810499999635
0.23499810899999637
0.23499811299999634
0.23499811699999634
0.23499812099999637
0.23499812499999634
0.2349981289999963
0.23499813299999633
0.23499813699999636
0.23499814099999633
0.23499814499999633
0.23499814899999633
0.23499815299999632
0.23499815699999632
0.2349981609999963
0.23499816399999635
0.23499816799999632
0.2349981719999963
0.2349981749999963
0.2349981789999963
0.2349981829999963
0.2349981869999963
0.2349981899999963
0.2349981909999963
0.23499819499999627
0.2349981989999963
0.23499820199999627
0.2349982059999963
0.23499820999999627
0.2349982139999963
0.23499821499999626
0.23499820999999627
0.23499818999999628
0.2349981599999963
0.23499814299999627
0.23499810199999627
0.2349980429999963
0.23499796999999625
0.23499788199999624
0.23499779799999626
0.23499775899999628
0.2349977339999963
0.23499770499999625
0.23499769499999626
0.2349976909999963
0.23499768499999626
0.23499768199999624
0.23499768599999626
0.23499768899999626
0.2349976929999963
0.23499769699999623
0.23499770099999623
0.23499770499999625
0.23499770899999622
0.23499771299999622
0.23499771699999625
0.23499772099999625
0.23499772499999622
0.23499772899999624
0.23499773299999624
0.2349977369999962
0.2349977399999962
0.2349977439999962
0.2349977459999962
0.23499774999999626
0.23499775399999623
0.23499775599999623
0.23499775599999623
0.23499775899999623
0.23499776299999622
0.2349977659999962
0.2349977699999962
0.2349977699999962
0.2349977719999962
0.23499777599999622
0.23499777799999616
0.23499778199999619
0.23499778599999618
0.23499778899999618
0.23499778699999618
0.23499778699999618
0.2349977899999962
0.23499779299999618
0.23499779699999618
0.23499779999999618
0.23499780299999617
0.23499780699999614
0.23499781099999614
0.2349978149999962
0.2349978189999962
0.23499782199999616
0.23499782499999616
0.23499781099999614
0.23499779599999612
0.23499778899999615
0.23499777699999616
0.23499776999999614
0.23499777299999614
0.23499777699999613
0.23499778099999613
0.23499778199999616
0.23499778199999613
0.23499778599999613
0.23499778599999613
0.23499778199999613
0.23499778199999613
0.23499778499999613
0.2349977799999961
0.23499777299999614
0.23499776999999614
0.23499777399999613
0.23499777399999613
0.2349977779999961
0.2349977809999961
0.2349977829999961
0.2349977819999961
0.2349977819999961
0.2349977859999961
0.2349977899999961
0.23499779299999607
0.23499779199999607
0.2349977949999961
0.23499779899999607
0.2349978019999961
0.2349978059999961
0.23499780699999606
0.23499780999999606
0.2349978129999961
0.23499781699999608
0.23499781999999605
0.23499782399999605
0.23499782799999608
0.2349978299999961
0.23499783199999608
0.23499783599999605
0.23499783699999605
0.23499782199999605
0.23499780899999606
0.23499780499999606
0.23499780599999603
0.23499780099999606
0.23499779199999607
0.23499777199999605
0.23499773799999604
0.23499771999999602
0.23499770699999603
0.23499769099999604
0.23499765399999603
0.23499760199999606
0.23499757199999605
0.23499755299999603
0.23499753999999604
0.23499751399999605
0.23499747999999604
0.23499744199999603
0.23499742899999604
0.23499742799999604
0.23499743099999604
0.234997432999996
0.23499742999999604
0.23499742899999604
0.234997432999996
0.234997436999996
0.234997440999996
0.234997442999996
0.23499744699999597
0.234997450999996
0.234997454999996
0.234997452999996
0.234997452999996
0.23499745099999597
0.234997445999996
0.234997440999996
0.234997431999996
0.234997431999996
0.23499742799999598
0.234997422999996
0.234997421999996
0.23499742599999598
0.23499742999999598
0.23499743399999595
0.23499743099999598
0.23499742499999599
0.23499742399999593
0.23499742799999598
0.23499743199999595
0.23499743599999595
0.23499743799999595
0.23499744199999595
0.23499744499999595
0.23499744899999592
0.23499745299999591
0.23499745699999597
0.23499746099999594
0.23499746499999594
0.23499746599999594
0.23499745999999597
0.23499745799999594
0.2349974619999959
0.2349974639999959
0.2349974629999959
0.23499746399999594
0.23499746799999593
0.23499747199999593
0.2349974749999959
0.2349974789999959
0.2349974829999959
0.2349974869999959
0.23499749099999592
0.23499748999999592
0.23499748899999587
0.2349974929999959
0.23499749699999592
0.23499750099999592
0.2349975049999959
0.23499750899999589
0.2349975129999959
0.23499751699999588
0.23499752099999588
0.23499752499999588
0.2349975289999959
0.23499753299999587
0.23499753699999587
0.23499753499999587
0.23499752399999588
0.23499752099999588
0.23499751899999585
0.23499751999999588
0.23499752399999588
0.23499752599999588
0.23499752999999587
0.23499753399999584
0.23499753799999587
0.23499754199999587
0.23499753999999584
0.23499752999999585
0.23499752099999585
0.23499752399999585
0.23499752799999585
0.23499753199999582
0.23499753599999582
0.23499753999999587
0.23499754399999584
0.23499754799999584
0.23499755199999584
0.23499755099999584
0.23499755499999583
0.23499755699999583
0.23499754899999584
0.2349975459999958
0.23499754799999578
0.23499753599999582
0.23499750099999586
0.23499748299999584
0.2349974599999958
0.23499744199999584
0.23499742799999582
0.23499742499999582
0.23499742799999582
0.23499742899999582
0.23499742299999582
0.2349974219999958
0.23499741799999577
0.2349974139999958
0.2349974139999958
0.2349974119999958
0.23499740899999577
0.23499739599999578
0.2349973789999958
0.2349973679999958
0.2349973709999958
0.2349973639999958
0.23499735299999577
0.23499733499999576
0.23499731099999577
0.23499731299999577
0.23499731699999574
0.23499731999999576
0.23499732399999576
0.2349973279999958
0.2349973249999958
0.23499732199999576
0.23499732099999573
0.23499731799999574
0.23499732199999576
0.23499732599999576
0.2349973299999957
0.23499733199999576
0.23499733499999576
0.23499733399999573
0.23499733199999573
0.23499733499999573
0.23499733499999573
0.23499733499999573
0.23499733899999573
0.23499734299999575
0.23499734599999572
0.23499734399999572
0.23499734799999572
0.23499735099999572
0.23499735399999572
0.23499735499999572
0.2349973579999957
0.23499736099999569
0.23499736499999574
0.23499736899999574
0.23499737299999568
0.2349973769999957
0.2349973809999957
0.2349973839999957
0.23499738799999567
0.2349973919999957
0.2349973959999957
0.23499739999999567
0.23499740399999566
0.23499740799999566
0.2349974119999957
0.23499741599999568
0.23499741999999565
0.23499742399999568
0.2349974279999957
0.23499742199999565
0.23499740399999564
0.23499740399999566
0.2349974079999957
0.2349974109999957
0.23499740999999566
0.23499741399999563
0.23499740799999566
0.23499740999999566
0.23499741399999563
0.23499741799999566
0.23499742099999565
0.23499742499999565
0.23499742699999565
0.23499743099999562
0.23499743299999562
0.23499743699999567
0.23499743599999562
0.23499743599999562
0.23499742399999565
0.23499740999999563
0.23499741099999563
0.2349974149999956
0.23499741899999563
0.23499742299999563
0.23499742699999562
0.2349974259999956
0.23499742499999562
0.2349974239999956
0.23499742799999557
0.23499743199999562
0.23499743599999562
0.23499743999999562
0.2349974439999956
0.23499744799999558
0.23499745199999564
0.2349974559999956
0.2349974559999956
0.2349974429999956
0.23499742599999562
0.2349974219999956
0.2349974229999956
0.2349974269999956
0.23499743099999557
0.23499743499999556
0.2349974389999956
0.23499744299999556
0.23499744599999556
0.23499744999999558
0.23499745399999558
0.23499745299999558
0.23499745299999558
0.23499745499999558
0.23499745899999555
0.23499746299999555
0.23499746699999555
0.23499746899999557
0.23499747199999552
0.23499747599999554
0.23499747999999557
0.23499748399999557
0.23499748099999554
0.23499747999999557
0.23499748399999557
0.23499748799999554
0.23499749099999553
0.23499749299999553
0.23499748399999557
0.23499746799999555
0.23499746799999552
0.23499747199999552
0.23499747599999554
0.23499747999999554
0.2349974799999955
0.23499748399999548
0.2349974879999955
0.2349974919999955
0.23499749399999553
0.23499749699999553
0.2349975009999955
0.2349975049999955
0.2349975089999955
0.2349975129999955
0.2349975169999955
0.23499751999999552
0.23499751899999546
0.23499751499999547
0.2349975009999955
0.23499748799999548
0.23499747899999548
0.23499748299999548
0.23499748699999548
0.23499749099999548
0.23499749499999548
0.23499749899999545
0.2349975029999955
0.2349975059999955
0.2349975099999955
0.23499751199999547
0.2349975089999955
0.23499751199999544
0.23499751099999547
0.23499751499999544
0.23499751899999546
0.23499751799999546
0.23499752199999543
0.23499752599999543
0.23499752999999543
0.23499753399999543
0.23499753699999543
0.23499754099999542
0.23499754499999545
0.23499754599999545
0.23499753799999543
0.23499750999999544
0.23499750899999544
0.23499749399999542
0.23499748599999543
0.23499748699999543
0.23499749099999542
0.23499749499999542
0.2349974989999954
0.23499750199999542
0.23499750399999542
0.23499750699999541
0.23499751099999538
0.2349975149999954
0.2349975189999954
0.23499752099999544
0.2349975089999954
0.23499749499999542
0.2349974879999954
0.23499748799999537
0.23499749099999537
0.23499749499999542
0.2349974989999954
0.2349975019999954
0.2349974999999954
0.2349975009999954
0.2349975029999954
0.2349975049999954
0.23499750899999539
0.23499751299999536
0.23499751699999538
0.23499752099999538
0.23499752499999535
0.23499752599999535
0.23499752999999537
0.23499753399999537
0.23499753699999537
0.23499753299999537
0.23499753299999537
0.23499753699999537
0.23499753799999534
0.23499754099999534
0.23499754499999534
0.23499754899999534
0.23499755199999534
0.2349975529999953
0.23499755699999536
0.2349975609999953
0.23499756499999533
0.23499756799999533
0.23499757199999532
0.23499757599999532
0.23499757999999532
0.23499758399999532
0.23499758799999534
0.23499759199999534
0.2349975949999953
0.2349975979999953
0.2349976019999953
0.2349976059999953
0.23499760999999528
0.23499760999999528
0.2349976119999953
0.2349976079999953
0.2349976049999953
0.2349975999999953
0.2349975949999953
0.2349975889999953
0.2349975779999953
0.23499757399999527
0.23499757499999532
0.23499757799999527
0.23499758199999526
0.23499758399999526
0.2349975879999953
0.2349975919999953
0.2349975929999953
0.23499759599999526
0.23499759999999528
0.23499760399999525
0.23499760799999528
0.23499761199999525
0.23499761599999527
0.23499761799999527
0.23499762099999527
0.23499762499999524
0.23499762899999524
0.23499763299999524
0.23499763699999526
0.23499764099999526
0.23499764499999526
0.23499764899999526
0.23499765199999526
0.23499765499999523
0.23499765799999522
0.23499766199999522
0.23499766599999522
0.23499766999999525
0.23499767399999522
0.23499767699999524
0.2349976809999952
0.2349976819999952
0.2349976859999952
0.2349976899999952
0.2349976859999952
0.2349976889999952
0.2349976929999952
0.23499769599999518
0.23499769599999518
0.23499769499999518
0.2349976899999952
0.2349976819999952
0.23499767999999516
0.2349976829999952
0.23499768299999518
0.23499768599999518
0.23499768299999518
0.2349976649999952
0.23499765099999523
0.23499762499999519
0.23499761499999516
0.2349976189999952
0.23499762299999521
0.23499762699999519
0.23499762999999518
0.23499761799999516
0.23499759099999518
0.23499753899999515
0.23499749999999514
0.23499746999999518
0.23499744599999517
0.23499743099999518
0.23499742899999512
0.23499743299999518
0.23499743599999517
0.23499743499999515
0.23499743899999512
0.23499744299999514
0.23499744699999517
0.23499745099999514
0.23499745199999514
0.23499745399999514
0.23499745799999514
0.23499746099999513
0.2349974649999951
0.23499746899999513
0.23499747299999513
0.23499747699999513
0.2349974809999951
0.2349974849999951
0.23499748899999512
0.23499749299999514
0.23499749699999511
0.2349974999999951
0.23499749399999512
0.2349974789999951
0.2349974799999951
0.23499747799999512
0.2349974819999951
0.2349974859999951
0.2349974899999951
0.23499749299999506
0.2349974969999951
0.23499750099999508
0.23499750499999508
0.23499750899999508
0.23499751299999508
0.23499751699999508
0.23499751499999508
0.23499749799999506
0.2349974589999951
0.23499742599999507
0.23499741999999507
0.23499742099999504
0.2349974199999951
0.23499741799999505
0.23499741999999507
0.23499742399999507
0.23499742799999507
0.23499743199999507
0.23499743399999506
0.23499743699999504
0.23499744099999503
0.23499743999999503
0.234997426999995
0.23499742899999504
0.23499743299999507
0.23499743699999504
0.23499743699999504
0.23499743999999503
0.23499744199999503
0.23499744199999503
0.234997436999995
0.234997425999995
0.23499741599999505
0.23499740899999502
0.23499739799999503
0.23499737099999501
0.23499736299999505
0.23499736599999502
0.234997369999995
0.234997373999995
0.234997377999995
0.23499738199999498
0.234997385999995
0.234997388999995
0.23499739199999498
0.23499739599999497
0.23499739599999497
0.234997399999995
0.23499740399999502
0.234997407999995
0.234997406999995
0.23499739599999497
0.234997383999995
0.23499738199999495
0.23499738099999495
0.23499738099999495
0.23499738299999498
0.23499738399999495
0.23499737599999498
0.23499737099999496
0.234997369999995
0.23499736499999493
0.23499735499999497
0.23499734099999495
0.23499732499999496
0.23499731299999496
0.23499731099999493
0.23499731499999496
0.23499731099999496
0.23499729999999494
0.23499730399999494
0.23499730699999494
0.23499731099999496
0.23499731499999496
0.23499731899999496
0.23499732299999493
0.23499732599999493
0.23499732899999493
0.23499733199999492
0.23499732399999493
0.23499731799999493
0.23499731499999493
0.2349973119999949
0.23499731599999496
0.23499731999999493
0.23499732399999487
0.23499732799999493
0.23499733199999492
0.2349973359999949
0.2349973399999949
0.2349973439999949
0.2349973469999949
0.2349973439999949
0.2349973439999949
0.2349973459999949
0.2349973439999949
0.2349973449999949
0.23499734899999486
0.23499735199999486
0.23499735599999488
0.23499735999999488
0.23499736399999488
0.23499736799999488
0.23499737099999488
0.23499737399999487
0.23499737799999484
0.23499737199999488
0.23499735899999488
0.23499734899999486
0.23499734299999486
0.23499732499999487
0.23499728699999486
0.23499726499999485
0.23499726599999485
0.23499726999999485
0.23499727399999484
0.23499727799999484
0.23499728199999484
0.23499728399999484
0.23499728299999487
0.23499728099999484
0.23499727499999484
0.2349972779999948
0.23499728199999484
0.23499728299999484
0.23499727599999481
0.23499726899999482
0.23499727299999484
0.23499727199999484
0.23499727499999484
0.2349972779999948
0.2349972809999948
0.2349972839999948
0.2349972879999948
0.23499729199999478
0.2349972949999948
0.23499729799999483
0.2349973019999948
0.2349973059999948
0.2349973079999948
0.2349973099999948
0.2349973139999948
0.23499731799999476
0.2349973219999948
0.23499732599999482
0.23499732699999476
0.23499733099999479
0.23499733399999478
0.23499733799999478
0.23499734199999478
0.23499734599999475
0.23499734999999478
0.2349973539999948
0.23499735799999477
0.23499736199999474
0.23499736599999477
0.23499736999999477
0.23499737399999476
0.23499737799999476
0.2349973819999948
0.23499738599999478
0.23499738899999473
0.23499739299999475
0.23499739499999475
0.23499739899999475
0.23499740299999472
0.23499740399999472
0.23499740799999475
0.23499741199999477
0.2349974159999947
0.2349974199999947
0.23499742399999474
0.23499742799999473
0.2349974319999947
0.2349974359999947
0.23499743799999473
0.23499744099999473
0.23499744499999473
0.23499744799999472
0.23499745199999472
0.23499745399999472

Avalanche_Distribution:
14
1
1
1
1
4
1
1
3
14
33
2
10
19
14
148
8
53
5
1
3
5
1
4
7
20
135
3
34
3
25
38
1
1
15
11
1
15
13
78
107
1
76
1
31
3
2
1
5
1
2
2
6
32
2
5
14
7
3
33
25
4
5
2
1
2
1
320
35
2
1
5
16
10
196
4
1
10
1
1
5
1
3
199
7
22
24
42
3
85
6
9
50
92
4
47
1
51
2
1
1
2
1
1
34
1
3
8
1
53
2
3
2
2
14
1
1
1
5
2
3
1
7
131
6
20
5
10
175
1
180
2
1
1
16
3
38
4
2
6
2
4
5
1
91
1
38
1
1
1
1
1
2
2
13
1
1
1
62
11
9
30
5
1
2
2
20
10
13
1
1
2
1
1
1
26
2
1
1
45
7
5
14
2
2
4
1
3
3
7
1
15
10
1
1
4
39
31
39
1
3
1
14
1
20
2
10
5
4
35
5
11
1
2
5
1
12
37
4
2
2
1
29
89
60
111
9
2
1
1
1
2
4
1
5
1
15
28
4
2
3
4
12
52
1
1
10
1
1
2
2
318
1
1
368
82
6
3
379
8
1
2
1
1
1
2
8
2
23
1
1
195
15
3
2
62
26
5
3
115
2
30
1
6
1
2
2
8
2
7
155
12
1
104
2
1
1
1
72
15
6
2
114
2
1
1
3
2
3
2
1
1
14
393
1
150
3
19
1
6
1
23
1
6
2
1
1
161
1
1
1
65
77
2
1
1
124
1
16
13
2
3
1
1
2
1
18
7
22
40
1
505
18
5
1
3
1
1
2
3
8
17
68
2
1
1
1
1
5
39
2
33
2
2
19
17
3
3
5
26
8
1
2
1
1
1
1
2
8
1
2
15
125
7
1
1
3
16
50
1
2
1
1
4
1
600
1
1
2
6
1
1
6
2
7
1
4
1
2
1
77
7
16
28
4
1
11
6
1
1
4
1
1
2
2
50
447
1
1
12
2
10
40
23
22
2
1
19
9
1
1
10
37
2
34
5
21
154
105
78
1
19
7
2
12
1
8
1
6
1
1
4
1
1
36
6
12
1
2
2
46
12
3
53
1
9
2
2
1
12
1
39
4
3
62
1
10
5
5
1
86
3
1
52
8
3
2
1
3
13
3
1
4
1
1
1
4
71
1
1
1
4
3
1
1
1
1
3
9
1
4
32
5
1
91
233
1
6
5
1
1
32
6
1
117
2
13
1
3
24
5
114
2
4
53
112
23
1
2
37
12
11
1
2
142
2
1
1
22
25
6
2
1
1
1
2
2
3
1
1
2
3
3
1
2
