
Branching_global:
1.00004
1.0040400000000038
1.008040000000008
1.011850000000012
1.0133600000000162
1.0156300000000198
1.0171400000000241
1.0189400000000277
1.0163600000000321
1.016270000000036
0.9990800000000399
0.923840000000044
0.8978900000000478
0.877930000000052
0.8485700000000559
0.83914000000006
0.8248500000000639
0.8077000000000678
0.7920600000000718
0.7781500000000758
0.7685600000000797
0.7653400000000837
0.7695600000000877
0.7672400000000916
0.7689800000000956
0.7685000000000995
0.7693200000001035
0.7621300000001074
0.7616200000001114
0.7651000000001155

Autocorrelation:
25.000499996641732
0.24802441648667847
0.12487744213237502
0.08488720396131628
0.07534919344250375
0.06447823413080357
0.05884164095231649
0.05329674689055804
0.061623342080917805
0.06196147008080584
-1.0864564450843601
-0.012623651425954478
-0.009284386194091646
-0.007681175000418585
-0.006090033872589911
-0.005701978527356695
-0.005193355712765491
-0.0046824244742747516
-0.004289670603662333
-0.003986669035918817
-0.003798863188116432
-0.0037392249636152798
-0.003817721278343875
-0.0037742169926009332
-0.003806763831540612
-0.003797736849569969
-0.0038131805233410066
-0.0036813682403183793
-0.003672318500960521
-0.003734844913293235

Average_Activity:
0.0
0.0
0.0
0.0
0.0
0.0
0.0
0.0
0.0
0.0
0.0
0.0
0.0
0.0
0.0
0.0
0.0
0.0
0.0
0.0
0.0
0.0
0.0
0.0
0.0
0.0
0.0
0.0
0.0
0.0
0.0
0.0
0.0
0.0
0.0
0.0
0.0
0.0
0.0
0.0
0.0
0.0
0.0
0.0
0.0
0.0
0.0
0.0
0.0
0.0
0.0
0.0
0.0
0.0
0.0
0.0
0.0
0.0
0.0
0.0
0.0
0.0
0.0
0.0
0.0
0.0
0.0
0.0
0.0
0.0
0.0
0.0
0.0
0.0
0.0
1.0
1.5
2.5
0.0
1.5
0.5
1.0
1.5
0.0
0.0
0.0
0.0
0.0
0.0
0.0
0.0
0.0
0.0
0.0
0.0
1.25
2.5
2.25
1.75
0.0
0.0
0.0
0.0
0.0
0.0
0.0
0.0
0.0
0.0
0.0
0.0
0.75
3.0
3.0
0.75
0.0
0.0
0.5
0.0
0.0
0.0
0.0
0.25
0.0
0.0
0.0
0.0
0.0
0.0
0.0
0.0
0.25
0.0
0.0
0.0
0.0
0.75
5.5
5.0
3.0
1.5
1.25
1.0
0.0
0.0
0.0
0.0
0.0
0.0
0.0
0.0
0.5
1.25
0.25
0.25
0.0
0.0
0.0
0.25
1.75
3.75
0.0
0.0
0.0
0.0
0.25
0.0
0.0
0.0
0.0
0.25
1.0
0.0
0.75
2.5
1.5
3.25
6.0
5.75
1.0
0.0
0.0
0.0
0.0
0.0
0.0
0.0
0.25
0.25
0.0
0.0
0.0
0.25
0.0
0.0
1.5
6.0
7.25
5.75
3.25
0.5
0.0
0.0
0.0
0.25
1.5
0.0
1.0
1.5
0.0
0.0
1.5
1.25
4.25
4.25
0.0
0.25
0.0
0.0
0.0
0.25
0.25
1.25
2.5
4.25
0.5
0.25
0.0
0.0
2.25
2.5
2.25
2.5
2.25
5.75
7.25
8.5
8.25
3.25
1.25
4.5
3.0
0.25
0.25
1.0
4.75
6.75
7.75
12.0
13.75
22.25
25.5
22.25
18.75
18.25
24.5
25.0
12.5
18.5
17.75
10.25
14.25
17.0
19.0
22.75
25.0
24.25
28.0
42.75
36.75
17.0
16.75
14.0
8.75
14.0
13.5
16.5
19.75
7.0
2.25
7.0
16.75
13.25
10.25
10.0
7.25
3.5
5.5
11.5
5.75
7.0
5.75
6.75
6.0
5.0
1.75
3.0
5.5
4.25
3.5
1.0
1.75
3.5
2.25
5.5
4.25
0.75
0.75
5.25
10.75
10.5
5.5
1.5
2.5
5.75
7.5
5.75
3.25
2.75
9.75
10.25
12.5
15.5
8.75
5.5
4.0
11.25
9.25
10.5
15.75
9.25
6.5
7.25
9.75
7.0
7.25
6.25
4.25
4.25
1.0
1.5
0.75
2.25
3.25
9.25
10.25
11.25
10.25
9.75
23.5
17.5
8.25
2.75
4.25
0.5
2.25
1.0
2.5
2.75
3.0
1.5
4.0
0.5
1.75
4.25
0.75
1.5
0.5
0.0
5.5
5.25
4.25
8.5
3.5
7.25
9.25
3.0
4.5
4.5
3.25
0.5
3.5
8.5
8.5
5.75
8.0
8.75
11.5
9.75
7.25
1.5
2.25
4.5
3.5
5.5
2.25
5.5
4.25
3.5
5.75
3.25
3.25
3.5
3.0
3.25
5.25
6.25
9.0
9.25
10.5
3.75
2.5
5.0
4.5
5.25
6.25
6.75
8.0
7.5
3.25
6.0
4.25
3.0
5.0
5.0
2.25
2.0
1.5
3.5
7.25
3.0
6.5
4.0
3.25
2.0
6.25
6.25
6.75
5.25
4.0
1.5
0.5
6.5
2.5
5.0
1.75
1.5
0.75
3.0
7.0
6.75
8.0
2.75
5.75
3.5
0.0
0.75
3.75
5.0
4.25
4.75
6.5
2.25
2.75
1.75
3.5
1.25
0.25
3.0
5.5
3.75
6.0
7.0
12.75
10.75
14.75
5.5
7.5
0.75
1.25
2.75
4.0
4.5
4.0
4.0
1.75
6.25
3.25
4.25
10.0
12.75
3.5
1.0
1.75
4.75
5.75
4.75
4.0
2.0
2.75
1.25
4.5
0.75
0.0
0.0
0.0
0.0
2.0
1.75
0.75
1.25
0.25
0.0
0.25
0.75
0.25
0.0
0.5
0.5
0.0
0.0
0.25
0.75
1.75
1.75
1.5
0.5
0.0
0.25
0.0
1.0
0.0
0.0
0.0
0.0
1.75
4.75
2.75
0.0
0.0
0.5
0.25
0.75
1.0
0.75
0.0
0.0
0.0
0.25
0.75
2.25
2.75
1.75
1.0
2.0
0.0
0.0
0.0
0.0
0.0
0.0
0.75
1.25
0.0
0.75
0.5
0.25
0.0
0.0
1.75
2.0
0.5
0.25
5.5
1.75
1.5
1.0
1.0
2.5
0.0
0.0
0.0
0.0
0.5
0.0
0.5
1.75
4.25
0.5
0.25
0.5
1.5
0.25
0.5
1.5
2.5
2.5
0.5
1.25
0.25
0.0
0.0
1.75
1.25
0.25
1.25
3.75
0.5
0.0
0.75
0.0
0.25
0.5
0.75
0.75
2.0
1.75
0.75
0.75
0.25
0.0
0.25
1.75
0.0
0.25
0.0
2.0
2.25
2.75
1.75
3.25
1.75
0.25
1.5
1.5
0.75
3.75
4.5
1.0
0.0
0.0
0.0
0.25
1.25
0.5
1.5
1.0
0.0
0.0
0.75
3.0
0.5
1.5
0.25
1.0
2.5
2.5
2.25
1.75
5.0
4.75
3.0
4.5
3.5
2.25
1.75
1.25
2.75
1.0
2.0
0.5
1.5
3.5
0.75
0.75
1.75
1.75
2.5
2.75
0.25
1.0
1.75
4.5
3.5
3.5
1.25
0.5
0.0
0.0
0.5
0.75
1.0
0.0
0.0
1.75
0.25
1.0
1.0
1.25
0.75
1.0
0.5
2.25
1.75
0.5
0.25
2.0
1.25
2.75
3.25
2.75
0.0
0.75
3.0
0.0
0.0
0.25
0.25
1.25
0.0
1.0
1.5
0.5
0.25
0.5
0.75
1.0
3.0
3.0
0.75
1.25
1.5
3.5
5.0
0.5
0.5
0.0
0.25
1.25
0.25
1.0
1.75
2.75
1.25
0.75
2.5
0.25
0.75
0.0
0.25

Average_Alpha:
0.25001
0.25005
0.2500900000000001
0.2501300000000001
0.25017000000000017
0.25021000000000015
0.2502500000000003
0.25029000000000023
0.25033000000000033
0.2503700000000003
0.2504100000000004
0.2504500000000004
0.25049000000000055
0.2505300000000005
0.25057000000000057
0.2506100000000005
0.25065000000000065
0.25069000000000063
0.25073000000000073
0.2507700000000007
0.2508100000000008
0.25085000000000074
0.2508900000000009
0.2509300000000009
0.25097000000000097
0.25101000000000095
0.25105000000000105
0.25109000000000103
0.25113000000000113
0.2511700000000011
0.2512100000000012
0.2512500000000012
0.2512900000000013
0.2513300000000013
0.25137000000000137
0.25141000000000135
0.25145000000000145
0.25149000000000143
0.2515300000000016
0.2515700000000015
0.2516100000000016
0.2516500000000016
0.2516900000000017
0.2517300000000017
0.2517700000000018
0.25181000000000175
0.25185000000000185
0.2518900000000018
0.25193000000000193
0.2519700000000019
0.252010000000002
0.252050000000002
0.2520900000000021
0.252130000000002
0.25217000000000217
0.25221000000000215
0.25225000000000225
0.25229000000000223
0.25233000000000233
0.2523700000000023
0.2524100000000024
0.2524500000000024
0.2524900000000025
0.2525300000000025
0.25257000000000257
0.25261000000000255
0.25265000000000265
0.25269000000000263
0.25273000000000273
0.2527700000000027
0.25281000000000287
0.2528500000000028
0.2528900000000029
0.2529300000000029
0.25297000000000297
0.25297000000000297
0.25295000000000306
0.25289000000000306
0.25293000000000315
0.2529100000000031
0.2529300000000032
0.2529300000000032
0.2529100000000033
0.2529500000000033
0.2529900000000034
0.25303000000000336
0.25307000000000346
0.25311000000000344
0.25315000000000354
0.2531900000000035
0.2532300000000036
0.2532700000000036
0.2533100000000037
0.2533500000000037
0.2533900000000038
0.25338000000000377
0.2533200000000039
0.2532700000000038
0.2532400000000039
0.2532800000000039
0.25332000000000404
0.25336000000000397
0.2534000000000041
0.25344000000000405
0.25348000000000415
0.25352000000000413
0.2535600000000043
0.2536000000000042
0.25364000000000436
0.25368000000000435
0.2537200000000044
0.2537300000000044
0.2536500000000045
0.25357000000000446
0.2535800000000046
0.25362000000000456
0.25366000000000466
0.2536800000000046
0.2537200000000047
0.2537600000000047
0.25380000000000486
0.2538400000000048
0.25387000000000487
0.25391000000000485
0.253950000000005
0.25399000000000493
0.2540300000000051
0.25407000000000507
0.2541100000000051
0.2541500000000051
0.25419000000000525
0.2542200000000052
0.2542600000000053
0.25430000000000524
0.2543400000000054
0.2543800000000054
0.25439000000000545
0.25421000000000543
0.25405000000000555
0.2539700000000055
0.2539500000000056
0.25394000000000555
0.2539400000000057
0.2539800000000057
0.25402000000000574
0.2540600000000058
0.2541000000000059
0.25414000000000586
0.25418000000000596
0.2542200000000059
0.25426000000000604
0.254280000000006
0.2542700000000061
0.2543000000000061
0.25433000000000616
0.2543700000000062
0.2544100000000063
0.2544500000000062
0.2544800000000063
0.25445000000000634
0.25434000000000645
0.25438000000000643
0.2544200000000065
0.2544600000000065
0.2545000000000066
0.2545300000000066
0.2545700000000066
0.2546100000000066
0.25465000000000676
0.2546900000000067
0.2547200000000068
0.2547200000000068
0.25476000000000687
0.2547700000000069
0.254710000000007
0.25469000000000697
0.2546000000000071
0.254400000000007
0.2542100000000071
0.2542100000000071
0.2542500000000072
0.25429000000000723
0.2543300000000073
0.2543700000000073
0.25441000000000735
0.25445000000000734
0.25449000000000743
0.2545200000000074
0.25455000000000755
0.25459000000000753
0.2546300000000076
0.2546700000000076
0.25470000000000764
0.2547400000000077
0.2547800000000078
0.25476000000000776
0.25456000000000784
0.25431000000000786
0.25412000000000795
0.2540300000000079
0.25405000000000805
0.254090000000008
0.25413000000000807
0.2541700000000081
0.2542000000000082
0.2541800000000081
0.2542200000000083
0.2542200000000082
0.25420000000000836
0.2542400000000083
0.2542800000000084
0.2542600000000084
0.2542500000000085
0.25412000000000845
0.2539900000000086
0.2540300000000086
0.25406000000000867
0.25410000000000865
0.25414000000000875
0.2541800000000088
0.2542100000000088
0.2542400000000088
0.2542300000000089
0.2541700000000089
0.254040000000009
0.254060000000009
0.2540900000000091
0.25413000000000907
0.2541700000000091
0.2541200000000091
0.2540600000000092
0.25401000000000923
0.25395000000000933
0.2539000000000093
0.2537100000000094
0.25346000000000934
0.25316000000000943
0.2528700000000094
0.2527800000000095
0.25277000000000954
0.2526300000000096
0.2525500000000096
0.2525800000000097
0.25261000000000966
0.25261000000000977
0.25246000000000973
0.25223000000000984
0.25196000000000984
0.2515200000000099
0.25101000000000995
0.25016000000001
0.24918000000001
0.24833000000001004
0.24762000000001008
0.2469300000000101
0.24599000000001017
0.2450300000000102
0.24457000000001025
0.2438700000000103
0.24320000000001032
0.2428300000000104
0.24230000000001042
0.24166000000001045
0.2409400000000105
0.24007000000001052
0.2391100000000106
0.23818000000001063
0.23710000000001066
0.2354300000000107
0.23400000000001075
0.23336000000001078
0.23273000000001082
0.23221000000001082
0.2319000000000109
0.2313800000000109
0.23088000000001097
0.230260000000011
0.22951000000001107
0.22927000000001108
0.2292200000000111
0.22898000000001115
0.2283500000000112
0.22786000000001125
0.2274900000000113
0.2271300000000113
0.22688000000001135
0.2267800000000114
0.22660000000001146
0.22618000000001148
0.22599000000001152
0.22575000000001158
0.22556000000001158
0.22533000000001163
0.2251300000000117
0.22497000000001174
0.22494000000001177
0.2248600000000118
0.22468000000001184
0.22455000000001188
0.22445000000001192
0.22445000000001197
0.224420000000012
0.22432000000001204
0.2242700000000121
0.22409000000001214
0.22396000000001215
0.2239700000000122
0.22398000000001225
0.22381000000001228
0.22342000000001233
0.22304000000001237
0.2228600000000124
0.22284000000001244
0.22278000000001247
0.2225900000000125
0.22233000000001255
0.2221400000000126
0.22205000000001263
0.2219800000000127
0.22163000000001273
0.22126000000001278
0.2208000000000128
0.22022000000001285
0.21991000000001287
0.21973000000001291
0.21961000000001296
0.219200000000013
0.21887000000001305
0.2184900000000131
0.21790000000001314
0.21757000000001317
0.2173500000000132
0.21710000000001325
0.2167500000000133
0.21651000000001336
0.21626000000001336
0.2160500000000134
0.21592000000001346
0.2157900000000135
0.21579000000001355
0.21577000000001356
0.21578000000001363
0.21573000000001363
0.21564000000001368
0.21531000000001374
0.21494000000001376
0.2145300000000138
0.21416000000001384
0.21381000000001388
0.21291000000001392
0.21225000000001398
0.211960000000014
0.21189000000001404
0.21176000000001408
0.21178000000001412
0.21173000000001418
0.21173000000001418
0.21167000000001424
0.21160000000001425
0.2115200000000143
0.21150000000001437
0.2113800000000144
0.2114000000000144
0.21137000000001446
0.2112400000000145
0.21125000000001457
0.2112300000000146
0.21125000000001465
0.2112900000000147
0.21111000000001473
0.21094000000001478
0.21081000000001482
0.21051000000001482
0.2104100000000149
0.21016000000001492
0.20983000000001492
0.209750000000015
0.209610000000015
0.2094700000000151
0.2093800000000151
0.20940000000001516
0.2093000000000152
0.20900000000001523
0.2087000000000153
0.20851000000001532
0.20823000000001538
0.20792000000001543
0.20750000000001542
0.20715000000001546
0.2069000000000155
0.20688000000001555
0.2068300000000156
0.20669000000001564
0.20659000000001565
0.20641000000001572
0.20636000000001575
0.20618000000001582
0.20605000000001583
0.20595000000001587
0.20576000000001593
0.20567000000001595
0.20558000000001603
0.205480000000016
0.20540000000001607
0.20531000000001612
0.20514000000001617
0.2049300000000162
0.20461000000001625
0.20428000000001628
0.20390000000001632
0.20379000000001637
0.2037300000000164
0.20357000000001643
0.2034300000000165
0.20326000000001654
0.20305000000001655
0.2028200000000166
0.20254000000001665
0.2022800000000167
0.20219000000001672
0.20199000000001674
0.20186000000001678
0.20178000000001683
0.2016200000000169
0.20146000000001693
0.20141000000001694
0.201370000000017
0.20135000000001702
0.20125000000001708
0.2010000000000171
0.2009200000000171
0.20070000000001717
0.20058000000001724
0.2004900000000173
0.20045000000001734
0.20024000000001735
0.20003000000001736
0.19980000000001744
0.19963000000001746
0.1995100000000175
0.19949000000001751
0.19951000000001762
0.19929000000001765
0.19923000000001764
0.1990700000000177
0.19904000000001776
0.1990200000000178
0.19903000000001783
0.19895000000001786
0.1987100000000179
0.19848000000001795
0.19820000000001797
0.19813000000001804
0.19794000000001805
0.1978400000000181
0.19788000000001812
0.19789000000001822
0.19778000000001822
0.19762000000001825
0.19749000000001832
0.19734000000001833
0.19712000000001836
0.19707000000001845
0.19700000000001847
0.1969700000000185
0.19687000000001853
0.1968600000000186
0.19689000000001863
0.19681000000001864
0.1966300000000187
0.19652000000001874
0.19632000000001879
0.19608000000001882
0.19561000000001888
0.1952200000000189
0.19467000000001894
0.19449000000001898
0.19423000000001903
0.19424000000001906
0.1942300000000191
0.19416000000001912
0.19404000000001917
0.19390000000001922
0.19378000000001924
0.1936600000000193
0.19363000000001934
0.19342000000001938
0.19333000000001943
0.19320000000001947
0.1928400000000195
0.19237000000001953
0.1922700000000196
0.19227000000001962
0.19224000000001967
0.1920900000000197
0.19190000000001975
0.1917500000000198
0.19163000000001984
0.19159000000001988
0.19152000000001987
0.19151000000001994
0.19137000000001997
0.19138000000002
0.19142000000002005
0.19146000000002011
0.19150000000002013
0.1915400000000202
0.1915000000000202
0.19147000000002026
0.19148000000002027
0.19147000000002032
0.1915000000000204
0.19154000000002042
0.19157000000002045
0.1915800000000205
0.19161000000002054
0.19165000000002055
0.1916700000000206
0.19169000000002062
0.19173000000002072
0.19177000000002073
0.19180000000002076
0.1918100000000208
0.19178000000002082
0.1917500000000209
0.19173000000002094
0.191750000000021
0.191790000000021
0.19182000000002106
0.1918600000000211
0.19186000000002112
0.1919000000000212
0.1919400000000212
0.19198000000002124
0.19202000000002128
0.19199000000002134
0.19184000000002135
0.19177000000002142
0.19181000000002144
0.19185000000002148
0.19187000000002152
0.19190000000002158
0.1919100000000216
0.19191000000002162
0.19192000000002168
0.19196000000002172
0.19200000000002174
0.1920400000000218
0.19207000000002183
0.19208000000002187
0.1920300000000219
0.19196000000002197
0.191930000000022
0.191930000000022
0.1918900000000221
0.1919300000000221
0.19197000000002218
0.1920100000000222
0.19205000000002223
0.19209000000002227
0.19213000000002234
0.19214000000002232
0.1921300000000224
0.1921700000000224
0.19218000000002247
0.1922000000000225
0.19223000000002255
0.19227000000002262
0.19231000000002263
0.19228000000002266
0.19224000000002273
0.19226000000002275
0.19229000000002278
0.19211000000002285
0.19208000000002287
0.1920600000000229
0.19206000000002293
0.19206000000002296
0.192000000000023
0.19204000000002305
0.19208000000002312
0.19212000000002313
0.19216000000002317
0.1921800000000232
0.1922200000000233
0.1922400000000233
0.19221000000002333
0.19208000000002337
0.19210000000002345
0.19213000000002348
0.19215000000002352
0.19213000000002353
0.19216000000002356
0.1921800000000236
0.19216000000002367
0.1921000000000237
0.19204000000002372
0.19206000000002377
0.19205000000002384
0.19208000000002387
0.1921200000000239
0.19216000000002395
0.19213000000002398
0.192120000000024
0.19215000000002405
0.1921400000000241
0.19203000000002413
0.19205000000002417
0.1920900000000242
0.19210000000002425
0.19214000000002432
0.19217000000002432
0.1921900000000244
0.1922000000000244
0.19221000000002444
0.19217000000002452
0.19214000000002454
0.19215000000002452
0.19216000000002462
0.19219000000002467
0.1922300000000247
0.19226000000002472
0.19223000000002477
0.1922700000000248
0.19230000000002484
0.19234000000002488
0.19230000000002495
0.19225000000002496
0.19218000000002503
0.19215000000002505
0.19206000000002507
0.19203000000002513
0.19206000000002518
0.1920400000000252
0.19202000000002525
0.19203000000002526
0.19192000000002532
0.19178000000002537
0.1917800000000254
0.19182000000002544
0.19186000000002548
0.19190000000002552
0.19193000000002555
0.1919200000000256
0.19194000000002565
0.19192000000002568
0.1919200000000257
0.19196000000002575
0.19200000000002582
0.19201000000002585
0.19193000000002586
0.1919500000000259
0.19193000000002597
0.19196000000002603
0.19196000000002605
0.19190000000002608
0.19184000000002613
0.19179000000002616
0.1917600000000262
0.19160000000002622
0.19145000000002627
0.19137000000002632
0.19123000000002638
0.1911300000000264
0.19108000000002642
0.1910500000000265
0.19104000000002652
0.19097000000002654
0.1909700000000266
0.19093000000002663
0.1909500000000267
0.19093000000002672
0.19083000000002676
0.1908400000000268
0.19085000000002686
0.19082000000002688
0.1907900000000269
0.19073000000002696
0.190660000000027
0.19069000000002706
0.1906900000000271
0.19066000000002714
0.19052000000002714
0.19042000000002718
0.19032000000002722
0.1903100000000273
0.19033000000002734
0.19037000000002735
0.1904100000000274
0.1904300000000274
0.19044000000002748
0.1904400000000275
0.19048000000002757
0.1905200000000276
0.19049000000002764
0.19052000000002767
0.19052000000002772
0.19052000000002775
0.1905100000000278
0.19052000000002783
0.1905200000000279
0.19054000000002794
0.19049000000002797
0.190460000000028
0.19048000000002804
0.19051000000002807
0.19047000000002812
0.19046000000002816
0.1903900000000282
0.1903000000000282
0.19023000000002827
0.19027000000002828
0.19028000000002834
0.19020000000002837
0.19024000000002844
0.19028000000002845
0.1903100000000285
0.19034000000002854
0.19033000000002862
0.19037000000002863
0.19037000000002866
0.19035000000002872
0.19037000000002874
0.1904000000000288
0.19042000000002884
0.19043000000002888
0.19043000000002894
0.19035000000002897
0.190270000000029
0.190280000000029
0.19027000000002908
0.1902500000000291
0.19015000000002913
0.1899900000000292
0.1900100000000292
0.19003000000002926
0.1900700000000293
0.19010000000002933
0.19009000000002937
0.19012000000002943
0.19012000000002946
0.1900900000000295
0.19002000000002955
0.19001000000002954
0.19002000000002967
0.18996000000002966
0.18999000000002972
0.19000000000002973
0.19004000000002977
0.1900700000000298

Avalanche_Distribution:
20
8
10
31
30
2
1
1
72
8
1
1
22
1
1
4
83
1
1
1
97
7
10
45
1
2
34
1
215
1
3043
72
3
135
814
5
454
14
56
27
8
1
237
292
701
238
71
150
127
19
1
308
83
169
7
99
23
2
17
6
1
4
1
2
2
1
25
1
4
37
2
2
9
1
30
12
8
5
1
17
36
5
13
1
1
2
26
1
1
1
7
28
6
1
1
13
21
1
3
1
5
21
3
1
8
1
55
15
38
1
7
10
16
8
31
124
14
23
39
63
1
2
7
8
4
4
5
7
1
19
49
15
1
6
10
2
1
3
2
30
1
46
1
2
7
27
13
4
1
1
