
Branching_global:
4.1470421218597805e-09
4.0642613439727134e-07
7.538636975290097e-07
1.0699379825333672e-06
1.3615670134385751e-06
1.6210378680497009e-06
1.834611772743828e-06
2.0879333694332126e-06
2.2573962119094035e-06
2.4730133100229415e-06

Autocorrelation:
-5.1811134636407237e-05
-6.795387785301946e-05
-7.093177410972179e-05
-7.273832963357611e-05
-7.403637417242797e-05
-7.500500308929726e-05
-7.570780552177055e-05
-7.645648183657882e-05
-7.691539409579649e-05
-7.745889473217532e-05

Average_Activity:
0.0
1.0
1.25
1.0
1.0
1.5
1.75
1.25
0.25
2.25
1.0
0.75
1.0
0.0
0.75
0.5
0.0
1.75
1.5
1.5
0.75
0.75
0.5
0.25
0.25
0.75
1.0
2.0
0.5
0.5
0.5
1.0
1.0
0.5
1.5
1.25
0.75
1.75
2.0
1.0
1.25
2.0
0.75
0.5
0.5
0.75
1.75
1.25
1.5
1.5
1.0
1.25
1.0
1.75
1.75
0.25
1.25
1.5
0.5
0.75
0.5
1.0
1.5
0.5
0.75
0.5
1.0
0.75
0.5
1.25
1.5
2.0
0.5
0.75
1.0
1.0
2.0
1.25
1.75
0.75
0.5
1.0
1.25
1.0
1.0
0.75
1.25
0.75
0.25
0.75
0.75
1.25
1.0
1.0
0.75
1.25
1.5
1.0
1.75
1.75
0.5
1.0
1.0
1.0
1.0
1.25
2.0
0.25
1.25
0.5
1.25
1.75
0.75
0.5
1.0
1.0
1.25
1.25
0.0
1.5
1.25
0.25
1.0
1.0
1.75
1.25
0.75
1.25
1.0
0.75
2.25
1.25
1.5
1.25
0.75
0.75
1.25
1.75
0.75
0.5
0.75
1.75
1.0
1.75
1.25
0.75
0.75
0.75
1.0
0.25
0.5
0.5
0.0
1.25
1.5
2.0
0.25
0.25
1.0
1.25
0.5
0.5
0.75
0.5
2.25
1.0
1.25
0.75
0.75
0.5
1.0
0.75
0.5
0.75
1.25
1.25
1.5
1.25
1.5
1.5
0.75
0.5
0.75
1.0
1.5
0.5
0.5
0.75
1.25
1.5
2.25
1.5
0.75
0.5
1.0
0.75
0.25
1.0
2.25
2.25
1.25
2.25
0.75
1.5
2.75
2.0
1.5
0.75
0.75
1.25
0.25
0.75
1.25
1.0
1.75
0.25
0.75
1.25
0.75
0.25
0.75
1.25
1.0
0.25
1.75
0.0
0.5
1.0
0.75
1.75
0.5
2.0
1.0
1.25
1.5
1.25
0.5
1.0
0.75
0.25
1.75
1.75
0.75
1.25
1.25
0.75
1.5
0.25
1.0
1.5

Average_Alpha:
1.0441638509790084e-09
5.2059594786621415e-09
9.336810605845663e-09
1.3447657290316608e-08
1.7572148601990598e-08
2.161698085047391e-08
2.5637883672582555e-08
2.9668282787556522e-08
3.3801856322333797e-08
3.768066279552741e-08
4.1735548063066644e-08
4.572546677850491e-08
4.970175282311818e-08
5.387840822703421e-08
5.789186340861911e-08
6.194734828817962e-08
6.612400369209567e-08
6.992904549172385e-08
7.36828539975576e-08
7.738531954504778e-08
8.126956453220342e-08
8.515405188403759e-08
8.912978489174639e-08
9.320172430592973e-08
9.729282567828194e-08
1.0110738393113999e-07
1.0498505250269518e-07
1.0829757735517723e-07
1.1218947109026833e-07
1.1616253074951277e-07
1.200847681704138e-07
1.237672793867599e-07
1.2739478774186823e-07
1.31308565771195e-07
1.3482952839200614e-07
1.3843818727914278e-07
1.4222208422671906e-07
1.453196776294838e-07
1.4831745717967399e-07
1.520661811045964e-07
1.5564413095078078e-07
1.587650187425933e-07
1.6251343870166282e-07
1.6634855822308867e-07
1.7018761496240592e-07
1.7392854001721898e-07
1.7708483251684018e-07
1.8040846611376143e-07
1.8345178791786588e-07
1.869170651867199e-07
1.902782833258209e-07
1.9302650608534593e-07
1.9651245050097782e-07
1.9919747209457033e-07
2.0228429076736244e-07
2.0617463127929587e-07
2.0962701091304533e-07
2.1279720809118136e-07
2.1677060316066615e-07
2.2036355144578133e-07
2.2389329356315725e-07
2.2714011678588956e-07
2.2976816665588966e-07
2.3341052870718615e-07
2.371610808880581e-07
2.406569249026872e-07
2.4386083518420163e-07
2.4745405002762813e-07
2.5102484432652684e-07
2.5386244865816303e-07
2.560485686707815e-07
2.5816714857918855e-07
2.619651276946889e-07
2.6541768677289356e-07
2.68475684957053e-07
2.7156651928996946e-07
2.7326729604263095e-07
2.758501872887122e-07
2.7801135290551424e-07
2.812770183222415e-07
2.849345281650132e-07
2.873820160595565e-07
2.9081127727404986e-07
2.93573325198261e-07
2.9645895720973364e-07
2.9966331185717714e-07
3.016838098162448e-07
3.0502571190201876e-07
3.0896483150161766e-07
3.123187381129062e-07
3.154001479569713e-07
3.178523558781296e-07
3.205186025714276e-07
3.23369291134318e-07
3.2640589030170063e-07
3.289372418381312e-07
3.3082962473277606e-07
3.3332441442682704e-07
3.3504476729429307e-07
3.369738173639103e-07
3.405882060322008e-07
3.4371245281836226e-07
3.467165116241487e-07
3.4988509858022506e-07
3.5222923992611805e-07
3.547903076799209e-07
3.5569933254206874e-07
3.5936054983680904e-07
3.6116042650097737e-07
3.646139524142573e-07
3.666186453843443e-07
3.6778728133877964e-07
3.7052278648097607e-07
3.730220309729011e-07
3.7512138913257055e-07
3.776371985304794e-07
3.798492154046124e-07
3.828535842262855e-07
3.870302396302014e-07
3.8920472113534437e-07
3.9081880023875973e-07
3.943434735075723e-07
3.9676538331822594e-07
3.990635942816394e-07
4.0162510028096373e-07
4.0441224004048556e-07
4.070827826724717e-07
4.0928186657650244e-07
4.113717272608117e-07
4.1429759114208517e-07
4.139756143473406e-07
4.161978372543162e-07
4.181731163170543e-07
4.204423299716981e-07
4.237494755714061e-07
4.2675434177881e-07
4.279971650397003e-07
4.2961689101112446e-07
4.3241858122447786e-07
4.3534722404027835e-07
4.3769248420437037e-07
4.396967287037693e-07
4.419338298963361e-07
4.4232673012762e-07
4.4341522303421475e-07
4.467560450284533e-07
4.492419137747407e-07
4.521501784175144e-07
4.547675803211074e-07
4.5857418651260004e-07
4.6161894820517745e-07
4.648895200094854e-07
4.690661754134014e-07
4.7012008567204205e-07
4.7135929707235387e-07
4.7193061258150904e-07
4.760973952763865e-07
4.796280853616907e-07
4.814048345967577e-07
4.83539817845988e-07
4.866449868204001e-07
4.89499987070475e-07
4.923548134873788e-07
4.950553389024378e-07
4.947291850695421e-07
4.973548316996735e-07
4.997701040396659e-07
5.024342001019653e-07
5.043769118693763e-07
5.075795399926367e-07
5.095441798339479e-07
5.117817146424956e-07
5.155893473323849e-07
5.175981465330351e-07
5.195915255147578e-07
5.209140003914279e-07
5.207591012133187e-07
5.228960257918284e-07
5.225211801848547e-07
5.232669586931843e-07
5.263271439104561e-07
5.296857853481539e-07
5.318969391165363e-07
5.344189723125059e-07
5.361314624223685e-07
5.396476062339275e-07
5.422407898588339e-07
5.44436856001659e-07
5.460296213505792e-07
5.462627391295415e-07
5.460435486144928e-07
5.471450048677913e-07
5.495094466500742e-07
5.535450305197412e-07
5.555863461609078e-07
5.585550227302962e-07
5.618842342491166e-07
5.634419125658367e-07
5.620628248541461e-07
5.606969398839271e-07
5.613826658814929e-07
5.619278624467429e-07
5.649153946702919e-07
5.659094818760591e-07
5.627882068493822e-07
5.613731749725396e-07
5.605330585783075e-07
5.620580411586947e-07
5.645378695869781e-07
5.651875572682748e-07
5.687559835128833e-07
5.711875433341159e-07
5.726310305108956e-07
5.741049216245053e-07
5.751986426742645e-07
5.787280166220714e-07
5.810194570653178e-07
5.827632596708556e-07
5.850337278511769e-07
5.891453233638468e-07
5.907271613571903e-07
5.925296873791767e-07
5.929964433022395e-07
5.967446762298197e-07
5.988185452838541e-07
6.029952006877702e-07
6.060655269642268e-07
6.093935443981483e-07
6.112863532125059e-07
6.11729621618422e-07
6.140448762516459e-07
6.139885045168781e-07
6.160959455091517e-07
6.179815323121903e-07
6.189614024586061e-07
6.191223579033419e-07
6.214554432013828e-07
6.237536203514354e-07
6.257725689435556e-07
6.294560571650508e-07
6.29051347872379e-07
6.289865700975694e-07
6.313589773462483e-07
6.320408627872065e-07
6.333544810724703e-07
6.355689477653904e-07
6.35435429434214e-07
6.395505912238244e-07
6.407724808789102e-07
6.413745985274365e-07

Avalanche_Distribution:
6
3
1
4
3
4
2
7
5
1
13
3
4
2
3
19
3
4
1
1
1
2
5
10
1
1
1
9
5
10
1
13
2
4
13
2
1
2
3
12
5
12
10
4
10
1
8
5
2
1
1
2
10
1
1
2
6
4
1
19
2
3
5
4
12
7
3
1
5
2
3
8
6
4
1
1
1
2
2
12
3
7
6
14
6
4
7
5
5
1
8
2
3
2
3
9
5
1
7
9
1
3
8
1
3
5
5
9
1
2
6
3
1
14
10
2
2
3
14
1
2
1
2
7
7
7
4
1
4
6
1
2
2
11
9
1
2
6
1
2
1
1
3
1
11
3
3
5
2
2
3
3
2
1
1
3
3
18
15
1
2
2
3
6
1
2
5
26
3
2
7
1
13
12
11
3
25
7
2
3
5
1
1
7
1
11
1
2
5
3
1
2
2
8
1
4
3
1
4
1
10
2
10
4
3
5
7
5
2
2
4
10
13
3
6
1
4
6
