
Branching_global:
1.000000004
0.9999997420000102
0.9999991990000189
0.9999982600000251
0.9999980490000299
0.9999952650000332
0.9999920290000335
0.9999865080000339
0.9999798830000338
0.9999798550000336
0.9999769030000338
0.9999769820000332
0.9999747690000331
0.9999745410000331
0.9999724760000327
0.9999720550000325
0.9999708480000327
0.9999692910000325
0.9999631180000327
0.999962930000032

Autocorrelation:
249999.99369269525
-3875.9686452334167
-1248.4389801115124
-574.7121519745946
-512.55717058288
-211.19274329746338
-125.4542740803719
-74.11749603426587
-49.708701255030384
-49.639609289388176
-43.29516616532122
-43.443761073777694
-39.63328388727545
-39.278340537628296
-36.33142853962881
-35.78407688666785
-34.30246381207617
-32.56324355987238
-27.11299711980685
-26.97549138788154

Average_Activity:
0.0
0.0
0.0
0.0
0.25
0.25
0.0
0.0
0.0
0.5
0.25
0.5
1.75
1.75
0.25
1.0
4.0
14.0
7.5
2.5
2.0
2.5
0.75
0.0
0.0
0.0
0.5
0.25
0.0
0.75
0.75
0.5
0.0
0.5
3.25
7.5
6.25
2.25
0.0
0.5
0.75
2.25
6.25
7.25
11.5
5.25
4.5
0.5
0.5
0.0
0.0
0.25
0.0
0.0
0.0
0.0
0.0
1.0
3.25
9.75
6.5
3.25
2.5
2.5
7.5
1.25
0.0
0.0
0.0
1.5
0.75
5.5
13.5
11.5
7.75
2.25
3.5
4.75
4.0
1.75
1.25
3.25
1.5
0.0
0.0
0.5
0.5
0.75
1.25
0.5
0.25
0.0
0.0
0.0
0.75
3.75
5.0
2.25
3.25
1.0
3.5
8.25
9.0
6.0
3.75
9.5
5.5
4.5
5.75
1.75
2.75
2.25
5.25
11.25
13.25
12.75
17.75
19.0
17.0
13.75
12.0
9.0
6.25
2.75
1.25
0.0
0.0
0.0
0.0
0.0
0.25
2.0
5.5
12.75
11.75
18.5
11.0
6.0
12.5
12.75
12.75
8.25
8.0
8.0
7.75
14.75
18.5
18.25
12.25
12.0
12.5
14.0
19.0
26.0
28.75
28.0
25.75
17.0
11.25
15.25
22.25
23.5
20.5
15.25
12.25
6.0
1.5
3.0
2.5
3.75
2.75
6.0
12.25
10.25
11.25
20.25
22.5
21.5
24.5
21.75
27.25
23.0
17.5
14.25
14.75
12.5
13.0
23.0
30.0
29.0
29.25
31.5
27.5
21.25
17.75
14.0
11.5
6.25
1.75
0.0
0.0
0.75
0.0
0.0
0.0
0.0
0.0
0.0
0.0
0.75
0.5
0.25
0.25
5.0
4.5
6.25
6.25
2.5
0.0
0.0
0.0
0.0
0.0
0.0
0.0
0.0
0.0
0.0
0.0
0.0
0.0
0.0
0.0
0.0
0.25
1.25
4.75
8.0
13.25
22.5
15.0
14.25
9.5
5.25
5.5
8.75
9.0
13.25
16.0
22.75
13.5
7.25
5.0
6.5
4.5
7.25
3.75
1.75
0.5
0.0
0.0
0.0
0.0
0.0
0.75
0.0
0.0
0.0
0.0
0.5
0.5
0.25
0.0
0.0
0.0
0.0
0.0
0.0
0.0
0.0
0.75
0.0
0.25
3.75
2.25
0.75
3.25
4.0
4.0
4.75
8.25
13.25
18.75
21.75
17.25
26.0
21.5
10.75
7.25
1.25
0.0
0.0
0.0
0.75
0.75
0.25
0.0
0.0
0.25
1.0
2.75
1.5
0.5
0.0
0.0
0.0
0.0
1.5
4.0
5.5
9.5
5.0
3.75
4.0
6.0
3.25
5.0
8.0
13.0
16.75
19.25
11.75
6.75
7.5
7.5
6.5
3.75
0.0
1.25
0.75
1.0
0.0
1.0
7.75
6.0
3.75
1.5
2.25
0.0
0.25
0.0
0.75
0.25
0.0
0.75
1.25
0.0
0.0
0.0
0.0
0.0
1.0
2.0
4.0
2.0
2.0
2.75
4.5
2.5
2.5
2.25
2.25
4.25
6.75
5.5
4.25
7.5
9.0
8.0
5.5
1.5
0.25
0.25
0.25
0.0
0.0
0.25
1.25
0.0
0.0
1.75
3.25
3.25
3.25
2.0
4.0
8.25
9.75
14.75
14.5
10.25
9.25
10.25
9.75
10.25
4.0
0.5
0.0
0.75
4.0
3.0
6.0
5.5
0.75
0.0
0.0
0.25
3.5
4.25
1.5
4.5
4.25
6.25
7.75
7.75
9.25
8.75
12.5
11.75
9.5
12.25
14.25
23.75
24.25
22.5
8.25
3.25
3.0
6.0
14.25
25.5
41.5
37.0
32.25
22.0
22.0
16.5
12.5
13.75
16.75
9.75
2.75
6.25
5.5
5.75
4.0
5.75
5.0
2.0
0.0
0.0
0.0
0.0
0.0
0.0
0.0
0.0
0.0
0.5
0.0
0.0
0.0
0.0
0.0
0.5
1.5
2.0
5.75
3.5
4.0
2.25
1.5
0.25
0.25
1.25
1.0
2.25
2.25
3.5
6.5
4.75
10.0
9.75
8.25
9.75
3.25
2.5
1.75
0.5
0.0

Average_Alpha:
0.250000001
0.2500000050000001
0.25000000900000025
0.2500000130000003
0.2500000160000005
0.2500000190000005
0.2500000230000007
0.25000002700000074
0.2500000310000009
0.25000003300000095
0.2500000360000011
0.25000003800000115
0.25000003500000134
0.25000003200000137
0.25000003500000156
0.25000003500000156
0.25000002300000174
0.2499999710000018
0.24999994500000194
0.24999993900000197
0.24999993500000214
0.24999992900000217
0.24999993000000234
0.2499999340000024
0.24999993800000253
0.24999994200000253
0.24999994400000275
0.24999994700000275
0.2499999510000029
0.24999995200000294
0.2499999530000031
0.24999995500000313
0.2499999590000033
0.24999996100000327
0.24999995200000344
0.24999992600000348
0.24999990500000363
0.24999990000000363
0.2499999040000038
0.24999990600000382
0.24999990700000396
0.24999990200000397
0.24999988100000414
0.24999985600000418
0.2499998140000043
0.2499997970000043
0.24999978300000444
0.24999978500000447
0.24999978700000458
0.24999979100000458
0.24999979500000472
0.24999979800000474
0.24999980200000485
0.24999980600000488
0.24999981000000498
0.249999814000005
0.24999981800000515
0.24999981800000518
0.2499998090000053
0.24999977400000528
0.2499997520000054
0.24999974300000544
0.24999973700000555
0.24999973100000555
0.24999970500000565
0.24999970400000568
0.2499997080000058
0.24999971200000579
0.24999971600000592
0.24999971400000595
0.24999971500000606
0.24999969700000604
0.24999964700000618
0.24999960500000618
0.24999957800000627
0.24999957300000628
0.24999956300000636
0.24999954800000637
0.24999953600000646
0.24999953300000646
0.24999953200000657
0.24999952300000655
0.24999952100000666
0.24999952500000666
0.24999952900000677
0.24999953100000674
0.24999953300000685
0.24999953400000685
0.24999953300000693
0.24999953500000693
0.24999953800000704
0.24999954200000707
0.24999954600000715
0.24999955000000712
0.2499995510000072
0.24999954000000724
0.2499995240000073
0.24999951900000736
0.24999951000000745
0.24999951000000745
0.24999950000000748
0.24999947100000752
0.24999943900000762
0.24999941900000758
0.2499994080000077
0.24999937400000766
0.24999935600000775
0.24999934200000776
0.24999932300000782
0.2499993200000078
0.24999931300000788
0.24999930800000789
0.24999929100000792
0.24999925000000797
0.24999920100000803
0.249999154000008
0.24999908700000806
0.24999901500000807
0.2499989510000081
0.24999890000000813
0.24999885600000815
0.24999882400000814
0.2499988030000082
0.24999879600000818
0.2499987950000082
0.2499987990000082
0.24999880300000826
0.24999880700000826
0.2499988110000083
0.24999881500000828
0.24999881800000834
0.24999881400000834
0.24999879600000838
0.24999874900000835
0.24999870600000837
0.24999863600000838
0.24999859600000843
0.24999857600000844
0.24999853000000843
0.24999848300000843
0.24999843600000848
0.24999840700000844
0.24999837900000846
0.24999835100000847
0.2499983240000085
0.24999826900000852
0.24999819900000853
0.2499981300000085
0.24999808500000853
0.24999804100000853
0.24999799500000852
0.24999794300000855
0.24999787100000856
0.24999777100000858
0.2499976600000086
0.24999755200000856
0.24999745300000858
0.2499973890000086
0.24999734800000858
0.2499972910000086
0.24999720600000858
0.24999711600000857
0.24999703800000858
0.24999698100000858
0.24999693600000858
0.2499969160000086
0.2499969140000086
0.24999690600000857
0.24999690000000857
0.2499968890000086
0.24999688200000858
0.24999686200000856
0.2499968170000086
0.24999678000000858
0.24999673900000857
0.24999666200000856
0.24999657600000857
0.24999649400000856
0.24999640000000858
0.24999631700000857
0.24999621200000857
0.2499961240000086
0.24999605800000857
0.24999600500000857
0.24999595000000857
0.24999590400000857
0.2499958560000086
0.24999576800000858
0.24999565200000856
0.24999554000000856
0.2499954270000086
0.24999530500000855
0.24999519900000855
0.24999511800000856
0.24999505100000854
0.24999499900000854
0.24999495700000854
0.24999493600000852
0.24999493300000852
0.24999493700000852
0.24999494100000852
0.24999494200000855
0.24999494600000854
0.24999495000000851
0.24999495400000854
0.2499949580000085
0.2499949620000085
0.2499949660000085
0.24999497000000853
0.2499949710000085
0.24999497300000853
0.24999497600000853
0.24999497900000853
0.2499949630000085
0.2499949490000085
0.2499949280000085
0.2499949070000085
0.24999490100000848
0.24999490500000848
0.24999490900000848
0.2499949130000085
0.24999491700000848
0.2499949210000085
0.24999492500000847
0.24999492900000847
0.24999493300000847
0.2499949370000085
0.2499949410000085
0.2499949450000085
0.2499949490000085
0.24999495300000849
0.24999495700000846
0.24999496100000845
0.24999496500000845
0.2499949680000085
0.24999496700000845
0.24999495200000849
0.24999492400000844
0.24999487500000844
0.24999478900000846
0.24999473300000846
0.24999468000000846
0.24999464600000845
0.24999462900000843
0.24999461100000847
0.24999458000000846
0.24999454800000845
0.24999449900000842
0.24999443900000845
0.24999435200000844
0.24999430200000844
0.24999427700000842
0.2499942610000084
0.24999423900000844
0.24999422500000842
0.2499942000000084
0.24999418900000842
0.24999418600000842
0.24999418800000842
0.24999419200000841
0.2499941960000084
0.24999420000000844
0.24999420400000838
0.2499942080000084
0.24999420900000843
0.2499942130000084
0.2499942170000084
0.2499942210000084
0.2499942250000084
0.2499942270000084
0.24999422900000837
0.24999423200000837
0.2499942360000084
0.24999424000000842
0.2499942440000084
0.24999424800000838
0.24999425200000838
0.24999425600000838
0.24999426000000838
0.24999426400000838
0.2499942650000084
0.24999426900000837
0.24999427200000837
0.2499942610000084
0.24999425600000838
0.24999425700000835
0.24999424800000836
0.24999423600000836
0.24999422400000837
0.24999420900000838
0.2499941800000084
0.24999413100000836
0.24999406000000834
0.2499939770000084
0.24999391200000834
0.24999381200000834
0.24999373000000835
0.24999369100000837
0.24999366600000833
0.24999366500000836
0.24999366900000836
0.24999367300000835
0.24999367700000835
0.24999367800000835
0.24999367900000835
0.24999368200000832
0.24999368600000832
0.24999369000000835
0.24999369300000834
0.24999369300000834
0.24999368600000832
0.24999368400000835
0.24999368600000832
0.24999369000000832
0.24999369400000832
0.24999369800000829
0.24999370200000834
0.24999370000000834
0.24999368800000832
0.2499936700000083
0.24999363600000832
0.24999362000000833
0.2499936090000083
0.2499935970000083
0.24999357700000832
0.2499935680000083
0.2499935520000083
0.24999352400000827
0.2499934760000083
0.24999341300000827
0.24999334000000828
0.24999329700000827
0.2499932740000083
0.2499932480000083
0.24999322200000829
0.24999320000000827
0.24999318900000828
0.2499931930000083
0.24999319200000827
0.24999319300000827
0.24999319300000827
0.24999319700000827
0.24999319700000824
0.24999317000000826
0.24999315000000827
0.24999313900000825
0.24999313700000825
0.24999313200000825
0.24999313600000828
0.24999313900000822
0.24999314300000824
0.24999314400000824
0.24999314700000827
0.24999315100000824
0.24999315200000824
0.24999315100000824
0.24999315500000824
0.24999315900000824
0.24999316300000823
0.24999316700000823
0.24999317100000823
0.24999317100000823
0.2499931670000082
0.2499931550000082
0.2499931510000082
0.24999314700000821
0.2499931400000082
0.2499931260000082
0.24999312000000823
0.2499931140000082
0.24999310900000818
0.2499931040000082
0.2499930910000082
0.2499930680000082
0.2499930500000082
0.2499930370000082
0.2499930110000082
0.24999297900000816
0.24999295100000818
0.2499929330000082
0.2499929310000082
0.2499929340000082
0.2499929370000082
0.24999294000000816
0.24999294400000818
0.24999294800000818
0.24999295100000815
0.24999295000000815
0.24999295400000818
0.24999295800000818
0.24999295500000812
0.24999294600000815
0.24999293700000816
0.24999292800000816
0.24999292400000817
0.24999291200000817
0.24999288300000813
0.24999284800000815
0.24999279300000812
0.24999273900000812
0.24999270200000814
0.24999266900000816
0.24999263200000812
0.24999259700000814
0.24999256000000813
0.24999254800000814
0.2499925500000081
0.2499925540000081
0.24999255500000814
0.24999254300000814
0.2499925350000081
0.2499925150000081
0.24999249700000814
0.2499924980000081
0.2499925020000081
0.2499925060000081
0.2499925090000081
0.24999249900000808
0.2499924860000081
0.2499924840000081
0.2499924700000081
0.24999245700000813
0.24999243600000806
0.24999240900000808
0.2499923820000081
0.2499923490000081
0.2499923180000081
0.2499922720000081
0.2499922290000081
0.24999219500000808
0.24999215000000807
0.24999209700000807
0.24999200600000807
0.2499919130000081
0.24999182700000805
0.2499917980000081
0.2499917890000081
0.24999178100000807
0.24999176100000806
0.24999170800000808
0.24999161000000805
0.24999144800000805
0.24999130400000805
0.24999117900000806
0.24999109500000805
0.24999101100000803
0.24999094900000804
0.24999090300000804
0.24999085200000803
0.24999078900000804
0.24999075400000806
0.24999074700000803
0.24999072600000805
0.249990708000008
0.249990689000008
0.24999067700000804
0.249990658000008
0.249990642000008
0.249990638000008
0.24999064200000803
0.249990646000008
0.249990650000008
0.24999065400000803
0.249990658000008
0.249990662000008
0.249990666000008
0.249990670000008
0.249990674000008
0.249990676000008
0.24999068000000801
0.249990684000008
0.24999068800000798
0.24999069200000798
0.24999069600000798
0.249990698000008
0.24999069600000798
0.24999069200000798
0.249990673000008
0.249990663000008
0.24999065100000797
0.24999064600000798
0.24999064400000798
0.24999064700000798
0.24999065000000797
0.24999064900000798
0.24999064900000798
0.24999064400000795
0.24999063900000795
0.24999062900000796
0.24999060700000797
0.24999059200000795
0.24999055600000794
0.24999052100000796
0.24999049200000795
0.24999045700000794
0.24999044800000791
0.24999044200000792
0.24999043900000795
0.24999044100000795
0.24999044500000792

Avalanche_Distribution:
1
1
2
1
17
137
3
3
5
79
2
153
2
1
150
7
244
4
10
1
61
818
4158
3
2
3
1
99
1
876
3
2
3
3
25
651
6
1
24
593
8
4
89
1
3
1
8
321
1
1
6
476
80
2040
2
85
270
