
Branching_global:
1.00004
1.0040400000000038
1.005730000000008
1.007750000000012
1.005560000000016
0.99929000000002
0.9325400000000239
0.9293300000000279
0.934070000000032
0.9356300000000359
0.93773000000004
0.9376000000000441
0.9395400000000479
0.940250000000052
0.9443400000000558
0.9480900000000599
0.9480400000000639
0.9527500000000679
0.955910000000072
0.950730000000076
0.9536700000000798
0.9372700000000839
0.9429000000000879
0.9482600000000919
0.9500700000000959
0.9531300000001
0.9539400000001039
0.955050000000108
0.9453600000001119
0.9445200000001159

Autocorrelation:
25.000499996641732
0.24802441648667847
0.17501959367087708
0.12953161472137223
0.18035565305761167
-1.4079506450773378
-0.014317779373612324
-0.013644168861898717
-0.014661918784642123
-0.015029643009747039
-0.015553740079654009
-0.015520272075444829
-0.01603466432827239
-0.0162312678749517
-0.017461451343340182
-0.018759669017950748
-0.018741127180472182
-0.020659987759939293
-0.022177122519459965
-0.019792116113386056
-0.021080333656009205
-0.015435937604514874
-0.017008235546219122
-0.018822979257631108
-0.01952377114053728
-0.020831608954207728
-0.021206882588152075
-0.021743108548779994
-0.01779692833217095
-0.01751975706167973

Average_Activity:
0.0
0.0
0.0
0.0
0.0
0.0
0.0
0.0
0.0
0.0
0.0
0.0
0.0
0.0
0.0
0.0
0.0
0.0
0.0
0.0
0.0
0.0
0.0
0.0
0.0
0.0
0.0
0.25
0.0
0.25
0.0
0.0
0.0
0.0
0.0
0.0
0.0
0.0
0.0
0.0
0.0
0.0
0.0
0.0
0.0
0.0
2.0
1.5
3.25
3.75
2.5
0.0
0.0
0.0
0.0
0.0
1.0
4.25
5.0
4.0
0.0
0.0
0.0
0.0
0.5
0.0
0.0
0.0
0.0
0.0
0.0
0.0
0.0
0.0
0.0
0.0
0.0
0.0
0.0
0.0
0.5
0.0
0.0
0.0
0.5
0.0
0.25
0.0
0.0
0.0
0.0
0.75
8.0
8.5
7.0
6.75
3.0
1.25
1.25
0.0
0.25
0.0
0.0
0.0
0.0
0.0
0.0
0.25
0.0
0.75
5.0
9.75
7.0
6.0
13.5
8.0
4.0
1.25
0.0
0.0
0.0
0.0
0.5
1.75
0.5
0.0
0.25
0.5
0.0
0.0
3.0
9.25
12.75
14.5
10.25
13.5
24.5
30.5
41.0
37.0
24.75
37.25
35.0
40.75
28.75
32.5
22.0
13.25
10.5
7.25
2.25
4.25
2.25
1.75
0.25
0.0
0.0
0.0
0.25
3.75
2.75
2.5
0.25
0.0
0.0
0.0
0.0
0.0
0.0
0.25
1.5
2.5
4.25
5.0
2.25
1.25
0.0
0.0
0.0
0.0
0.0
0.0
0.25
0.0
0.0
0.0
0.0
1.0
0.0
0.0
0.0
0.0
0.0
0.75
1.5
1.75
1.5
0.5
0.75
0.25
0.25
0.0
0.0
0.0
0.0
0.0
1.0
1.75
0.25
0.0
0.5
1.0
2.25
0.0
0.25
0.0
0.0
0.0
0.0
0.0
0.25
1.0
0.0
0.25
1.5
2.5
0.25
0.0
0.0
0.25
0.0
0.0
0.0
0.0
1.5
2.0
0.75
0.0
0.25
0.5
0.25
0.0
0.0
0.0
0.0
0.0
0.0
0.0
0.0
0.5
0.0
2.25
3.0
0.75
0.25
2.75
2.75
0.0
0.0
0.0
0.0
0.5
1.25
0.25
1.0
0.0
2.25
1.25
0.0
0.0
1.75
2.25
0.0
0.0
0.0
0.0
0.75
1.25
0.75
0.0
0.25
0.5
0.25
1.25
0.75
2.5
3.75
3.0
1.75
0.25
0.0
2.75
0.0
0.0
0.0
0.0
0.0
1.0
0.75
0.0
0.0
0.0
0.75
0.0
0.0
0.0
0.0
0.0
0.0
0.0
1.0
2.0
0.5
2.0
1.25
0.25
0.0
0.0
0.25
0.0
0.0
0.0
0.0
0.0
0.25
0.0
0.0
0.0
0.0
0.25
0.25
0.0
0.25
0.25
0.0
0.0
0.0
0.0
0.0
0.0
0.0
0.0
0.0
0.0
0.0
0.0
0.0
1.25
1.0
0.0
1.0
0.0
0.0
0.25
0.25
0.0
0.25
0.0
0.0
0.0
0.0
0.0
0.0
0.0
0.0
0.0
0.0
0.0
0.25
0.0
0.25
1.0
0.25
1.0
0.5
0.5
0.0
0.0
0.0
0.0
0.0
0.0
0.0
0.0
0.0
0.0
0.75
0.0
0.0
0.0
0.0
0.25
7.0
6.0
4.75
1.0
0.0
0.0
0.0
0.0
0.0
0.0
0.0
0.0
0.25
0.0
0.0
0.0
0.0
0.0
0.0
0.0
0.0
0.0
0.25
0.0
0.0
0.0
0.0
0.0
0.0
0.0
0.0
0.0
0.0
0.0
1.0
0.0
0.0
0.25
1.75
0.0
0.0
0.0
0.0
0.0
0.0
0.0
0.0
0.0
0.0
0.0
0.0
0.0
0.0
0.0
0.0
0.0
0.0
1.25
1.5
3.5
5.5
6.5
6.0
9.0
7.5
5.0
2.75
2.0
1.75
3.0
4.25
5.25
1.5
0.0
0.0
0.0
0.0
0.0
0.0
0.0
0.0
0.0
0.0
0.0
0.0
0.0
0.0
0.0
0.0
0.75
1.5
1.5
0.0
0.0
0.0
0.0
0.0
0.0
0.0
0.0
0.0
0.0
0.0
0.0
0.0
0.0
0.0
0.0
0.0
0.0
0.0
0.0
0.0
0.0
0.0
0.0
0.0
0.0
0.0
0.0
0.0
2.25
3.75
9.25
12.0
15.75
11.5
9.0
10.0
16.75
12.0
8.0
6.5
2.0
0.5
0.0
0.0
0.0
0.0
0.0
0.0
0.0
0.0
0.0
0.0
0.0
0.25
0.0
0.0
0.0
0.0
0.0
0.0
0.5
0.75
0.0
0.25
0.25
0.0
0.0
0.0
0.0
0.0
0.0
0.0
0.0
0.0
0.0
0.0
0.0
0.0
0.0
0.0
0.0
0.0
0.0
0.0
0.0
0.0
0.0
0.0
0.0
0.0
0.0
0.0
0.0
0.0
0.0
0.0
0.0
0.0
0.25
0.5
0.0
0.0
0.0
0.25
0.0
0.0
0.0
0.0
0.0
0.75
1.75
0.5
0.0
0.5
1.0
0.0
0.0
0.0
0.0
0.0
0.0
0.0
0.0
0.0
0.0
0.0
0.0
0.0
0.25
0.0
0.0
0.0
0.0
0.0
0.25
1.5
0.0
0.0
0.0
0.0
0.0
0.75
1.5
0.0
0.25
0.0
0.0
0.0
0.0
0.0
0.25
4.5
3.25
2.75
0.25
0.0
0.0
0.0
0.0
0.0
0.0
0.0
0.0
0.0
0.0
0.0
0.0
2.25
6.0
1.75
0.0
0.0
0.25
0.0
0.0
0.0
0.0
0.0
0.0
0.75
0.0
0.25
0.0
0.0
0.0
0.0
0.0
0.0
0.0
0.0
2.25
1.5
0.0
0.0
0.0
0.0
0.0
0.5
1.75
4.0
9.25
13.25
10.0
14.25
6.75
9.5
8.75
2.75
0.0
0.0
0.0
0.0
1.5
2.25
4.5
2.75
1.75
0.0
0.0
0.25
1.75
2.0
0.75
0.0
0.0
0.0
0.0
0.5
0.0
0.75
3.75
6.75
3.25
5.0
5.25
1.0
0.0
0.0
0.0
0.0
0.25
0.0
1.0
3.5
2.25
3.0
4.25
3.75
5.5
5.25
4.0
6.5
10.5
13.75
7.75
5.75
6.25
6.75
1.75
0.0
0.0
0.0
0.75
1.5
0.0

Average_Alpha:
0.25001
0.25005
0.2500900000000001
0.2501300000000001
0.25017000000000017
0.25021000000000015
0.2502500000000003
0.25029000000000023
0.25033000000000033
0.2503700000000003
0.2504100000000004
0.2504500000000004
0.25049000000000055
0.2505300000000005
0.25057000000000057
0.2506100000000005
0.25065000000000065
0.25069000000000063
0.25073000000000073
0.2507700000000007
0.2508100000000008
0.25085000000000074
0.2508900000000009
0.2509300000000009
0.25097000000000097
0.25101000000000095
0.25105000000000105
0.251080000000001
0.2511200000000011
0.2511500000000011
0.25119000000000125
0.25123000000000123
0.25127000000000127
0.25131000000000125
0.25135000000000135
0.25139000000000133
0.25143000000000143
0.2514700000000014
0.2515100000000015
0.2515500000000015
0.25159000000000165
0.2516300000000016
0.25167000000000167
0.2517100000000017
0.25175000000000175
0.25179000000000173
0.25175000000000186
0.25173000000000184
0.251640000000002
0.2515300000000019
0.251470000000002
0.25151000000000195
0.2515500000000021
0.2515900000000021
0.25163000000000213
0.25167000000000217
0.2516700000000023
0.25154000000000226
0.2513800000000023
0.2512600000000023
0.2513000000000024
0.2513400000000024
0.2513800000000025
0.2514200000000025
0.2514400000000026
0.25148000000000253
0.25152000000000263
0.2515600000000026
0.25160000000000277
0.2516400000000027
0.25168000000000285
0.2517200000000028
0.25176000000000287
0.25180000000000285
0.251840000000003
0.25188000000000293
0.25192000000000303
0.251960000000003
0.2520000000000031
0.2520400000000031
0.2520600000000032
0.2521000000000032
0.2521400000000033
0.2521800000000033
0.25220000000000337
0.25224000000000335
0.25227000000000344
0.2523100000000034
0.25235000000000357
0.2523900000000035
0.25243000000000365
0.2524400000000036
0.2521600000000037
0.25186000000000364
0.2516200000000038
0.2513900000000038
0.25131000000000386
0.2513000000000038
0.25129000000000395
0.2513300000000039
0.251360000000004
0.251400000000004
0.2514400000000041
0.2514800000000041
0.2515200000000042
0.25156000000000417
0.25160000000000426
0.25163000000000424
0.25167000000000433
0.25168000000000434
0.2515200000000044
0.2511700000000044
0.2509300000000045
0.2507300000000045
0.25023000000000456
0.24995000000000456
0.24983000000000463
0.24982000000000465
0.24986000000000474
0.24990000000000476
0.2499400000000048
0.24998000000000478
0.2500000000000049
0.2499700000000049
0.24999000000000499
0.25003000000000497
0.25006000000000506
0.250080000000005
0.2501200000000051
0.25016000000000516
0.2500800000000052
0.2497500000000052
0.24928000000000528
0.2487400000000053
0.24837000000000534
0.24787000000000536
0.24693000000000545
0.24575000000000546
0.24415000000000553
0.24271000000000556
0.24176000000000555
0.24031000000000563
0.23895000000000566
0.2373600000000057
0.23625000000000573
0.2349900000000058
0.23415000000000583
0.23366000000000586
0.23328000000000587
0.23303000000000595
0.232980000000006
0.23285000000000602
0.23280000000000606
0.23277000000000608
0.2328000000000061
0.23284000000000618
0.23288000000000622
0.23292000000000626
0.2329500000000063
0.23284000000000635
0.23277000000000636
0.2327100000000064
0.23274000000000647
0.2327800000000065
0.23282000000000652
0.2328600000000066
0.23290000000000663
0.23294000000000664
0.2329800000000067
0.23301000000000677
0.23299000000000678
0.23293000000000683
0.23280000000000683
0.23264000000000692
0.23259000000000693
0.23258000000000698
0.232620000000007
0.23266000000000708
0.2327000000000071
0.23274000000000714
0.23278000000000718
0.23282000000000722
0.23285000000000725
0.23289000000000729
0.23293000000000735
0.23297000000000737
0.23301000000000738
0.23301000000000746
0.23305000000000747
0.23309000000000754
0.23313000000000755
0.23317000000000762
0.23321000000000766
0.2332200000000077
0.23320000000000773
0.2331700000000078
0.2331500000000078
0.23317000000000787
0.23318000000000788
0.23321000000000794
0.23324000000000797
0.233280000000008
0.23332000000000808
0.2333600000000081
0.2334000000000081
0.2334400000000082
0.23344000000000822
0.23341000000000828
0.2334400000000083
0.23348000000000832
0.23350000000000837
0.23350000000000842
0.23345000000000846
0.23349000000000847
0.2335200000000085
0.2335600000000086
0.2336000000000086
0.23364000000000865
0.23368000000000871
0.23372000000000873
0.23375000000000876
0.2337500000000088
0.23379000000000882
0.2338200000000089
0.23380000000000895
0.233740000000009
0.23377000000000903
0.23381000000000904
0.2338500000000091
0.23388000000000914
0.23392000000000918
0.23396000000000922
0.23400000000000926
0.2340400000000093
0.23402000000000933
0.2339800000000094
0.2339900000000094
0.23403000000000945
0.23406000000000948
0.23408000000000953
0.23411000000000956
0.2341500000000096
0.23419000000000967
0.23423000000000968
0.23427000000000975
0.2343100000000098
0.23435000000000983
0.23439000000000987
0.2344300000000099
0.23445000000000993
0.23449000000000997
0.23444000000001003
0.23436000000001006
0.2343700000000101
0.23440000000001013
0.23433000000001017
0.2342600000000102
0.23430000000001025
0.23434000000001032
0.23438000000001033
0.23442000000001037
0.2344400000000104
0.23443000000001046
0.2344600000000105
0.23446000000001052
0.23450000000001056
0.23445000000001062
0.23444000000001067
0.2344800000000107
0.23452000000001075
0.23449000000001075
0.23444000000001083
0.23448000000001085
0.2345200000000109
0.23456000000001093
0.234600000000011
0.234610000000011
0.23460000000001105
0.2346100000000111
0.23465000000001113
0.23468000000001119
0.2347000000000112
0.23473000000001126
0.23472000000001128
0.23473000000001132
0.2346700000000114
0.23456000000001143
0.23448000000001148
0.23445000000001148
0.23448000000001157
0.23452000000001158
0.23445000000001162
0.23449000000001166
0.23453000000001167
0.23457000000001177
0.23461000000001178
0.2346500000000118
0.23465000000001185
0.23466000000001191
0.23470000000001193
0.23474000000001197
0.23478000000001203
0.23479000000001207
0.23483000000001208
0.23487000000001215
0.2349100000000122
0.2349500000000122
0.23499000000001227
0.23503000000001228
0.23507000000001232
0.23507000000001238
0.23503000000001242
0.23505000000001247
0.2350100000000125
0.23500000000001253
0.2350300000000126
0.2350700000000126
0.23511000000001264
0.2351400000000127
0.23518000000001274
0.23522000000001275
0.23526000000001285
0.23530000000001286
0.23534000000001287
0.23537000000001293
0.235410000000013
0.235450000000013
0.23549000000001305
0.2355300000000131
0.23556000000001312
0.23559000000001315
0.23563000000001322
0.23566000000001325
0.2356900000000133
0.23573000000001332
0.23577000000001336
0.23581000000001343
0.23585000000001344
0.23589000000001348
0.23593000000001355
0.23597000000001356
0.23601000000001363
0.23605000000001367
0.2360900000000137
0.23613000000001372
0.23617000000001379
0.2362100000000138
0.23620000000001387
0.2362000000000139
0.23624000000001394
0.23624000000001397
0.236280000000014
0.23632000000001407
0.23635000000001413
0.23638000000001416
0.23642000000001417
0.2364500000000142
0.23649000000001427
0.23653000000001428
0.23657000000001435
0.2366100000000144
0.2366500000000144
0.23669000000001444
0.2367300000000145
0.23677000000001452
0.2368100000000146
0.23685000000001463
0.23689000000001464
0.23692000000001467
0.23696000000001474
0.2369900000000148
0.2369900000000148
0.23702000000001486
0.23702000000001489
0.2370400000000149
0.23706000000001498
0.23710000000001502
0.23714000000001506
0.2371800000000151
0.23722000000001514
0.23726000000001518
0.23730000000001525
0.23734000000001526
0.23738000000001527
0.23742000000001534
0.23746000000001538
0.23747000000001542
0.2375100000000155
0.23755000000001547
0.23759000000001554
0.23763000000001558
0.2376600000000156
0.23742000000001565
0.2372200000000157
0.23707000000001574
0.2370700000000158
0.2371100000000158
0.23715000000001588
0.23719000000001592
0.23723000000001593
0.23727000000001597
0.23731000000001604
0.23735000000001605
0.2373900000000161
0.23742000000001615
0.23746000000001619
0.2375000000000162
0.23754000000001627
0.2375800000000163
0.23762000000001635
0.23766000000001636
0.23770000000001643
0.23774000000001644
0.2377800000000165
0.23781000000001654
0.2378500000000166
0.23789000000001662
0.23793000000001666
0.23797000000001672
0.23801000000001674
0.23805000000001678
0.2380900000000168
0.23813000000001686
0.2381700000000169
0.2382100000000169
0.238250000000017
0.238250000000017
0.23829000000001704
0.23833000000001708
0.2383600000000171
0.23833000000001714
0.2383700000000172
0.23841000000001725
0.23845000000001726
0.23849000000001733
0.23853000000001737
0.23857000000001738
0.23861000000001747
0.2386500000000175
0.2386900000000175
0.2387300000000176
0.2387700000000176
0.23881000000001765
0.23885000000001771
0.23889000000001773
0.23893000000001777
0.2389700000000178
0.23901000000001785
0.2390500000000179
0.23904000000001793
0.23902000000001797
0.238920000000018
0.23874000000001802
0.23852000000001808
0.23832000000001813
0.2380000000000182
0.2377400000000182
0.23758000000001822
0.2375100000000183
0.23747000000001833
0.23744000000001836
0.2373600000000184
0.23723000000001843
0.2370600000000185
0.2370400000000185
0.23708000000001858
0.2371200000000186
0.23716000000001866
0.2372000000000187
0.2372400000000187
0.23728000000001878
0.23732000000001882
0.23736000000001886
0.2374000000000189
0.2374400000000189
0.23748000000001895
0.23752000000001902
0.23756000000001903
0.2376000000000191
0.23764000000001914
0.23768000000001915
0.23769000000001922
0.23767000000001925
0.2376500000000193
0.23769000000001933
0.23773000000001934
0.23777000000001938
0.23781000000001945
0.23785000000001946
0.23789000000001953
0.2379300000000196
0.2379700000000196
0.23801000000001965
0.2380500000000197
0.23809000000001973
0.23813000000001977
0.2381700000000198
0.23821000000001988
0.2382500000000199
0.2382900000000199
0.23833000000001997
0.23837000000002
0.23841000000002002
0.2384500000000201
0.23849000000002013
0.23853000000002017
0.23857000000002024
0.23861000000002025
0.2386500000000203
0.23869000000002033
0.23873000000002037
0.23877000000002038
0.23881000000002048
0.23876000000002046
0.23865000000002057
0.23832000000002057
0.23788000000002063
0.23729000000002062
0.2368700000000207
0.23655000000002074
0.23619000000002077
0.2355600000000208
0.23512000000002084
0.2348400000000209
0.23462000000002092
0.23458000000002097
0.23460000000002101
0.23464000000002105
0.2346800000000211
0.2347200000000211
0.23476000000002117
0.23480000000002121
0.23484000000002123
0.23488000000002132
0.23492000000002133
0.23496000000002137
0.23500000000002141
0.23504000000002145
0.23507000000002148
0.23511000000002152
0.23515000000002154
0.2351900000000216
0.23523000000002167
0.23527000000002168
0.23531000000002172
0.23533000000002174
0.2353400000000218
0.23538000000002182
0.23541000000002185
0.2354400000000219
0.23548000000002195
0.235520000000022
0.23556000000002206
0.23560000000002207
0.23564000000002214
0.23568000000002218
0.2357200000000222
0.23576000000002226
0.2358000000000223
0.2358400000000223
0.23588000000002235
0.23592000000002242
0.23596000000002243
0.23600000000002247
0.23604000000002254
0.23608000000002255
0.23612000000002262
0.23616000000002266
0.23620000000002267
0.2362400000000227
0.23628000000002278
0.2363200000000228
0.23636000000002283
0.2364000000000229
0.23644000000002294
0.23648000000002295
0.236520000000023
0.23656000000002303
0.2366000000000231
0.2366400000000231
0.23668000000002315
0.2367200000000232
0.23676000000002323
0.23679000000002326
0.2368100000000233
0.23685000000002335
0.23689000000002342
0.23693000000002343
0.23696000000002349
0.23700000000002353
0.23704000000002357
0.2370800000000236
0.23712000000002365
0.2371600000000237
0.23717000000002372
0.23714000000002375
0.2371600000000238
0.23720000000002386
0.2372200000000239
0.23722000000002394
0.23726000000002398
0.237300000000024
0.23734000000002406
0.2373800000000241
0.2374200000000241
0.23746000000002418
0.23750000000002422
0.23754000000002423
0.23758000000002427
0.23762000000002434
0.23766000000002435
0.2377000000000244
0.23774000000002446
0.2377700000000245
0.2378100000000245
0.23785000000002457
0.2378900000000246
0.23793000000002465
0.2379700000000247
0.23800000000002472
0.23798000000002476
0.2380200000000248
0.23806000000002484
0.23810000000002488
0.23814000000002494
0.23818000000002496
0.23819000000002502
0.23817000000002506
0.23821000000002507
0.23824000000002513
0.2382800000000252
0.2383200000000252
0.23836000000002525
0.2384000000000253
0.23844000000002533
0.23847000000002538
0.23833000000002538
0.23824000000002546
0.23817000000002547
0.2382000000000255
0.23824000000002557
0.2382800000000256
0.23832000000002562
0.2383600000000257
0.23840000000002573
0.23844000000002577
0.23848000000002584
0.23852000000002585
0.2385600000000259
0.2386000000000259
0.23864000000002597
0.23868000000002598
0.23863000000002604
0.2384300000000261
0.23840000000002612
0.2384400000000262
0.23848000000002623
0.23851000000002626
0.23855000000002627
0.2385900000000263
0.23863000000002638
0.2386700000000264
0.23871000000002646
0.2387500000000265
0.23876000000002653
0.23880000000002655
0.23883000000002658
0.23887000000002664
0.23891000000002668
0.23895000000002672
0.2389900000000268
0.2390300000000268
0.23907000000002687
0.23911000000002688
0.23915000000002692
0.23910000000002696
0.239080000000027
0.23912000000002706
0.23916000000002707
0.23920000000002714
0.23924000000002718
0.2392800000000272
0.23930000000002724
0.23927000000002727
0.2391500000000273
0.23882000000002737
0.2383300000000274
0.23797000000002744
0.2374400000000275
0.2372100000000275
0.2368700000000276
0.2365600000000276
0.23649000000002762
0.2365300000000277
0.23657000000002773
0.23661000000002774
0.23665000000002784
0.23663000000002785
0.2365800000000279
0.2364400000000279
0.23637000000002797
0.236340000000028
0.23638000000002804
0.2364200000000281
0.23645000000002814
0.23642000000002816
0.2363800000000282
0.23639000000002824
0.23643000000002828
0.23647000000002832
0.23651000000002836
0.23655000000002838
0.23657000000002845
0.2366100000000285
0.23662000000002853
0.23651000000002856
0.23628000000002863
0.23619000000002865
0.2360300000000287
0.2358600000000287
0.23586000000002877
0.2359000000000288
0.23594000000002885
0.2359800000000289
0.23602000000002893
0.23605000000002893
0.23609000000002903
0.23609000000002905
0.2359900000000291
0.23594000000002913
0.23586000000002919
0.23573000000002917
0.23562000000002922
0.23544000000002926
0.23527000000002934
0.23515000000002936
0.2349300000000294
0.23455000000002946
0.2340400000000295
0.23377000000002954
0.23358000000002954
0.23337000000002958
0.23314000000002963
0.23311000000002968
0.23315000000002972
0.23319000000002976
0.2332300000000298
0.23324000000002984
0.23322000000002988
0.23326000000002992

Avalanche_Distribution:
1
1
52
57
2
2
2
1
146
1
1
221
11
3
1836
38
1
67
1
4
23
4
2
12
15
1
5
1
16
1
1
17
1
3
2
23
1
23
7
5
14
16
2
6
3
1
2
1
7
46
11
7
3
12
15
1
1
1
2
1
1
9
4
1
1
1
1
5
7
2
3
76
1
1
4
8
265
15
477
1
5
2
3
1
12
6
1
1
6
9
1
43
1
40
1
3
1
15
323
51
16
3
2
103
1
365
1
9
