
Branching_global:
0.9200400000000001
0.9229700000000037
0.9233400000000082
0.9207700000000119
0.899150000000016
0.90192000000002
0.892610000000024
0.894110000000028
0.897120000000032
0.881700000000036
0.8831700000000401
0.8840300000000441
0.885670000000048
0.889220000000052
0.889420000000056
0.8893500000000599
0.8898300000000641
0.890450000000068
0.8935000000000721
0.8953500000000759
0.89806000000008
0.900330000000084
0.9041100000000879
0.905310000000092
0.901290000000096
0.9033500000000999
0.9082000000001039
0.908900000000108
0.908080000000112
0.9093300000001159
0.90714000000012
0.911520000000124
0.9076500000001279
0.9087300000001319
0.8988000000001359
0.90233000000014
0.9040400000001438
0.907010000000148
0.9089900000001518
0.909790000000156
0.9139400000001598
0.9121700000001639
0.913380000000168
0.9126500000001718
0.916420000000176
0.9167200000001798
0.9106300000001839
0.9118800000001879
0.9086900000001918
0.9067600000001959
0.9076100000001999
0.9088700000002039
0.9117700000002078
0.9129900000002119
0.9131700000002159
0.9165700000002198
0.9170900000002239
0.9142000000002278
0.918730000000232
0.9154200000002358
0.9089500000002397
0.9130600000002438
0.9081800000002479
0.9008200000002518
0.8995500000002558
0.9015500000002599
0.9005000000002638
0.9032700000002678
0.9050400000002717
0.9043000000002758
0.9108000000002798
0.9017700000002837
0.9022900000002878
0.9060500000002917
0.9107600000002958
0.9088600000002998
0.9093800000003038
0.9126900000003078
0.9146900000003118
0.9182100000003157
0.9124400000003198
0.9164600000003237
0.9023400000003278
0.8956600000003319
0.8839600000003356
0.8878300000003396
0.8918500000003436
0.8883700000003478
0.8927400000003518
0.8958700000003558
0.8985700000003598
0.8956300000003636
0.8943700000003678
0.8895500000003718
0.8897700000003758
0.8898500000003796
0.8927400000003837
0.8923000000003877
0.8977000000003917
0.8998400000003957

Autocorrelation:
-0.01199930908602243
-0.012475275918697721
-0.012537966800548613
-0.012114603792787946
-0.009406859294727402
-0.009687157637339516
-0.008802388898950284
-0.008934437136068795
-0.009211016847919987
-0.007942596195627606
-0.008049094879352183
-0.008112650297557167
-0.008236495601619345
-0.008517118192630766
-0.008533463381431183
-0.008527735852278024
-0.0085671563212415
-0.00861858508139201
-0.008880289265501289
-0.009046451890393764
-0.009300733835022406
-0.009524361374663129
-0.009920217191260567
-0.010052488819100017
-0.009622026722071651
-0.009838142509316914
-0.010385223205404491
-0.010468989601738825
-0.010370991250972081
-0.01052108687766762
-0.010260779163383546
-0.010794270108911312
-0.010320296890439727
-0.01044852829680069
-0.009372533383162672
-0.009729995337348175
-0.009912603373285837
-0.010245712306843329
-0.010479852979039717
-0.010577368255319628
-0.011112301955172184
-0.010877971670169814
-0.011037128663414093
-0.010940581067429428
-0.011457312376884117
-0.011500439731582919
-0.010681636759757111
-0.010840475448156158
-0.010443724935756158
-0.010216855571010236
-0.01031560510602871
-0.01046537324048435
-0.010826317175656122
-0.010985347031797009
-0.011009188487270546
-0.0114788373102092
-0.011554059686203324
-0.011147537164700488
-0.011797600730064512
-0.011315762634378645
-0.010475022162093617
-0.010994606986490175
-0.010382848631806956
-0.009573975389938335
-0.009446381520032947
-0.009648805222906098
-0.009541519095236076
-0.009829578026312008
-0.010022436490556726
-0.00994093936469272
-0.010702977469040106
-0.009671574571370516
-0.00972580023851791
-0.010135739154274678
-0.010697948816451329
-0.010464168315374207
-0.010527176762351681
-0.010945829568472313
-0.011214525367657704
-0.011719323649100702
-0.010913105053309651
-0.011463044806094514
-0.009731044648533456
-0.009074871128307587
-0.00810744201141022
-0.008405127427209213
-0.008736880985185987
-0.008448303757328537
-0.008813687070404409
-0.009094218905507148
-0.009350105213184178
-0.009072113509132226
-0.008957706434108122
-0.00854411945883395
-0.008562210010300149
-0.008568806287620035
-0.00881368707040718
-0.008775557048988983
-0.009266179532211845
-0.009475232332276793

Average_Activity:
0.0
0.0
0.0
0.0
0.25
0.0
0.0
0.0
0.0
0.25
0.0
0.0
0.25
0.5
0.25
0.0
0.0
0.0
0.0
0.0
0.0
0.25
0.0
0.25
1.75
2.25
2.25
3.5
6.75
5.75
1.75
0.5
0.0
0.0
0.0
0.0
0.0
0.0
0.0
0.0
0.25
0.0
0.5
0.0
0.0
0.0
1.5
0.0
0.0
0.0
0.25
1.0
4.75
4.0
4.25
2.75
1.25
0.0
0.0
0.0
0.0
0.25
5.25
2.75
2.25
1.75
0.0
0.25
0.0
0.0
0.75
3.75
0.5
1.25
2.75
1.75
6.25
10.25
17.25
16.25
15.0
12.25
10.75
2.75
6.75
13.25
12.25
5.0
2.75
5.75
7.5
7.25
1.75
0.0
0.0
0.0
0.0
0.25
0.0
0.0
0.5
0.0
0.5
0.0
1.0
2.75
0.0
0.0
0.0
0.0
0.0
0.25
0.5
0.0
0.0
0.25
0.0
0.0
0.0
0.0
0.5
0.0
0.0
0.0
0.25
0.25
4.25
2.75
7.25
9.5
11.25
8.75
9.0
9.0
4.0
4.0
3.25
0.0
0.0
0.25
2.5
1.25
0.0
0.75
1.5
2.0
6.25
2.75
0.25
0.75
0.0
0.0
0.25
1.5
1.0
2.75
2.75
0.25
0.0
0.0
0.0
0.25
0.0
0.5
1.5
1.25
0.25
0.0
0.0
0.0
0.0
0.0
0.0
0.0
1.25
2.0
0.0
0.25
0.0
0.0
0.0
0.5
0.25
0.0
0.25
0.25
0.0
0.0
0.0
0.0
0.0
1.5
0.5
0.0
0.5
0.0
0.0
1.0
2.5
0.0
0.25
0.0
0.0
2.75
7.0
13.5
9.25
2.75
2.75
3.75
8.25
2.25
8.75
22.0
4.0
2.25
6.25
4.75
1.25
0.0
0.0
2.0
7.25
2.5
0.0
0.25
0.25
0.75
0.25
0.0
0.0
0.0
0.75
0.0
0.25
2.25
0.5
0.0
0.25
1.25
0.0
0.0
0.0
0.0
0.25
0.0
0.0
0.75
1.25
3.75
3.25
3.75
8.5
5.75
2.5
1.25
0.75
0.25
0.25
0.0
0.0
0.0
0.0
0.0
0.0
0.25
0.0
0.0
1.25
0.0
0.0
0.0
0.25
0.0
0.0
0.0
0.0
0.0
0.0
0.0
0.0
0.25
0.0
0.0
0.0
0.25
0.0
1.5
1.5
0.75
0.0
0.0
0.0
0.0
0.0
0.0
0.25
0.0
1.5
1.25
3.5
5.75
1.0
0.25
0.25
0.0
0.0
0.25
0.0
0.0
0.0
0.25
0.0
0.0
0.0
0.0
0.0
0.0
0.0
0.0
0.5
1.0
0.0
0.0
0.0
0.0
0.5
5.5
8.5
4.5
0.25
0.0
0.0
0.0
0.0
0.0
0.0
0.0
0.0
0.0
0.25
0.0
0.5
1.75
1.75
1.0
3.5
1.5
0.75
0.25
0.0
0.0
2.5
3.0
3.25
0.0
0.75
0.25
0.0
0.0
0.25
0.0
1.25
0.0
1.0
1.25
0.25
0.0
0.25
0.25
0.0
0.0
0.0
0.75
0.5
0.5
0.0
0.25
0.5
0.0
0.0
0.0
1.75
1.75
1.0
0.25
2.5
5.5
9.25
5.5
1.5
0.0
0.0
0.0
0.0
0.0
0.0
0.25
0.75
0.25
0.0
0.0
0.0
0.25
0.75
0.0
0.75
0.0
0.0
0.0
0.0
0.0
0.25
0.25
0.75
1.0
0.0
0.0
0.0
0.0
0.0
0.0
3.25
3.0
1.5
0.0
0.5
0.0
0.0
0.0
0.0
0.25
2.75
0.25
0.0
0.0
0.0
0.0
0.0
0.0
0.0
0.0
0.0
0.75
0.25
0.0
0.0
0.0
1.0
0.0
0.0
0.0
0.0
0.0
0.0
0.0
0.0
0.0
0.0
0.0
0.25
0.0
0.0
4.0
3.0
1.0
0.0
0.0
0.0
0.75
1.0
3.5
2.75
0.0
0.5
0.0
0.0
0.0
0.0
0.0
0.0
0.0
0.25
0.0
0.25
0.5
0.0
1.0
0.25
0.0
0.0
0.0
0.0
0.0
0.0
0.0
0.0
0.25
0.25
0.0
1.25
0.0
0.0
0.25
0.0
0.25
2.25
2.5
1.0
0.0
0.0
0.0
0.0
1.5
3.0
1.75
0.5
0.0
0.0
0.75
0.0
0.0
0.0
0.0
0.0
0.0
0.25
0.0
0.25
1.75
0.25
0.0
0.5
0.75
0.0
0.0
0.0
0.0
0.5
0.25
0.0
0.0
0.5
2.5
0.25
0.0
0.0
0.0
0.0
0.0
0.25
0.0
0.0
0.25
2.0
1.0
0.0
0.0
0.0
0.0
0.25
0.5
2.75
2.75
5.25
3.75
0.25
0.0
0.0
0.0
0.0
0.5
0.0
0.0
0.0
0.25
0.0
0.0
0.0
2.5
1.0
0.0
0.25
0.75
0.25
2.25
4.5
6.5
5.5
4.5
3.75
0.0
0.0
0.5
0.0
0.0
0.0
0.0
0.0
0.0
0.0
0.0
0.0
0.0
0.0
0.0
0.0
0.0
0.0
1.25
1.75
0.0
0.0
0.0
0.0
0.0
0.0
0.0
1.25
0.75
0.75
0.0
0.0
0.5
0.75
0.0
0.5
0.25
0.0
0.0
0.0
0.0
0.25
0.5
0.0
0.25
0.5
0.25
0.0
0.0
0.0
0.0
0.0
0.25
1.75
1.75
1.0
0.25
0.0
0.0
0.25
0.0
0.0
0.0
0.0
0.0
1.0
1.0
0.0
0.25
1.75
2.75
0.0
0.0
0.0
0.0
0.0
0.0
0.0
0.25
0.0
0.25
1.0
0.0
1.25
3.25
2.0
1.25
0.25
0.25
0.0
1.0
1.0
0.0
0.25
0.0
0.25
3.75
5.0
3.0
0.0
0.0
1.25
4.0
1.5
0.25
2.0
1.5
3.75
3.75
1.25
0.25
0.25
0.0
0.25
0.25
0.0
0.0
0.25
0.0
0.0
0.0
0.0
2.0
5.5
4.5
2.5
0.5
0.0
0.25
0.25
0.75
3.25
3.5
2.5
0.25
0.25
0.25
0.25
0.0
0.0
0.25
0.0
0.25
0.0
0.0
1.0
2.5
0.75
0.5
0.0
0.0
0.5
0.0
1.75
3.75
4.0
4.0
0.5
0.0
0.25
2.0
3.5
0.0
0.0
0.25
0.0
0.0
0.25
0.0
0.0
0.0
0.0
0.0
0.75
6.0
3.75
0.25
0.25
0.25
0.25
0.25
0.0
0.0
0.75
3.25
6.0
4.25
5.0
2.0
1.5
4.75
5.25
3.0
0.75
0.0
0.0
0.75
0.0
0.0
0.0
0.0
0.0
0.25
0.75
0.0
0.25
0.25
0.25
2.25
3.75
1.0
0.0
0.25
0.0
0.0
0.75
0.0
0.0
0.0
0.0
0.5
2.75
0.75
0.0
0.0
0.75
0.0
0.75
3.5
0.0
1.0
3.0
2.25
3.0
0.75
0.5
5.25
8.25
12.0
10.25
4.75
6.5
3.0
0.0
0.0
0.5
4.5
3.25
3.0
1.25
0.25
1.0
0.25
0.5
0.0
0.0
0.0
0.0
0.0
0.0
0.0
0.0
0.0
0.0
0.25
2.75
1.0
0.0
0.0
0.0
0.25
0.0
0.25
0.0
0.0
0.25
1.0
3.0
2.25
0.25
0.0
0.75
3.0
0.25
0.0
0.5
0.75
0.25
0.0
0.0
0.0
0.0
0.0
0.0
1.25
2.0
0.75
0.0
0.25
0.0
0.0
0.5
1.0
0.0
0.0
1.75
2.5
0.0
0.0
0.0
0.0
0.0
0.0
0.0
0.0
0.0
1.0
0.0
0.0
0.0
0.0
0.0
0.0
1.25
0.25
0.0
1.0
2.5
0.0
0.0
0.0
0.0
0.0
0.0
0.0
0.0
0.0
0.5
0.25
0.0
0.0
0.25
2.75
1.75
0.5
0.75
0.25
0.75
0.0
0.0
0.0
0.25
0.5
0.25
0.0
0.0
0.0
0.0
0.25
0.25
0.0
0.0
0.0
0.0
0.0
0.0
0.0
0.25
0.75
0.0
0.0
3.0
3.75
2.75
0.0
1.0
0.0
0.0
0.0
0.0
0.0
0.0
3.5
2.75
2.25
0.0
0.0
0.0
0.0
0.0
0.0
0.0
0.0
0.0
0.0
0.25
0.0
0.0
1.75
0.75
0.25
0.0
2.0
2.75
0.0
0.25
0.0
0.0
0.0
3.0
3.5
2.5
2.75
4.25
1.25
0.25
0.0
0.75
0.25
0.0
0.25
3.25
1.5
0.0
0.0
0.0
0.0
0.0
0.0
0.0
0.0
0.0
0.0
0.0
0.0
0.0
0.5
0.25
0.25
0.25
0.0
0.0
0.25
0.0
0.0
0.0
0.0
0.0
2.0
4.5
4.5
4.25
4.0
1.75
3.0
2.0
0.0
0.25
0.0
0.25
0.0
0.25
1.25
0.0
0.0
1.75
3.25
3.0
1.0
0.0
0.0
0.0
0.25
0.0
0.5
4.0
4.0
0.0
0.75
0.75
0.0
0.0
0.0
0.5
0.25
0.0
0.0
0.0
1.0
0.5
0.0
0.25
1.75
1.75
0.0
0.0
0.25
0.0
0.0
0.0
0.0
0.0
0.0
0.5
0.75
2.75
0.5
0.0
1.5
0.75
0.25
0.0
0.5
0.0
0.0
0.0
1.0
0.75
1.0
0.25
0.0
0.0
0.0
0.25
0.0
0.0
0.0
0.5
0.0
0.75
1.5
0.0
0.0
0.0
0.25
0.0
0.0
0.0
0.0
0.5
9.0
15.0
12.5
8.0
10.25
2.25
1.5
0.0
0.75
3.25
1.5
0.0
0.0
0.0
0.0
0.0
0.5
1.75
5.0
4.25
0.25
0.0
0.0
0.0
0.0
0.0
2.75
4.0
2.5
0.5
0.0
0.0
2.5
6.5
0.75
0.0
0.25
0.0
0.5
0.0
0.0
0.0
0.0
0.0
1.0
1.5
2.5
0.0
0.0
0.0
0.75
3.0
3.5
3.5
6.0
5.5
0.75
0.25
0.0
0.0
1.5
0.75
0.0
0.0
0.0
1.0
0.0
0.0
0.0
0.0
0.0
0.25
2.0
4.5
5.5
9.75
8.0
4.75
3.75
1.5
2.0
0.0
0.25
0.0
0.0
1.25
0.0
0.5
0.75
0.25
1.0
0.25
0.0
2.5
5.75
1.0
0.5
0.0
0.0
0.0
0.0
0.0
0.0
0.25
0.0
0.0
0.0
0.0
2.0
4.75
3.5
2.25
0.5
0.25
0.5
0.0
0.0
0.25
0.25
0.5
1.75
0.25
0.0
0.0
0.0
0.25
2.25
0.75
1.0
0.25
0.0
0.0
0.0
0.0
0.0
0.0
0.0
0.0
0.25
0.5
2.75
2.75
2.25
0.0
0.0
0.0
0.0
0.0
0.0
0.0
0.25
0.0
0.0
0.0
0.0
1.5
0.25
0.25
0.0
0.25
0.25
0.0
0.0
1.0
0.0
0.0
0.0
1.25
2.0
6.0
4.75
0.75
0.0
0.0
0.0
0.0
0.0
0.0
0.0
0.5
0.0
0.5
0.25
0.0
0.25
0.5
0.0
0.25
0.0
0.0
0.0
0.0
0.0
0.0
0.0
0.0
1.0
3.75
2.0
0.75
1.0
3.25
0.0
0.0
0.0
0.25
0.0
0.0
0.0
1.25
2.5
2.75
1.5
0.0
0.0
0.0
0.25
2.5
2.5
3.75
3.75
2.0
0.75
0.25
0.0
0.0
0.0
0.0
0.0
0.0
0.25
1.0
0.0
0.5
0.5
0.25
0.0
0.0
0.0
0.0
0.0
0.0
0.25
1.0
0.0
0.25
0.25
0.0
0.0
0.0
0.0
0.75
1.5
2.75
2.0
3.0
3.0
2.5
2.0
1.75
2.25
1.0
0.0
0.0
0.0
0.0
0.0
1.25
0.0
0.0
0.25
0.0
0.0
0.5
0.25
2.25
2.0
1.0
0.0
0.0
2.0
7.25
4.5
6.0
2.0
0.25
0.0
0.25
1.25
1.25
0.0
0.0
0.0
0.0
0.75
0.25
0.0
0.25
0.25
0.0
2.0
1.0
0.0
0.0
0.25
0.0
0.0
0.0
0.0
0.5
1.25
0.0
0.25
0.0
0.0
0.0
0.0
0.25
0.25
0.0
0.0
0.0
0.0
0.0
0.0
0.0
0.0
0.0
0.0
1.0
1.25
4.75
2.25
0.0
0.0
2.75
3.75
6.0
1.75
0.75
0.0
0.0
0.0
1.25
2.5
3.75
2.0
4.5
10.5
11.75
9.25
2.75
0.25
0.0
0.0
0.25
0.25
0.0
0.0
3.75
5.75
6.75
3.75
0.0
0.0
0.25
0.0
0.0
0.0
0.0
3.25
5.0
1.0
0.0
0.25
0.0
0.0
0.25
0.0
0.25
0.0
0.0
0.25
0.0
0.0
0.0
0.25
0.0
0.0
0.0
0.75
1.0
1.5
0.5
0.75
0.0
0.0
0.0
0.0
0.0
0.0
0.0
0.5
0.0
0.0
0.75
3.0
1.75
0.75
0.0
1.5
3.25
3.0
4.75
3.75
3.25
5.75
16.0
9.5
3.25
4.25
3.0
2.75
2.5
4.0
9.75
5.75
5.75
5.5
4.0
2.25
0.0
0.0
0.0
0.25
1.75
4.0
3.75
0.75
0.25
0.0
0.0
0.0
0.5
1.75
6.0
2.5
0.5
0.0
0.5
0.0
0.0
1.75
0.0
1.0
0.0
0.0
0.0
0.0
0.0
0.75
0.0
0.0
0.0
0.0
0.0
0.25
0.0
0.25
0.0
0.0
1.0
1.0
2.25
1.0
0.0
0.0
0.0
0.0
0.0
1.75
4.75
2.75
0.25
0.0
0.0
0.25
1.0
0.0
0.75
0.0
0.0
0.0
0.25
1.25
0.5
0.25
0.0
0.0
0.0
0.25
0.0
0.0
0.0
0.0
0.25
1.25
0.25
0.5
2.5
3.5
3.75
7.75
5.0
2.0
0.0
0.0
0.0
0.25
0.5
2.0
4.0
0.75
2.75
0.25
0.25
2.75
0.0
0.0
0.5
2.5
0.0
0.0
0.25
0.5
0.25
0.0
0.0
0.0
0.0
1.0
2.75
4.25
0.25
0.0
2.0
0.5
0.5
0.25
0.0
0.0
0.0
0.0
1.75
3.0
1.0
0.25
1.0
0.0
0.0
0.0
0.0
0.5
1.0
0.75
0.0
0.0
0.0
0.0
0.0
0.0
0.75
1.5
2.75
5.0
2.5
0.5
0.0
0.25
0.0
0.5
0.0
0.0
0.0
0.0
0.25
0.0
0.0
0.0
0.0
0.0
1.0
1.25
0.0
0.25
0.0
0.25
0.0
0.0
0.0
0.0
0.0
0.0
0.0
0.0
0.5
0.0
0.0
0.0
0.0
0.25
0.0
0.0
0.25
0.25
0.0
0.25
0.0
0.0
0.0
0.5
0.75
0.0
0.25
4.25
0.75
0.0
0.0
0.0
1.25
1.25
1.5
0.0
0.0
0.0
0.0
0.25
0.0
0.25
2.25
9.0
9.25
6.75
11.5
13.0
10.0
8.5
2.25
0.25
2.0
1.0
1.75
0.0
0.0
0.0
1.5
1.0
0.75
0.0
0.0
0.0
0.0
0.0
0.0
0.0
0.25
0.0
0.25
0.25
0.0
0.0
0.0
0.0
0.0
0.25
0.25
0.0
0.0
0.0
1.0
0.0
2.25
0.5
0.0
0.0
0.0
0.0
0.0
0.25
0.0
0.0
0.0
0.0
0.0
0.0
0.0
0.0
0.5
0.25
0.25
1.5
0.25
0.0
0.0
0.0
0.75
0.0
0.0
0.25
0.5
0.0
0.25
0.0
0.0
0.0
0.25
0.0
0.0
0.0
0.5
0.5
3.0
5.5
3.75
3.5
0.75
0.0
0.0
0.0
0.0
0.0
0.25
0.25
0.0
0.25
0.5
0.0
0.0
0.0
0.25
1.0
0.0
0.25
0.0
1.25
0.75
1.0
1.25
0.0
0.0
0.0
0.0
0.0
0.0
0.0
0.0
0.25
0.0
1.0
2.75
5.0
3.0
0.75
0.0
0.0
0.25
0.0
0.0
0.0
0.25
0.0
0.25
0.75
2.0
1.75
0.0
0.0
0.5
0.25
0.0
0.0
0.0
0.0
0.0
0.0
0.0
0.0
0.0
0.0
0.0
0.0
0.0
0.0
0.5
1.75
0.25
0.0
0.0
0.0
0.0
0.0
0.0
0.5
0.0
0.0
0.0
0.0
0.25
2.0
1.25
0.25
0.25
0.0
0.0
0.25
0.0
1.0
0.0
0.25
0.5
0.25
1.0
3.25
3.25
5.75
2.5
2.25
2.25
1.0
0.0
0.0
0.0
0.0
0.0
0.0
0.25
0.0
0.75
0.25
0.0
0.0
0.0
0.0
0.0
0.0
0.0
0.0
0.5
0.0
1.75
5.75
7.25
4.25
1.5
1.5
0.75
2.25
13.25
4.5
0.25
0.0
1.0
0.0
0.25
0.25
0.0
0.5
2.75
0.5
3.25
3.25
0.25
0.25
0.0
0.75
0.25
0.0
0.25
0.75
0.0
0.0
0.25
1.5
0.25
0.0
0.0
0.25
0.5
0.25
0.0
0.0
0.0
0.0
0.0
0.0
0.0
0.5
0.0
0.25
1.25
0.75
0.5
3.75
7.5
6.25
10.75
15.0
11.5
14.0
8.75
9.75
10.25
9.0
2.25
0.5
0.0
0.25
0.5
0.0
0.0
0.0
4.0
9.5
13.25
13.25
12.75
5.0
2.75
0.75
1.5
0.5
0.0
0.0
0.25
0.0
0.0
2.25
3.25
1.0
0.0
0.0
0.0
1.25
0.0
2.75
2.0
0.25
0.5
0.0
0.5
0.0
0.5
2.0
3.25
5.75
9.75
18.25
16.0
5.25
6.25
3.5
2.25
3.75
2.25
0.0
0.25
0.0
0.25
0.0
0.0
0.75
0.25
0.0
0.25
0.25
0.0
0.0
0.25
0.0
0.0
0.0
0.0
0.75
0.0
0.0
1.0
0.0
0.25
0.0
0.0
0.0
0.0
0.0
0.0
0.0
0.0
0.0
0.0
0.0
0.0
0.0
0.0
0.0
0.0
0.0
0.25
0.0
1.75
0.0
0.0
0.0
0.0
0.0
0.0
0.0
0.0
0.0
0.0
0.25
0.0
0.0
0.0
0.0
0.0
0.0
0.5
0.25
4.0
4.5
3.5
0.25
0.25
3.0
5.5
5.75
8.5
6.5
2.0
0.5
0.0
0.0
0.75
0.25
0.0
0.0
0.0
0.0
0.0
0.0
0.0
0.0
0.25
1.0
0.5
0.25
0.0
0.0
0.0
0.0
0.0
0.0
0.25
0.0
0.25
0.0
0.25
0.0
0.0
0.0
0.5
0.0
0.0
0.0
0.0
0.25
0.0
0.5
0.5
0.75
0.0
0.0
0.25
0.0
0.0
0.0
0.0
0.0
0.0
0.0
0.0
0.0
0.0
0.0
0.0
0.25
0.5
0.0
0.0
0.0
0.0
0.5
0.5
0.0
0.25
0.5
0.0
0.0
0.0
0.5
0.0
0.0
0.0
0.0
0.0
0.0
0.0
0.0
1.0
1.0
2.25
0.0
0.0
0.25
1.75
0.0
0.0
0.0
0.0
0.0
1.0
5.75
9.25
5.5
5.25
5.25
0.75
0.0
3.0
5.75
3.0
0.0
1.0
0.0
0.0
0.0
0.0
0.0
0.25
0.25
1.0
0.0
0.0
0.25
1.0
0.25
1.25
0.75
0.0
0.0
0.5
3.25
3.25
3.5
5.25
4.25
0.0
0.0
0.0
0.25
0.0
1.5
3.25
3.0
1.5
1.5
4.25
4.25
4.25
2.0
0.0
0.25
0.25
0.25
4.5
7.25
9.75
8.75
5.5
0.0
0.0
0.0
0.25
0.0
0.0
1.25
0.0
0.0
0.0
0.0
0.0
0.0
0.25
0.25
0.0
0.0
0.25
0.0
0.0
0.25
0.0
0.0
0.0
1.25
2.5
0.5
0.0
0.0
0.0
0.0
0.0
0.0
0.0
0.0
0.0
1.75
4.0
0.0
1.0
0.0
0.0
0.0
0.25
0.5
1.0
0.0
0.0
0.0
0.5
0.5
0.25
0.0
0.0
0.25
2.5
5.5
4.25
0.0
0.25
0.25
0.25
0.0
0.0
0.0
0.0
0.0
0.0
0.0
0.25
0.25
0.0
1.75
2.75
0.0
0.0
0.0
0.25
0.25
0.5
0.25
0.25
0.0
0.0
0.0
0.0
0.0
0.25
0.25
0.0
0.0
0.0
0.0
0.25
0.25
1.0
3.5
4.25
4.25
3.0
0.25
0.0
0.0
0.0
0.0
0.0
0.0
0.0
0.0
0.5
1.0
0.25
0.0
0.0
0.0
0.25
0.0
0.0
0.5
0.25
0.0
0.0
0.0
1.25
1.75
3.75
4.0
3.0
1.0
0.25
0.0
1.0
0.25
0.0
0.25
0.0
0.0
1.0
1.75
1.5
0.5
0.0
0.0
0.0
0.25
0.0
0.5
0.5
1.5
0.75
0.0
0.0
0.0
0.25
0.0
0.0
0.0
0.0
0.25
1.25
6.5
17.75
26.25
19.25
15.5
2.5
0.0
2.25
3.25
0.0
0.0
0.0
0.0
0.0
0.0
0.0
0.0
0.0
0.25
0.25
0.0

Average_Alpha:
0.23001000000000002
0.23004999999999995
0.23009000000000013
0.23013000000000006
0.2301600000000002
0.23020000000000015
0.23024000000000025
0.23028000000000023
0.23032000000000033
0.2303500000000003
0.23039000000000043
0.2304300000000004
0.2304600000000005
0.23048000000000046
0.23051000000000058
0.23055000000000056
0.23059000000000066
0.2306300000000006
0.23067000000000076
0.23071000000000072
0.2307500000000008
0.23078000000000076
0.2308200000000009
0.2308500000000009
0.23082000000000097
0.23077000000000095
0.23072000000000106
0.23062000000000102
0.23039000000000112
0.2302000000000011
0.2301700000000012
0.2301900000000012
0.2302300000000013
0.23027000000000125
0.23031000000000137
0.23035000000000133
0.23039000000000145
0.23043000000000144
0.23047000000000153
0.23051000000000152
0.2305400000000016
0.2305800000000016
0.2306000000000017
0.23064000000000168
0.23068000000000177
0.23072000000000173
0.23070000000000188
0.23074000000000183
0.23078000000000193
0.2308200000000019
0.23085000000000203
0.23085000000000203
0.2307000000000021
0.2305800000000021
0.23045000000000218
0.23038000000000217
0.23037000000000227
0.23041000000000225
0.23045000000000232
0.2304900000000023
0.23053000000000243
0.2305600000000024
0.23039000000000248
0.23032000000000247
0.23027000000000256
0.23024000000000253
0.23028000000000265
0.23031000000000262
0.23035000000000272
0.2303900000000027
0.23040000000000282
0.2302900000000028
0.2303100000000029
0.23030000000000286
0.23023000000000293
0.23020000000000296
0.22999000000000305
0.22962000000000302
0.22897000000000312
0.22836000000000312
0.2278000000000032
0.22735000000000322
0.22696000000000327
0.22689000000000328
0.22666000000000336
0.22617000000000337
0.22572000000000345
0.22556000000000345
0.2254900000000035
0.22530000000000353
0.22504000000000357
0.2247900000000036
0.22476000000000368
0.22480000000000372
0.22484000000000373
0.22488000000000377
0.2249200000000038
0.22495000000000384
0.22499000000000388
0.2250300000000039
0.225050000000004
0.225090000000004
0.22511000000000406
0.22515000000000407
0.22515000000000415
0.22508000000000417
0.2251200000000042
0.22516000000000422
0.2252000000000043
0.22524000000000433
0.22528000000000437
0.22531000000000442
0.22533000000000447
0.22537000000000448
0.22541000000000455
0.22544000000000458
0.22548000000000462
0.22552000000000463
0.2255600000000047
0.22560000000000474
0.2256200000000048
0.2256600000000048
0.22570000000000487
0.2257400000000049
0.22577000000000497
0.22580000000000497
0.225670000000005
0.22560000000000505
0.2253500000000051
0.2250100000000051
0.22460000000000518
0.22429000000000518
0.22397000000000525
0.2236500000000053
0.2235300000000053
0.22341000000000538
0.2233200000000054
0.22336000000000547
0.22340000000000548
0.2234300000000055
0.22337000000000556
0.2233600000000056
0.22340000000000565
0.22341000000000572
0.22339000000000572
0.22335000000000577
0.2231400000000058
0.22307000000000585
0.22310000000000588
0.22311000000000591
0.22315000000000598
0.22319000000000602
0.22322000000000605
0.22320000000000606
0.22320000000000612
0.22313000000000618
0.2230600000000062
0.22309000000000623
0.22313000000000627
0.22317000000000634
0.22321000000000635
0.22324000000000643
0.22328000000000645
0.2233000000000065
0.22328000000000653
0.22327000000000657
0.2233000000000066
0.22334000000000664
0.2233800000000067
0.22342000000000672
0.22346000000000674
0.22350000000000683
0.22354000000000684
0.2235800000000069
0.22357000000000693
0.223530000000007
0.22357000000000699
0.22360000000000707
0.22364000000000708
0.22368000000000712
0.22372000000000716
0.22374000000000724
0.22377000000000727
0.22381000000000728
0.22384000000000734
0.22387000000000737
0.2239100000000074
0.22395000000000745
0.2239900000000075
0.22403000000000753
0.22407000000000754
0.22405000000000763
0.22407000000000768
0.2241100000000077
0.22413000000000774
0.22417000000000778
0.22421000000000782
0.22421000000000785
0.2241500000000079
0.22419000000000794
0.224220000000008
0.224260000000008
0.22430000000000805
0.2242300000000081
0.22399000000000813
0.22349000000000815
0.2231600000000082
0.22309000000000828
0.22302000000000827
0.22291000000000832
0.22262000000000837
0.2225700000000084
0.22226000000000845
0.2214200000000085
0.22130000000000855
0.22125000000000858
0.2210400000000086
0.22089000000000863
0.22088000000000868
0.22092000000000872
0.22096000000000876
0.22092000000000883
0.22067000000000886
0.22061000000000888
0.22065000000000892
0.22068000000000895
0.220710000000009
0.22072000000000908
0.2207500000000091
0.22079000000000915
0.22083000000000916
0.22087000000000923
0.22088000000000926
0.2209200000000093
0.2209500000000093
0.22090000000000937
0.2209200000000094
0.22096000000000945
0.22099000000000948
0.2209800000000095
0.22102000000000957
0.2210600000000096
0.22110000000000962
0.22114000000000972
0.22117000000000975
0.22121000000000976
0.2212500000000098
0.22126000000000984
0.22125000000000988
0.22114000000000994
0.22105000000000996
0.22094000000001
0.22064000000001005
0.2204500000000101
0.2203900000000101
0.22038000000001018
0.2203900000000102
0.22042000000001025
0.22045000000001028
0.22049000000001034
0.22053000000001038
0.22057000000001042
0.22061000000001044
0.2206500000000105
0.22069000000001052
0.22072000000001057
0.22076000000001061
0.22080000000001065
0.2207900000000107
0.22083000000001074
0.22087000000001075
0.22091000000001082
0.22094000000001085
0.22098000000001086
0.22102000000001093
0.22106000000001097
0.22110000000001098
0.22114000000001105
0.2211800000000111
0.2212200000000111
0.2212600000000112
0.22129000000001123
0.22133000000001124
0.22137000000001125
0.22141000000001135
0.22144000000001138
0.2214800000000114
0.22146000000001143
0.2214400000000115
0.22145000000001153
0.22149000000001154
0.2215300000000116
0.22157000000001165
0.22161000000001166
0.22165000000001175
0.22169000000001177
0.22172000000001182
0.22176000000001184
0.2217400000000119
0.22173000000001192
0.22163000000001193
0.221440000000012
0.22144000000001204
0.22147000000001207
0.2215000000000121
0.22154000000001214
0.2215800000000122
0.22161000000001224
0.22165000000001225
0.22169000000001232
0.22173000000001236
0.2217600000000124
0.22180000000001246
0.22184000000001247
0.2218800000000125
0.22192000000001258
0.2219600000000126
0.22200000000001266
0.2220400000000127
0.2220800000000127
0.22210000000001276
0.22210000000001281
0.22214000000001283
0.22218000000001292
0.22222000000001293
0.22226000000001295
0.222280000000013
0.22210000000001304
0.2218000000000131
0.22166000000001312
0.22169000000001318
0.2217300000000132
0.22177000000001323
0.22181000000001327
0.22185000000001331
0.22189000000001335
0.2219300000000134
0.22197000000001343
0.2220100000000135
0.22205000000001354
0.22208000000001357
0.22212000000001358
0.22214000000001366
0.22211000000001366
0.22208000000001374
0.22208000000001374
0.22198000000001383
0.22196000000001384
0.2219700000000139
0.22200000000001394
0.22204000000001398
0.22208000000001402
0.22202000000001404
0.2219400000000141
0.22185000000001412
0.22189000000001413
0.2219000000000142
0.22193000000001425
0.2219700000000143
0.2220100000000143
0.22204000000001434
0.22208000000001443
0.22207000000001442
0.2221100000000145
0.22211000000001452
0.22210000000001454
0.2221300000000146
0.22217000000001463
0.22220000000001466
0.22223000000001475
0.22227000000001476
0.22231000000001477
0.22235000000001484
0.2223600000000149
0.22238000000001495
0.22240000000001495
0.22244000000001501
0.22247000000001504
0.22249000000001506
0.22253000000001513
0.22257000000001517
0.22261000000001518
0.22258000000001524
0.22255000000001526
0.22255000000001532
0.22258000000001535
0.2225200000000154
0.22234000000001544
0.22201000000001547
0.22183000000001554
0.22181000000001558
0.2218500000000156
0.22189000000001563
0.2219300000000157
0.22197000000001574
0.22201000000001578
0.22205000000001582
0.22208000000001585
0.22209000000001589
0.22212000000001592
0.22216000000001596
0.22220000000001602
0.22224000000001604
0.2222700000000161
0.2222800000000161
0.22232000000001614
0.2223300000000162
0.22237000000001625
0.2224100000000163
0.22245000000001633
0.22249000000001637
0.2225300000000164
0.22256000000001644
0.2225900000000165
0.2226000000000165
0.22260000000001656
0.22264000000001657
0.22268000000001664
0.22272000000001668
0.22276000000001672
0.2228000000000168
0.2228400000000168
0.22275000000001682
0.22267000000001688
0.22265000000001692
0.22269000000001693
0.22271000000001698
0.22275000000001705
0.22279000000001709
0.22283000000001713
0.22287000000001717
0.2229000000000172
0.22283000000001726
0.2228600000000173
0.2229000000000173
0.22294000000001737
0.22298000000001741
0.22302000000001743
0.22306000000001752
0.22310000000001753
0.22314000000001755
0.2231800000000176
0.22322000000001765
0.2232300000000177
0.22326000000001772
0.22330000000001773
0.22334000000001783
0.22338000000001784
0.2233800000000179
0.2234200000000179
0.22346000000001795
0.223500000000018
0.22354000000001803
0.2235800000000181
0.22362000000001814
0.22366000000001815
0.22370000000001822
0.22374000000001826
0.22378000000001827
0.22382000000001834
0.2238500000000184
0.2238900000000184
0.22393000000001845
0.22381000000001847
0.22373000000001853
0.22373000000001855
0.2237700000000186
0.22381000000001866
0.22385000000001867
0.2238600000000187
0.22386000000001874
0.2237600000000188
0.22369000000001885
0.22373000000001889
0.22375000000001893
0.22379000000001895
0.223830000000019
0.22387000000001905
0.22391000000001907
0.2239500000000191
0.22399000000001917
0.22403000000001919
0.22406000000001922
0.22410000000001928
0.2241300000000193
0.22415000000001936
0.22419000000001937
0.22419000000001943
0.2242200000000195
0.22426000000001953
0.22430000000001957
0.2243400000000196
0.22438000000001967
0.2244200000000197
0.22446000000001973
0.22450000000001974
0.2245400000000198
0.22457000000001984
0.22460000000001987
0.2246400000000199
0.22463000000001995
0.22467000000002
0.22471000000002003
0.22474000000002006
0.22478000000002013
0.22481000000002016
0.2247600000000202
0.22470000000002022
0.22470000000002027
0.2247400000000203
0.22478000000002035
0.2248200000000204
0.22486000000002043
0.22484000000002047
0.22476000000002053
0.22473000000002058
0.2247500000000206
0.22479000000002064
0.22483000000002068
0.22484000000002072
0.22488000000002079
0.2249200000000208
0.22496000000002084
0.22500000000002085
0.22504000000002095
0.22508000000002096
0.225110000000021
0.225150000000021
0.22518000000002109
0.2251500000000211
0.22518000000002114
0.2252200000000212
0.2252400000000212
0.2252500000000213
0.22529000000002133
0.22533000000002135
0.22537000000002141
0.22541000000002145
0.2254300000000215
0.22546000000002153
0.22550000000002157
0.22554000000002158
0.22556000000002166
0.22550000000002166
0.22553000000002174
0.22557000000002175
0.2256100000000218
0.22565000000002183
0.22569000000002187
0.2257300000000219
0.225760000000022
0.22580000000002198
0.22584000000002202
0.22587000000002205
0.22583000000002212
0.22583000000002215
0.2258700000000222
0.22591000000002226
0.22595000000002227
0.22599000000002228
0.22602000000002234
0.22604000000002242
0.22597000000002243
0.2259000000000225
0.22573000000002252
0.22562000000002258
0.2256500000000226
0.22569000000002262
0.2257300000000227
0.22577000000002273
0.22581000000002277
0.2258300000000228
0.22587000000002286
0.22591000000002287
0.22595000000002294
0.225980000000023
0.226020000000023
0.22606000000002302
0.22610000000002306
0.22604000000002314
0.22604000000002317
0.22608000000002318
0.22611000000002326
0.22612000000002327
0.22615000000002333
0.22610000000002337
0.2259600000000234
0.22574000000002345
0.2255600000000235
0.22542000000002352
0.22531000000002357
0.22535000000002361
0.22539000000002363
0.22541000000002367
0.22545000000002371
0.22549000000002375
0.2255300000000238
0.22557000000002383
0.22561000000002387
0.22565000000002391
0.22569000000002395
0.225730000000024
0.22577000000002403
0.22581000000002405
0.22585000000002411
0.22589000000002418
0.22593000000002422
0.22597000000002423
0.22601000000002427
0.22600000000002432
0.22597000000002435
0.22601000000002439
0.22605000000002445
0.22609000000002447
0.2261300000000245
0.22617000000002455
0.2262100000000246
0.22625000000002463
0.22624000000002467
0.2262500000000247
0.22626000000002477
0.2263000000000248
0.22634000000002485
0.22636000000002485
0.22637000000002494
0.22641000000002495
0.22643000000002503
0.22646000000002506
0.22650000000002507
0.2265400000000251
0.22658000000002518
0.2266200000000252
0.22665000000002525
0.2266700000000253
0.22671000000002534
0.22674000000002537
0.2267600000000254
0.22679000000002542
0.22683000000002548
0.22687000000002552
0.22691000000002554
0.2269500000000256
0.22699000000002564
0.22702000000002567
0.2269900000000257
0.22696000000002575
0.2269600000000258
0.2269900000000258
0.2270300000000259
0.22707000000002592
0.22710000000002598
0.227140000000026
0.22718000000002603
0.22722000000002607
0.22726000000002614
0.22730000000002615
0.2273000000000262
0.2273000000000262
0.2273400000000263
0.22737000000002633
0.22734000000002635
0.22727000000002642
0.22731000000002644
0.22735000000002648
0.22739000000002654
0.22743000000002656
0.22747000000002657
0.22751000000002664
0.2275500000000267
0.22758000000002673
0.22762000000002677
0.2276500000000268
0.22765000000002683
0.22769000000002687
0.22768000000002692
0.22759000000002694
0.227550000000027
0.22754000000002703
0.22757000000002708
0.2276000000000271
0.22764000000002715
0.2276400000000272
0.22764000000002724
0.22768000000002725
0.22771000000002733
0.22775000000002735
0.2277800000000274
0.2276700000000274
0.2275100000000275
0.2274300000000275
0.22747000000002754
0.22751000000002755
0.22750000000002762
0.22738000000002764
0.2273600000000277
0.22739000000002776
0.2273500000000278
0.22733000000002784
0.22722000000002787
0.22711000000002793
0.22710000000002797
0.227130000000028
0.22716000000002806
0.22720000000002807
0.2272300000000281
0.22726000000002813
0.2273000000000282
0.22734000000002821
0.22737000000002827
0.22741000000002834
0.22745000000002835
0.22749000000002836
0.22753000000002846
0.22749000000002847
0.22731000000002854
0.22717000000002854
0.2271100000000286
0.22713000000002864
0.22717000000002865
0.2272000000000287
0.22723000000002874
0.22724000000002878
0.22715000000002886
0.2270500000000289
0.22699000000002892
0.22702000000002895
0.227050000000029
0.22708000000002904
0.22711000000002907
0.2271500000000291
0.22719000000002915
0.22722000000002918
0.22726000000002924
0.22729000000002927
0.22733000000002931
0.22737000000002933
0.2273700000000294
0.22731000000002946
0.2273200000000295
0.22734000000002952
0.22738000000002956
0.22742000000002957
0.22744000000002962
0.22748000000002966
0.2274500000000297
0.22734000000002977
0.2272200000000298
0.2271000000000298
0.22712000000002988
0.2271600000000299
0.22719000000002995
0.22715000000003
0.22705000000003003
0.22709000000003007
0.2271300000000301
0.22716000000003014
0.22720000000003018
0.22724000000003025
0.22727000000003028
0.22731000000003032
0.22735000000003036
0.2273900000000304
0.2274300000000304
0.22747000000003045
0.22748000000003052
0.22728000000003054
0.2271700000000306
0.22720000000003063
0.22723000000003066
0.22726000000003074
0.22729000000003075
0.2273200000000308
0.22736000000003084
0.2274000000000309
0.2274100000000309
0.22732000000003097
0.227120000000031
0.22699000000003106
0.2268300000000311
0.2267900000000311
0.22677000000003114
0.22662000000003119
0.22645000000003124
0.22637000000003127
0.2263800000000313
0.22642000000003135
0.22646000000003141
0.22647000000003145
0.2265100000000315
0.2265500000000315
0.22659000000003154
0.2266300000000316
0.22667000000003162
0.22670000000003165
0.2267100000000317
0.22675000000003173
0.22678000000003182
0.22681000000003185
0.22684000000003188
0.2267900000000319
0.22668000000003194
0.22668000000003202
0.22672000000003203
0.22675000000003206
0.2267900000000321
0.22683000000003214
0.2268400000000322
0.22688000000003222
0.22692000000003226
0.22696000000003233
0.22700000000003234
0.2270200000000324
0.22695000000003246
0.2269600000000325
0.2270000000000325
0.22704000000003258
0.22705000000003261
0.22709000000003263
0.2271000000000327
0.22700000000003268
0.22704000000003274
0.22704000000003283
0.22696000000003283
0.2269100000000329
0.22683000000003292
0.22684000000003293
0.22686000000003298
0.22669000000003303
0.22640000000003305
0.2259600000000331
0.22559000000003315
0.2254400000000332
0.22522000000003323
0.22514000000003326
0.22518000000003333
0.22522000000003334
0.22524000000003339
0.22510000000003344
0.22501000000003346
0.22493000000003352
0.22492000000003357
0.2249500000000336
0.22495000000003362
0.22498000000003368
0.2250000000000337
0.22504000000003377
0.2250800000000338
0.22512000000003382
0.22516000000003383
0.22520000000003393
0.22524000000003394
0.22528000000003398
0.22532000000003405
0.22536000000003406
0.2254000000000341
0.22543000000003416
0.22536000000003417
0.22536000000003423
0.22540000000003427
0.22544000000003434
0.22548000000003435
0.22551000000003438
0.22555000000003442
0.22558000000003448
0.22562000000003452
0.22566000000003456
0.22569000000003459
0.22569000000003464
0.2256100000000347
0.22556000000003473
0.22559000000003476
0.22563000000003477
0.22564000000003484
0.22556000000003487
0.2255900000000349
0.22563000000003494
0.225650000000035
0.22566000000003503
0.22569000000003506
0.2257300000000351
0.22577000000003516
0.2258100000000352
0.22585000000003524
0.22589000000003528
0.2259300000000353
0.22592000000003537
0.2258800000000354
0.22589000000003542
0.22593000000003546
0.2259600000000355
0.22600000000003556
0.2260400000000356
0.22606000000003565
0.22606000000003568
0.2261000000000357
0.22614000000003573
0.22611000000003575
0.22605000000003583
0.22609000000003587
0.2261300000000359
0.22617000000003595
0.22621000000003602
0.22625000000003603
0.22629000000003605
0.2263300000000361
0.22637000000003615
0.22641000000003617
0.22641000000003622
0.22645000000003626
0.2264900000000363
0.22653000000003634
0.2265700000000364
0.22661000000003642
0.22665000000003646
0.22664000000003653
0.22667000000003656
0.22671000000003658
0.22671000000003663
0.2266500000000367
0.22669000000003672
0.22673000000003674
0.2267700000000368
0.22681000000003684
0.22685000000003686
0.2268900000000369
0.22693000000003696
0.22697000000003698
0.22701000000003704
0.22703000000003706
0.22706000000003712
0.22710000000003713
0.2271400000000372
0.22717000000003726
0.22710000000003727
0.22707000000003727
0.22709000000003735
0.2271000000000374
0.2271300000000374
0.22714000000003745
0.22718000000003752
0.22722000000003753
0.2272600000000376
0.22729000000003766
0.22731000000003768
0.2273400000000377
0.22738000000003775
0.22742000000003776
0.22746000000003783
0.22750000000003787
0.2275300000000379
0.22756000000003798
0.227600000000038
0.22764000000003803
0.22768000000003807
0.22772000000003811
0.22776000000003813
0.2278000000000382
0.22784000000003823
0.22787000000003826
0.2278800000000383
0.22792000000003834
0.2279600000000384
0.2278800000000384
0.22777000000003847
0.22770000000003854
0.22774000000003855
0.2277400000000386
0.22778000000003862
0.22782000000003869
0.22786000000003873
0.22790000000003874
0.2279400000000388
0.22798000000003882
0.22788000000003888
0.22781000000003887
0.22776000000003896
0.227800000000039
0.22784000000003904
0.22788000000003908
0.22792000000003912
0.22796000000003913
0.22800000000003917
0.22804000000003924
0.22808000000003925
0.22812000000003932
0.22816000000003936
0.2281900000000394
0.2282300000000394
0.22827000000003947
0.22824000000003952
0.22825000000003956
0.2282800000000396
0.2283200000000396
0.22828000000003965
0.22821000000003971
0.22825000000003973
0.22828000000003976
0.22832000000003982
0.22836000000003986
0.22840000000003988
0.22832000000003996
0.22822000000004
0.22816000000004003
0.22809000000004004
0.2279600000000401
0.22795000000004018
0.22798000000004018
0.22802000000004022
0.22803000000004026
0.22806000000004034
0.22810000000004033
0.2281300000000404
0.22804000000004043
0.22802000000004047
0.22806000000004054
0.22810000000004055
0.22814000000004056
0.22818000000004063
0.22822000000004067
0.2282600000000407
0.22830000000004075
0.2283400000000408
0.22838000000004083
0.2284200000000409
0.2284600000000409
0.22850000000004092
0.22854000000004102
0.22856000000004104
0.22859000000004107
0.2286200000000411
0.22865000000004113
0.22869000000004122
0.22873000000004123
0.22876000000004126
0.2288000000000413
0.22884000000004134
0.22888000000004138
0.22892000000004142
0.22896000000004146
0.2289200000000415
0.22878000000004156
0.2286400000000416
0.22851000000004162
0.22839000000004167
0.2283600000000417
0.22828000000004176
0.2282400000000418
0.22828000000004184
0.22831000000004187
0.2283500000000419
0.22838000000004194
0.22842000000004198
0.228450000000042
0.22844000000004208
0.22848000000004212
0.22852000000004216
0.2284900000000422
0.2284000000000422
0.2283200000000423
0.22832000000004232
0.22836000000004233
0.22840000000004237
0.22844000000004241
0.22847000000004244
0.2285100000000425
0.22853000000004256
0.22841000000004258
0.22829000000004265
0.22833000000004267
0.22834000000004273
0.22835000000004274
0.22839000000004278
0.22843000000004282
0.2284700000000429
0.2284900000000429
0.22852000000004297
0.22856000000004298
0.22860000000004305
0.2286400000000431
0.22864000000004314
0.22866000000004316
0.2287000000000432
0.22873000000004323
0.22870000000004329
0.2286700000000433
0.22871000000004335
0.2287500000000434
0.22878000000004342
0.2288200000000435
0.2288600000000435
0.22890000000004354
0.2289400000000436
0.22898000000004362
0.2290200000000437
0.2290400000000437
0.22905000000004375
0.2289800000000438
0.22900000000004384
0.22904000000004385
0.22902000000004388
0.22903000000004395
0.229060000000044
0.22910000000004402
0.22912000000004407
0.2291600000000441
0.22920000000004415
0.2292400000000442
0.22924000000004424
0.22925000000004425
0.2292500000000443
0.22928000000004434
0.22932000000004438
0.22936000000004444
0.22940000000004448
0.22943000000004451
0.22947000000004453
0.2295100000000446
0.22955000000004464
0.22957000000004468
0.2296100000000447
0.22962000000004473
0.2296000000000448
0.22964000000004484
0.22968000000004485
0.22972000000004492
0.22975000000004497
0.22979000000004499
0.22983000000004503
0.22987000000004507
0.2299100000000451
0.22993000000004515
0.2296100000000452
0.2290500000000452
0.22859000000004528
0.2283100000000453
0.22794000000004536
0.2278900000000454
0.22787000000004543
0.22791000000004547
0.2279200000000455
0.22783000000004552
0.2278100000000456
0.2278500000000456
0.22789000000004567
0.2279300000000457
0.22797000000004575
0.2280100000000458
0.2280300000000458
0.22800000000004586
0.2278400000000459
0.22771000000004593
0.227740000000046
0.22778000000004603
0.22782000000004607
0.2278600000000461
0.22790000000004612
0.2279400000000462
0.22787000000004623
0.22775000000004628
0.22769000000004633
0.22771000000004635
0.2277500000000464
0.2277900000000464
0.22773000000004645
0.22751000000004648
0.22752000000004655
0.22756000000004659
0.22759000000004664
0.22763000000004666
0.2276500000000467
0.22769000000004672
0.2277300000000468
0.22777000000004682
0.22781000000004686
0.22785000000004693
0.22785000000004696
0.227830000000047
0.22777000000004705
0.22781000000004706
0.22785000000004713
0.22789000000004714
0.22790000000004715
0.2278200000000472
0.22772000000004727
0.22762000000004728
0.22742000000004736
0.22724000000004735
0.22725000000004741
0.22728000000004747
0.2273200000000475
0.22736000000004752
0.22734000000004762
0.2273500000000476
0.22739000000004764
0.2274300000000477
0.22747000000004775
0.22747000000004777
0.2275100000000478
0.22755000000004788
0.2275900000000479
0.2276300000000479
0.227670000000048
0.22770000000004803
0.22766000000004805
0.2275200000000481
0.22734000000004811
0.22699000000004815
0.2267100000000482
0.22656000000004825
0.2264500000000483
0.22643000000004831
0.22639000000004839
0.22643000000004843
0.22646000000004846
0.2265000000000485
0.22654000000004856
0.22653000000004858
0.22657000000004862
0.22659000000004867
0.2266000000000487
0.2266300000000487
0.22663000000004876
0.2266600000000488
0.22670000000004886
0.2266400000000489
0.22645000000004892
0.22645000000004895
0.22647000000004902
0.22651000000004903
0.2265500000000491
0.22659000000004914
0.22663000000004915
0.22667000000004922
0.22671000000004926
0.2267400000000493
0.2267800000000493
0.2268200000000494
0.2268600000000494
0.22690000000004948
0.2268600000000495
0.22671000000004954
0.22661000000004958
0.22656000000004964
0.22658000000004966
0.2266100000000497
0.22663000000004974
0.22667000000004978
0.22671000000004984
0.22674000000004987
0.2267700000000499
0.22679000000004992
0.22676000000004998
0.22679000000005003
0.22683000000005007
0.2268700000000501
0.22691000000005015
0.22694000000005016
0.22689000000005025
0.22690000000005026
0.22690000000005028
0.2269300000000503
0.22697000000005038
0.22701000000005042
0.22705000000005046
0.2270900000000505
0.22713000000005054
0.22717000000005058
0.22721000000005062
0.22725000000005063
0.22728000000005066
0.22730000000005074
0.22723000000005078
0.22716000000005082
0.22711000000005088
0.22715000000005087
0.22719000000005093
0.22723000000005095
0.22727000000005101
0.22731000000005105
0.22735000000005112
0.22739000000005113
0.22742000000005116
0.22746000000005123
0.22750000000005127
0.22754000000005128
0.22758000000005135
0.22756000000005136
0.22759000000005142
0.22762000000005145
0.22766000000005146
0.22769000000005155
0.22772000000005158
0.22776000000005162
0.22780000000005168
0.22780000000005168
0.22784000000005172
0.2278800000000518
0.2279200000000518
0.22791000000005188
0.2278700000000519
0.22767000000005194
0.227520000000052
0.22753000000005205
0.22757000000005206
0.22761000000005208
0.22765000000005214
0.22769000000005218
0.22773000000005222
0.22777000000005226
0.2278100000000523
0.22783000000005232
0.2278700000000524
0.22789000000005238
0.22792000000005247
0.2279600000000525
0.22799000000005254
0.22801000000005256
0.22805000000005263
0.22808000000005266
0.2281200000000527
0.2281600000000527
0.2282000000000528
0.22824000000005282
0.22828000000005286
0.22832000000005293
0.22836000000005294
0.22840000000005295
0.228400000000053
0.22829000000005306
0.2282500000000531
0.22826000000005314
0.2282600000000532
0.22817000000005322
0.22821000000005326
0.22825000000005333
0.22829000000005334
0.22832000000005337
0.2283600000000534
0.22840000000005348
0.2284400000000535
0.22843000000005356
0.22837000000005359
0.22830000000005363
0.22828000000005366
0.2283200000000537
0.22836000000005374
0.22840000000005375
0.22843000000005384
0.22837000000005384
0.2283100000000539
0.22820000000005394
0.22809000000005397
0.22805000000005402
0.22806000000005405
0.22809000000005408
0.22813000000005415
0.22817000000005416
0.2282100000000542
0.22825000000005422
0.2282900000000543
0.22833000000005432
0.22836000000005435
0.2283600000000544
0.22840000000005445
0.22842000000005447
0.22844000000005454
0.22847000000005457
0.22851000000005461
0.22855000000005463
0.22859000000005472
0.22863000000005473
0.22867000000005477
0.22871000000005484
0.22874000000005487
0.2287400000000549
0.22878000000005494
0.22881000000005497
0.228840000000055
0.22888000000005507
0.2289200000000551
0.22896000000005515
0.2290000000000552
0.22901000000005522
0.22899000000005526
0.2289200000000553
0.22888000000005534
0.22880000000005538
0.22872000000005538
0.22866000000005546
0.22862000000005547
0.22859000000005553
0.22854000000005556
0.22854000000005562
0.22858000000005568
0.22862000000005572
0.22866000000005574
0.22870000000005578
0.22874000000005584
0.22873000000005583
0.22877000000005593
0.22881000000005594
0.22884000000005597
0.228880000000056
0.22892000000005605
0.2289400000000561
0.22897000000005613
0.2289200000000562
0.2288800000000562
0.22888000000005623
0.2289200000000563
0.2289600000000563
0.22892000000005638
0.22867000000005644
0.22853000000005644
0.2283300000000565
0.22829000000005653
0.22832000000005656
0.2283600000000566
0.22839000000005666
0.22838000000005668
0.22837000000005672
0.2284100000000568
0.22845000000005683
0.22849000000005684
0.2285300000000569
0.22854000000005692
0.22857000000005698
0.228610000000057
0.22864000000005705
0.22867000000005708
0.22871000000005715
0.22867000000005713
0.2286700000000572
0.22871000000005726
0.2287500000000573
0.22878000000005733
0.22882000000005734
0.22886000000005743
0.22890000000005745
0.22894000000005746
0.2289600000000575
0.22895000000005758
0.22899000000005762
0.22902000000005765
0.2290600000000577
0.22910000000005776
0.22914000000005777
0.2291800000000578
0.22921000000005784
0.2292400000000579
0.22928000000005797
0.22932000000005798
0.22936000000005802
0.22940000000005803
0.2294400000000581
0.2294800000000581
0.22952000000005818
0.22956000000005822
0.22960000000005826
0.2296400000000583
0.22964000000005833
0.22963000000005837
0.2294800000000584
0.22943000000005845
0.22947000000005852
0.22951000000005853
0.22944000000005857
0.22933000000005863
0.22913000000005865
0.22910000000005867
0.22911000000005874
0.22915000000005875
0.2291900000000588
0.22923000000005886
0.2292200000000589
0.22916000000005893
0.22905000000005896
0.22901000000005903
0.22887000000005905
0.2284900000000591
0.22806000000005913
0.22773000000005916
0.2276600000000592
0.22769000000005926
0.2277300000000593
0.22777000000005931
0.22780000000005937
0.2278300000000594
0.22787000000005947
0.22791000000005948
0.22780000000005954
0.2276100000000596
0.22738000000005962
0.22727000000005967
0.2273100000000597
0.22735000000005973
0.22738000000005978
0.22742000000005982
0.22746000000005984
0.22750000000005988
0.22754000000005994
0.22745000000005997
0.22729000000006
0.22729000000006006
0.22733000000006007
0.22736000000006015
0.22740000000006017
0.22744000000006023
0.22747000000006024
0.2275100000000603
0.22754000000006033
0.22758000000006035
0.2276200000000604
0.22765000000006047
0.22769000000006048
0.22773000000006055
0.2277700000000606
0.2278000000000606
0.22784000000006066
0.22788000000006067
0.2279200000000607
0.22793000000006078
0.2279300000000608
0.22791000000006084
0.2279300000000609
0.22794000000006093
0.22798000000006097
0.22802000000006103
0.22806000000006105
0.22810000000006106
0.22814000000006113
0.22818000000006117
0.22822000000006118
0.22824000000006125
0.22828000000006127
0.22832000000006133
0.22833000000006137
0.2282500000000614
0.22822000000006148
0.2282300000000615
0.22827000000006153
0.22825000000006157
0.2281600000000616
0.22808000000006165
0.2279300000000617
0.22782000000006175
0.22773000000006177
0.2275400000000618
0.22694000000006184
0.2266000000000619
0.2265100000000619
0.22638000000006195
0.22630000000006203
0.22623000000006205
0.2261700000000621
0.22605000000006215
0.22570000000006218
0.22551000000006222
0.22532000000006225
0.2251400000000623
0.22502000000006234
0.2249700000000624
0.2250100000000624
0.22505000000006245
0.2250900000000625
0.22512000000006252
0.22509000000006257
0.22497000000006262
0.22486000000006265
0.2248700000000627
0.22490000000006274
0.22494000000006278
0.22498000000006282
0.22502000000006286
0.22504000000006288
0.22501000000006294
0.224810000000063
0.224750000000063
0.22477000000006306
0.2248100000000631
0.22483000000006315
0.22487000000006316
0.2249100000000632
0.22488000000006325
0.2249200000000633
0.22492000000006335
0.22496000000006336
0.22500000000006337
0.22504000000006344
0.22508000000006348
0.2251200000000635
0.22513000000006356
0.2251700000000636
0.22521000000006364
0.22525000000006368
0.22529000000006374
0.22533000000006376
0.2253600000000638
0.22540000000006383
0.2254300000000639
0.22547000000006392
0.22551000000006396
0.225510000000064
0.22551000000006405
0.2254600000000641
0.22546000000006414
0.22550000000006415
0.2255400000000642
0.22558000000006426
0.2256200000000643
0.2256600000000643
0.22563000000006436
0.22548000000006443
0.22541000000006442
0.22544000000006448
0.22548000000006455
0.22552000000006456
0.22555000000006462
0.22555000000006464
0.22559000000006466
0.22560000000006472
0.2256400000000648
0.2256800000000648
0.22572000000006487
0.2257500000000649
0.22574000000006492
0.22576000000006496
0.225790000000065
0.22583000000006503
0.2258700000000651
0.22591000000006511
0.22594000000006517
0.2259800000000652
0.22602000000006522
0.2260600000000653
0.2261000000000653
0.22613000000006536
0.22612000000006538
0.22615000000006547
0.22617000000006546
0.22611000000006554
0.22601000000006555
0.2259000000000656
0.22563000000006564
0.22547000000006567
0.22543000000006572
0.22547000000006578
0.22551000000006582
0.22555000000006584
0.22558000000006587
0.22560000000006594
0.22556000000006593
0.225440000000066
0.22545000000006604
0.2253800000000661
0.2254100000000661
0.22544000000006617
0.22537000000006618
0.22541000000006625
0.22545000000006626
0.22547000000006634
0.22541000000006636
0.22545000000006638
0.22549000000006644
0.2255200000000665
0.22554000000006652
0.22557000000006655
0.2256100000000666
0.22565000000006666
0.22569000000006667
0.2257300000000667
0.22573000000006677
0.2256600000000668
0.22553000000006684
0.2255600000000669
0.2256000000000669
0.22556000000006696
0.225580000000067
0.22560000000006705
0.22563000000006708
0.22567000000006712
0.22571000000006716
0.22575000000006723
0.22579000000006727
0.2257600000000673
0.2256800000000673
0.22568000000006735
0.2257100000000674
0.22571000000006744
0.22575000000006748
0.22579000000006752
0.22583000000006756
0.2258700000000676
0.22589000000006762
0.22589000000006768
0.22590000000006774
0.22594000000006775
0.22598000000006777
0.22602000000006786
0.22606000000006787
0.2261000000000679
0.22614000000006798
0.22615000000006802
0.22613000000006803
0.22606000000006807
0.2259000000000681
0.22584000000006815
0.2258600000000682
0.22590000000006824
0.22593000000006827
0.22597000000006834
0.22599000000006836
0.2260300000000684
0.22607000000006844
0.22611000000006848
0.22615000000006852
0.22618000000006855
0.22622000000006862
0.22626000000006866
0.22630000000006867
0.22634000000006874
0.22638000000006878
0.22638000000006883
0.22637000000006885
0.2264100000000689
0.22644000000006895
0.22648000000006896
0.226510000000069
0.22655000000006903
0.22659000000006907
0.2266300000000691
0.22667000000006918
0.22671000000006922
0.22675000000006923
0.2267900000000693
0.22683000000006934
0.22685000000006939
0.2268900000000694
0.22693000000006944
0.22697000000006948
0.22701000000006952
0.22704000000006958
0.22708000000006962
0.22712000000006966
0.22715000000006969
0.2271800000000697
0.22722000000006978
0.2272500000000698
0.22729000000006983
0.2273300000000699
0.22737000000006993
0.22739000000006995
0.22740000000007002
0.22744000000007003
0.22747000000007012
0.22734000000007012
0.22735000000007016
0.22739000000007017
0.22743000000007027
0.22747000000007028
0.22746000000007033
0.22745000000007037
0.22743000000007044
0.22747000000007045
0.2275100000000705
0.22755000000007053
0.22759000000007057
0.2276200000000706
0.2276600000000706
0.22769000000007064
0.2276400000000707
0.22732000000007077
0.2269900000000708
0.22676000000007085
0.22634000000007085
0.2258600000000709
0.22550000000007095
0.225200000000071
0.22515000000007104
0.2251800000000711
0.22514000000007112
0.22514000000007114
0.22511000000007117
0.22515000000007124
0.22519000000007128
0.22523000000007132
0.22521000000007138
0.22521000000007138
0.22522000000007145
0.22526000000007146
0.22530000000007153
0.22534000000007154
0.2253800000000716
0.22542000000007165
0.2254600000000717
0.2255000000000717
0.22553000000007176
0.2255700000000718
0.22560000000007185
0.22563000000007188
0.22567000000007192
0.22571000000007194
0.22575000000007203
0.22579000000007204
0.22583000000007206
0.22586000000007211
0.22589000000007217
0.22593000000007218
0.22597000000007222
0.2260100000000723
0.22601000000007232
0.22605000000007236
0.22600000000007242
0.22602000000007247
0.22606000000007248
0.2261000000000725
0.2261400000000726
0.2261800000000726
0.22622000000007264
0.2262500000000727
0.2262900000000727
0.22633000000007275
0.2263700000000728
0.22641000000007283
0.22645000000007287
0.2264900000000729
0.22653000000007295
0.226570000000073
0.226590000000073
0.2266200000000731
0.2266500000000731
0.22663000000007316
0.2266600000000732
0.22670000000007326
0.22674000000007327
0.2267800000000733
0.22679000000007335
0.22683000000007342
0.22687000000007346
0.2269000000000735
0.2269200000000735
0.22696000000007358
0.2269900000000736
0.22703000000007365
0.22707000000007369
0.2271100000000737
0.22714000000007378
0.2271800000000738
0.22722000000007384
0.22726000000007388
0.22728000000007392
0.22730000000007397
0.227220000000074
0.22704000000007404
0.22693000000007407
0.2268300000000741
0.22684000000007415
0.2268800000000742
0.22692000000007426
0.22696000000007427
0.22700000000007436
0.22704000000007438
0.2270700000000744
0.22710000000007444
0.22714000000007448
0.2271700000000745
0.22719000000007458
0.2272300000000746
0.22727000000007463
0.22731000000007467
0.22734000000007473
0.22734000000007476
0.2273800000000748
0.22741000000007483
0.22745000000007484
0.22744000000007492
0.22745000000007495
0.22745000000007498
0.22744000000007503
0.22748000000007504
0.22752000000007513
0.22756000000007515
0.2276000000000752
0.22764000000007525
0.22768000000007527
0.22772000000007528
0.22776000000007537
0.2277900000000754
0.22783000000007547
0.22783000000007547
0.2277600000000755
0.22760000000007558
0.22752000000007558
0.22753000000007564
0.22757000000007568
0.22761000000007572
0.22764000000007575
0.2276800000000758
0.22772000000007583
0.22776000000007587
0.2277900000000759
0.22783000000007594
0.227860000000076
0.22787000000007604
0.22783000000007608
0.22780000000007614
0.22784000000007615
0.2278800000000762
0.22790000000007624
0.2279300000000763
0.2279700000000763
0.22801000000007637
0.22805000000007639
0.22809000000007643
0.22813000000007647
0.22817000000007653
0.22821000000007655
0.22825000000007659
0.22829000000007663
0.22833000000007667
0.2283700000000767
0.22841000000007677
0.2284500000000768
0.22849000000007685
0.22851000000007687
0.22848000000007693
0.22851000000007696
0.228550000000077
0.22859000000007706
0.22863000000007708
0.2286700000000771
0.22871000000007716
0.22875000000007722
0.22877000000007724
0.22881000000007728
0.22885000000007732
0.22889000000007736
0.2289300000000774
0.22896000000007746
0.2289200000000775
0.2289100000000775
0.22894000000007755
0.22897000000007758
0.22901000000007765
0.2290500000000777
0.22908000000007772
0.22912000000007776
0.2291200000000778
0.22916000000007786
0.2291900000000779
0.2292100000000779
0.22924000000007794
0.229240000000078
0.22915000000007804
0.22906000000007812
0.2288700000000781
0.22881000000007817
0.2287600000000782
0.22871000000007824
0.22871000000007832
0.22875000000007834
0.22879000000007835
0.22883000000007836
0.22887000000007846
0.22891000000007847
0.2289500000000785
0.22898000000007857
0.2290200000000786
0.22903000000007864
0.22906000000007867
0.22910000000007869
0.22914000000007875
0.2291800000000788
0.2292200000000788
0.2292600000000789
0.2293000000000789
0.22934000000007895
0.22938000000007902
0.22940000000007904
0.2294400000000791
0.22941000000007913
0.22922000000007917
0.22897000000007922
0.22884000000007923
0.2288200000000793
0.2288000000000793
0.22881000000007937
0.2287600000000794
0.22827000000007944
0.22813000000007946
0.22816000000007952
0.22820000000007953
0.22820000000007962
0.22824000000007966
0.2282700000000797
0.22830000000007972
0.22834000000007978
0.22836000000007978
0.22829000000007982
0.22831000000007987
0.22822000000007991
0.22813000000007996
0.22816000000007997
0.22819000000008002
0.22823000000008006
0.2282400000000801
0.22827000000008016
0.2283100000000802
0.22834000000008023
0.2283500000000803
0.2283900000000803
0.22843000000008032
0.2284600000000804
0.22844000000008044
0.22847000000008047
0.2285100000000805
0.22855000000008055
0.22858000000008058
0.22860000000008063
0.22863000000008066
0.2286700000000807
0.22871000000008077
0.2287500000000808
0.22879000000008085
0.22883000000008089
0.22887000000008093
0.22891000000008094
0.22893000000008099
0.22897000000008103
0.22900000000008106
0.22899000000008113
0.22900000000008117
0.22902000000008121
0.22891000000008124
0.22865000000008126
0.2284400000000813
0.22805000000008135
0.2274900000000814
0.22707000000008146
0.22655000000008146
0.22624000000008151
0.22589000000008155
0.2255200000000816
0.2252000000000816
0.22515000000008167
0.2251700000000817
0.22521000000008176
0.22524000000008182
0.22526000000008184
0.22530000000008188
0.22534000000008192
0.22538000000008196
0.22526000000008198
0.22492000000008205
0.22443000000008206
0.2239400000000821
0.22347000000008216
0.2233100000000822
0.22324000000008223
0.22325000000008224
0.22323000000008233
0.22325000000008233
0.2232900000000824
0.22333000000008243
0.2233600000000825
0.2234000000000825
0.22344000000008254
0.22339000000008258
0.22330000000008265
0.22330000000008265
0.22334000000008275
0.22338000000008276
0.2234200000000828
0.22341000000008285
0.22345000000008286
0.2233800000000829
0.22334000000008297
0.223370000000083
0.22339000000008302
0.22343000000008306
0.2234500000000831
0.22349000000008315
0.22351000000008317
0.22347000000008324
0.22338000000008326
0.22319000000008332
0.22284000000008333
0.22215000000008336
0.22155000000008346
0.22138000000008345
0.22117000000008352
0.22107000000008356
0.2210200000000836
0.22091000000008365
0.22086000000008366
0.2209000000000837
0.22093000000008373
0.22097000000008377
0.22100000000008385
0.22104000000008386
0.22108000000008388
0.22109000000008394
0.22112000000008397
0.22116000000008404
0.22119000000008407
0.2212200000000841
0.22126000000008414
0.2213000000000842
0.22133000000008424
0.22137000000008428
0.22141000000008432
0.22145000000008436
0.2214900000000844
0.2215000000000844
0.22154000000008447
0.22158000000008451
0.22158000000008454
0.22162000000008458
0.2216500000000846
0.22169000000008465
0.22173000000008472
0.22177000000008473
0.2218100000000848
0.22185000000008484
0.22189000000008485
0.2219300000000849
0.22197000000008496
0.22201000000008497
0.222050000000085
0.22209000000008508
0.2221300000000851
0.22217000000008516
0.2222100000000852
0.22225000000008524
0.22229000000008528
0.2223300000000853
0.22236000000008532
0.22240000000008542
0.22237000000008544
0.22241000000008546
0.22245000000008547
0.22249000000008556
0.2225300000000856
0.22257000000008562
0.22261000000008568
0.2226500000000857
0.22269000000008574
0.2227300000000858
0.22277000000008582
0.22280000000008585
0.22284000000008589
0.22288000000008595
0.22292000000008597
0.22296000000008603
0.22300000000008607
0.2230400000000861
0.22306000000008616
0.2230900000000862
0.22297000000008627
0.22283000000008626
0.2227300000000863
0.22276000000008633
0.2227900000000864
0.22271000000008645
0.2225300000000865
0.2223400000000865
0.22204000000008653
0.2218200000000866
0.2217800000000866
0.22180000000008665
0.22184000000008672
0.22188000000008673
0.2218900000000868
0.22192000000008683
0.22196000000008687
0.2220000000000869
0.22204000000008695
0.22208000000008699
0.222120000000087
0.22216000000008707
0.22220000000008713
0.22224000000008715
0.22227000000008718
0.2222700000000872
0.22229000000008728
0.2223200000000873
0.22236000000008732
0.2224000000000874
0.22244000000008743
0.22248000000008744
0.22252000000008748
0.22256000000008755
0.22259000000008758
0.22263000000008762
0.22266000000008765
0.2227000000000877
0.22273000000008772
0.22277000000008781
0.22281000000008783
0.22285000000008784
0.22287000000008791
0.22291000000008795
0.222950000000088
0.222990000000088
0.22303000000008807
0.2230600000000881
0.22310000000008812
0.22312000000008816
0.22314000000008824
0.22315000000008825
0.22319000000008835
0.22323000000008836
0.2232600000000884
0.22330000000008843
0.22334000000008847
0.2233800000000885
0.22342000000008858
0.2234600000000886
0.22350000000008866
0.22354000000008864
0.2235800000000887
0.22362000000008875
0.2236600000000888
0.22370000000008883
0.22374000000008887
0.22377000000008893
0.22379000000008895
0.22383000000008899
0.22387000000008903
0.22391000000008907
0.2239500000000891
0.22397000000008913
0.2239900000000892
0.2240300000000892
0.22406000000008924
0.22408000000008932
0.22412000000008936
0.22416000000008937
0.2242000000000894
0.22422000000008946
0.22426000000008953
0.22430000000008954
0.22434000000008955
0.22438000000008962
0.22442000000008966
0.2244600000000897
0.22450000000008977
0.22454000000008978
0.2245400000000898
0.2245400000000899
0.2244900000000899
0.22453000000008996
0.22457000000008998
0.22460000000009
0.22457000000009006
0.2246100000000901
0.22465000000009014
0.2246900000000902
0.22473000000009022
0.22477000000009026
0.22477000000009031
0.22458000000009037
0.22425000000009038
0.22407000000009042
0.22390000000009044
0.22373000000009052
0.22374000000009053
0.22378000000009057
0.22370000000009063
0.22351000000009066
0.2234300000000907
0.22347000000009076
0.22347000000009082
0.22351000000009083
0.22355000000009084
0.22359000000009094
0.22363000000009095
0.223670000000091
0.22370000000009105
0.22373000000009108
0.22373000000009108
0.22377000000009112
0.22381000000009119
0.22384000000009122
0.22384000000009127
0.2238700000000913
0.22386000000009132
0.22387000000009138
0.22391000000009142
0.22395000000009144
0.22397000000009148
0.22388000000009153
0.22379000000009158
0.22369000000009162
0.22352000000009167
0.22339000000009168
0.22343000000009175
0.22347000000009176
0.22351000000009183
0.22354000000009186
0.2235800000000919
0.2235600000000919
0.223470000000092
0.22339000000009201
0.22337000000009205
0.2233500000000921
0.22322000000009215
0.2230900000000922
0.22296000000009222
0.22292000000009227
0.2229600000000923
0.22299000000009234
0.2230200000000924
0.2230500000000924
0.22291000000009245
0.2226600000000925
0.22231000000009254
0.22200000000009257
0.22182000000009264
0.22186000000009265
0.2219000000000927
0.2219400000000927
0.2219700000000928
0.22201000000009283
0.22205000000009284
0.2220400000000929
0.22208000000009293
0.22212000000009297
0.22216000000009303
0.22220000000009305
0.2222400000000931
0.22228000000009313
0.22231000000009316
0.22234000000009319
0.22238000000009328
0.2224200000000933
0.22245000000009335
0.22249000000009336
0.22253000000009343
0.22256000000009346
0.22260000000009347
0.2226400000000935
0.22268000000009358
0.2226700000000936
0.22261000000009365
0.22263000000009367
0.22267000000009374
0.22271000000009378
0.22275000000009382
0.22279000000009383
0.2228300000000939
0.22287000000009394
0.22291000000009398
0.22295000000009402
0.22299000000009406
0.2229600000000941
0.22284000000009416
0.2228800000000942
0.22288000000009422
0.22292000000009426
0.22296000000009428
0.22300000000009434
0.2230300000000944
0.22305000000009442
0.22305000000009445
0.2230900000000945
0.22313000000009453
0.22317000000009457
0.2231900000000946
0.22321000000009467
0.22324000000009467
0.22328000000009474
0.22332000000009475
0.2233500000000948
0.22329000000009486
0.2231100000000949
0.22298000000009494
0.22302000000009498
0.22305000000009503
0.22308000000009506
0.22311000000009512
0.22315000000009513
0.22319000000009517
0.2232300000000952
0.22327000000009525
0.22331000000009527
0.22335000000009536
0.22339000000009537
0.2234200000000954
0.22345000000009546
0.2234900000000955
0.22346000000009553
0.2233900000000956
0.2234300000000956
0.22347000000009565
0.2235100000000957
0.22354000000009575
0.22357000000009578
0.22359000000009582
0.22362000000009585
0.2236500000000959
0.22369000000009592
0.22373000000009596
0.223770000000096
0.22381000000009607
0.22385000000009608
0.22388000000009614
0.22391000000009614
0.2239500000000962
0.22399000000009625
0.2240300000000963
0.22407000000009633
0.22410000000009636
0.2241300000000964
0.22413000000009645
0.22403000000009649
0.22390000000009652
0.22377000000009656
0.22369000000009664
0.22372000000009667
0.2237600000000967
0.22380000000009673
0.22384000000009677
0.2238800000000968
0.22392000000009687
0.2239600000000969
0.22400000000009695
0.22404000000009697
0.22406000000009701
0.22406000000009707
0.2240900000000971
0.22413000000009714
0.22417000000009715
0.22421000000009722
0.22424000000009728
0.2242800000000973
0.22432000000009733
0.22434000000009735
0.2243700000000974
0.22441000000009745
0.22445000000009752
0.22449000000009756
0.22448000000009757
0.22445000000009765
0.22434000000009763
0.22422000000009767
0.22414000000009776
0.22414000000009776
0.22417000000009782
0.22421000000009783
0.2242100000000979
0.22424000000009792
0.22428000000009798
0.224310000000098
0.22435000000009808
0.2243900000000981
0.22439000000009815
0.22436000000009818
0.2243400000000982
0.22436000000009823
0.22440000000009833
0.22444000000009834
0.22448000000009835
0.22451000000009838
0.22455000000009848
0.2245700000000985
0.22459000000009854
0.22457000000009855
0.22458000000009862
0.22462000000009866
0.22466000000009867
0.22470000000009874
0.22473000000009877
0.2247700000000988
0.22481000000009885
0.22485000000009892
0.22489000000009893
0.22492000000009899
0.22491000000009903
0.22469000000009906
0.22402000000009908
0.22301000000009913
0.22228000000009918
0.2217000000000992
0.22164000000009923
0.2216800000000993
0.22163000000009933
0.22154000000009938
0.2215800000000994
0.22162000000009946
0.2216600000000995
0.22170000000009954
0.22174000000009955
0.22178000000009962
0.22182000000009963
0.2218600000000997
0.22190000000009974
0.22193000000009977
0.2219600000000998
0.22200000000009987

Avalanche_Distribution:
1
1
3
1
1
1
96
2
1
2
6
1
72
49
1
20
635
1
2
2
15
1
2
1
2
1
293
16
9
44
1
3
33
1
1
14
13
1
2
1
2
8
2
14
1
406
47
1
4
1
3
10
2
6
1
3
119
1
3
1
1
1
5
1
1
1
15
1
53
1
1
1
1
5
1
76
1
9
10
24
1
35
4
1
5
9
1
1
1
2
1
4
1
2
15
4
97
3
2
4
3
1
1
1
6
31
2
12
1
3
1
4
1
32
4
28
2
1
3
5
1
1
5
1
24
27
3
1
9
4
1
3
13
1
13
1
61
2
1
14
4
109
2
12
5
6
2
3
3
1
2
3
1
19
1
1
8
19
1
1
4
32
1
8
1
48
27
1
49
1
1
1
1
1
60
1
1
40
1
1
2
1
1
17
2
2
56
23
1
1
1
41
1
1
1
1
1
85
58
3
3
1
3
1
1
1
28
1
2
1
16
3
17
40
202
51
5
2
16
1
1
1
26
16
5
1
16
1
2
4
17
4
6
14
2
1
19
5
1
3
1
3
1
1
4
38
4
34
1
10
1
19
1
70
3
1
1
19
2
1
1
1
1
104
1
1
6
36
1
34
3
3
2
1
6
15
1
2
16
9
1
2
5
2
5
1
2
9
1
1
235
22
46
1
39
39
1
2
20
92
1
9
4
1
167
1
5
2
2
1
1
5
37
2
1
52
2
1
1
1
1
9
1
12
5
1
33
1
7
1
1
1
4
59
2
3
1
2
1
3
27
17
1
32
62
1
5
2
2
1
5
1
1
9
81
5
1
2
22
87
1
11
4
1
1
12
1
7
1
2
37
60
193
1
1
1
80
1
37
1
1
1
1
1
6
9
3
2
25
414
42
1
45
2
7
4
3
1
1
21
37
1
5
3
8
1
1
7
100
3
26
13
12
12
1
2
1
33
10
2
1
23
5
1
8
52
1
2
1
9
1
1
2
1
2
1
5
21
16
1
291
10
10
13
1
2
1
1
4
11
1
1
2
8
3
3
1
1
4
66
2
3
5
1
7
10
1
50
1
1
1
18
2
1
10
2
14
1
1
1
4
1
1
2
85
1
4
2
88
83
1
4
2
13
28
2
3
1
1
3
8
3
1
2
9
1
436
2
1
2
245
8
1
26
5
19
3
2
315
1
1
4
1
1
1
1
2
4
1
1
7
1
2
49
1
128
4
5
2
1
1
1
1
2
1
1
3
3
1
1
1
1
4
3
2
4
13
8
131
47
4
1
5
1
4
9
1
79
1
102
2
144
1
5
1
1
1
1
16
1
23
4
1
6
4
1
50
1
1
1
1
1
18
1
3
2
1
1
1
1
65
7
1
2
1
59
1
5
1
17
2
1
4
9
1
1
356
22
2
