
Branching_global:
0.8920000039999999
0.8920001759999997
0.8920002009999997
0.8920003849999993
0.8920002149999992
0.892000293999999
0.8920001249999987
0.8920004869999987
0.8920006619999983
0.8920006889999982

Autocorrelation:
-0.008749737579787137
-0.008749752342097674
-0.008749754487786254
-0.008749770280084723
-0.00874975568937225
-0.00874976246975644
-0.008749747964895955
-0.008749779034534163
-0.008749794054461453
-0.008749796371825989

Average_Activity:
0.0
0.0
1.0
0.0
0.75
6.0
5.5
0.75
0.0
0.0
0.0
0.0
0.0
0.0
0.0
0.0
0.0
0.0
0.75
0.25
0.0
0.0
0.0
0.0
0.0
0.0
0.0
0.5
1.25
1.5
3.75
5.0
0.75
0.75
0.0
0.0
0.25
0.25
0.25
0.5
0.0
0.25
0.0
0.25
0.75
0.25
0.0
0.0
1.75
5.25
0.25
0.0
0.0
2.5
2.0
2.75
2.25
1.5
0.25
0.0
0.0
0.0
0.0
0.0
0.0
0.0
0.0
0.0
0.0
0.5
0.25
0.0
0.75
1.25
0.0
0.0
0.0
0.0
0.0
0.0
0.5
1.25
0.5
3.0
0.75
0.0
0.0
0.0
1.0
3.25
4.0
8.0
1.5
0.0
0.0
0.25
2.0
4.0
2.75
1.0
0.25
1.0
0.0
0.0
0.0
0.0
1.25
2.25
2.0
0.0
0.0
0.0
0.25
4.0
6.75
1.75
0.25
0.0
0.75
0.0
0.0
0.0
0.0
0.0
0.0
0.5
0.0
0.0
0.0
1.25
5.25
8.25
4.75
0.0
0.0
0.0
0.0
0.0
0.0
0.0
0.0
0.0
0.0
0.0
0.0
0.25
1.75
0.0
3.5
1.5
1.5
0.0
0.0
0.0
0.75
1.0
0.25
0.0
0.0
0.25
0.0
0.0
0.0
0.0
0.25
0.25
0.0
0.25
1.0
0.5
0.25
1.25
1.0
1.0
0.0
0.25
0.0
0.0
0.0
0.0
0.0
1.5
1.75
1.25
2.0
3.5
0.0
0.0
0.0
0.0
0.5
0.5
0.25
0.0
0.0
0.0
0.0
0.5
0.0
2.5
3.0
0.5
0.75
4.0
3.0
0.0
0.25
0.0
0.0
0.0
0.0
0.0
0.0
0.5
0.75
0.5
0.0
0.0
0.75
2.25
0.0
0.25
0.0
1.5
4.5
0.75
1.25
1.5
0.0
0.5
2.5
1.0
0.25
0.0
0.0
2.75
3.0
1.75
0.5
0.0
0.5
2.75
1.0
1.25
0.25
0.25
0.0
0.0
0.0
0.0

Average_Alpha:
0.22300000099999998
0.22300000499999995
0.22300000500000006
0.223000009
0.22300000999999997
0.22299998999999995
0.22299997200000005
0.22299997300000002
0.22299997699999993
0.22299998099999993
0.22299998500000004
0.22299998900000004
0.22299999299999995
0.22299999699999995
0.22300000100000003
0.223000005
0.22300000899999992
0.2230000129999999
0.22300001400000002
0.22300001700000002
0.22300002099999994
0.2230000249999999
0.22300002900000002
0.223000033
0.22300003699999993
0.22300004099999993
0.223000045
0.22300004699999998
0.2230000459999999
0.2230000439999999
0.22300003300000001
0.22300001699999997
0.2230000179999999
0.22300001899999988
0.223000023
0.22300002699999993
0.22300002999999988
0.22300003299999985
0.22300003599999996
0.22300003799999996
0.2230000419999999
0.2230000449999999
0.22300004899999992
0.22300005199999992
0.22300005299999986
0.22300005599999986
0.22300005999999997
0.22300006399999991
0.22300006099999983
0.22300004399999987
0.22300004699999995
0.22300005099999992
0.22300005499999986
0.22300004899999984
0.22300004499999995
0.2230000379999999
0.22300003299999985
0.22300003099999985
0.2230000339999999
0.2230000379999999
0.22300004199999984
0.22300004599999984
0.22300004999999992
0.2230000539999999
0.22300005799999983
0.22300006199999983
0.2230000659999999
0.22300006999999988
0.22300007399999983
0.22300007599999982
0.2230000789999999
0.22300008299999988
0.2230000839999998
0.22300008299999982
0.2230000869999999
0.22300009099999984
0.22300009499999981
0.2230000989999998
0.2230001029999999
0.22300010699999984
0.22300010899999978
0.22300010799999978
0.2230001099999999
0.22300010199999987
0.22300010299999978
0.22300010699999978
0.2230001109999999
0.22300011499999983
0.22300011499999978
0.22300010599999978
0.22300009399999987
0.22300006599999983
0.22300006399999978
0.22300006799999977
0.22300007199999985
0.22300007499999983
0.22300007099999977
0.22300005899999978
0.22300005199999984
0.2230000519999998
0.22300005499999975
0.22300005499999975
0.22300005899999986
0.22300006299999978
0.22300006699999972
0.22300007099999977
0.22300006999999983
0.22300006499999978
0.22300006099999972
0.22300006499999975
0.22300006899999983
0.22300007299999977
0.22300007599999974
0.22300006399999972
0.2230000409999998
0.22300003799999976
0.2230000409999997
0.2230000449999997
0.22300004599999979
0.22300004999999976
0.2230000539999997
0.22300005799999972
0.22300006199999978
0.22300006599999977
0.22300006999999972
0.22300007199999972
0.22300007599999977
0.22300007999999974
0.22300008399999968
0.22300008299999968
0.22300006599999977
0.22300003699999973
0.2230000219999997
0.22300002599999968
0.22300002999999977
0.22300003399999974
0.22300003799999968
0.2230000419999997
0.22300004599999973
0.2230000499999997
0.22300005399999967
0.2230000579999997
0.22300006199999972
0.22300006599999972
0.22300006999999966
0.22300007299999966
0.22300006999999974
0.2230000739999997
0.22300006399999966
0.22300006199999967
0.22300005999999972
0.22300006399999966
0.22300006799999966
0.22300007199999966
0.22300007299999972
0.22300007299999972
0.22300007599999963
0.22300007999999963
0.22300008399999974
0.22300008699999968
0.2230000909999996
0.22300009499999965
0.2230000989999997
0.22300010299999964
0.22300010599999961
0.22300010899999964
0.22300011299999972
0.22300011599999964
0.22300011599999958
0.22300011799999964
0.22300012099999966
0.22300011999999964
0.22300011999999958
0.2230001199999996
0.2230001239999997
0.22300012699999963
0.2230001309999996
0.2230001349999996
0.22300013899999965
0.22300014299999965
0.22300014699999957
0.2230001449999996
0.22300014199999965
0.22300014099999962
0.22300013699999957
0.2230001269999996
0.22300013099999966
0.2230001349999996
0.22300013899999957
0.2230001429999996
0.22300014499999965
0.2230001469999996
0.22300014999999956
0.2230001539999996
0.22300015799999964
0.22300016199999959
0.22300016599999956
0.22300016799999958
0.22300017199999964
0.22300016599999958
0.22300015799999953
0.22300015999999956
0.2230001609999996
0.22300014899999956
0.22300014099999954
0.22300014499999954
0.2230001479999996
0.2230001519999996
0.22300015599999953
0.22300015999999953
0.22300016399999958
0.22300016799999955
0.2230001719999995
0.22300017399999955
0.22300017499999955
0.22300017699999955
0.2230001809999995
0.22300018499999955
0.2230001859999996
0.22300018099999955
0.22300018499999946
0.22300018799999952
0.22300019199999957
0.22300018999999952
0.2230001759999995
0.2230001769999995
0.22300017599999955
0.2230001739999995
0.2230001779999995
0.2230001799999995
0.22300017399999955
0.2230001739999995
0.22300017699999947
0.2230001809999995
0.22300018499999955
0.2230001779999995
0.2230001699999995
0.2230001669999995
0.22300016899999955
0.2230001729999995
0.22300017499999947
0.22300016799999947
0.22300016799999953
0.2230001669999995
0.22300016999999947
0.2230001729999995
0.2230001769999995
0.2230001809999995
0.22300018499999943
0.22300018899999946

Avalanche_Distribution:
4
52
4
1
48
5
1
1
3
1
4
1
29
45
2
1
8
1
6
17
71
36
4
1
4
22
1
51
3
2
78
8
26
7
1
1
1
1
5
2
9
5
1
40
4
1
1
1
24
31
1
2
3
2
12
1
27
11
1
16
23
8
1
17
6
1
