
Branching_global:
1.00004
1.0038900000000037
1.007720000000008
1.011450000000012
1.0126900000000163
1.0156900000000197
1.0036900000000242
1.0063900000000279
1.010320000000032
1.013330000000036
1.00014000000004
1.003300000000044
1.007480000000048
0.9610000000000519
0.958680000000056
0.9627200000000601
0.964330000000064
0.9606000000000678
0.961430000000072
0.962080000000076
0.9660300000000799
0.964400000000084
0.9574400000000879
0.958060000000092
0.9590700000000959
0.9564300000000999
0.9636700000001039
0.9386800000001079
0.9430400000001119
0.9452500000001159

Autocorrelation:
25.000499996641732
0.25756908520240224
0.13003303789420143
0.08783529579803757
0.07930115561807184
0.06423356562649765
0.27150240309134
0.15699399188550645
0.0973983692147072
0.07551765119692172
7.143357129150628
0.30353002847906235
0.13418921855828422
-0.02513771065599151
-0.023697838885227238
-0.02632086835534573
-0.027531736362911174
-0.02487736098433608
-0.025423608472241257
-0.02586808662452371
-0.028934859206585346
-0.02758686694561202
-0.022992616363886262
-0.023340015778587783
-0.02392847450000994
-0.0224478599991705
-0.027022377258051025
-0.015802619985005675
-0.01705129284049291
-0.01776014827758002

Average_Activity:
0.0
0.0
0.0
0.0
0.0
0.0
0.0
0.0
0.0
0.0
0.0
0.0
0.0
0.25
0.0
0.0
0.0
0.5
0.0
0.0
0.0
0.25
0.0
0.25
0.0
0.0
0.0
0.0
0.0
0.0
0.0
0.0
0.0
0.0
0.0
0.0
0.0
0.0
0.25
0.0
0.0
0.0
0.0
0.0
0.25
0.0
0.0
0.25
0.0
0.5
0.0
0.0
0.0
0.0
0.0
0.0
0.0
0.0
0.0
0.0
0.0
0.0
0.0
0.0
0.0
0.25
0.5
0.0
0.0
0.0
0.25
0.0
0.0
0.0
0.0
0.25
1.25
0.0
0.0
0.0
0.0
1.0
2.5
0.75
0.0
0.0
0.0
0.0
0.75
1.0
0.75
2.5
3.0
0.25
0.0
0.0
0.75
0.25
0.0
0.0
0.0
0.0
0.0
0.0
0.0
0.0
0.0
0.0
0.75
2.0
1.0
1.5
0.25
0.0
0.0
0.0
0.0
0.0
0.0
1.0
0.0
0.0
0.25
0.0
0.0
0.0
0.0
0.0
0.0
1.25
0.0
0.25
0.0
0.0
1.0
2.5
9.5
7.25
8.0
7.25
9.25
12.5
22.25
10.75
3.75
1.25
0.0
2.0
1.5
1.5
2.75
0.0
0.0
0.0
0.0
0.0
0.0
0.0
0.0
0.0
0.0
0.0
0.0
0.0
0.0
0.5
0.25
0.0
0.0
0.0
0.0
0.0
1.5
1.5
1.0
0.0
0.0
0.0
0.0
0.0
0.25
0.0
0.0
0.0
0.0
0.0
0.0
0.0
0.0
0.75
0.0
0.0
0.0
0.0
0.0
0.0
0.0
0.0
0.5
1.0
0.0
0.0
0.0
1.25
0.0
0.0
1.25
1.0
0.0
0.0
0.0
0.0
0.0
0.0
0.0
0.0
0.0
0.0
0.0
0.0
0.0
0.0
0.0
0.25
0.0
0.0
0.0
0.0
0.0
0.0
0.0
0.0
0.0
0.0
0.0
0.0
0.0
0.5
4.75
13.0
18.75
17.5
13.5
13.5
10.5
6.75
1.75
0.0
1.5
1.0
1.25
0.0
0.0
0.0
0.75
0.75
0.0
0.0
0.0
0.0
0.0
0.0
0.0
0.0
0.0
0.0
0.25
0.25
0.0
0.0
0.0
0.0
0.0
0.75
0.0
0.0
0.0
0.0
0.0
0.0
0.0
0.0
0.0
0.0
0.0
0.75
0.0
0.0
0.5
1.0
0.0
0.5
1.25
3.0
0.75
0.0
0.5
3.0
0.25
0.0
2.5
4.5
3.5
0.25
0.0
0.0
0.0
0.0
0.25
2.25
5.25
4.25
6.0
13.75
16.5
24.25
34.0
37.5
21.5
21.5
23.0
24.0
18.5
16.25
11.75
9.5
7.75
5.25
3.5
2.0
2.25
2.25
2.25
0.25
0.0
0.25
0.0
0.0
0.0
0.0
0.0
0.0
0.0
0.5
0.0
0.25
0.0
0.25
0.0
1.0
2.75
2.5
2.25
0.5
0.0
0.0
0.0
0.0
0.0
0.0
0.0
0.0
0.0
0.0
0.75
0.75
0.0
0.0
1.0
2.0
0.25
0.5
0.0
0.0
0.25
0.25
0.0
0.0
0.0
0.0
0.0
0.0
0.0
0.0
2.0
5.0
0.5
0.0
1.25
0.0
0.25
3.0
6.5
0.25
0.0
0.0
0.0
0.25
0.25
0.0
0.0
0.0
0.0
0.0
0.0
0.0
0.0
3.0
4.5
6.5
6.25
3.25
0.5
0.0
0.0
0.0
0.0
0.75
1.25
3.25
2.25
1.0
5.75
10.5
6.25
1.25
0.0
0.0
0.0
0.0
0.0
0.0
0.25
0.25
0.5
1.25
4.0
0.5
0.0
0.0
0.0
0.0
0.0
1.5
1.0
0.5
0.75
0.0
0.0
0.0
0.5
2.0
2.5
0.25
0.0
0.0
0.75
1.75
2.25
3.25
0.25
0.0
0.0
0.0
0.0
0.0
0.0
1.75
4.0
4.5
1.0
0.25
0.0
0.0
0.0
0.0
0.0
0.0
0.0
0.0
0.0
0.0
0.0
0.0
0.0
1.25
0.5
0.25
0.0
0.0
0.0
0.0
0.0
0.0
0.0
0.0
0.0
0.0
0.0
0.0
0.0
0.0
0.0
0.0
0.0
0.0
0.0
0.75
0.25
0.5
0.0
0.5
4.5
5.75
1.75
0.75
0.0
0.0
0.0
0.25
0.0
0.0
0.25
3.25
9.25
8.0
12.5
16.0
17.5
13.75
12.0
5.5
0.5
0.0
0.0
0.0
0.0
0.0
0.0
0.0
0.0
0.0
0.25
0.0
0.0
0.5
0.25
0.0
0.5
0.0
0.0
0.0
0.0
0.0
0.0
0.0
0.0
0.0
0.0
0.0
0.0
0.0
0.0
0.0
2.5
0.0
0.5
0.0
0.25
0.0
0.25
0.75
0.0
0.0
0.0
0.0
0.0
0.0
0.0
0.0
0.0
0.0
0.25
0.0
0.0
0.0
0.0
0.0
0.0
0.0
0.0
0.0
0.0
0.25
1.0
0.25
0.25
1.5
7.0
5.5
6.75
2.25
4.5
3.75
1.25
0.0
0.0
1.0
1.5
0.25
0.0
0.0
0.0
0.0
1.75
3.75
2.0
0.25
0.0
0.0
0.5
2.0
1.75
3.25
3.5
2.0
0.0
0.0
0.0
0.0
0.0
0.0
0.0
0.0
0.0
0.0
0.0
0.0
0.25
0.0
0.0
0.0
0.0
0.0
0.0
0.25
0.0
0.0
0.0
0.0
0.25
0.0
0.0
0.0
1.0
4.0
9.0
15.0
17.75
28.25
27.5
27.5
20.75
8.5
0.5
0.0
0.0
0.0
0.0
0.0
0.0
0.75
0.25
0.25
1.0
0.0
0.0
0.0
0.0
0.0
0.0
0.0
0.0
0.0
0.25
0.0
0.0
0.5
1.25
0.5
1.75
0.5
0.0
0.0
1.25
0.5
0.0
0.25
3.75
2.75
0.0
0.0
0.0
0.0
0.0
0.0
0.0
0.0
0.0
0.0
0.0
0.0
0.0
0.0
0.0
0.0
0.0
0.0
0.0
0.0
0.25
0.0
0.0
0.25
0.0
0.0
0.0
0.0
0.0
0.0
0.0
0.0
0.0
0.0
0.0
0.0
0.0
0.25
0.75
0.25
0.0
0.0
0.0
0.5
0.25
0.0
0.0
0.0
1.0
0.25

Average_Alpha:
0.25001
0.25005
0.2500900000000001
0.2501300000000001
0.25017000000000017
0.25021000000000015
0.2502500000000003
0.25029000000000023
0.25033000000000033
0.2503700000000003
0.2504100000000004
0.2504500000000004
0.25049000000000055
0.25052000000000046
0.25056000000000056
0.25060000000000054
0.2506400000000007
0.25066000000000066
0.2507000000000007
0.2507400000000007
0.25078000000000084
0.2508100000000008
0.2508500000000009
0.2508800000000009
0.250920000000001
0.25096000000000096
0.25100000000000106
0.25104000000000104
0.25108000000000114
0.2511200000000011
0.2511600000000012
0.2512000000000012
0.2512400000000013
0.2512800000000013
0.2513200000000014
0.25136000000000136
0.25140000000000146
0.25144000000000144
0.2514700000000016
0.2515100000000015
0.2515500000000016
0.2515900000000016
0.2516300000000017
0.25167000000000167
0.2517000000000018
0.2517400000000018
0.25178000000000184
0.25181000000000187
0.25185000000000196
0.2518700000000019
0.251910000000002
0.251950000000002
0.2519900000000021
0.2520300000000021
0.2520700000000021
0.25211000000000217
0.25215000000000226
0.2521900000000022
0.25223000000000234
0.2522700000000023
0.2523100000000024
0.2523500000000024
0.2523900000000025
0.2524300000000025
0.2524700000000026
0.25250000000000256
0.25252000000000263
0.25256000000000267
0.25260000000000277
0.2526400000000027
0.2526700000000028
0.25271000000000277
0.2527500000000029
0.25279000000000285
0.252830000000003
0.25286000000000297
0.252850000000003
0.25289000000000306
0.25293000000000315
0.25297000000000314
0.25301000000000323
0.2530100000000032
0.2529500000000033
0.2529600000000033
0.2530000000000034
0.2530400000000034
0.25308000000000347
0.2531200000000034
0.2531300000000036
0.2531300000000035
0.25314000000000364
0.2530800000000036
0.2530000000000037
0.25303000000000364
0.2530700000000038
0.2531100000000037
0.2531200000000039
0.2531500000000038
0.25319000000000397
0.2532300000000039
0.253270000000004
0.253310000000004
0.2533500000000041
0.25339000000000406
0.2534300000000042
0.25347000000000414
0.2535100000000043
0.2535500000000042
0.25356000000000434
0.2535200000000043
0.2535200000000044
0.2535000000000044
0.25353000000000453
0.25357000000000446
0.2536100000000046
0.25365000000000454
0.25369000000000463
0.2537300000000046
0.25377000000000477
0.2537700000000047
0.2538100000000048
0.2538500000000048
0.25388000000000494
0.2539200000000049
0.25396000000000496
0.25400000000000494
0.2540400000000051
0.254080000000005
0.2541200000000052
0.2541100000000051
0.25415000000000526
0.2541800000000052
0.25422000000000533
0.25426000000000526
0.25426000000000537
0.25420000000000537
0.25386000000000547
0.2536100000000055
0.25333000000000555
0.2530800000000055
0.2527500000000056
0.25229000000000557
0.25144000000000566
0.2510500000000057
0.25094000000000577
0.25093000000000576
0.2509700000000058
0.25093000000000587
0.25091000000000596
0.25089000000000594
0.250820000000006
0.250860000000006
0.25090000000000606
0.2509400000000061
0.25098000000000614
0.2510200000000062
0.2510600000000062
0.25110000000000626
0.2511400000000063
0.25118000000000634
0.2512200000000064
0.2512600000000064
0.25130000000000646
0.2513400000000065
0.25138000000000654
0.25140000000000656
0.25143000000000665
0.25147000000000663
0.25151000000000673
0.2515500000000067
0.2515900000000068
0.2516300000000068
0.2516100000000069
0.25159000000000686
0.251590000000007
0.251630000000007
0.25167000000000705
0.25171000000000704
0.2517500000000071
0.2517900000000071
0.2518200000000072
0.2518600000000072
0.2519000000000073
0.25194000000000727
0.25198000000000736
0.25202000000000735
0.25206000000000744
0.25210000000000743
0.2521400000000075
0.25215000000000753
0.25219000000000763
0.25223000000000756
0.2522700000000077
0.2523100000000077
0.25235000000000773
0.2523900000000078
0.25243000000000787
0.25247000000000785
0.25249000000000793
0.25249000000000793
0.25253000000000797
0.252570000000008
0.2526100000000081
0.2526000000000081
0.2526400000000082
0.2526800000000082
0.2526700000000082
0.2526700000000083
0.2527100000000083
0.2527500000000083
0.2527900000000084
0.2528300000000084
0.2528700000000085
0.2529100000000085
0.25295000000000856
0.2529900000000086
0.25303000000000864
0.2530700000000087
0.2531100000000087
0.25315000000000876
0.2531900000000088
0.25323000000000884
0.2532700000000089
0.25330000000000885
0.25334000000000895
0.253380000000009
0.253420000000009
0.25346000000000907
0.2535000000000091
0.25354000000000915
0.2535800000000092
0.2536200000000092
0.25366000000000927
0.2537000000000093
0.25374000000000935
0.25378000000000933
0.2538200000000094
0.25384000000000945
0.2536900000000095
0.25321000000000954
0.2525000000000096
0.2518400000000096
0.2513400000000097
0.2508400000000097
0.25046000000000973
0.2502300000000098
0.2502000000000098
0.25024000000000984
0.25022000000000993
0.25022000000001
0.25021000000001
0.25025000000001
0.25029000000001006
0.2503300000000101
0.25034000000001017
0.2503500000000102
0.2503900000000102
0.25043000000001026
0.2504700000000103
0.25051000000001034
0.2505500000000104
0.2505900000000104
0.25063000000001046
0.2506700000000105
0.25071000000001054
0.2507500000000106
0.2507800000000106
0.25081000000001064
0.25085000000001073
0.2508900000000107
0.2509300000000108
0.25097000000001085
0.2510100000000109
0.2510200000000109
0.251060000000011
0.251100000000011
0.251140000000011
0.25118000000001106
0.25122000000001116
0.25126000000001114
0.25130000000001124
0.2513400000000112
0.25138000000001126
0.25142000000001125
0.25146000000001134
0.2514700000000114
0.25151000000001145
0.25155000000001143
0.2515700000000115
0.2515700000000115
0.2516100000000116
0.2516300000000116
0.25162000000001167
0.2515400000000117
0.25155000000001176
0.25159000000001175
0.2516100000000118
0.25153000000001186
0.25156000000001194
0.2516000000000119
0.25154000000001203
0.251400000000012
0.25130000000001207
0.2513300000000121
0.25137000000001214
0.2514100000000122
0.2514500000000122
0.2514900000000122
0.2515200000000123
0.25147000000001235
0.2513000000000124
0.2511700000000124
0.25097000000001246
0.2504600000000125
0.24984000000001252
0.2489100000000126
0.24759000000001263
0.24613000000001267
0.24531000000001268
0.24449000000001275
0.2436100000000128
0.24269000000001284
0.24199000000001286
0.2413800000000129
0.24095000000001296
0.24061000000001298
0.24034000000001302
0.24017000000001304
0.2400700000000131
0.24003000000001312
0.23998000000001318
0.2399300000000132
0.23988000000001325
0.2399100000000133
0.23995000000001335
0.23998000000001338
0.24002000000001342
0.24006000000001346
0.2401000000000135
0.2401400000000135
0.2401800000000136
0.24022000000001362
0.24026000000001368
0.2402800000000137
0.24032000000001374
0.24035000000001377
0.24039000000001381
0.24042000000001387
0.2404600000000139
0.24046000000001397
0.24039000000001398
0.24033000000001403
0.24028000000001407
0.2403000000000141
0.24034000000001413
0.24038000000001417
0.24042000000001423
0.24046000000001425
0.24050000000001429
0.24054000000001435
0.2405800000000144
0.24062000000001443
0.24066000000001447
0.24070000000001449
0.24071000000001452
0.2407200000000146
0.2407600000000146
0.24080000000001464
0.2408000000000147
0.24076000000001474
0.2407900000000148
0.24081000000001485
0.24085000000001486
0.24089000000001487
0.24092000000001493
0.24095000000001496
0.24099000000001503
0.24103000000001504
0.2410700000000151
0.24111000000001515
0.24115000000001519
0.24119000000001523
0.24123000000001527
0.24127000000001528
0.24123000000001535
0.2410700000000154
0.24109000000001543
0.24113000000001544
0.2411200000000155
0.24116000000001556
0.2411900000000156
0.24111000000001562
0.24089000000001567
0.2409200000000157
0.24096000000001574
0.24100000000001578
0.24104000000001582
0.24107000000001585
0.2411000000000159
0.24114000000001595
0.241180000000016
0.24122000000001603
0.24126000000001607
0.24130000000001608
0.24134000000001612
0.2413800000000162
0.2414200000000162
0.24134000000001626
0.2412000000000163
0.24098000000001632
0.24077000000001636
0.2406800000000164
0.24070000000001648
0.2407400000000165
0.24078000000001654
0.24082000000001658
0.24086000000001664
0.24087000000001665
0.24086000000001667
0.24077000000001675
0.2407200000000168
0.2407200000000168
0.24053000000001684
0.24015000000001688
0.23994000000001695
0.239930000000017
0.23997000000001703
0.24001000000001704
0.24005000000001708
0.24009000000001715
0.24013000000001716
0.2401700000000172
0.24020000000001726
0.2402300000000173
0.24025000000001734
0.24024000000001738
0.2401200000000174
0.24014000000001745
0.24018000000001752
0.24022000000001753
0.24026000000001754
0.24030000000001764
0.24034000000001765
0.2403200000000177
0.24032000000001774
0.24034000000001776
0.24035000000001783
0.24039000000001787
0.24043000000001788
0.24047000000001792
0.24049000000001797
0.240450000000018
0.24039000000001806
0.2404200000000181
0.24046000000001813
0.24050000000001817
0.24051000000001824
0.24048000000001826
0.24043000000001832
0.24034000000001834
0.24037000000001837
0.2404100000000184
0.24045000000001845
0.2404900000000185
0.24053000000001853
0.24057000000001857
0.24061000000001861
0.24058000000001867
0.2404600000000187
0.24032000000001874
0.24032000000001874
0.2403500000000188
0.24039000000001884
0.24043000000001888
0.2404700000000189
0.240510000000019
0.240550000000019
0.24059000000001907
0.2406300000000191
0.24067000000001915
0.24071000000001916
0.24075000000001923
0.24079000000001924
0.2408300000000193
0.24087000000001932
0.24086000000001936
0.24088000000001938
0.24091000000001947
0.24095000000001948
0.24099000000001952
0.2410300000000196
0.2410700000000196
0.24111000000001964
0.2411500000000197
0.24119000000001972
0.24123000000001973
0.24127000000001983
0.24131000000001984
0.2413500000000199
0.24139000000001995
0.24143000000001996
0.24147000000002003
0.24151000000002007
0.24155000000002008
0.24159000000002012
0.24163000000002016
0.2416700000000202
0.24168000000002024
0.2417100000000203
0.24173000000002032
0.24177000000002039
0.24179000000002043
0.24165000000002046
0.2414600000000205
0.24143000000002052
0.24144000000002058
0.24148000000002062
0.24152000000002063
0.2415600000000207
0.24159000000002073
0.24163000000002074
0.2416700000000208
0.24170000000002084
0.24161000000002086
0.24128000000002095
0.24100000000002098
0.24054000000002101
0.23994000000002103
0.2392800000000211
0.23877000000002113
0.23833000000002116
0.2381500000000212
0.23817000000002125
0.2382100000000213
0.2382500000000213
0.2382900000000214
0.23833000000002139
0.23837000000002145
0.2384100000000215
0.23845000000002153
0.23849000000002155
0.2385300000000216
0.23856000000002164
0.23860000000002168
0.2386400000000217
0.2386600000000218
0.23869000000002183
0.23873000000002184
0.2387500000000219
0.2387900000000219
0.23883000000002194
0.238870000000022
0.23891000000002202
0.2389500000000221
0.23899000000002213
0.23903000000002217
0.2390700000000222
0.23911000000002225
0.23915000000002226
0.2391900000000223
0.23923000000002237
0.2392700000000224
0.23931000000002245
0.2393500000000225
0.23929000000002254
0.23933000000002255
0.23935000000002263
0.23939000000002264
0.2394200000000227
0.2394600000000227
0.23949000000002277
0.23950000000002283
0.23954000000002285
0.23958000000002289
0.23962000000002293
0.239660000000023
0.239700000000023
0.23974000000002305
0.2397800000000231
0.23982000000002313
0.23986000000002317
0.23990000000002323
0.23993000000002326
0.23997000000002328
0.24001000000002334
0.24005000000002338
0.24009000000002342
0.24013000000002346
0.2401700000000235
0.24021000000002352
0.24025000000002356
0.24029000000002362
0.24033000000002366
0.2403600000000237
0.24036000000002375
0.24039000000002378
0.24042000000002384
0.24040000000002384
0.2401600000000239
0.23998000000002395
0.23975000000002397
0.23970000000002403
0.23956000000002406
0.2394500000000241
0.23944000000002413
0.23948000000002417
0.23952000000002419
0.23952000000002424
0.23950000000002428
0.23953000000002433
0.23957000000002437
0.2396100000000244
0.23965000000002448
0.2396900000000245
0.23966000000002452
0.23955000000002458
0.2395100000000246
0.23954000000002465
0.23958000000002472
0.23962000000002473
0.23964000000002478
0.2396000000000248
0.23957000000002485
0.2394800000000249
0.23938000000002496
0.23934000000002495
0.23938000000002502
0.23942000000002503
0.23946000000002507
0.23950000000002516
0.23954000000002515
0.23958000000002522
0.23962000000002523
0.2396600000000253
0.2397000000000253
0.23974000000002535
0.2397800000000254
0.23982000000002546
0.2398500000000255
0.2398900000000255
0.2399300000000256
0.2399700000000256
0.24001000000002562
0.24005000000002572
0.24009000000002573
0.24012000000002579
0.2401600000000258
0.24020000000002587
0.24024000000002588
0.24028000000002595
0.24031000000002595
0.240350000000026
0.24039000000002603
0.2404300000000261
0.24043000000002612
0.24031000000002614
0.2399900000000262
0.23943000000002626
0.23876000000002628
0.23767000000002633
0.23661000000002635
0.23555000000002638
0.23476000000002642
0.23446000000002648
0.23448000000002653
0.23452000000002657
0.2345600000000266
0.23460000000002662
0.23464000000002666
0.23468000000002673
0.23472000000002674
0.23473000000002678
0.23476000000002684
0.2347900000000269
0.2347900000000269
0.234830000000027
0.234870000000027
0.23491000000002704
0.23495000000002708
0.23499000000002712
0.23503000000002716
0.23507000000002723
0.23511000000002724
0.2351500000000273
0.2351800000000273
0.23522000000002738
0.2352600000000274
0.23528000000002747
0.23527000000002746
0.23529000000002753
0.23526000000002756
0.2352800000000276
0.23532000000002762
0.23536000000002769
0.23535000000002773
0.23537000000002778
0.2354100000000278
0.23544000000002785
0.2353300000000279
0.2352600000000279
0.23530000000002796
0.235340000000028
0.235380000000028
0.2354200000000281
0.23546000000002812
0.23550000000002816
0.23554000000002823
0.23558000000002824
0.23562000000002825
0.23566000000002835
0.23570000000002836
0.23574000000002837
0.23578000000002844
0.23582000000002848
0.23586000000002852
0.23590000000002856
0.2359400000000286
0.23598000000002864
0.23602000000002868
0.23606000000002872
0.23609000000002875
0.23613000000002882
0.23617000000002883
0.2362000000000289
0.23624000000002893
0.23628000000002897
0.23632000000002898
0.23636000000002902
0.2364000000000291
0.23644000000002915
0.23648000000002917
0.2365200000000292
0.23656000000002925
0.2366000000000293
0.23664000000002933
0.23668000000002937
0.23672000000002938
0.23675000000002944
0.2367600000000295
0.23679000000002953
0.23683000000002954
0.2368700000000296
0.23691000000002965
0.23693000000002967
0.2369600000000297
0.2370000000000298
0.2370400000000298
0.23708000000002985
0.23708000000002988
0.2371100000000299

Avalanche_Distribution:
1
2
1
1
1
1
1
2
3
1
6
17
7
26
4
15
7
4
1
5
1
381
31
2
1
16
1
3
6
5
9
1
402
10
5
6
1
1
3
3
6
22
15
43
1262
1
2
1
1
36
6
12
3
2
30
5
40
2
96
31
98
2
25
6
5
4
21
33
46
7
1
4
2
53
1
394
1
2
1
2
10
2
1
4
1
6
1
130
11
31
52
1
1
1
639
4
1
4
1
7
11
7
27
1
1
1
4
1
2
5
