
Branching_global:
3.983000000000001e-09
4.0394099999999966e-07
8.028509999999979e-07
1.201650000000003e-06
1.600418000000011e-06
1.995730000000016e-06
2.3955900000000035e-06
2.7957539999999907e-06
3.194358999999979e-06
3.5884799999999673e-06

Autocorrelation:
-5.170301849755042e-05
-6.792556739221004e-05
-7.124995443742094e-05
-7.335780334382508e-05
-7.493305267792723e-05
-7.619337496515713e-05
-7.726852063923154e-05
-7.820192674476808e-05
-7.902561969631294e-05
-7.975892486295954e-05

Average_Activity:
0.75
0.0
0.0
0.25
0.0
0.0
0.0
0.0
0.0
0.0
0.0
0.0
0.0
0.0
0.0
0.0
0.0
0.0
0.0
0.0
0.0
0.0
0.0
0.0
0.0
0.0
0.0
0.0
0.0
0.0
0.0
0.0
0.0
0.0
0.0
0.0
0.0
0.0
0.0
0.0
0.0
0.0
0.0
0.0
0.0
0.25
0.0
0.0
0.0
0.0
0.0
0.0
0.0
0.0
0.0
0.25
0.0
0.0
0.0
0.0
0.0
0.0
0.0
0.0
0.0
0.0
0.0
0.0
0.25
0.0
0.0
0.0
0.0
0.0
0.0
0.0
0.0
0.0
0.0
0.0
0.0
0.25
0.0
0.0
0.0
0.0
0.0
0.0
0.0
0.0
0.0
0.0
0.0
0.0
0.0
0.0
0.0
0.0
0.0
0.0
0.0
0.0
0.0
0.0
0.0
0.25
0.0
0.0
0.0
0.0
0.0
0.0
0.0
0.0
0.0
0.0
0.0
0.0
0.0
0.0
0.0
0.0
0.0
0.0
0.0
0.0
0.0
0.0
0.0
0.0
0.0
0.0
0.0
0.0
0.0
0.25
0.0
0.0
0.0
0.0
0.0
0.0
0.0
0.0
0.0
0.0
0.0
0.0
0.0
0.0
0.0
0.0
0.0
0.0
0.0
0.0
0.0
0.0
0.25
0.0
0.0
0.0
0.0
0.0
0.0
0.0
0.0
0.0
0.0
0.0
0.0
0.0
0.0
0.0
0.0
0.0
0.0
0.0
0.0
0.0
0.0
0.0
0.0
0.0
0.0
0.0
0.0
0.0
0.0
0.0
0.0
0.0
0.0
0.0
0.0
0.0
0.0
0.0
0.0
0.0
0.0
0.0
0.0
0.0
0.0
0.0
0.0
0.0
0.25
0.0
0.0
0.0
0.0
0.0
0.0
0.0
0.0
0.0
0.0
0.0
0.0
0.0
0.0
0.0
0.0
0.0
0.0
0.0
0.0
0.0
0.0
0.0
0.0
0.0
0.0
0.0
0.0
0.0
0.0
0.0
0.0
0.0
0.25
0.0
0.0
0.0
0.0
0.0
0.0
0.0

Average_Alpha:
9.970000000000004e-10
4.997000000000002e-09
8.997000000000001e-09
1.2986e-08
1.6986000000000004e-08
2.0985999999999993e-08
2.4985999999999986e-08
2.8986e-08
3.2986e-08
3.698600000000002e-08
4.098600000000002e-08
4.4986000000000016e-08
4.898600000000006e-08
5.2986000000000055e-08
5.698600000000005e-08
6.098600000000004e-08
6.498600000000004e-08
6.898600000000002e-08
7.298599999999999e-08
7.6986e-08
8.098599999999996e-08
8.498599999999998e-08
8.898599999999992e-08
9.298599999999993e-08
9.698599999999989e-08
1.0098599999999992e-07
1.0498599999999987e-07
1.0898599999999987e-07
1.1298599999999982e-07
1.1698599999999983e-07
1.2098599999999978e-07
1.2498599999999982e-07
1.2898599999999978e-07
1.3298599999999976e-07
1.3698599999999972e-07
1.409859999999997e-07
1.4498599999999973e-07
1.4898599999999972e-07
1.5298599999999967e-07
1.5698599999999963e-07
1.609859999999997e-07
1.6498599999999965e-07
1.689859999999996e-07
1.729859999999996e-07
1.769859999999996e-07
1.8080599999999961e-07
1.8480599999999952e-07
1.8880599999999947e-07
1.928059999999996e-07
1.9680599999999952e-07
2.0080599999999948e-07
2.0480599999999943e-07
2.088059999999995e-07
2.1280599999999948e-07
2.168059999999994e-07
2.2058499999999932e-07
2.2458499999999941e-07
2.285849999999994e-07
2.3258499999999933e-07
2.3658499999999926e-07
2.4058499999999945e-07
2.4458499999999943e-07
2.485849999999996e-07
2.525849999999996e-07
2.5658499999999975e-07
2.6058499999999974e-07
2.6458499999999993e-07
2.6858499999999997e-07
2.7231300000000006e-07
2.763130000000001e-07
2.8031300000000035e-07
2.8431300000000033e-07
2.883130000000004e-07
2.923130000000004e-07
2.963130000000007e-07
3.0031300000000074e-07
3.0431300000000083e-07
3.083130000000008e-07
3.12313000000001e-07
3.16313000000001e-07
3.2031300000000113e-07
3.239890000000012e-07
3.279890000000014e-07
3.3198900000000145e-07
3.359890000000015e-07
3.399890000000015e-07
3.439890000000017e-07
3.479890000000018e-07
3.5198900000000184e-07
3.559890000000019e-07
3.5998900000000207e-07
3.6398900000000216e-07
3.6798900000000214e-07
3.7198900000000223e-07
3.7598900000000243e-07
3.7998900000000257e-07
3.8398900000000245e-07
3.879890000000026e-07
3.9198900000000273e-07
3.9598900000000287e-07
3.999890000000028e-07
4.0398900000000294e-07
4.0798900000000314e-07
4.1198900000000323e-07
4.1598900000000316e-07
4.1957100000000325e-07
4.235710000000035e-07
4.2757100000000364e-07
4.3157100000000346e-07
4.355710000000036e-07
4.3957100000000385e-07
4.43571000000004e-07
4.4757100000000387e-07
4.51571000000004e-07
4.5557100000000415e-07
4.595710000000043e-07
4.635710000000042e-07
4.6757100000000437e-07
4.7157100000000456e-07
4.755710000000047e-07
4.795710000000045e-07
4.835710000000045e-07
4.875710000000043e-07
4.915710000000043e-07
4.95571000000004e-07
4.99571000000004e-07
5.035710000000037e-07
5.075710000000038e-07
5.115710000000034e-07
5.155710000000035e-07
5.195710000000033e-07
5.235710000000033e-07
5.275710000000029e-07
5.315710000000029e-07
5.355710000000027e-07
5.390300000000028e-07
5.430300000000026e-07
5.470300000000025e-07
5.510300000000023e-07
5.550300000000022e-07
5.590300000000021e-07
5.63030000000002e-07
5.670300000000018e-07
5.710300000000017e-07
5.750300000000016e-07
5.790300000000014e-07
5.830300000000014e-07
5.870300000000012e-07
5.910300000000011e-07
5.950300000000011e-07
5.990300000000008e-07
6.030300000000007e-07
6.070300000000006e-07
6.110300000000005e-07
6.150300000000003e-07
6.190300000000002e-07
6.230300000000001e-07
6.2703e-07
6.303989999999998e-07
6.343989999999997e-07
6.383989999999995e-07
6.423989999999996e-07
6.463989999999995e-07
6.503989999999992e-07
6.543989999999991e-07
6.583989999999991e-07
6.62398999999999e-07
6.663989999999987e-07
6.703989999999986e-07
6.743989999999987e-07
6.783989999999986e-07
6.823989999999983e-07
6.863989999999982e-07
6.903989999999983e-07
6.943989999999981e-07
6.983989999999977e-07
7.023989999999977e-07
7.063989999999978e-07
7.103989999999977e-07
7.143989999999971e-07
7.183989999999972e-07
7.223989999999973e-07
7.263989999999972e-07
7.303989999999967e-07
7.343989999999967e-07
7.383989999999968e-07
7.423989999999966e-07
7.463989999999962e-07
7.503989999999962e-07
7.543989999999962e-07
7.583989999999961e-07
7.623989999999956e-07
7.663989999999956e-07
7.703989999999957e-07
7.743989999999957e-07
7.783989999999951e-07
7.823989999999951e-07
7.863989999999952e-07
7.903989999999952e-07
7.943989999999946e-07
7.983989999999947e-07
8.023989999999947e-07
8.063989999999948e-07
8.103989999999942e-07
8.143989999999942e-07
8.183989999999943e-07
8.223989999999943e-07
8.263989999999938e-07
8.295679999999938e-07
8.335679999999938e-07
8.375679999999939e-07
8.415679999999932e-07
8.455679999999932e-07
8.495679999999934e-07
8.535679999999933e-07
8.575679999999926e-07
8.615679999999928e-07
8.655679999999928e-07
8.695679999999928e-07
8.735679999999922e-07
8.775679999999922e-07
8.815679999999923e-07
8.855679999999923e-07
8.895679999999916e-07
8.935679999999917e-07
8.975679999999918e-07
9.015679999999918e-07
9.055679999999911e-07
9.095679999999912e-07
9.135679999999913e-07
9.175679999999913e-07
9.215679999999906e-07
9.255679999999907e-07
9.295679999999908e-07
9.335679999999907e-07
9.375679999999901e-07
9.415679999999903e-07
9.455679999999904e-07
9.495679999999904e-07
9.535679999999906e-07
9.5756799999999e-07
9.61567999999991e-07
9.646009999999908e-07
9.686009999999917e-07
9.726009999999911e-07
9.766009999999923e-07
9.806009999999917e-07
9.84600999999993e-07
9.886009999999923e-07
9.926009999999935e-07

Avalanche_Distribution:
3
1
1
1
1
1
1
1
1
1
1
