
Branching_global:
1.0800000040000002
1.0800004040000108
1.080000804000022
1.0800012040000324
1.080001604000044
1.0800020020000545
1.0800024020000656
1.0800028020000765
1.0800032030000872
1.080003603000098
1.080003998000109
1.0800043980001197
1.0800048000001308
1.0800052000001414
1.0800056000001528
1.0800059960001631
1.0800063990001743
1.080006801000185
1.080007200000196
1.0800076010002069
1.080008003000218
1.0800084000002288
1.08000879800024
1.0800092000002506
1.0800095970002617
1.0800100000002721
1.0800103990002834
1.0800107970002941
1.0800111990003052
1.0800116010003158
1.080012002000327
1.0800124030003375
1.0800128010003487
1.0800132030003593
1.0800136010003705
1.080014002000381
1.0800143980003922
1.0800147950004029
1.0800152000004142
1.080015596000425
1.0800159990004359
1.0800164010004465
1.0800168000004577
1.0800172010004683
1.0800176010004794
1.08001799800049
1.0800184010005012
1.0800188010005118
1.0800191990005228
1.0800196020005337
1.0800200040005448
1.0800203990005552
1.0800207870005665
1.0800211870005771
1.0800215870005885
1.080021986000599
1.0800223840006102
1.0800227930006208
1.080023191000632
1.0800235910006426
1.0800239860006535
1.0800243920006642
1.0800247860006753
1.080025186000686
1.0800255760006972
1.0800259890007078
1.080026382000719
1.0800267860007298
1.0800271810007407
1.0800275790007516
1.0800279880007626
1.0800283830007733
1.080028787000784
1.0800291860007951
1.0800295830008062
1.080029992000817
1.0800303870008279
1.0800307830008387
1.0800311880008495
1.0800315870008603
1.0800319880008715
1.0800323730008823
1.080032791000893
1.080024986000904
1.0799767220009135
1.0799209060009225
1.0798764480009322
1.0798241340009418
1.079767558000951
1.0797135650009604
1.0796500970009695
1.0796012070009788
1.079544556000988
1.0794967430009976
1.0794408990010067
1.0793995500010165
1.0793523300010262
1.0792909530010353
1.0792353720010444
1.079178592001054

Autocorrelation:
0.012993586587619158
0.012993524057081185
0.012993461527168144
0.0129933989978802
0.012993336469217067
0.012993274253817699
0.012993211726401449
0.012993149199610187
0.012993086517129267
0.012993023991589485
0.012992962248232114
0.012992899723934366
0.012992836887644682
0.012992774364599866
0.012992711842179835
0.012992649945599682
0.012992586955516736
0.01299252412236868
0.012992461758748774
0.012992399083155656
0.012992336251894604
0.01299227420273627
0.01299221199790059
0.012992149168518716
0.012992087121216054
0.012992024136800378
0.012991961778164828
0.012991899576435977
0.012991836750191967
0.012991773924579042
0.012991711255877288
0.012991648587803498
0.012991586389188873
0.012991523566090483
0.012991461368719027
0.012991398703148744
0.012991336819560665
0.012991274780315558
0.012991211491543322
0.012991149609807474
0.012991086634831112
0.012991023816751924
0.012990961468088107
0.012990898807525958
0.012990836303849859
0.01299077426956898
0.012990711298371514
0.012990648796569254
0.012990586607895847
0.012990523638587756
0.012990460826162622
0.01299039910810067
0.012990338484369302
0.012990275986292469
0.012990213488840045
0.012990151148253533
0.012990088964528041
0.012990025062801143
0.012989962880329243
0.012989900386005606
0.01298983867347375
0.01298977524299975
0.012989713687933052
0.01298965119609939
0.012989590267162648
0.01298952574562823
0.012989464349241232
0.012989401235008684
0.012989339527402017
0.01298927735174581
0.012989213458310984
0.012989151752557118
0.012989088641479194
0.012989026312104017
0.012988964295773316
0.012988900405536834
0.012988838702871718
0.012988776844608451
0.012988713581108476
0.012988651255471355
0.012988588618050806
0.012988528480469292
0.012988463188892858
0.012989682441903289
0.012997227254553153
0.013005963982203739
0.013012931604600562
0.013021140383281452
0.013030030040697776
0.013038525599366224
0.013048526727317258
0.013056241559765081
0.013065192932007022
0.013072757742978922
0.01308160471493758
0.013088163360910631
0.013095661602012513
0.013105421228578296
0.013114272266114849
0.013123327064616285

Average_Activity:
0.0
0.0
0.0
0.0
0.0
0.0
0.0
0.0
0.0
0.0
0.0
0.0
0.0
0.0
0.0
0.0
0.0
0.0
0.0
0.0
0.0
0.0
0.0
0.0
0.0
0.0
0.0
0.0
0.0
0.0
0.0
0.0
0.0
0.0
0.0
0.0
0.0
0.0
0.0
0.0
0.0
0.0
0.0
0.0
0.0
0.0
0.0
0.0
0.0
0.0
0.0
0.0
0.0
0.0
0.0
0.0
0.0
0.0
0.0
0.0
0.0
0.0
0.0
0.0
0.0
0.0
0.0
0.0
0.0
0.0
0.0
0.0
0.0
0.0
0.0
0.0
0.0
0.0
0.0
0.0
0.0
0.0
0.0
0.0
0.0
0.0
0.0
0.0
0.0
0.0
0.0
0.0
0.0
0.0
0.0
0.0
0.0
0.0
0.0
0.0
0.0
0.0
0.0
0.0
0.0
0.0
0.0
0.0
0.0
0.0
0.0
0.0
0.0
0.0
0.0
0.0
0.0
0.0
0.0
0.25
0.0
0.0
0.0
0.0
0.0
0.0
0.0
0.0
0.0
0.0
0.0
0.0
0.0
0.0
0.0
0.0
0.0
0.0
0.0
0.0
0.0
0.0
0.0
0.0
0.0
0.0
0.0
0.0
0.0
0.0
0.0
0.0
0.0
0.0
0.0
0.0
0.0
0.0
0.0
0.0
0.0
0.0
0.0
0.0
0.0
0.0
0.0
0.0
0.0
0.0
0.0
0.0
0.0
0.0
0.0
0.0
0.0
0.0
0.0
0.0
0.0
0.0
0.0
0.0
0.0
0.0
0.0
0.0
0.0
0.0
0.0
0.0
0.0
0.0
0.0
0.0
0.0
0.0
0.0
0.0
0.0
0.0
0.0
0.0
0.0
0.0
0.0
0.0
0.0
0.0
0.0
0.0
0.0
0.0
0.0
0.0
0.0
0.0
0.0
0.0
0.0
0.0
0.0
0.0
0.0
0.0
0.0
0.0
0.0
0.0
0.0
0.0
0.0
0.0
0.0
0.0
0.0
0.0
0.0
0.0
0.0
0.0
0.0
0.0
0.0
0.0
0.0
0.0
0.0
0.0
0.0
0.0
0.0
0.0
0.0
0.0
0.0
0.0
0.0
0.0
0.0
0.0
0.0
0.0
0.0
0.0
0.0
0.0
0.0
0.0
0.0
0.0
0.0
0.0
0.0
0.0
0.0
0.0
0.0
0.0
0.0
0.0
0.0
0.0
0.0
0.0
0.0
0.0
0.0
0.0
0.0
0.0
0.0
0.0
0.0
0.0
0.0
0.0
0.0
0.0
0.0
0.0
0.0
0.0
0.0
0.0
0.0
0.0
0.0
0.0
0.0
0.0
0.0
0.0
0.0
0.0
0.0
0.0
0.0
0.0
0.0
0.0
0.0
0.0
0.0
0.0
0.0
0.0
0.0
0.0
0.0
0.0
0.0
0.0
0.0
0.0
0.0
0.0
0.0
0.0
0.0
0.0
0.0
0.0
0.0
0.0
0.0
0.0
0.0
0.0
0.0
0.0
0.0
0.0
0.0
0.0
0.0
0.0
0.0
0.0
0.0
0.0
0.0
0.0
0.0
0.0
0.0
0.0
0.0
0.0
0.0
0.0
0.0
0.0
0.0
0.0
0.0
0.0
0.0
0.0
0.0
0.0
0.0
0.0
0.0
0.0
0.0
0.0
0.0
0.0
0.0
0.0
0.0
0.0
0.0
0.0
0.0
0.0
0.0
0.0
0.0
0.0
0.0
0.0
0.0
0.0
0.0
0.0
0.0
0.0
0.0
0.0
0.0
0.0
0.0
0.0
0.0
0.0
0.0
0.0
0.0
0.0
0.0
0.0
0.0
0.0
0.0
0.0
0.0
0.0
0.0
0.0
0.0
0.0
0.0
0.0
0.0
0.0
0.0
0.0
0.0
0.0
0.0
0.0
0.0
0.0
0.0
0.0
0.0
0.0
0.0
0.0
0.0
0.0
0.0
0.0
0.0
0.0
0.0
0.0
0.0
0.0
0.0
0.0
0.0
0.0
0.0
0.0
0.0
0.0
0.0
0.0
0.0
0.0
0.0
0.0
0.0
0.0
0.0
0.0
0.0
0.0
0.0
0.0
0.0
0.0
0.0
0.0
0.0
0.0
0.0
0.0
0.0
0.0
0.0
0.0
0.0
0.0
0.0
0.0
0.0
0.0
0.0
0.0
0.0
0.0
0.0
0.0
0.0
0.0
0.0
0.0
0.0
0.0
0.0
0.0
0.0
0.0
0.0
0.0
0.0
0.0
0.0
0.0
0.0
0.0
0.0
0.0
0.0
0.0
0.0
0.0
0.0
0.0
0.0
0.0
0.0
0.0
0.0
0.0
0.0
0.0
0.0
0.0
0.0
0.0
0.0
0.0
0.0
0.0
0.0
0.0
0.0
0.0
0.0
0.0
0.0
0.0
0.0
0.0
0.0
0.0
0.0
0.0
0.0
0.0
0.0
0.0
0.0
0.0
0.0
0.0
0.0
0.0
0.0
0.0
0.0
0.0
0.0
0.0
0.0
0.0
0.0
0.0
0.0
0.0
0.0
0.0
0.0
0.0
0.0
0.0
0.0
0.0
0.0
0.0
0.0
0.0
0.0
0.0
0.0
0.0
0.0
0.0
0.0
0.0
0.0
0.0
0.0
0.0
0.0
0.0
0.0
0.0
0.0
0.0
0.0
0.0
0.0
0.0
0.0
0.0
0.0
0.0
0.0
0.0
0.0
0.0
0.0
0.0
0.0
0.0
0.0
0.0
0.0
0.0
0.0
0.0
0.0
0.0
0.0
0.0
0.0
0.0
0.0
0.0
0.0
0.0
0.0
0.0
0.0
0.0
0.0
0.0
0.0
0.0
0.0
0.0
0.0
0.0
0.0
0.0
0.0
0.0
0.0
0.0
0.0
0.0
0.0
0.0
0.0
0.0
0.0
0.0
0.0
0.0
0.0
0.0
0.0
0.0
0.0
0.0
0.0
0.0
0.0
0.0
0.0
0.0
0.0
0.0
0.0
0.0
0.0
0.0
0.0
0.0
0.0
0.0
0.0
0.0
0.0
0.0
0.0
0.0
0.0
0.0
0.0
0.0
0.0
0.0
0.0
0.0
0.0
0.0
0.0
0.0
0.0
0.0
0.0
0.0
0.0
0.0
0.0
0.0
0.0
0.0
0.0
0.0
0.0
0.0
0.0
0.0
0.0
0.0
0.0
0.0
0.0
0.0
0.0
0.0
0.0
0.0
0.0
0.0
0.0
0.0
0.0
0.0
0.0
0.0
0.0
0.0
0.0
0.0
0.0
0.0
0.0
0.0
0.0
0.0
0.0
0.0
0.0
0.0
0.0
0.0
0.0
0.0
0.0
0.0
0.0
0.0
0.0
0.0
0.0
0.0
0.0
0.0
0.0
0.0
0.0
0.0
0.0
0.0
0.0
0.0
0.0
0.0
0.0
0.0
0.0
0.0
0.0
0.0
0.0
0.0
0.0
0.0
0.0
0.0
0.0
0.0
0.0
0.0
0.0
0.0
0.0
0.0
0.0
0.0
0.0
0.0
0.0
0.0
0.0
0.0
0.0
0.0
0.0
0.0
0.0
0.0
0.0
0.0
0.0
0.0
0.0
0.0
0.0
0.0
0.0
0.0
0.0
0.0
0.0
0.0
0.0
0.0
0.0
0.0
0.0
0.0
0.0
0.0
0.0
0.0
0.0
0.0
0.0
0.0
0.0
0.0
0.0
0.0
0.0
0.0
0.0
0.0
0.0
0.0
0.0
0.0
0.0
0.0
0.0
0.0
0.0
0.0
0.0
0.0
0.0
0.0
0.0
0.0
0.0
0.0
0.0
0.0
0.0
0.0
0.0
0.0
0.0
0.0
0.0
0.0
0.0
0.0
0.0
0.0
0.0
0.0
0.0
0.0
0.0
0.0
0.0
0.0
0.0
0.0
0.0
0.0
0.0
0.0
0.0
0.0
0.0
0.0
0.0
0.0
0.0
0.0
0.0
0.0
0.0
0.0
0.0
0.0
0.0
0.0
0.0
0.0
0.0
0.0
0.0
0.0
0.0
0.0
0.0
0.0
0.0
0.0
0.0
0.0
0.0
0.0
0.0
0.0
0.0
0.0
0.0
0.0
0.0
0.0
0.0
0.0
0.0
0.0
0.0
0.0
0.0
0.0
0.0
0.0
0.0
0.0
0.0
0.0
0.0
0.0
0.0
0.0
0.0
0.0
0.0
0.0
0.0
0.0
0.0
0.0
0.0
0.0
0.0
0.0
0.0
0.0
0.0
0.0
0.0
0.0
0.0
0.0
0.0
0.0
0.0
0.0
0.0
0.0
0.0
0.0
0.0
0.0
0.0
0.0
0.0
0.0
0.0
0.0
0.0
0.0
0.0
0.0
0.0
0.0
0.0
0.0
0.0
0.0
0.0
0.0
0.0
0.0
0.0
0.0
0.0
0.0
0.0
0.0
0.0
0.0
0.0
0.0
0.0
0.0
0.0
0.0
0.0
0.0
0.0
0.0
0.0
0.0
0.0
0.0
0.0
0.0
0.0
0.0
0.0
0.0
0.0
0.0
0.0
0.0
0.0
0.0
0.0
0.0
0.0
0.0
0.0
0.0
0.0
0.0
0.0
0.0
0.0
0.0
0.0
0.0
0.0
0.0
0.0
0.0
0.0
0.0
0.0
0.0
0.0
0.0
0.0
0.0
0.0
0.0
0.0
0.0
0.0
0.0
0.0
0.0
0.0
0.0
0.0
0.0
0.0
0.0
0.0
0.0
0.0
0.0
0.0
0.0
0.0
0.0
0.0
0.0
0.0
0.0
0.0
0.0
0.0
0.0
0.0
0.0
0.0
0.0
0.0
0.0
0.0
0.0
0.0
0.0
0.0
0.0
0.0
0.0
0.0
0.0
0.0
0.0
0.0
0.0
0.0
0.0
0.0
0.0
0.0
0.0
0.0
0.0
0.0
0.0
0.0
0.0
0.0
0.0
0.0
0.0
0.0
0.0
0.0
0.0
0.0
0.0
0.0
0.0
0.0
0.0
0.0
0.0
0.0
0.0
0.0
0.0
0.0
0.0
0.0
0.0
0.0
0.0
0.0
0.0
0.0
0.0
0.0
0.0
0.0
0.0
0.0
0.0
0.0
0.0
0.0
0.0
0.0
0.0
0.0
0.0
0.0
0.0
0.0
0.0
0.0
0.0
0.0
0.0
0.0
0.0
0.0
0.0
0.0
0.0
0.0
0.0
0.0
0.0
0.0
0.0
0.0
0.0
0.0
0.0
0.0
0.0
0.0
0.0
0.0
0.0
0.0
0.0
0.0
0.0
0.0
0.0
0.0
0.0
0.0
0.0
0.0
0.0
0.0
0.0
0.0
0.0
0.0
0.0
0.0
0.0
0.0
0.0
0.0
0.0
0.0
0.0
0.0
0.0
0.0
0.0
0.0
0.0
0.0
0.0
0.0
0.0
0.0
0.0
0.0
0.0
0.0
0.0
0.0
0.0
0.0
0.0
0.0
0.0
0.0
0.0
0.0
0.0
0.0
0.0
0.0
0.0
0.0
0.0
0.0
0.0
0.0
0.0
0.0
0.0
0.0
0.0
0.0
0.0
0.0
0.0
0.0
0.0
0.0
0.0
0.0
0.0
0.0
0.0
0.0
0.0
0.0
0.0
0.0
0.0
0.0
0.0
0.0
0.5
0.25
0.0
0.0
0.0
0.0
0.0
0.0
0.0
0.0
0.0
0.0
0.0
0.0
0.0
0.0
0.0
0.0
0.0
0.0
0.0
0.0
0.0
0.0
0.0
0.0
0.0
0.0
0.0
0.0
0.0
0.0
0.0
0.0
0.0
0.0
0.0
0.0
0.0
0.0
0.0
0.0
0.0
0.0
0.0
0.0
0.0
0.0
0.0
0.0
0.0
0.0
0.0
0.0
0.0
0.0
0.0
0.0
0.0
0.0
0.0
0.0
0.0
0.0
0.0
0.0
0.0
0.0
0.0
0.0
0.0
0.0
0.0
0.0
0.0
0.0
0.0
0.0
0.0
0.0
0.0
0.0
0.0
0.0
0.0
0.0
0.0
0.0
0.0
0.0
0.0
0.0
0.0
0.0
0.0
0.0
0.0
0.0
0.0
0.0
0.0
0.0
0.0
0.0
0.0
0.0
0.0
0.0
0.0
0.0
0.0
0.0
0.0
0.0
0.0
0.0
0.0
0.0
0.0
0.0
0.0
0.0
0.0
0.0
0.0
0.0
0.0
0.0
0.0
0.0
0.0
0.0
0.0
0.0
0.0
0.0
0.0
0.0
0.0
0.0
0.0
0.0
0.0
0.0
0.0
0.0
0.0
0.0
0.0
0.0
0.0
0.0
0.0
0.0
0.0
0.0
0.0
0.0
0.0
0.0
0.0
0.0
0.0
0.0
0.0
0.0
0.0
0.0
0.0
0.0
0.0
0.0
0.0
0.0
0.0
0.0
0.0
0.0
0.0
0.0
0.0
0.0
0.0
0.0
0.0
0.0
0.0
0.0
0.0
0.0
0.0
0.0
0.0
0.0
0.0
0.0
0.0
0.0
0.0
0.0
0.0
0.0
0.0
0.0
0.0
0.0
0.0
0.0
0.0
0.0
0.0
0.0
0.0
0.0
0.0
0.0
0.0
0.0
0.0
0.0
0.0
0.0
0.0
0.0
0.0
0.0
0.0
0.0
0.0
0.0
0.0
0.0
0.0
0.0
0.0
0.0
0.0
0.0
0.0
0.0
0.0
0.0
0.0
0.0
0.0
0.0
0.0
0.0
0.0
0.0
0.0
0.0
0.0
0.0
0.0
0.0
0.0
0.0
0.0
0.0
0.0
0.0
0.0
0.0
0.0
0.0
0.0
0.0
0.0
0.0
0.0
0.0
0.0
0.0
0.0
0.0
0.0
0.0
0.0
0.0
0.0
0.0
0.0
0.0
0.0
0.0
0.0
0.0
0.0
0.0
0.0
0.0
0.0
0.0
0.0
0.0
0.0
0.0
0.0
0.0
0.0
0.0
0.0
0.0
0.0
0.0
0.0
0.0
0.0
0.0
0.0
0.0
0.0
0.0
0.0
0.0
0.0
0.0
0.0
0.0
0.0
0.0
0.0
0.0
0.0
0.0
0.0
0.0
0.0
0.0
0.0
0.0
0.0
0.0
0.0
0.0
0.0
0.0
0.0
0.0
0.0
0.0
0.0
0.0
0.25
0.0
0.0
0.0
0.0
0.0
0.0
0.0
0.0
0.0
0.0
0.0
0.0
0.0
0.0
0.0
0.0
0.0
0.0
0.0
0.0
0.0
0.0
0.0
0.0
0.0
0.0
0.0
0.0
0.0
0.0
0.0
0.0
0.0
0.0
0.0
0.0
0.0
0.0
0.0
0.0
0.0
0.0
0.0
0.0
0.0
0.0
0.0
0.0
0.0
0.0
0.0
0.0
0.0
0.0
0.0
0.0
0.0
0.0
0.0
0.0
0.0
0.0
0.0
0.0
0.0
0.0
0.0
0.0
0.0
0.0
0.0
0.0
0.0
0.0
0.0
0.0
0.0
0.0
0.0
0.0
0.0
0.0
0.0
0.0
0.0
0.0
0.0
0.0
0.0
0.0
0.0
0.0
0.0
0.0
0.0
0.0
0.0
0.0
0.0
0.0
0.0
0.0
0.0
0.0
0.0
0.0
0.0
0.0
0.0
0.0
0.0
0.0
0.0
0.0
0.0
0.0
0.0
0.0
0.0
0.0
0.0
0.0
0.0
0.0
0.0
0.0
0.0
0.0
0.0
0.0
0.0
0.0
0.0
0.0
0.0
0.0
0.0
0.0
0.0
0.0
0.0
0.0
0.0
0.0
0.0
0.0
0.0
0.0
0.0
0.0
0.0
0.0
0.0
0.0
0.0
0.0
0.0
0.0
0.0
0.0
0.0
0.0
0.0
0.0
0.0
0.0
0.0
0.0
0.0
0.0
0.0
0.0
0.0
0.0
0.0
0.0
0.0
0.0
0.0
0.0
0.0
0.0
0.0
0.0
0.0
0.0
0.0
0.0
0.0
0.0
0.0
0.0
0.0
0.0
0.0
0.0
0.0
0.0
0.0
0.0
0.0
0.0
0.0
0.0
0.0
0.0
0.0
0.0
0.0
0.0
0.0
0.0
0.0
0.0
0.0
0.0
0.0
0.0
0.0
0.0
0.0
0.0
0.0
0.0
0.0
0.0
0.0
0.0
0.0
0.0
0.0
0.0
0.0
0.0
0.0
0.0
0.0
0.0
0.0
0.0
0.0
0.0
0.0
0.0
0.0
0.0
0.0
0.0
0.0
0.0
0.0
0.0
0.0
0.0
0.0
0.0
0.0
0.0
0.0
0.0
0.0
0.0
0.0
0.0
0.0
0.0
0.0
0.0
0.0
0.0
0.0
0.0
0.0
0.0
0.0
0.0
0.0
0.0
0.0
0.0
0.0
0.0
0.0
0.0
0.0
0.0
0.0
0.0
0.0
0.0
0.0
0.0
0.0
0.0
0.0
0.0
0.0
0.0
0.0
0.0
0.0
0.0
0.0
0.0
0.0
0.0
0.0
0.0
0.0
0.0
0.0
0.0
0.0
0.0
0.0
0.0
0.0
0.0
0.0
0.0
0.0
0.0
0.0
0.0
0.0
0.0
0.0
0.0
0.0
0.0
0.0
0.0
0.0
0.0
0.0
0.0
0.0
0.0
0.0
0.0
0.0
0.0
0.0
0.0
0.0
0.0
0.0
0.0
0.0
0.0
0.0
0.0
0.0
0.0
0.0
0.0
0.0
0.0
0.0
0.0
0.0
0.0
0.0
0.0
0.0
0.0
0.0
0.0
0.0
0.0
0.0
0.0
0.0
0.0
0.0
0.0
0.0
0.0
0.0
0.0
0.0
0.0
0.0
0.0
0.0
0.0
0.0
0.0
0.0
0.0
0.0
0.0
0.0
0.0
0.0
0.0
0.0
0.0
0.0
0.0
0.0
0.0
0.0
0.0
0.0
0.0
0.0
0.0
0.0
0.0
0.0
0.0
0.0
0.0
0.0
0.0
0.0
0.0
0.0
0.0
0.0
0.0
0.0
2.5
3.25
4.25
6.25
18.0
29.75
45.5
42.75
61.5
77.75
70.25
62.5
79.75
104.75
105.25
113.5
104.0
96.0
71.75
80.75
89.0
102.5
100.25
105.25
123.25
142.5
123.5
133.25
174.75
175.0
144.5
121.25
128.25
125.75
119.75
130.75
158.0
143.0
142.0
135.25
143.25
139.0
150.75
142.0
130.25
123.25
128.25
143.5
149.5
143.0
142.75
138.0
163.25
165.75
151.5
144.75
144.0
145.25
149.25
142.25
134.25
120.5
136.0
150.25
162.5
153.5
144.75
153.75
158.5
140.75
128.75
132.0
112.0
104.0
79.75
74.0
75.75
82.75
109.0
108.75
110.5
95.25
80.75
67.0
90.25
101.0
92.75
107.5
118.5
112.0
104.5
119.75
132.5
133.25
139.0
149.5
156.5
134.5
114.75
139.25
152.0
142.0
176.5
177.5
152.25
123.0
96.0
103.0
104.0
126.75
115.25
123.25
124.25
121.5
114.75
109.25
111.75
125.25
131.25
122.0
142.75
162.75
148.0
156.0
176.25
167.5
156.75
146.0
147.75
138.5
154.25
184.75
168.75
153.5
137.25
125.75
135.5
114.0
124.25
112.5
112.5
110.25
115.0
115.5
124.5
130.75
123.75
121.75
123.0
146.25
153.25
165.75
177.25
176.75
155.0
134.5
111.0
129.5
135.25
140.25
152.5
174.5
175.75
148.25
119.25
135.75
154.5
158.75
153.25
146.0
134.75
136.25
142.0
133.25
160.0
157.5
162.25
182.25
193.0
171.75
175.5
160.25
166.0
171.5
165.5
161.75
145.5
149.75
145.25
133.75
116.25
122.25
124.75
145.5
142.5
144.25
128.5
109.5
124.75
118.75
110.75
127.75
130.5
114.0
104.75
115.25
126.25
144.25
150.75
141.0
144.25
140.5
139.25
135.75
168.25
152.5
137.75
121.0
130.0
132.25
124.0
108.5
131.0
136.5
143.5
153.75
158.25
151.5
135.0
141.0
117.75
122.75
116.25
150.25
147.25
154.25
150.0
130.0
126.75
124.25
126.5
128.0
139.0
133.25
125.0
120.0
126.0
133.25
124.5
115.0
116.5
118.5
122.75
132.75
120.75
89.75
100.5
112.5
109.5
116.75
106.0
111.0
138.75
153.0
145.25
127.75
115.0
111.5
106.5
101.5
104.25
119.75
127.75
145.25
177.75
183.25
196.0
178.25
160.5
160.25
150.5
140.25
152.5
135.75
135.75
136.0
124.0
147.5
144.0
123.0
92.5
71.0
72.25
82.75
72.25
80.5
85.5
93.5
83.5
79.25
78.0
99.25
124.25
136.5
137.25
127.75
136.25
128.75
115.0
127.75
128.25
125.25
118.0
110.0
111.0
114.25
124.0
140.5
149.25
142.5
117.25
93.5
86.5
106.0
95.5
101.5
111.5
124.5
133.0
123.0
112.25
102.5
103.25
114.75
112.5
127.0
137.25
158.75
168.0
135.25
131.25
145.75
173.5
177.5
178.75
144.25
136.75
127.75
155.25
173.0
162.75
160.75
160.75
162.0
128.75
148.0
138.5
150.5
162.0
155.0
149.5
165.25
157.75
147.75
162.5
145.25
155.25
156.0
151.5
130.75
127.25
143.25
144.25
160.25
150.25
164.75
151.75
143.75
135.75
155.75
143.25
113.5
113.0
125.75
139.5
151.0
157.25
127.5
121.75
136.0
150.25
153.5
141.0
140.5
134.5
158.0
163.5
144.5
114.5
110.25
132.5
135.75
145.0
161.0
161.0
137.75
118.75
134.25
108.5
122.0
121.75
145.25
167.0
153.0
160.5
141.5
157.25
157.75
142.75
122.75
131.0
129.25
161.75
141.5
145.5
140.5
142.0
157.5
139.75
131.75
152.5
151.5
156.0
174.0
171.75
158.25
146.75

Average_Alpha:
0.27000000100000004
0.2700000050000001
0.27000000900000026
0.2700000130000003
0.27000001700000054
0.27000002100000053
0.27000002500000075
0.2700000290000007
0.2700000330000009
0.2700000370000009
0.27000004100000113
0.27000004500000113
0.27000004900000135
0.27000005300000146
0.27000005700000157
0.2700000610000017
0.2700000650000018
0.2700000690000019
0.27000007300000195
0.27000007700000206
0.2700000810000022
0.2700000850000023
0.27000008900000244
0.2700000930000025
0.27000009700000266
0.2700001010000027
0.2700001050000029
0.27000010900000293
0.2700001130000031
0.27000011700000315
0.27000012100000326
0.27000012500000337
0.27000012900000353
0.2700001330000036
0.27000013700000375
0.2700001410000038
0.270000145000004
0.270000149000004
0.27000015300000424
0.2700001570000042
0.2700001610000044
0.27000016500000446
0.2700001690000046
0.2700001730000047
0.27000017700000484
0.2700001810000049
0.27000018500000506
0.2700001890000051
0.27000019300000533
0.2700001970000053
0.2700002010000055
0.2700002050000055
0.2700002090000057
0.2700002130000057
0.2700002170000059
0.2700002210000059
0.27000022500000614
0.27000022900000625
0.27000023300000636
0.27000023700000647
0.2700002410000066
0.27000024500000663
0.27000024900000674
0.27000025300000685
0.270000257000007
0.27000026100000707
0.27000026500000723
0.2700002690000073
0.2700002730000075
0.2700002770000075
0.2700002810000077
0.27000028500000767
0.2700002890000079
0.2700002930000079
0.2700002970000081
0.2700003010000081
0.2700003050000083
0.27000030900000843
0.27000031300000854
0.27000031700000865
0.27000032100000876
0.27000032500000887
0.2700003290000089
0.27000033300000903
0.2700003370000092
0.27000034100000925
0.2700003450000094
0.27000034900000947
0.27000035300000963
0.2700003570000097
0.27000036100000985
0.2700003650000099
0.27000036900001007
0.2700003730000101
0.2700003770000102
0.27000038100001034
0.2700003850000105
0.27000038900001055
0.2700003930000107
0.2700003970000108
0.270000401000011
0.270000405000011
0.2700004090000112
0.27000041300001115
0.2700004170000114
0.2700004210000114
0.2700004250000116
0.27000042900001164
0.2700004330000118
0.27000043700001186
0.270000441000012
0.2700004450000121
0.2700004490000123
0.2700004530000123
0.27000045700001246
0.27000046100001246
0.2700004650000127
0.2700004690000127
0.2700004730000129
0.27000047600001287
0.2700004800000131
0.2700004840000132
0.2700004880000133
0.2700004920000134
0.2700004960000135
0.27000050000001363
0.27000050400001374
0.27000050800001385
0.27000051200001396
0.27000051600001407
0.2700005200000141
0.27000052400001423
0.27000052800001445
0.27000053200001445
0.27000053600001467
0.27000054000001467
0.2700005440000149
0.2700005480000149
0.2700005520000151
0.2700005560000151
0.2700005600000153
0.2700005640000154
0.2700005680000155
0.2700005720000156
0.2700005760000157
0.2700005800000158
0.2700005840000159
0.27000058800001603
0.2700005920000162
0.27000059600001625
0.2700006000000164
0.27000060400001646
0.2700006080000166
0.2700006120000166
0.2700006160000168
0.27000062000001684
0.270000624000017
0.2700006280000171
0.2700006320000172
0.27000063600001734
0.2700006400000175
0.27000064400001755
0.2700006480000177
0.2700006520000177
0.2700006560000179
0.27000066000001793
0.2700006640000181
0.27000066800001815
0.27000067200001837
0.2700006760000184
0.2700006800000186
0.27000068400001864
0.2700006880000188
0.2700006920000188
0.27000069600001897
0.270000700000019
0.27000070400001924
0.27000070800001924
0.27000071200001946
0.27000071600001946
0.2700007200000197
0.2700007240000197
0.2700007280000199
0.27000073200001984
0.27000073600002006
0.27000074000002017
0.2700007440000203
0.2700007480000204
0.2700007520000205
0.2700007560000206
0.2700007600000207
0.2700007640000208
0.27000076800002093
0.27000077200002104
0.2700007760000211
0.2700007800000212
0.2700007840000214
0.2700007880000214
0.27000079200002164
0.27000079600002164
0.27000080000002186
0.27000080400002185
0.2700008080000221
0.2700008120000221
0.2700008160000223
0.27000082000002235
0.27000082400002245
0.27000082800002256
0.2700008320000227
0.2700008360000228
0.2700008400000229
0.270000844000023
0.27000084800002316
0.2700008520000232
0.2700008560000234
0.27000086000002343
0.27000086400002354
0.2700008680000236
0.27000087200002376
0.2700008760000238
0.270000880000024
0.2700008840000241
0.2700008880000242
0.2700008920000243
0.27000089600002447
0.2700009000000245
0.2700009040000247
0.2700009080000247
0.27000091200002485
0.2700009160000249
0.27000092000002507
0.2700009240000251
0.27000092800002534
0.2700009320000254
0.27000093600002556
0.2700009400000256
0.2700009440000258
0.2700009480000258
0.27000095200002594
0.270000956000026
0.2700009600000262
0.2700009640000262
0.27000096800002643
0.27000097200002643
0.27000097600002665
0.27000098000002665
0.27000098400002687
0.2700009880000268
0.27000099200002703
0.27000099600002714
0.27000100000002725
0.27000100400002736
0.27000100800002746
0.2700010120000276
0.2700010160000277
0.2700010200000278
0.2700010240000279
0.270001028000028
0.27000103200002806
0.27000103600002817
0.2700010400000284
0.2700010440000284
0.2700010480000286
0.2700010520000286
0.2700010560000288
0.2700010600000288
0.27000106400002905
0.27000106800002904
0.27000107200002926
0.2700010760000293
0.2700010800000294
0.27000108400002953
0.27000108800002964
0.27000109200002975
0.27000109600002986
0.27000110000002997
0.27000110400003013
0.2700011080000302
0.27000111200003035
0.2700011160000304
0.2700011200000305
0.27000112400003057
0.27000112800003073
0.2700011320000308
0.27000113600003095
0.27000114000003106
0.27000114400003117
0.2700011480000313
0.27000115200003144
0.2700011560000315
0.27000116000003166
0.27000116400003166
0.2700011680000318
0.2700011720000319
0.27000117600003204
0.2700011800000321
0.2700011840000323
0.27000118800003237
0.27000119200003253
0.2700011960000326
0.27000120000003275
0.27000120400003275
0.2700012080000329
0.27000121200003296
0.2700012160000332
0.2700012200000332
0.2700012240000334
0.2700012280000334
0.2700012320000336
0.2700012360000336
0.27000124000003384
0.2700012440000338
0.270001248000034
0.2700012520000341
0.2700012560000342
0.2700012600000343
0.27000126400003444
0.27000126800003454
0.27000127200003465
0.27000127600003476
0.27000128000003487
0.270001284000035
0.27000128800003503
0.27000129200003514
0.27000129600003536
0.27000130000003536
0.2700013040000356
0.2700013080000356
0.2700013120000358
0.2700013160000358
0.270001320000036
0.270001324000036
0.27000132800003623
0.2700013320000363
0.2700013360000364
0.2700013400000365
0.2700013440000366
0.2700013480000367
0.27000135200003683
0.27000135600003694
0.2700013600000371
0.27000136400003716
0.2700013680000373
0.2700013720000374
0.2700013760000375
0.27000138000003754
0.2700013840000377
0.27000138800003776
0.2700013920000379
0.27000139600003803
0.27000140000003814
0.27000140400003825
0.2700014080000384
0.27000141200003847
0.27000141600003863
0.2700014200000386
0.2700014240000388
0.27000142800003885
0.270001432000039
0.27000143600003906
0.2700014400000393
0.27000144400003934
0.2700014480000395
0.27000145200003955
0.2700014560000397
0.2700014600000397
0.2700014640000399
0.27000146800003993
0.27000147200004015
0.27000147600004015
0.2700014800000404
0.27000148400004037
0.2700014880000406
0.2700014920000406
0.2700014960000408
0.27000150000004075
0.27000150400004097
0.2700015080000411
0.2700015120000412
0.2700015160000413
0.2700015200000414
0.2700015240000415
0.2700015280000416
0.27000153200004173
0.27000153600004184
0.27000154000004195
0.270001544000042
0.2700015480000421
0.27000155200004233
0.27000155600004233
0.27000156000004255
0.27000156400004255
0.27000156800004277
0.27000157200004277
0.270001576000043
0.270001580000043
0.2700015840000432
0.27000158800004326
0.27000159200004337
0.2700015960000435
0.2700016000000436
0.2700016040000437
0.2700016080000438
0.2700016120000439
0.2700016160000441
0.27000162000004413
0.2700016240000443
0.27000162800004435
0.27000163200004446
0.2700016360000445
0.2700016400000447
0.2700016440000447
0.2700016480000449
0.270001652000045
0.2700016560000451
0.2700016600000452
0.2700016640000454
0.27000166800004544
0.2700016720000456
0.2700016760000456
0.27000168000004576
0.2700016840000458
0.270001688000046
0.27000169200004603
0.27000169600004625
0.2700017000000463
0.27000170400004647
0.2700017080000465
0.2700017120000467
0.2700017160000467
0.27000172000004685
0.2700017240000469
0.2700017280000471
0.2700017320000471
0.27000173600004734
0.27000174000004734
0.27000174400004756
0.27000174800004756
0.2700017520000478
0.2700017560000477
0.27000176000004794
0.27000176400004805
0.27000176800004816
0.27000177200004827
0.2700017760000484
0.2700017800000485
0.2700017840000486
0.2700017880000487
0.2700017920000488
0.2700017960000489
0.270001800000049
0.2700018040000491
0.2700018080000493
0.2700018120000493
0.2700018160000495
0.2700018200000495
0.27000182400004974
0.27000182800004974
0.27000183200004996
0.27000183600004996
0.2700018400000502
0.27000184400005023
0.27000184800005034
0.27000185200005045
0.27000185600005056
0.27000186000005066
0.2700018640000508
0.2700018680000509
0.27000187200005105
0.2700018760000511
0.27000188000005126
0.2700018840000513
0.2700018880000514
0.2700018920000515
0.27000189600005164
0.2700019000000517
0.27000190400005186
0.27000190800005197
0.2700019120000521
0.2700019160000522
0.27000192000005235
0.2700019240000524
0.27000192800005257
0.27000193200005257
0.27000193600005273
0.2700019400000528
0.27000194400005295
0.270001948000053
0.2700019520000532
0.2700019560000533
0.27000196000005344
0.2700019640000535
0.27000196800005366
0.27000197200005366
0.2700019760000538
0.2700019800000539
0.2700019840000541
0.2700019880000541
0.2700019920000543
0.2700019960000543
0.27000200000005453
0.27000200400005453
0.27000200800005475
0.2700020120000547
0.2700020160000549
0.270002020000055
0.27000202400005513
0.27000202800005524
0.27000203200005535
0.27000203600005546
0.27000204000005557
0.2700020440000557
0.2700020480000558
0.2700020520000559
0.27000205600005595
0.27000206000005605
0.2700020640000563
0.2700020680000563
0.2700020720000565
0.2700020760000565
0.2700020800000567
0.2700020840000567
0.27000208800005693
0.2700020920000569
0.27000209600005715
0.2700021000000572
0.2700021040000573
0.2700021080000574
0.2700021120000575
0.27000211600005763
0.27000212000005774
0.27000212400005785
0.270002128000058
0.27000213200005807
0.27000213600005823
0.2700021400000583
0.2700021440000584
0.27000214800005845
0.2700021520000586
0.27000215600005867
0.27000216000005883
0.27000216400005894
0.27000216800005905
0.27000217200005916
0.2700021760000593
0.2700021800000594
0.27000218400005954
0.27000218800005954
0.2700021920000597
0.27000219600005976
0.2700022000000599
0.27000220400006
0.2700022080000602
0.27000221200006025
0.2700022160000604
0.27000222000006047
0.27000222400006063
0.27000222800006063
0.2700022320000608
0.27000223600006085
0.27000224000006107
0.27000224400006106
0.2700022480000613
0.2700022520000613
0.2700022560000615
0.2700022600000615
0.2700022640000617
0.27000226800006166
0.2700022720000619
0.270002276000062
0.2700022800000621
0.2700022840000622
0.2700022880000623
0.2700022920000624
0.27000229600006254
0.27000230000006264
0.27000230400006275
0.27000230800006286
0.2700023120000629
0.270002316000063
0.27000232000006325
0.27000232400006324
0.27000232800006346
0.27000233200006346
0.2700023360000637
0.2700023400000637
0.2700023440000639
0.2700023480000639
0.2700023520000641
0.27000235600006417
0.2700023600000643
0.2700023640000644
0.2700023680000645
0.2700023720000646
0.2700023760000647
0.2700023800000648
0.270002384000065
0.27000238800006504
0.2700023920000652
0.27000239600006526
0.27000240000006537
0.2700024040000654
0.2700024080000656
0.27000241200006564
0.2700024160000658
0.2700024200000659
0.270002424000066
0.27000242800006613
0.2700024320000663
0.27000243600006635
0.2700024400000665
0.2700024440000665
0.2700024480000667
0.27000245200006673
0.2700024560000669
0.27000246000006695
0.27000246400006717
0.2700024680000672
0.2700024720000674
0.27000247600006744
0.2700024800000676
0.2700024840000676
0.27000248800006776
0.2700024920000678
0.27000249600006804
0.27000250000006804
0.27000250400006826
0.27000250800006825
0.2700025120000685
0.27000251600006847
0.2700025200000687
0.27000252400006863
0.27000252800006885
0.27000253200006896
0.27000253600006907
0.2700025400000692
0.2700025440000693
0.2700025480000694
0.2700025520000695
0.2700025560000696
0.2700025600000697
0.27000256400006983
0.2700025680000699
0.27000257200007
0.2700025760000702
0.2700025800000702
0.27000258400007043
0.27000258800007043
0.27000259200007065
0.27000259600007065
0.27000260000007087
0.27000260400007087
0.2700026080000711
0.27000261200007114
0.27000261600007125
0.27000262000007136
0.27000262400007147
0.2700026280000716
0.2700026320000717
0.2700026360000718
0.27000264000007196
0.270002644000072
0.2700026480000722
0.27000265200007223
0.27000265600007234
0.2700026600000724
0.27000266400007256
0.2700026680000726
0.2700026720000728
0.2700026760000729
0.270002680000073
0.2700026840000731
0.27000268800007327
0.2700026920000733
0.2700026960000735
0.2700027000000735
0.27000270400007365
0.2700027080000737
0.27000271200007386
0.2700027160000739
0.27000272000007414
0.2700027240000742
0.27000272800007435
0.2700027320000744
0.2700027360000746
0.27000274000007457
0.27000274400007473
0.2700027480000748
0.270002752000075
0.270002756000075
0.2700027600000752
0.2700027640000752
0.27000276800007544
0.27000277200007544
0.27000277600007566
0.2700027800000756
0.2700027840000758
0.27000278800007593
0.27000279200007604
0.27000279600007615
0.27000280000007626
0.27000280400007637
0.2700028080000765
0.2700028120000766
0.2700028160000767
0.2700028200000768
0.27000282400007686
0.27000282800007697
0.2700028320000772
0.2700028360000772
0.2700028400000774
0.2700028440000774
0.2700028480000776
0.2700028520000776
0.27000285600007784
0.27000286000007784
0.27000286400007806
0.2700028680000781
0.2700028720000782
0.27000287600007833
0.27000288000007844
0.27000288400007855
0.27000288800007866
0.27000289200007876
0.27000289600007893
0.270002900000079
0.27000290400007915
0.2700029080000792
0.2700029120000793
0.27000291600007936
0.2700029200000795
0.2700029240000796
0.27000292800007974
0.27000293200007985
0.27000293600007996
0.27000294000008007
0.27000294400008024
0.2700029480000803
0.27000295200008045
0.27000295600008045
0.2700029600000806
0.27000296400008067
0.27000296800008083
0.2700029720000809
0.2700029760000811
0.27000298000008116
0.2700029840000813
0.2700029880000814
0.27000299200008154
0.27000299600008154
0.2700030000000817
0.27000300400008176
0.270003008000082
0.270003012000082
0.2700030160000822
0.2700030200000822
0.2700030240000824
0.2700030280000824
0.27000303200008263
0.2700030360000826
0.2700030400000828
0.2700030440000829
0.270003048000083
0.2700030520000831
0.27000305600008323
0.27000306000008334
0.27000306400008345
0.27000306800008356
0.27000307200008367
0.2700030760000838
0.27000308000008383
0.27000308400008394
0.27000308800008416
0.27000309200008415
0.2700030960000844
0.2700031000000844
0.2700031040000846
0.2700031080000846
0.2700031120000848
0.2700031160000848
0.27000312000008503
0.2700031240000851
0.2700031280000852
0.2700031320000853
0.2700031360000854
0.2700031400000855
0.2700031440000856
0.27000314800008574
0.2700031520000859
0.27000315600008595
0.2700031600000861
0.27000316400008617
0.2700031680000863
0.27000317200008633
0.2700031760000865
0.27000318000008655
0.2700031840000867
0.2700031880000868
0.27000319200008693
0.27000319600008704
0.2700032000000872
0.27000320400008726
0.2700032080000874
0.2700032120000874
0.2700032160000876
0.27000322000008764
0.2700032240000878
0.27000322800008786
0.2700032320000881
0.27000323600008813
0.2700032400000883
0.27000324400008835
0.2700032480000885
0.2700032520000885
0.2700032560000887
0.27000326000008873
0.27000326400008895
0.27000326800008895
0.27000327200008917
0.27000327600008917
0.2700032800000894
0.2700032840000894
0.2700032880000896
0.27000329200008955
0.27000329600008977
0.2700033000000899
0.27000330400009
0.2700033080000901
0.2700033120000902
0.2700033160000903
0.2700033200000904
0.2700033240000905
0.27000332800009064
0.27000333200009075
0.2700033360000908
0.2700033400000909
0.27000334400009113
0.2700033480000911
0.27000335200009135
0.27000335600009134
0.27000336000009156
0.27000336400009156
0.2700033680000918
0.2700033720000918
0.270003376000092
0.27000338000009205
0.27000338400009216
0.27000338800009227
0.2700033920000924
0.2700033960000925
0.2700034000000926
0.2700034040000927
0.27000340800009287
0.2700034120000929
0.2700034160000931
0.27000342000009314
0.27000342400009325
0.2700034280000933
0.27000343200009347
0.2700034360000935
0.2700034400000937
0.2700034440000938
0.2700034480000939
0.270003452000094
0.2700034560000942
0.27000346000009423
0.2700034640000944
0.2700034680000944
0.27000347200009456
0.2700034760000946
0.2700034800000948
0.27000348400009483
0.27000348800009505
0.2700034920000951
0.27000349600009527
0.2700035000000953
0.2700035040000955
0.2700035080000955
0.27000351200009565
0.2700035160000957
0.2700035200000959
0.2700035240000959
0.27000352800009614
0.27000353200009614
0.27000353600009636
0.27000354000009635
0.2700035440000966
0.2700035480000965
0.27000355200009674
0.27000355600009684
0.27000356000009695
0.27000356400009706
0.27000356800009717
0.2700035720000973
0.2700035760000974
0.2700035800000975
0.2700035840000976
0.2700035880000977
0.27000359200009777
0.2700035960000979
0.2700036000000981
0.2700036040000981
0.2700036080000983
0.2700036120000983
0.27000361600009853
0.27000362000009853
0.27000362400009875
0.27000362800009875
0.27000363200009897
0.270003636000099
0.27000364000009913
0.27000364400009924
0.27000364800009935
0.27000365200009946
0.27000365600009957
0.2700036600000997
0.27000366400009984
0.2700036680000999
0.27000367200010006
0.2700036760001001
0.2700036800001002
0.2700036840001003
0.27000368800010044
0.2700036920001005
0.27000369600010066
0.27000370000010077
0.2700037040001009
0.270003708000101
0.27000371200010115
0.2700037160001012
0.27000372000010137
0.27000372400010136
0.27000372800010153
0.2700037320001016
0.27000373600010175
0.2700037400001018
0.270003744000102
0.2700037480001021
0.27000375200010224
0.2700037560001023
0.27000376000010246
0.27000376400010245
0.2700037680001026
0.27000377200010267
0.2700037760001029
0.2700037800001029
0.2700037840001031
0.2700037880001031
0.2700037920001033
0.2700037960001033
0.27000380000010354
0.2700038040001035
0.2700038080001037
0.2700038120001038
0.2700038160001039
0.27000382000010403
0.27000382400010414
0.27000382800010425
0.27000383200010436
0.27000383600010447
0.2700038400001046
0.2700038440001047
0.27000384800010474
0.27000385200010485
0.27000385600010507
0.27000386000010507
0.2700038640001053
0.2700038680001053
0.2700038720001055
0.2700038760001055
0.2700038800001057
0.2700038840001057
0.27000388800010594
0.270003892000106
0.2700038960001061
0.2700039000001062
0.2700039040001063
0.27000390800010643
0.27000391200010654
0.27000391600010665
0.2700039200001068
0.27000392400010687
0.27000392800010703
0.2700039320001071
0.2700039360001072
0.27000394000010725
0.2700039440001074
0.27000394800010746
0.2700039520001076
0.27000395600010774
0.27000396000010785
0.27000396400010795
0.2700039680001081
0.27000397200010817
0.27000397600010834
0.27000398000010833
0.2700039840001085
0.27000398800010855
0.2700039920001087
0.27000399600010877
0.270004000000109
0.27000400400010904
0.2700040080001092
0.27000401200010926
0.2700040160001094
0.2700040200001094
0.2700040240001096
0.27000402800010964
0.27000403200010986
0.27000403600010986
0.2700040400001101
0.2700040440001101
0.2700040480001103
0.2700040520001103
0.2700040560001105
0.27000406000011046
0.2700040640001107
0.2700040680001108
0.2700040720001109
0.270004076000111
0.2700040800001111
0.2700040840001112
0.27000408800011133
0.27000409200011144
0.27000409600011155
0.27000410000011166
0.2700041040001117
0.2700041080001118
0.27000411200011204
0.27000411600011204
0.27000412000011226
0.27000412400011226
0.2700041280001125
0.2700041320001125
0.2700041360001127
0.2700041400001127
0.2700041440001129
0.27000414800011296
0.2700041520001131
0.2700041560001132
0.2700041600001133
0.2700041640001134
0.2700041680001135
0.2700041720001136
0.2700041760001138
0.27000418000011384
0.270004184000114
0.27000418800011405
0.27000419200011416
0.2700041960001142
0.2700042000001144
0.27000420400011443
0.2700042080001146
0.2700042120001147
0.2700042160001148
0.2700042200001149
0.2700042240001151
0.27000422800011514
0.2700042320001153
0.2700042360001153
0.27000424000011547
0.2700042440001155
0.2700042480001157
0.27000425200011574
0.27000425600011596
0.270004260000116
0.2700042640001162
0.27000426800011623
0.2700042720001164
0.2700042760001164
0.27000428000011656
0.2700042840001166
0.27000428800011683
0.27000429200011683
0.27000429600011705
0.27000430000011705
0.27000430400011727
0.27000430800011727
0.2700043120001175
0.27000431600011743
0.27000432000011765
0.27000432400011776
0.27000432800011787
0.270004332000118
0.2700043360001181
0.2700043400001182
0.2700043440001183
0.2700043480001184
0.2700043520001185
0.27000435600011863
0.2700043600001187
0.2700043640001188
0.270004368000119
0.270004372000119
0.27000437600011923
0.2700043800001192
0.27000438400011945
0.27000438800011944
0.27000439200011966
0.27000439600011966
0.2700044000001199
0.27000440400011994
0.27000440800012004
0.27000441200012015
0.27000441600012026
0.27000442000012037
0.2700044240001205
0.2700044280001206
0.27000443200012075
0.2700044360001208
0.27000444000012097
0.270004444000121
0.27000444800012113
0.2700044520001212
0.27000445600012135
0.2700044600001214
0.27000446400012157
0.2700044680001217
0.2700044720001218
0.2700044760001219
0.27000448000012206
0.2700044840001221
0.2700044880001223
0.2700044920001223
0.27000449600012244
0.2700045000001225
0.27000450400012266
0.2700045080001227
0.27000451200012293
0.270004516000123
0.27000452000012315
0.2700045240001232
0.27000452800012337
0.27000453200012337
0.27000453600012353
0.2700045400001236
0.2700045440001238
0.2700045480001238
0.270004552000124
0.270004556000124
0.27000456000012424
0.27000456400012424
0.27000456800012446
0.2700045720001244
0.2700045760001246
0.2700045800001247
0.27000458400012484
0.27000458800012495
0.27000459200012505
0.27000459600012516
0.27000460000012527
0.2700046040001254
0.2700046080001255
0.2700046120001256
0.27000461600012565
0.27000462000012576
0.270004624000126
0.270004628000126
0.2700046320001262
0.2700046360001262
0.2700046400001264
0.2700046440001264
0.27000464800012663
0.27000465200012663
0.27000465600012685
0.2700046600001269
0.270004664000127
0.2700046680001271
0.27000467200012723
0.27000467600012734
0.27000468000012745
0.27000468400012756
0.2700046880001277
0.2700046920001278
0.27000469600012794
0.270004700000128
0.2700047040001281
0.27000470800012816
0.2700047120001283
0.2700047160001284
0.27000472000012854
0.27000472400012865
0.27000472800012876
0.27000473200012887
0.27000473600012903
0.2700047400001291
0.27000474400012925
0.27000474800012925
0.2700047520001294
0.27000475600012946
0.27000476000012963
0.2700047640001297
0.2700047680001299
0.27000477200012996
0.2700047760001301
0.2700047800001302
0.27000478400013034
0.27000478800013034
0.2700047920001305
0.27000479600013055
0.2700048000001308
0.27000480400013077
0.270004808000131
0.270004812000131
0.2700048160001312
0.2700048200001312
0.2700048240001314
0.27000482800013137
0.2700048320001316
0.2700048360001317
0.2700048400001318
0.2700048440001319
0.270004848000132
0.27000485200013213
0.27000485600013224
0.27000486000013235
0.27000486400013246
0.27000486800013257
0.2700048720001326
0.27000487600013273
0.27000488000013295
0.27000488400013295
0.27000488800013317
0.27000489200013317
0.2700048960001334
0.2700049000001334
0.2700049040001336
0.2700049080001336
0.2700049120001338
0.2700049160001339
0.270004920000134
0.2700049240001341
0.2700049280001342
0.2700049320001343
0.2700049360001344
0.27000494000013453
0.2700049440001347
0.27000494800013475
0.2700049520001349
0.27000495600013497
0.2700049600001351
0.27000496400013513
0.2700049680001353
0.27000497200013535
0.2700049760001355
0.2700049800001356
0.27000498400013573
0.27000498800013584
0.270004992000136
0.27000499600013605
0.2700050000001362
0.2700050040001362
0.2700050080001364
0.27000501200013644
0.2700050160001366
0.27000502000013665
0.2700050240001369
0.2700050280001369
0.2700050320001371
0.27000503600013714
0.2700050400001373
0.2700050440001373
0.27000504800013747
0.2700050520001375
0.27000505600013774
0.27000506000013774
0.27000506400013796
0.27000506800013796
0.2700050720001382
0.2700050760001382
0.2700050800001384
0.27000508400013834
0.27000508800013856
0.27000509200013867
0.2700050960001388
0.2700051000001389
0.270005104000139
0.2700051080001391
0.2700051120001392
0.2700051160001393
0.27000512000013943
0.27000512400013954
0.2700051280001396
0.2700051320001397
0.2700051360001399
0.2700051400001399
0.27000514400014014
0.27000514800014014
0.27000515200014036
0.27000515600014036
0.2700051600001406
0.2700051640001406
0.2700051680001408
0.27000517200014085
0.27000517600014096
0.27000517800014107
0.2700051810001412
0.2700051850001413
0.2700051890001414
0.27000519300014153
0.27000519700014164
0.2700052010001417
0.27000520500014186
0.2700052090001419
0.2700052130001421
0.27000521700014213
0.2700052210001423
0.27000522500014235
0.2700052290001425
0.2700052330001426
0.2700052370001427
0.2700052410001428
0.2700052450001429
0.270005249000143
0.2700052530001431
0.2700052570001432
0.2700052610001434
0.27000526500014344
0.2700052690001436
0.27000527300014365
0.2700052770001438
0.2700052810001438
0.270005285000144
0.27000528900014403
0.2700052930001442
0.2700052970001443
0.2700053010001444
0.2700053050001445
0.27000530900014463
0.27000531300014474
0.27000531700014485
0.2700053210001449
0.2700053250001451
0.2700053290001451
0.27000533300014534
0.27000533700014534
0.27000534100014556
0.2700053450001456
0.2700053490001458
0.27000535300014583
0.270005357000146
0.2700053610001461
0.27000536500014616
0.27000536900014627
0.2700053730001464
0.2700053770001465
0.2700053810001466
0.2700053850001467
0.27000538900014687
0.2700053930001469
0.2700053970001471
0.27000540100014714
0.27000540500014736
0.2700054090001473
0.2700054130001475
0.2700054170001475
0.27000542100014774
0.27000542500014785
0.27000542900014796
0.27000543300014807
0.2700054370001482
0.2700054410001483
0.2700054450001484
0.2700054490001485
0.2700054530001486
0.27000545700014866
0.2700054610001488
0.2700054650001489
0.27000546900014905
0.2700054730001491
0.27000547700014926
0.2700054810001493
0.2700054850001495
0.2700054890001496
0.27000549300014964
0.27000549700014975
0.27000550100014986
0.27000550500014997
0.2700055090001501
0.2700055130001502
0.27000551700015035
0.2700055210001504
0.27000552500015057
0.2700055290001506
0.2700055330001508
0.2700055370001508
0.27000554100015095
0.270005545000151
0.27000554900015117
0.2700055530001513
0.2700055570001514
0.2700055610001515
0.2700055650001516
0.2700055690001517
0.2700055730001518
0.2700055770001519
0.2700055810001521
0.2700055850001521
0.2700055890001523
0.2700055930001523
0.27000559700015253
0.2700056010001526
0.27000560500015275
0.2700056090001528
0.27000561300015297
0.2700056170001531
0.27000562100015313
0.27000562500015324
0.27000562900015335
0.27000563300015346
0.27000563700015356
0.2700056410001537
0.27000564500015384
0.2700056490001539
0.27000565300015406
0.2700056570001541
0.27000566100015433
0.27000566500015427
0.2700056690001545
0.2700056730001545
0.2700056770001547
0.2700056810001548
0.2700056850001549
0.27000568900015504
0.27000569300015514
0.27000569700015525
0.27000570100015536
0.27000570500015547
0.2700057090001556
0.27000571300015563
0.2700057170001558
0.27000572100015585
0.270005725000156
0.27000572900015607
0.27000573300015623
0.2700057370001563
0.27000574100015645
0.27000574500015656
0.2700057490001566
0.2700057530001567
0.27000575700015683
0.27000576100015694
0.27000576500015705
0.27000576900015716
0.2700057730001573
0.2700057770001574
0.27000578100015754
0.2700057850001576
0.27000578900015776
0.27000579300015776
0.2700057970001579
0.270005801000158
0.27000580500015814
0.27000580900015825
0.27000581300015836
0.27000581700015847
0.2700058210001586
0.2700058250001587
0.2700058290001588
0.27000583300015885
0.27000583700015907
0.27000584100015906
0.2700058450001593
0.2700058490001593
0.2700058530001595
0.27000585700015955
0.2700058610001597
0.2700058650001598
0.27000586900015994
0.27000587300016005
0.2700058770001601
0.2700058810001602
0.2700058850001603
0.2700058890001604
0.27000589300016054
0.27000589700016064
0.2700059010001608
0.27000590500016086
0.270005909000161
0.2700059130001611
0.2700059170001613
0.27000592100016124
0.27000592500016146
0.27000592900016146
0.2700059330001617
0.2700059370001618
0.2700059410001619
0.270005945000162
0.2700059490001621
0.2700059530001622
0.27000595700016233
0.27000596100016244
0.27000596500016255
0.2700059690001626
0.27000597300016277
0.2700059770001628
0.270005981000163
0.27000598500016304
0.2700059890001632
0.27000599300016326
0.2700059970001634
0.27000600100016353
0.2700060050001636
0.2700060090001637
0.2700060130001638
0.2700060170001639
0.270006021000164
0.27000602500016413
0.2700060290001643
0.27000603300016435
0.2700060370001645
0.27000604100016456
0.27000604500016473
0.2700060490001647
0.2700060530001649
0.27000605700016495
0.2700060610001651
0.2700060650001652
0.2700060690001653
0.27000607300016544
0.27000607700016555
0.27000608100016565
0.27000608500016576
0.2700060890001658
0.27000609300016604
0.27000609700016603
0.27000610100016625
0.27000610500016625
0.27000610900016647
0.2700061130001665
0.2700061170001667
0.27000612100016674
0.2700061250001669
0.270006129000167
0.27000613300016707
0.2700061370001672
0.2700061410001673
0.2700061450001674
0.2700061490001675
0.2700061530001676
0.2700061570001678
0.27000616100016783
0.270006165000168
0.27000616900016805
0.27000617300016827
0.2700061770001682
0.27000618100016843
0.27000618500016843
0.27000618900016865
0.27000619300016876
0.27000619700016887
0.270006201000169
0.2700062050001691
0.2700062090001692
0.2700062130001693
0.2700062170001694
0.2700062210001695
0.2700062250001696
0.27000622900016974
0.2700062330001698
0.27000623700016996
0.27000624100017
0.2700062450001702
0.27000624900017023
0.2700062530001704
0.2700062570001705
0.27000626100017056
0.27000626500017066
0.2700062690001708
0.2700062730001709
0.270006277000171
0.2700062810001711
0.27000628500017126
0.2700062890001713
0.2700062930001715
0.27000629700017154
0.2700063010001717
0.2700063050001717
0.27000630900017186
0.2700063130001719
0.2700063170001721
0.2700063210001722
0.2700063250001723
0.2700063290001724
0.2700063330001725
0.2700063370001726
0.27000634100017273
0.2700063450001728
0.270006349000173
0.270006353000173
0.2700063570001732
0.2700063610001732
0.27000636500017344
0.2700063690001735
0.27000637300017366
0.2700063770001737
0.2700063810001739
0.270006385000174
0.27000638900017404
0.27000639300017415
0.27000639700017426
0.27000640100017437
0.2700064050001745
0.2700064090001746
0.27000641300017475
0.2700064170001748
0.27000642100017497
0.270006425000175
0.27000642900017524
0.2700064330001752
0.2700064370001754
0.2700064410001754
0.2700064450001756
0.27000644900017573
0.27000645300017584
0.27000645700017595
0.27000646100017606
0.27000646500017617
0.2700064690001763
0.2700064730001764
0.2700064770001765
0.27000648100017655
0.2700064850001767
0.27000648900017676
0.27000649300017693
0.270006497000177
0.27000650100017715
0.2700065050001772
0.27000650900017736
0.2700065130001775
0.2700065170001775
0.27000652100017764
0.27000652500017774
0.27000652900017785
0.27000653300017796
0.27000653700017807
0.27000654100017824
0.2700065450001783
0.27000654900017845
0.2700065520001785
0.27000655600017864
0.2700065600001787
0.27000656400017886
0.2700065680001789
0.2700065720001791
0.2700065760001792
0.2700065800001793
0.27000658400017935
0.27000658800017946
0.27000659200017957
0.2700065960001797
0.2700066000001798
0.27000660400018
0.27000660800018
0.2700066120001802
0.2700066160001802
0.27000662000018044
0.27000662400018044
0.2700066280001806
0.27000663200018066
0.2700066360001808
0.27000664000018093
0.27000664400018104
0.27000664800018115
0.27000665200018126
0.27000665600018137
0.2700066600001815
0.2700066640001816
0.2700066680001817
0.27000667200018175
0.2700066760001819
0.27000668000018196
0.2700066840001822
0.2700066880001822
0.2700066920001824
0.2700066960001824
0.2700067000001826
0.27000670400018273
0.27000670800018284
0.2700067120001829
0.270006716000183
0.2700067200001831
0.2700067240001832
0.2700067280001833
0.2700067320001835
0.27000673600018354
0.2700067400001837
0.27000674400018376
0.2700067480001839
0.2700067520001839
0.2700067560001841
0.27000676000018414
0.2700067640001843
0.2700067680001844
0.2700067720001845
0.27000677600018463
0.27000678000018474
0.27000678400018485
0.27000678800018496
0.27000679200018507
0.2700067960001852
0.27000680000018523
0.2700068040001854
0.27000680800018545
0.2700068120001856
0.27000681600018567
0.27000682000018583
0.2700068240001859
0.27000682800018605
0.27000683200018616
0.27000683600018627
0.2700068400001863
0.27000684400018643
0.27000684800018654
0.27000685200018665
0.27000685600018676
0.270006860000187
0.270006864000187
0.2700068680001872
0.2700068720001872
0.2700068760001874
0.2700068800001874
0.2700068840001876
0.27000688800018763
0.2700068920001878
0.2700068960001879
0.270006900000188
0.2700069040001881
0.27000690800018823
0.27000691200018834
0.27000691600018845
0.27000692000018855
0.27000692400018866
0.2700069280001887
0.2700069320001889
0.27000693600018894
0.27000694000018916
0.27000694400018915
0.2700069480001894
0.27000695200018937
0.2700069560001896
0.2700069600001897
0.2700069640001898
0.27000696800018986
0.27000697200018997
0.2700069760001901
0.2700069800001902
0.2700069840001903
0.27000698800019046
0.2700069920001905
0.2700069960001907
0.27000700000019073
0.2700070040001909
0.2700070080001909
0.27000701200019106
0.2700070160001911
0.2700070200001913
0.2700070240001914
0.2700070280001915
0.2700070320001916
0.2700070360001917
0.2700070400001918
0.27000704400019193
0.27000704800019204
0.27000705200019215
0.2700070560001922
0.27000706000019237
0.2700070640001924
0.2700070680001926
0.27000707200019264
0.2700070760001928
0.27000708000019286
0.270007084000193
0.27000708800019313
0.27000709200019324
0.2700070960001933
0.2700071000001934
0.2700071040001935
0.2700071080001936
0.2700071120001937
0.27000711600019395
0.27000712000019395
0.27000712400019417
0.27000712800019416
0.2700071320001944
0.2700071360001944
0.27000714000019455
0.2700071440001946
0.27000714800019476
0.27000715200019487
0.270007156000195
0.2700071600001951
0.2700071640001952
0.2700071680001953
0.2700071720001954
0.2700071760001955
0.27000718000019563
0.2700071840001957
0.27000718800019585
0.2700071920001959
0.2700071960001961
0.2700072000001961
0.27000720400019634
0.27000720800019634
0.27000721200019656
0.27000721600019667
0.2700072200001968
0.27000722400019683
0.27000722800019694
0.27000723200019705
0.27000723600019716
0.27000724000019727
0.27000724400019743
0.2700072480001975
0.27000725200019765
0.2700072560001977
0.27000726000019787
0.27000726400019787
0.27000726800019803
0.2700072720001981
0.27000727600019825
0.27000728000019836
0.27000728400019847
0.2700072880001986
0.2700072920001987
0.2700072960001988
0.2700073000001989
0.270007304000199
0.2700073080001991
0.2700073120001992
0.27000731600019934
0.2700073200001994
0.27000732400019956
0.2700073280001996
0.2700073320001998
0.2700073360001998
0.2700073400002
0.2700073440002001
0.2700073480002002
0.27000735200020026
0.27000735600020037
0.2700073600002005
0.2700073640002006
0.2700073680002007
0.2700073720002009
0.2700073760002009
0.27000738000020114
0.27000738400020113
0.27000738800020135
0.27000739200020135
0.2700073960002015
0.27000740000020157
0.27000740400020173
0.27000740800020184
0.27000741200020195
0.27000741600020206
0.27000742000020217
0.2700074240002023
0.2700074280002024
0.2700074320002025
0.2700074360002026
0.27000744000020266
0.2700074440002028
0.2700074480002029
0.2700074520002031
0.2700074560002031
0.2700074600002033
0.2700074640002033
0.27000746800020353
0.27000747200020364
0.27000747600020375
0.2700074800002038
0.2700074840002039
0.270007488000204
0.27000749200020413
0.27000749600020424
0.2700075000002044
0.27000750400020446
0.2700075080002046
0.2700075120002047
0.27000751600020484
0.27000752000020484
0.270007524000205
0.27000752800020505
0.2700075320002052
0.27000753600020533
0.27000754000020544
0.27000754400020555
0.27000754800020565
0.27000755200020576
0.2700075560002059
0.270007560000206
0.2700075640002061
0.27000756800020614
0.2700075720002063
0.27000757600020636
0.2700075800002065
0.2700075840002066
0.27000758800020674
0.2700075920002068
0.27000759600020696
0.27000760000020707
0.2700076040002072
0.27000760800020723
0.27000761200020734
0.27000761600020745
0.27000762000020756
0.27000762400020767
0.2700076280002079
0.2700076320002079
0.2700076360002081
0.2700076400002081
0.2700076440002083
0.2700076480002083
0.2700076520002085
0.27000765600020854
0.2700076600002087
0.2700076640002088
0.2700076680002089
0.27000767200020903
0.27000767600020914
0.27000768000020925
0.27000768400020936
0.27000768800020947
0.2700076920002096
0.27000769600020963
0.2700077000002098
0.27000770400020985
0.27000770800021007
0.27000771200021007
0.2700077160002103
0.2700077200002103
0.2700077240002105
0.2700077280002106
0.2700077320002107
0.2700077360002108
0.2700077400002109
0.270007744000211
0.2700077480002111
0.2700077520002112
0.2700077560002114
0.2700077600002114
0.2700077640002116
0.27000776800021165
0.2700077720002118
0.2700077760002118
0.27000778000021197
0.270007784000212
0.2700077880002122
0.2700077920002123
0.2700077960002124
0.2700078000002125
0.2700078040002126
0.27000780800021273
0.27000781200021284
0.27000781600021295
0.27000782000021306
0.2700078240002131
0.2700078280002133
0.27000783200021333
0.2700078360002135
0.27000784000021355
0.2700078440002137
0.27000784800021377
0.27000785200021393
0.27000785600021404
0.27000786000021415
0.2700078640002142
0.2700078680002143
0.2700078720002144
0.27000787600021453
0.27000788000021464
0.27000788400021486
0.27000788800021486
0.2700078920002151
0.2700078960002151
0.2700079000002153
0.2700079040002153
0.27000790800021546
0.2700079120002155
0.2700079160002157
0.2700079200002158
0.2700079240002159
0.270007928000216
0.2700079320002161
0.2700079360002162
0.27000794000021633
0.27000794400021644
0.27000794800021655
0.2700079520002166
0.27000795600021676
0.2700079600002168
0.27000796400021704
0.27000796800021704
0.27000797200021726
0.27000797600021725
0.2700079800002175
0.2700079840002176
0.2700079880002177
0.27000799200021774
0.27000799600021785
0.27000800000021796
0.27000800400021807
0.2700080080002182
0.27000801200021834
0.2700080160002184
0.27000802000021856
0.2700080240002186
0.2700080280002188
0.2700080320002188
0.27000803600021894
0.270008040000219
0.27000804400021916
0.27000804800021927
0.2700080520002194
0.2700080560002195
0.2700080600002196
0.2700080640002197
0.2700080680002198
0.2700080720002199
0.27000807600022003
0.2700080800002201
0.27000808400022025
0.2700080880002203
0.27000809200022047
0.2700080960002205
0.2700081000002207
0.27000810400022074
0.2700081080002209
0.270008112000221
0.2700081160002211
0.2700081200002212
0.2700081240002213
0.2700081280002214
0.2700081320002215
0.2700081360002216
0.27000814000022183
0.27000814400022183
0.27000814800022205
0.27000815200022205
0.27000815600022227
0.27000816000022226
0.27000816400022243
0.2700081680002225
0.27000817200022265
0.27000817600022275
0.27000818000022286
0.270008184000223
0.2700081880002231
0.2700081920002232
0.2700081960002233
0.2700082000002234
0.2700082040002235
0.27000820800022357
0.27000821200022374
0.2700082160002238
0.270008220000224
0.270008224000224
0.2700082280002242
0.2700082320002242
0.27000823600022444
0.27000824000022455
0.27000824400022466
0.27000823800022467
0.2700082290002249
0.27000821600022495
0.2700081950002251
0.27000812700022514
0.2700080120002253
0.2700078340002253
0.2700076670002255
0.27000742500022556
0.27000711800022564
0.2700068410002258
0.27000659500022584
0.27000628000022603
0.2700058650002261
0.2700054480002262
0.2700049980002263
0.27000458600022637
0.27000420600022645
0.27000392300022663
0.27000360400022666
0.2700032520002268
0.27000284600022684
0.2700024490002269
0.2700020320002271
0.27000154300022716
0.27000097700022724
0.27000048700022733
0.2699999580002274
0.26999926300022753
0.26999856700022756
0.2699979930002277
0.26999751200022776
0.2699970030002279
0.26999650400022795
0.26999602900022807
0.2699955100002282
0.26999488200022825
0.2699943140002284
0.2699937500002284
0.2699932130002286
0.26999264400022865
0.26999209200022867
0.26999149300022884
0.2699909290002289
0.26999041200022905
0.26998992300022906
0.2699894140002292
0.26998884400022927
0.2699882500002294
0.2699876820002295
0.26998711500022954
0.26998656700022966
0.26998591800022975
0.2699852590002298
0.26998465700022994
0.26998408200023005
0.26998351000023013
0.26998293300023024
0.2699823400002303
0.26998177500023035
0.2699812420002305
0.2699807640002306
0.2699802240002307
0.2699796270002307
0.2699789810002309
0.2699783710002309
0.26997779600023103
0.26997718500023116
0.2699765550002312
0.2699759960002313
0.2699754850002314
0.26997496100023155
0.2699745170002316
0.2699741050002317
0.2699737900002318
0.26997349800023185
0.2699731990002319
0.26997287200023207
0.26997244000023224
0.2699720090002323
0.2699715710002324
0.2699711940002325
0.2699708750002326
0.2699706110002327
0.2699702540002328
0.2699698540002329
0.26996948700023304
0.26996906100023305
0.2699685910002332
0.2699681470002333
0.26996773300023336
0.2699672580002334
0.26996673200023347
0.2699662030002337
0.26996565100023373
0.2699650570002339
0.2699644350002339
0.26996390100023404
0.26996344600023403
0.26996289300023424
0.26996228900023433
0.2699617250002344
0.2699610230002345
0.2699603170002346
0.2699597120002346
0.26995922400023475
0.2699588440002349
0.26995843600023495
0.26995802400023505
0.2699575210002351
0.2699570640002352
0.26995657500023534
0.26995608200023546
0.2699556000002355
0.2699551450002356
0.2699547120002357
0.2699542690002358
0.2699537720002359
0.26995325100023604
0.2699527670002361
0.2699522000002362
0.26995155300023627
0.26995096500023635
0.26995034500023646
0.2699496440002365
0.26994897800023665
0.26994835500023673
0.2699477750002368
0.2699471880002369
0.269946638000237
0.2699460250002371
0.2699452900002372
0.26994461900023725
0.26994400900023735
0.26994346400023744
0.26994296500023757
0.2699424270002377
0.2699419750002378
0.26994148200023776
0.2699410360002379
0.26994059000023807
0.26994015300023816
0.2699396970002382
0.26993923900023825
0.2699387450002384
0.2699382260002385
0.2699377350002386
0.26993725200023866
0.2699367640002388
0.26993618300023886
0.26993557400023893
0.2699349150002391
0.2699342100002392
0.2699335070002392
0.2699328910002393
0.26993235700023943
0.26993191700023955
0.2699314030002396
0.2699308660002397
0.2699303090002398
0.2699297030002399
0.26992900900024
0.26992831000024003
0.2699277210002402
0.2699272480002403
0.2699267090002404
0.2699260950002404
0.2699254640002405
0.26992485500024066
0.2699242750002407
0.2699237400002408
0.2699231990002409
0.26992263500024105
0.26992210600024114
0.26992147000024125
0.26992084400024124
0.26992019900024133
0.26991947400024147
0.26991870600024154
0.26991802300024165
0.2699173250002417
0.26991668800024177
0.2699160280002419
0.26991534600024203
0.26991468800024204
0.26991404500024213
0.2699134670002422
0.2699128720002424
0.2699122950002424
0.2699117640002426
0.2699113030002426
0.2699108180002427
0.26991032300024276
0.2699097450002429
0.269909179000243
0.26990860600024313
0.2699080960002432
0.2699076620002433
0.26990716700024336
0.2699066960002435
0.26990625700024357
0.26990575000024364
0.26990523200024374
0.26990478000024387
0.26990436500024395
0.26990390800024405
0.2699034070002441
0.26990283400024423
0.26990223500024435
0.2699016750002444
0.2699011020002446
0.2699005440002446
0.26989999100024464
0.2698994520002448
0.26989878300024484
0.269898177000245
0.269897630000245
0.26989715000024517
0.2698966340002453
0.26989610900024535
0.26989561700024545
0.2698951870002455
0.26989466700024567
0.26989412500024573
0.2698935550002458
0.2698929440002458
0.269892315000246
0.2698917130002461
0.26989117700024623
0.26989061700024625
0.26989015000024635
0.26988966300024647
0.2698892020002466
0.26988860500024664
0.26988802000024675
0.2698874070002469
0.269886811000247
0.269886295000247
0.2698857920002471
0.2698852990002472
0.2698847970002473
0.2698842890002474
0.2698837370002475
0.26988320800024757
0.2698827120002477
0.26988223600024774
0.2698817360002479
0.269881207000248
0.2698807130002481
0.26988025700024815
0.2698797950002482
0.26987932500024836
0.2698788380002484
0.2698783110002485
0.2698778320002486
0.2698774770002487
0.2698770790002488
0.26987663300024894
0.269876199000249
0.2698757360002491
0.2698753160002492
0.2698748760002493
0.26987432500024944
0.2698737170002495
0.2698731400002496
0.26987263300024966
0.26987217700024974
0.2698717350002498
0.2698713130002499
0.26987091100025
0.2698704980002501
0.2698700230002502
0.26986951600025033
0.2698689390002504
0.2698682320002505
0.26986750300025064
0.2698667230002507
0.2698660140002508
0.2698653760002509
0.26986473900025093
0.269864141000251
0.2698635840002512
0.2698629780002512
0.26986243900025136
0.26986190000025145
0.2698613600002515
0.2698608680002516
0.2698602820002517
0.2698597100002518
0.26985922200025186
0.269858856000252
0.2698585760002521
0.26985829100025216
0.26985796400025225
0.2698576790002524
0.26985736100025254
0.26985702300025266
0.2698566530002527
0.2698563230002528
0.26985601000025294
0.269855702000253
0.2698553090002531
0.2698548160002532
0.26985427400025325
0.26985372900025334
0.26985322200025347
0.2698526810002536
0.26985217000025363
0.26985171400025376
0.2698512070002538
0.26985069800025396
0.2698502010002541
0.2698497330002541
0.2698492970002542
0.26984885700025435
0.2698484040002544
0.2698479120002545
0.2698473540002546
0.26984676100025473
0.26984619500025475
0.2698457300002549
0.269845360000255
0.2698450180002551
0.2698445980002552
0.2698442200002552
0.2698438180002554
0.2698433760002555
0.2698428820002556
0.2698423540002557
0.2698418660002558
0.2698414210002559
0.2698410150002559
0.269840606000256
0.2698401510002561
0.2698397050002562
0.2698392010002564
0.26983865600025636
0.2698380250002565
0.2698373570002566
0.2698368200002567
0.2698362990002568
0.2698357200002569
0.269835030000257
0.26983432400025703
0.26983361300025716
0.26983304000025726
0.2698324970002573
0.2698319900002574
0.2698313730002575
0.26983068500025764
0.26983003800025773
0.2698293990002578
0.26982876000025785
0.26982811600025797
0.2698276050002581
0.26982701700025813
0.2698264670002582
0.26982586900025834
0.26982522500025846
0.2698246090002585
0.2698240150002586
0.26982335800025875
0.2698227310002588
0.26982214400025883
0.269821498000259
0.2698209210002591
0.2698203040002592
0.26981968400025924
0.26981908200025934
0.2698185630002594
0.2698180580002595
0.26981748900025965
0.2698169160002597
0.2698162790002598
0.2698156820002599
0.26981502700026
0.26981442400026007
0.2698138530002602
0.26981331400026026
0.2698126950002603
0.2698121260002605
0.26981167600026057
0.26981122800026064
0.2698107290002607
0.2698101750002609
0.2698095750002609
0.269808950000261
0.26980844400026116
0.2698079610002612
0.26980742100026134
0.26980682400026135
0.26980621400026145
0.2698056540002616
0.26980509600026165
0.26980456200026176
0.26980393400026187
0.26980328400026193
0.269802710000262
0.2698022560002621
0.2698018190002622
0.26980129300026234
0.26980075400026243
0.26980017800026246
0.2697995380002626
0.2697988980002627
0.2697983510002628
0.26979788000026295
0.2697973470002629
0.2697969170002631
0.2697964330002632
0.26979595000026324
0.26979537300026335
0.2697947090002634
0.26979410100026346
0.26979346300026363
0.2697929010002637
0.2697922760002638
0.26979164900026387
0.2697910820002639
0.26979059500026403
0.26979007500026414
0.26978956200026427
0.26978891900026436
0.26978835700026443
0.26978777900026457
0.26978722100026464
0.2697866570002648
0.2697860310002648
0.2697854760002649
0.269784953000265
0.2697843470002651
0.2697837450002652
0.26978312500026524
0.2697824330002654
0.26978175000026544
0.2697811210002656
0.26978053800026564

Avalanche_Distribution:
1
3
1
