
Branching_global:
3.998000000000001e-09
3.854579999999996e-07
7.235279999999982e-07
1.0353470000000018e-06
1.312595000000008e-06
1.5742550000000105e-06
1.8238300000000038e-06
2.002198999999997e-06
2.223203999999992e-06
2.365524999999986e-06
2.5440749999999884e-06
2.6668789999999995e-06
2.792980000000009e-06
2.869405000000019e-06
3.0672470000000308e-06
3.1841990000000404e-06
3.383322000000048e-06
3.506617000000055e-06
3.552077000000061e-06
3.728519000000069e-06
3.872361000000078e-06
3.935853000000089e-06
3.9850940000001e-06
4.193487000000119e-06
4.3536460000001306e-06
4.3517560000001415e-06
4.45992200000015e-06
4.598761000000167e-06
4.698478000000174e-06
4.792376000000184e-06
4.783614000000193e-06
4.950763000000212e-06
5.066988000000223e-06
5.1069280000002415e-06
5.1685940000002535e-06
5.246698000000269e-06
5.422724000000282e-06
5.343347000000289e-06
5.4354880000003e-06
5.599267000000309e-06
5.811555000000324e-06
5.732694000000317e-06
5.821592000000336e-06
5.947659000000344e-06
6.016697000000362e-06
6.00551600000036e-06
6.143384000000373e-06
6.315629000000383e-06
6.123879000000384e-06
6.484110000000398e-06
6.381593000000393e-06
6.5533130000004076e-06
6.469082000000405e-06
6.642047000000418e-06
6.681293000000412e-06
6.860103000000414e-06
6.961859000000436e-06
6.894054000000432e-06
7.033182000000429e-06
7.086293000000434e-06
7.323898000000439e-06
7.369992000000411e-06
7.457578000000435e-06
7.3834260000004275e-06
7.622164000000429e-06
7.517409000000441e-06
7.544151000000443e-06
7.739644000000408e-06
7.756737000000436e-06
7.812689000000432e-06
7.906253000000431e-06
7.874424000000435e-06
8.012085000000422e-06
8.131031000000407e-06
8.096363000000391e-06
8.034799000000387e-06
8.092984000000403e-06
8.190358000000378e-06
8.33857200000036e-06
8.193760000000386e-06
8.594665000000356e-06
8.479309000000339e-06
8.478159000000333e-06
8.489352000000331e-06
8.589841000000292e-06
8.673828000000303e-06
8.782780000000278e-06
8.720227000000288e-06
8.897138000000244e-06
8.727915000000294e-06
8.709816000000238e-06
8.983500000000247e-06
8.872254000000248e-06
9.004196000000205e-06
8.840042000000242e-06
8.993736000000197e-06
9.43634500000011e-06
9.428129000000169e-06
9.424461000000096e-06
9.485521000000124e-06

Autocorrelation:
-5.1713068835488434e-05
-6.771015417546244e-05
-7.072572648484406e-05
-7.256486505614685e-05
-7.383613322882575e-05
-7.484061710101236e-05
-7.56740369385588e-05
-7.621216700697179e-05
-7.682520657805617e-05
-7.719319030530571e-05
-7.76292436885719e-05
-7.791437745317829e-05
-7.81958562478711e-05
-7.836127229561768e-05
-7.877284423264032e-05
-7.90057300041094e-05
-7.93861703116845e-05
-7.96123908157805e-05
-7.969411451036633e-05
-8.000320362209302e-05
-8.024622005847069e-05
-8.035108327827316e-05
-8.043143642854377e-05
-8.076254084708426e-05
-8.100775656208282e-05
-8.100490724416071e-05
-8.116633239955137e-05
-8.136879472709412e-05
-8.151107226715935e-05
-8.164275519503617e-05
-8.163055911950261e-05
-8.186006465207366e-05
-8.201585793192146e-05
-8.206870581027553e-05
-8.214962662997308e-05
-8.225096795403761e-05
-8.247482344067277e-05
-8.237464131607686e-05
-8.249081849361073e-05
-8.269332242670415e-05
-8.294857374101584e-05
-8.285467510424288e-05
-8.296044828183263e-05
-8.310815966166138e-05
-8.318794769601415e-05
-8.317507765368584e-05
-8.333239704133982e-05
-8.35248613879057e-05
-8.331031997732564e-05
-8.370893540043077e-05
-8.359741194791685e-05
-8.37833909360065e-05
-8.36926793939216e-05
-8.387790814363725e-05
-8.391937712648525e-05
-8.41057882143262e-05
-8.421007231478202e-05
-8.414072489218938e-05
-8.428241426133952e-05
-8.433588883954976e-05
-8.457111720504741e-05
-8.461601382676913e-05
-8.47006857150895e-05
-8.462905494601049e-05
-8.485758603177078e-05
-8.475805243376912e-05
-8.4783570458332e-05
-8.49678682423884e-05
-8.498379799522433e-05
-8.503573925830052e-05
-8.51219107178041e-05
-8.509269197169226e-05
-8.521836693973088e-05
-8.532552195207387e-05
-8.529442554122934e-05
-8.523893078819336e-05
-8.529138875167863e-05
-8.537848275574922e-05
-8.550941556761333e-05
-8.538151004213783e-05
-8.573117061992721e-05
-8.56319694343081e-05
-8.563097486821028e-05
-8.564065027576067e-05
-8.572704435737326e-05
-8.57986109759024e-05
-8.589060018323928e-05
-8.58379024353783e-05
-8.598614265262599e-05
-8.584439603125727e-05
-8.582910132035237e-05
-8.605762369383713e-05
-8.596543979667727e-05
-8.607466903802224e-05
-8.593856870508903e-05
-8.606605818063093e-05
-8.642338836900123e-05
-8.641688294451128e-05
-8.641397710987402e-05
-8.646222825300595e-05

Average_Activity:
0.25
1.5
1.25
0.75
1.25
0.0
0.5
1.25
1.0
0.5
1.25
0.75
1.25
1.25
1.25
1.5
1.0
1.5
0.5
0.5
1.5
1.0
1.5
1.0
1.5
0.25
1.0
0.75
0.75
0.75
0.75
0.75
2.25
0.75
0.75
0.75
0.75
2.0
0.75
1.5
1.25
1.5
0.25
0.5
1.5
0.75
2.0
1.0
0.5
1.25
1.25
0.25
0.5
0.25
0.75
1.0
0.5
1.5
2.25
2.5
1.0
1.75
1.25
0.5
0.75
1.0
0.75
1.25
1.75
0.5
0.75
0.75
1.25
1.5
0.25
1.0
0.75
1.25
1.25
0.25
1.25
1.0
1.0
0.5
1.5
2.25
1.25
0.75
1.25
0.75
0.75
0.5
0.25
1.25
0.25
0.75
0.0
0.5
1.75
1.25
0.5
1.0
1.0
1.0
0.5
0.75
1.0
0.5
3.75
1.25
1.25
1.75
1.25
0.5
1.0
1.0
0.25
1.25
0.75
1.0
0.25
1.5
0.25
0.25
0.75
0.75
0.25
0.5
1.0
1.0
0.75
1.25
0.75
1.0
1.5
0.0
1.25
0.25
0.75
1.0
1.0
1.0
1.25
1.25
0.75
1.5
0.5
1.25
0.75
1.25
0.75
1.25
1.75
1.25
0.25
1.25
0.25
0.75
1.0
1.0
1.75
1.25
1.75
1.0
0.75
1.25
0.5
0.5
1.75
0.75
1.5
1.0
1.0
0.75
1.0
0.75
1.0
1.0
1.0
1.75
1.0
2.0
0.75
0.75
0.75
1.25
1.0
2.0
0.0
1.0
1.25
1.5
1.25
1.0
0.25
1.25
0.5
2.0
1.0
0.5
0.5
1.75
1.75
1.75
1.5
2.75
1.0
0.25
1.25
0.5
0.75
1.0
1.0
1.75
1.5
1.0
1.0
0.75
0.25
0.75
1.0
2.25
1.25
1.5
1.75
1.0
0.75
0.5
1.25
0.75
0.75
0.25
0.25
0.75
1.25
0.75
0.75
1.0
1.25
0.75
1.25
1.25
1.75
2.25
1.0
0.5
0.5
1.25
0.5
0.25
2.0
2.25
0.75
1.5
0.75
1.0
1.25
1.0
1.25
0.75
1.0
0.5
1.25
0.5
1.5
0.75
1.0
1.25
1.25
1.5
0.5
0.5
0.5
0.75
2.25
1.25
1.75
1.0
1.25
0.5
1.0
1.0
0.25
1.75
1.25
0.5
0.5
0.75
0.75
2.0
0.25
0.5
1.0
1.75
0.5
0.5
1.0
0.75
1.25
1.5
0.5
1.25
1.25
1.5
2.0
0.75
0.5
1.75
0.25
1.25
1.25
0.25
1.25
1.25
0.75
0.5
2.0
2.25
1.25
0.5
0.75
1.5
1.0
1.25
1.25
1.25
2.25
0.75
1.0
0.25
0.75
1.0
1.0
0.75
1.5
1.75
0.75
0.5
0.75
1.25
1.5
1.0
1.0
0.75
0.75
1.75
2.5
1.5
0.5
0.5
1.0
0.5
0.25
2.0
2.0
0.75
0.75
1.0
2.0
0.75
1.25
1.25
0.5
0.25
0.5
0.5
0.75
1.25
1.5
1.5
1.0
0.75
0.5
1.0
0.5
1.25
0.5
1.5
1.5
1.25
1.5
0.5
1.0
1.0
1.25
0.75
0.75
0.0
1.25
0.75
0.75
1.0
0.75
1.25
1.5
0.5
0.75
1.0
0.25
0.75
0.75
1.0
0.5
1.0
0.75
1.25
1.0
0.25
1.0
0.5
1.5
0.75
0.75
0.0
0.25
0.75
1.5
1.25
1.0
0.5
0.75
0.75
1.5
1.25
2.0
1.5
1.0
1.25
0.0
1.25
0.5
1.75
1.25
1.0
0.25
1.0
0.5
0.5
1.5
2.5
1.0
0.5
2.0
1.0
0.0
1.75
1.25
1.0
1.0
1.0
1.25
1.5
1.5
1.5
0.5
1.5
1.75
1.25
1.0
1.5
0.0
1.0
1.0
1.25
1.0
0.75
0.5
1.0
1.25
0.75
0.75
0.25
0.5
1.0
1.25
1.25
1.25
1.0
1.75
1.0
0.5
1.25
1.25
0.25
1.25
1.0
1.25
0.5
0.75
1.0
1.5
1.0
0.75
0.5
1.25
1.25
1.0
0.75
0.5
1.0
1.5
1.0
0.5
0.25
1.25
1.0
2.0
0.25
1.0
0.5
1.25
0.75
0.75
1.0
0.75
1.0
0.5
1.0
1.25
1.0
2.25
1.5
1.0
0.5
0.0
1.0
0.25
1.0
0.25
0.75
1.0
1.5
0.75
1.0
0.5
0.5
0.5
2.0
0.5
1.5
0.5
0.75
1.0
1.5
0.75
1.0
0.75
1.0
1.0
1.75
0.5
1.5
1.25
0.5
1.25
0.5
0.75
1.0
1.0
1.75
0.25
1.25
1.0
0.75
1.0
1.0
0.25
1.75
1.0
2.5
0.5
0.5
1.0
1.0
1.5
1.75
1.0
1.25
0.75
0.75
0.25
0.75
1.0
1.5
1.0
0.5
1.0
0.75
1.0
0.75
1.0
0.25
1.0
0.5
0.25
0.25
0.5
1.5
0.5
1.0
0.75
0.5
1.5
0.25
0.75
0.5
2.0
2.25
1.0
0.75
1.5
1.5
1.75
0.25
0.75
1.25
1.75
1.25
2.0
1.25
1.5
0.25
1.0
0.25
1.5
0.25
1.0
0.5
0.75
1.0
0.5
0.75
1.25
1.0
1.25
1.0
1.25
0.25
1.0
0.5
1.0
1.25
1.25
1.0
2.0
0.75
1.25
1.25
0.75
0.5
1.0
1.0
1.0
1.25
0.75
0.25
1.25
0.5
1.25
1.0
0.75
0.75
0.5
0.75
1.5
1.5
1.0
2.25
1.75
1.5
0.25
1.25
0.75
1.75
0.5
0.5
1.0
0.75
1.0
0.75
1.0
1.0
0.0
2.25
0.25
1.25
0.75
1.25
0.0
0.75
2.5
0.75
1.0
1.0
0.75
0.75
1.5
0.0
0.0
1.25
1.25
0.5
0.5
1.0
1.0
0.75
1.25
0.75
1.5
1.5
0.75
0.75
1.75
1.0
0.25
0.5
1.25
1.75
0.25
1.0
2.0
0.75
0.75
1.5
0.5
1.5
0.25
1.0
0.75
0.75
0.25
0.5
0.75
1.0
0.75
0.0
2.0
0.0
1.5
1.25
1.25
0.75
1.0
1.0
1.25
1.5
1.0
1.0
1.0
0.75
0.75
2.25
0.25
1.0
0.0
1.25
1.75
0.75
1.0
1.75
1.25
1.5
2.25
0.25
2.0
1.25
1.0
1.0
0.75
0.75
1.25
1.75
0.75
0.5
0.5
1.75
2.0
1.0
1.0
1.5
1.5
1.5
1.5
1.0
0.5
0.5
1.0
0.75
0.75
0.25
2.25
0.5
0.75
1.25
0.5
1.0
1.0
0.5
0.5
1.5
0.75
1.25
1.25
0.5
0.75
1.0
1.0
1.0
1.5
0.5
1.75
1.75
0.5
1.25
1.0
0.75
1.25
0.5
0.75
0.75
0.25
1.0
1.25
2.25
1.5
2.5
1.5
0.5
0.5
1.0
1.25
1.75
0.25
0.0
1.0
1.0
0.75
0.75
1.0
1.25
0.5
1.25
0.5
0.25
1.0
1.0
1.5
2.25
0.75
2.0
0.5
0.5
0.75
0.75
2.0
0.75
1.5
1.5
1.25
0.75
1.0
1.5
1.25
0.75
1.25
1.5
1.25
0.75
0.5
1.75
1.5
1.0
0.5
1.0
1.0
1.0
1.25
1.5
1.25
1.0
0.5
0.75
0.5
2.0
1.25
1.25
1.0
1.5
1.25
1.25
1.0
0.75
1.75
1.75
1.5
2.0
1.25
0.5
1.25
0.75
1.25
0.75
1.0
0.25
1.0
2.25
0.75
0.75
2.25
1.5
1.0
0.75
1.75
1.25
1.25
0.5
1.75
0.5
1.0
0.5
0.5
1.5
1.5
1.25
1.5
0.75
0.0
1.25
2.25
0.75
1.25
1.0
1.0
0.75
1.5
1.25
1.25
1.25
1.0
1.75
0.5
1.5
1.5
1.0
0.75
1.0
1.25
1.0
2.25
1.25
0.75
2.0
0.75
1.0
0.75
1.0
1.0
1.0
0.5
0.25
0.75
1.25
0.5
1.25
0.75
2.0
0.75
1.5
0.75
0.5
1.75
0.75
1.0
1.0
1.0
0.25
1.75
1.25
0.75
0.75
0.75
0.75
0.75
0.75
1.0
2.25
0.5
0.25
1.0
1.75
0.25
1.5
0.25
1.75
0.75
0.5
1.75
0.5
1.0
2.0
1.75
1.0
0.0
1.25
0.5
0.5
1.25
0.75
0.5
1.5
0.75
0.5
0.5
2.0
0.5
1.5
1.25
0.5
1.75
1.75
0.25
0.5
1.25
0.75
1.75
0.75
1.0
0.25
0.75
2.5
0.5
1.25
0.75
1.75
1.0
0.75
1.0
0.75
1.75
1.25
1.5
1.0
0.5
1.25
0.75
0.75
1.5
1.0
1.25
0.25
0.5
2.0
1.25
2.0
1.0
1.0
0.5
0.5
1.25
1.25
1.75
2.5
0.25
1.25
1.25
1.0
1.0
0.5
1.25
0.75
1.5
1.5
1.0
0.25
0.5
0.5
0.5
1.25
0.5
0.25
0.75
1.5
1.5
1.75
1.0
1.5
2.0
1.0
1.5
1.25
0.5
1.25
0.75
1.25
0.0
0.25
0.75
1.0
1.0
0.75
1.0
0.75
0.5
0.75
1.25
0.75
0.75
0.5
1.75
1.0
1.0
1.0
1.0
1.25
0.5
1.25
1.0
0.5
0.5
0.5
0.5
1.5
1.0
1.5
0.75
2.0
1.0
1.5
1.5
0.75
1.0
1.5
1.5
1.0
1.0
1.0
1.25
0.75
1.25
1.25
0.25
0.0
1.25
0.25
1.25
0.75
0.25
1.5
1.75
1.0
1.5
0.25
1.0
0.75
0.75
0.5
1.0
1.75
0.75
1.0
2.25
2.25
1.25
0.5
1.25
1.75
1.5
0.5
1.75
0.25
2.0
0.75
1.0
1.25
0.75
0.75
0.0
0.5
1.0
1.5
2.0
1.0
1.5
1.25
1.25
1.5
1.5
1.5
1.0
1.25
2.75
1.0
2.25
1.75
1.25
0.75
0.5
1.75
0.5
1.25
0.5
1.0
1.0
1.0
1.0
1.25
0.5
0.25
1.5
0.0
0.5
0.25
0.75
0.25
0.5
0.0
0.75
0.75
0.75
0.5
0.75
1.25
1.25
0.75
0.5
0.75
2.5
0.25
1.5
1.5
0.5
1.0
1.25
1.75
0.75
1.0
0.75
1.25
0.25
1.0
0.75
1.75
2.25
1.0
1.5
1.25
1.25
0.5
0.75
0.5
0.75
0.5
0.5
2.0
1.0
1.0
2.25
2.0
1.0
0.5
1.0
1.0
0.75
1.25
0.25
0.5
1.25
1.75
1.25
1.5
1.0
0.75
0.75
0.75
0.75
1.0
0.5
1.0
0.75
1.25
1.75
0.75
1.0
1.0
0.5
1.25
1.5
1.25
0.75
1.0
0.75
1.75
1.5
0.5
1.0
2.0
0.0
1.0
0.75
0.75
1.0
1.25
0.0
1.75
0.75
0.75
1.25
1.5
1.75
1.0
0.5
1.25
1.5
0.25
1.5
0.25
1.0
0.75
1.5
0.5
1.5
1.0
1.0
0.5
0.75
1.25
0.25
1.5
0.25
0.25
1.0
0.5
0.5
0.5
1.5
0.5
1.5
1.5
1.5
1.0
2.0
0.75
0.75
1.0
1.0
0.75
1.75
0.75
1.5
0.5
1.0
1.75
1.0
0.75
1.75
0.75
1.25
2.5
1.0
1.75
0.25
0.0
0.5
1.25
1.25
1.25
2.0
1.5
1.5
0.5
0.5
1.0
1.0
0.5
0.75
1.0
1.25
0.5
0.5
1.0
1.0
0.5
0.75
0.25
1.5
1.5
0.5
1.25
2.25
0.0
0.75
0.5
1.25
0.5
1.75
1.25
1.25
0.5
1.25
0.75
0.5
0.75
1.0
0.75
1.25
1.0
0.25
1.75
0.0
0.75
1.5
0.75
1.25
1.5
1.25
1.5
1.0
0.5
0.25
0.25
0.75
2.75
0.5
0.25
0.75
0.5
1.0
1.5
2.0
1.5
1.5
1.0
1.0
1.25
1.25
1.0
1.25
0.5
1.5
1.0
0.25
1.0
0.5
1.75
0.75
0.5
0.75
1.25
1.0
1.5
1.5
1.0
0.25
1.0
0.75
1.0
1.5
1.0
0.5
1.25
1.25
1.0
0.75
0.25
1.75
1.25
1.0
1.0
2.0
1.0
1.75
1.0
2.25
0.5
2.0
1.25
0.5
0.25
1.25
0.25
1.5
1.25
0.75
0.75
0.75
0.25
0.5
1.0
0.75
1.0
1.5
0.5
0.75
1.25
0.0
1.25
0.75
1.0
1.5
1.0
0.25
1.5
1.0
1.25
0.5
0.25
2.0
0.75
1.5
0.5
0.5
1.25
0.5
1.25
1.75
0.75
0.25
1.0
1.75
0.75
0.75
0.5
0.0
1.5
0.25
1.75
0.75
0.5
0.75
1.0
0.5
1.5
0.5
0.75
0.5
0.25
1.25
1.75
0.75
1.0
1.0
1.0
1.25
1.0
1.25
1.5
0.5
1.75
0.75
2.5
0.5
1.0
1.0
1.5
0.5
1.25
1.0
1.25
1.25
1.0
0.5
0.75
0.75
0.5
1.0
1.5
2.0
1.0
0.25
1.75
0.5
0.75
0.5
0.5
1.0
0.5
1.25
0.75
0.25
0.5
0.0
0.75
1.75
0.5
1.5
2.75
1.5
0.5
0.75
1.25
1.0
0.75
0.5
1.5
1.75
0.75
0.0
1.0
1.25
0.5
0.25
1.25
1.75
0.25
1.75
1.25
0.25
0.75
1.0
1.25
1.25
1.5
1.0
1.25
0.0
1.0
0.5
0.75
1.0
0.75
1.25
1.25
0.5
0.25
2.25
1.0
1.25
0.25
1.75
0.75
0.75
0.5
0.5
0.75
1.25
0.75
1.0
0.75
0.5
0.75
1.75
1.0
1.25
1.0
1.0
2.75
2.75
0.25
2.0
1.25
0.75
0.75
1.25
0.75
0.75
1.5
0.75
0.5
1.0
1.0
0.5
1.25
0.75
1.0
0.75
1.25
1.0
2.25
0.5
0.75
1.0
0.5
0.5
0.75
2.0
2.5
1.25
0.5
1.0
1.5
0.75
1.0
1.0
1.25
1.25
1.0
0.0
0.75
1.25
1.25
2.25
1.0
1.0
1.5
1.5
1.25
1.5
0.5
0.0
1.0
0.5
0.75
1.25
0.75
1.0
1.25
1.25
1.0
1.75
0.5
0.75
1.0
1.5
0.75
0.5
1.0
1.75
1.25
0.75
0.75
1.25
0.25
1.0
1.25
0.5
1.25
1.75
1.0
0.75
1.25
1.75
1.0
0.5
1.0
1.0
2.0
1.0
1.25
0.75
1.75
0.25
0.25
1.0
0.75
1.0
1.75
1.0
1.0
1.25
1.5
1.25
0.25
0.75
1.75
1.0
1.0
0.5
1.0
0.75
0.75
0.75
1.0
1.0
0.5
1.75
1.0
0.75
0.25
1.25
0.25
0.5
1.5
0.25
0.75
0.25
1.5
1.75
0.5
0.5
0.75
1.5
0.5
1.5
0.75
1.0
1.5
1.25
1.25
1.5
1.5
0.25
0.0
1.0
1.0
1.25
1.0
1.25
0.25
0.5
0.5
0.25
0.75
1.25
1.0
1.25
0.75
0.5
1.5
1.25
1.0
1.5
0.25
0.25
0.5
1.0
0.75
0.25
1.25
0.75
0.75
1.0
1.0
0.0
2.0
1.75
1.75
2.0
1.0
0.75
0.75
1.0
1.25
2.25
2.25
1.25
1.25
0.25
0.5
0.0
0.0
0.5
1.75
0.5
1.75
1.75
0.75
0.25
0.75
0.5
0.75
1.0
0.5
0.5
1.25
1.0
0.75
1.0
0.75
1.25
1.0
1.25
0.75
0.75
0.75
0.25
1.25
2.5
1.0
0.5
0.25
2.25
1.25
1.25
1.0
1.5
0.25
1.0
0.75
1.25
0.25
1.25
1.0
1.75
1.0
2.0
1.0
0.5
1.25
1.75
1.0
1.5
0.5
1.75
0.5
1.25
0.5
0.5
0.25
0.75
0.5
2.0
0.75
1.25
1.0
0.5
1.0
0.75
1.0
0.75
2.0
1.5
0.5
0.5
1.0
0.75
0.75
1.25
1.5
1.25
1.25
1.0
0.75
0.5
0.5
1.75
1.75
1.25
1.0
1.25
0.5
1.0
0.75
1.0
1.25
0.75
0.5
1.5
1.5
0.75
1.0
1.0
1.5
1.75
1.25
1.25
1.25
0.5
2.0
1.0
1.25
1.0
1.0
1.0
1.25
1.25
1.0
0.75
1.25
1.75
1.5
0.5
0.5
1.75
0.75
1.25
0.5
0.25
0.75
1.0
0.5
0.75
0.75
1.5
1.25
1.75
1.5
1.0
1.5
0.75
0.75
1.25
0.5
2.25
0.75
0.75
0.5
1.0
0.5
1.25
0.75
1.75
0.0
1.0
1.25
0.5
0.5
0.75
0.5
2.25
1.0
1.25
1.25
0.75
1.25
0.75
0.75
1.0
1.25
0.5
1.0
0.75
0.5
1.25
1.5
1.25
1.25
1.25
0.0
2.25
1.5
0.5
0.75
1.5
1.5
0.75
1.0
1.0
1.75
0.25
1.0
1.0
1.25
1.25
1.25
1.25
0.25
0.75
1.25
2.25
1.0
0.25
0.75
1.25
0.25
1.25
1.5
1.0
1.5
1.5
0.75
1.25
0.75
1.75
1.25
1.25
1.25
0.5
0.0
1.25
1.25
0.75
0.75
1.25
1.5
1.25
0.5
0.75
0.5
0.75
1.0
1.75
0.25
0.75
1.5
0.25
1.25
0.75
0.5
0.5
0.0
0.75
0.25
1.25
1.75
0.25
1.0
1.5
0.75
2.0
1.0
0.75
2.25
0.5
0.75
1.0
1.0
1.75
0.75
0.5
0.75
1.5
1.0
1.0
1.0
1.25
0.5
0.75
0.75
0.5
1.0
1.75
1.5
1.25
1.75
1.25
1.75
1.0
0.75
1.0
0.75
0.75
1.25
0.25
1.0
2.0
1.5
0.25
0.5
0.25
1.0
1.0
0.75
0.75
1.75
0.25
1.25
1.25
1.25
0.5
1.0
0.75
1.75
0.25
0.5
0.75
1.75
1.25
1.5
0.75
0.75
0.25
1.0
0.5
0.75
1.25
0.75
1.25
0.75
1.0
0.5
1.0
0.25
1.25
2.25
1.75
0.5
1.0
1.5
0.5
0.25
0.75
1.0
1.75
1.0
1.0
2.5
1.25
0.75
0.75
0.5
0.75
0.25
1.0
1.25
1.0
1.25
1.5
0.75
1.0
1.25
1.5
0.5
1.5
1.0
1.25
0.75
1.25
1.25
0.25
1.0
1.25
0.5
1.0
2.0
1.5
0.75
1.5
0.75
0.5
1.5
1.75
0.75
1.0
1.25
1.0
1.5
0.5
1.75
1.0
0.5
1.0
0.75
2.25
1.75
1.5
0.75
1.25
1.75
2.5
1.0
2.0
0.75
1.75
1.5
1.0
1.0
0.5
0.5
0.5
1.0
1.0
0.25
1.0
0.5
0.75
1.75
0.75
0.5
1.0
0.5
0.5
1.25
1.25
0.5
0.0
0.5
0.75
0.5
0.75
1.5
1.25
1.0
1.5
1.75
0.75
0.75
1.0
0.75
0.5
1.25
0.25
0.25
2.25
0.25
1.5
0.75
1.0
0.0
2.0
1.25
0.75
0.75
1.25
1.75
1.5
1.75
1.25
1.0
1.25
1.5
1.0
2.0
1.25
0.75
0.25
0.5
1.75
1.25
1.75
0.0
0.75
0.5
1.5
1.5
0.75
1.5
0.5
1.25
1.5
0.75
1.0
1.25
1.0
0.25
1.75
1.75
1.25
1.5
1.25
0.5
2.5
1.0
0.75
1.5
0.75
0.75
0.75
1.0
1.0
0.5
1.0
0.75
1.0
0.5
0.75
0.75
1.5
1.75
0.75
1.5
1.0
0.0
0.5
0.75
0.5
0.5
1.0
1.0
0.5
0.0
1.0
1.0
1.0
1.75
0.75
2.0
0.5
1.0
0.75
1.0
1.0
1.5
1.25
0.5
0.75
0.75
1.0
1.25
0.75
0.5
1.5
0.75
1.0
1.5
0.75
1.0
1.0
1.25
1.75
1.5
2.0
1.0
1.75
1.5
0.75
1.75
0.75
1.25
0.75
1.25
0.5
0.75
1.25
0.25
0.25
0.0
1.25
1.5
0.75
0.75
0.5
0.5
1.25
1.0
1.0
1.25
1.25
1.0
1.0
0.75
1.0
1.0
0.5
1.0
0.75
0.25
0.5
1.75
0.75
0.5
1.75
0.25
1.0
1.75
0.25
1.0
1.5
1.5
0.75
0.75
2.0
0.75
1.25
1.0
1.5
1.5
0.75
0.5
0.25
1.0
0.25
1.0
0.75
1.0
0.5
1.0
0.75
0.5
0.5
0.75
1.5
0.75
0.75
0.25
1.5
0.5
0.75
0.5
0.5
1.5
2.0
0.75
2.0
0.25
0.25
1.25
1.5
1.25
1.0
1.5
1.0
1.5
2.0
0.5
1.0
1.0
0.75
1.25
0.25
0.75
1.5
1.25
0.75
1.0
0.75
1.25
0.75
0.75
0.5
0.5
1.75
0.5
2.0
1.0
0.5
1.25
1.0
0.75
1.5
0.5

Average_Alpha:
9.990000000000006e-10
4.975000000000001e-09
8.936e-09
1.2902999999999998e-08
1.6823000000000004e-08
2.0822999999999994e-08
2.4777999999999985e-08
2.8639999999999997e-08
3.251099999999999e-08
3.6439000000000006e-08
4.0240000000000015e-08
4.4117000000000024e-08
4.7879000000000054e-08
5.162200000000006e-08
5.534700000000005e-08
5.899000000000004e-08
6.273800000000002e-08
6.633300000000002e-08
7.0191e-08
7.409399999999999e-08
7.761799999999996e-08
8.128399999999996e-08
8.480699999999992e-08
8.843899999999995e-08
9.204899999999989e-08
9.594899999999992e-08
9.953699999999987e-08
1.0322899999999988e-07
1.0693899999999983e-07
1.1059199999999986e-07
1.142359999999998e-07
1.1786399999999983e-07
1.207159999999998e-07
1.2431999999999978e-07
1.2800799999999978e-07
1.3166599999999974e-07
1.3532199999999973e-07
1.3814499999999973e-07
1.4183599999999968e-07
1.448999999999997e-07
1.481029999999997e-07
1.5125999999999967e-07
1.5509399999999963e-07
1.5874999999999962e-07
1.6207799999999963e-07
1.6568099999999964e-07
1.683409999999996e-07
1.7173999999999955e-07
1.753559999999996e-07
1.7858099999999958e-07
1.8169599999999954e-07
1.8549399999999948e-07
1.8907999999999955e-07
1.9286799999999953e-07
1.9641699999999945e-07
1.995979999999994e-07
2.031489999999995e-07
2.0596199999999945e-07
2.083639999999994e-07
2.1017299999999938e-07
2.133889999999995e-07
2.156859999999995e-07
2.1845099999999963e-07
2.219449999999996e-07
2.2517899999999977e-07
2.2843499999999976e-07
2.322309999999999e-07
2.349109999999999e-07
2.3725800000000005e-07
2.40893e-07
2.4405700000000016e-07
2.4727400000000013e-07
2.501220000000003e-07
2.526500000000003e-07
2.563530000000004e-07
2.5915600000000047e-07
2.6224600000000053e-07
2.6494700000000055e-07
2.677120000000007e-07
2.7139800000000064e-07
2.739580000000008e-07
2.7689400000000084e-07
2.7958700000000095e-07
2.82924000000001e-07
2.8490800000000103e-07
2.860950000000011e-07
2.886390000000012e-07
2.918500000000013e-07
2.9409300000000126e-07
2.9736300000000126e-07
3.0028400000000147e-07
3.035570000000015e-07
3.071910000000015e-07
3.0995000000000153e-07
3.1357400000000167e-07
3.165180000000017e-07
3.205180000000017e-07
3.2383200000000176e-07
3.25327000000002e-07
3.27897000000002e-07
3.313290000000021e-07
3.33714000000002e-07
3.364230000000022e-07
3.3910400000000224e-07
3.4270300000000227e-07
3.456540000000023e-07
3.486950000000024e-07
3.518710000000025e-07
3.506990000000025e-07
3.528130000000025e-07
3.5504600000000264e-07
3.559980000000027e-07
3.579890000000026e-07
3.6108800000000266e-07
3.6358000000000284e-07
3.6676500000000293e-07
3.703010000000029e-07
3.7201900000000296e-07
3.7533700000000307e-07
3.774370000000031e-07
3.8095600000000295e-07
3.82471000000003e-07
3.859880000000028e-07
3.8949700000000287e-07
3.9271200000000273e-07
3.959100000000027e-07
3.998430000000026e-07
4.0313300000000256e-07
4.0558600000000245e-07
4.0752100000000245e-07
4.099610000000023e-07
4.1245200000000235e-07
4.1487200000000213e-07
4.167470000000022e-07
4.18037000000002e-07
4.220370000000021e-07
4.2358700000000187e-07
4.2704100000000187e-07
4.2981600000000176e-07
4.3209800000000176e-07
4.3409100000000155e-07
4.360670000000016e-07
4.3737900000000147e-07
4.394030000000014e-07
4.4219600000000124e-07
4.4357100000000135e-07
4.4640500000000117e-07
4.478730000000012e-07
4.503370000000011e-07
4.5207400000000106e-07
4.548530000000009e-07
4.5677500000000097e-07
4.5730600000000075e-07
4.596450000000008e-07
4.635420000000007e-07
4.659520000000007e-07
4.6975800000000057e-07
4.718770000000005e-07
4.742470000000004e-07
4.766120000000004e-07
4.774370000000003e-07
4.785540000000003e-07
4.795650000000001e-07
4.818600000000002e-07
4.84451e-07
4.86241e-07
4.890819999999998e-07
4.918249999999998e-07
4.930269999999998e-07
4.950009999999997e-07
4.950949999999997e-07
4.966209999999996e-07
4.990489999999995e-07
5.009739999999995e-07
5.021909999999994e-07
5.053649999999994e-07
5.084369999999993e-07
5.107159999999993e-07
5.128469999999992e-07
5.140829999999992e-07
5.16366999999999e-07
5.15862999999999e-07
5.18756999999999e-07
5.216199999999989e-07
5.242769999999987e-07
5.259349999999989e-07
5.284679999999986e-07
5.280659999999987e-07
5.320659999999985e-07
5.345719999999985e-07
5.358069999999984e-07
5.361729999999985e-07
5.369089999999982e-07
5.392589999999983e-07
5.425279999999982e-07
5.436619999999981e-07
5.470669999999979e-07
5.467859999999981e-07
5.48653999999998e-07
5.51809999999998e-07
5.546869999999977e-07
5.557199999999978e-07
5.551239999999978e-07
5.559619999999977e-07
5.577659999999976e-07
5.573729999999976e-07
5.588289999999975e-07
5.620019999999974e-07
5.630969999999973e-07
5.664529999999973e-07
5.682779999999973e-07
5.695289999999972e-07
5.721709999999972e-07
5.719749999999972e-07
5.728929999999971e-07
5.74041999999997e-07
5.758809999999969e-07
5.792689999999968e-07
5.823979999999968e-07
5.850539999999967e-07
5.873489999999966e-07
5.858339999999967e-07
5.869889999999967e-07
5.882229999999965e-07
5.876549999999965e-07
5.907969999999964e-07
5.934169999999963e-07
5.958559999999964e-07
5.970029999999962e-07
5.996339999999963e-07
6.013129999999962e-07
6.043899999999962e-07
6.07937999999996e-07
6.09956999999996e-07
6.113119999999961e-07
6.141709999999959e-07
6.171689999999958e-07
6.182629999999959e-07
6.183229999999958e-07
6.201189999999958e-07
6.20937999999996e-07
6.20845999999996e-07
6.193459999999962e-07
6.190369999999963e-07
6.204289999999964e-07
6.227539999999965e-07
6.267149999999967e-07
6.282869999999967e-07
6.313429999999968e-07
6.34657999999997e-07
6.329429999999972e-07
6.314049999999972e-07
6.339929999999973e-07
6.330829999999975e-07
6.354799999999975e-07
6.356639999999977e-07
6.356579999999978e-07
6.36342999999998e-07
6.367979999999981e-07
6.384529999999981e-07
6.392809999999983e-07
6.422369999999984e-07
6.448199999999984e-07
6.479929999999986e-07
6.510139999999986e-07
6.526639999999988e-07
6.556639999999988e-07
6.568489999999988e-07
6.56838999999999e-07
6.585549999999991e-07
6.608179999999992e-07
6.637359999999994e-07
6.667049999999994e-07
6.686299999999996e-07
6.654769999999997e-07
6.660219999999998e-07
6.653839999999998e-07
6.65612e-07
6.65798e-07
6.685680000000002e-07
6.710900000000003e-07
6.716840000000005e-07
6.752180000000004e-07
6.735940000000006e-07
6.746300000000007e-07
6.774980000000008e-07
6.804030000000009e-07
6.821760000000011e-07
6.83774000000001e-07
6.845100000000012e-07
6.875100000000013e-07
6.901370000000014e-07
6.913950000000014e-07
6.909580000000016e-07
6.937010000000016e-07
6.962610000000018e-07
6.976930000000019e-07
7.01060000000002e-07
7.02047000000002e-07
7.028720000000022e-07
7.057980000000023e-07
7.057210000000025e-07
7.080840000000025e-07
7.075380000000026e-07
7.061600000000027e-07
7.082220000000029e-07
7.117700000000029e-07
7.107380000000031e-07
7.137380000000032e-07
7.145470000000032e-07
7.150830000000034e-07
7.180830000000035e-07
7.196310000000036e-07
7.216890000000036e-07
7.240950000000038e-07
7.27003000000004e-07
7.24453000000004e-07
7.237640000000042e-07
7.243000000000042e-07
7.270250000000044e-07
7.289140000000044e-07
7.285340000000046e-07
7.298510000000047e-07
7.310670000000047e-07
7.308690000000048e-07
7.307330000000051e-07
7.290660000000051e-07
7.300830000000053e-07
7.307710000000053e-07
7.337710000000054e-07
7.349240000000055e-07
7.372080000000057e-07
7.384610000000058e-07
7.400190000000058e-07
7.41770000000006e-07
7.405760000000062e-07
7.422660000000061e-07
7.448900000000062e-07
7.476600000000064e-07
7.470810000000064e-07
7.456030000000065e-07
7.462460000000067e-07
7.472140000000068e-07
7.497340000000069e-07
7.51118000000007e-07
7.508990000000072e-07
7.511270000000071e-07
7.515990000000073e-07
7.544190000000074e-07
7.569970000000076e-07
7.582810000000076e-07
7.611550000000077e-07
7.647470000000079e-07
7.625480000000079e-07
7.61951000000008e-07
7.629510000000082e-07
7.646030000000082e-07
7.653920000000084e-07
7.628790000000083e-07
7.647280000000086e-07
7.657450000000087e-07
7.677410000000087e-07
7.702930000000089e-07
7.742540000000089e-07
7.763340000000091e-07
7.798750000000092e-07
7.821700000000092e-07
7.833950000000094e-07
7.829640000000094e-07
7.837160000000096e-07
7.856570000000096e-07
7.878540000000097e-07
7.914400000000096e-07
7.929660000000097e-07
7.958470000000098e-07
7.9704000000001e-07
8.0001700000001e-07
8.0118600000001e-07
8.001510000000101e-07
8.007850000000102e-07
8.014930000000104e-07
8.037750000000104e-07
8.044240000000104e-07
8.053380000000105e-07
8.053230000000105e-07
8.070830000000107e-07
8.085390000000108e-07
8.125390000000108e-07
8.130810000000108e-07
8.143610000000111e-07
8.175660000000111e-07
8.185910000000111e-07
8.200520000000112e-07
8.209870000000113e-07
8.207810000000113e-07
8.241420000000114e-07
8.265310000000115e-07
8.274290000000116e-07
8.310360000000115e-07
8.328470000000117e-07
8.350130000000117e-07
8.362650000000118e-07
8.387490000000118e-07
8.39897000000012e-07
8.417070000000121e-07
8.426580000000121e-07
8.438540000000122e-07
8.468540000000122e-07
8.486690000000123e-07
8.515310000000123e-07
8.524400000000124e-07
8.539720000000125e-07
8.562310000000127e-07
8.602310000000126e-07
8.632310000000127e-07
8.654960000000129e-07
8.66242000000013e-07
8.66617000000013e-07
8.68519000000013e-07
8.708820000000132e-07
8.732900000000131e-07
8.755280000000132e-07
8.756940000000132e-07
8.775350000000132e-07
8.745440000000134e-07
8.737570000000134e-07
8.750430000000135e-07
8.756720000000137e-07
8.796720000000136e-07
8.816330000000137e-07
8.844310000000138e-07
8.830310000000139e-07
8.823860000000139e-07
8.840650000000142e-07
8.870650000000141e-07
8.889720000000142e-07
8.922160000000143e-07
8.949850000000143e-07
8.938340000000144e-07
8.912980000000145e-07
8.931820000000147e-07
8.958880000000148e-07
8.946840000000147e-07
8.954070000000148e-07
8.994070000000148e-07
8.973000000000149e-07
8.99125000000015e-07
9.000950000000151e-07
9.012920000000151e-07
9.023050000000151e-07
9.015310000000152e-07
9.016050000000154e-07
9.013570000000154e-07
9.007990000000155e-07
9.031680000000155e-07
9.022650000000156e-07
9.003370000000156e-07
9.021960000000157e-07
9.042930000000158e-07
9.032520000000158e-07
9.072520000000159e-07
9.093230000000159e-07
9.11406000000016e-07
9.112770000000161e-07
9.125030000000162e-07
9.144610000000162e-07
9.170890000000163e-07
9.181580000000164e-07
9.186740000000164e-07
9.213140000000166e-07
9.232960000000164e-07
9.268790000000166e-07
9.299500000000166e-07
9.312380000000166e-07
9.305430000000168e-07
9.308450000000169e-07
9.30377000000017e-07
9.31280000000017e-07
9.28876000000017e-07
9.298830000000172e-07
9.319630000000172e-07
9.320370000000173e-07
9.330800000000174e-07
9.360800000000174e-07
9.368370000000174e-07
9.376280000000174e-07
9.366850000000174e-07
9.390880000000176e-07
9.416420000000177e-07
9.426220000000177e-07
9.412590000000179e-07
9.412590000000179e-07
9.440770000000182e-07
9.461070000000184e-07
9.462340000000185e-07
9.470010000000184e-07
9.474890000000186e-07
9.498210000000188e-07
9.525690000000188e-07
9.54316000000019e-07
9.53151000000019e-07
9.539800000000192e-07
9.559800000000194e-07
9.589800000000196e-07
9.607080000000197e-07
9.618590000000197e-07
9.6002100000002e-07
9.6302100000002e-07
9.631680000000202e-07
9.651680000000202e-07
9.660560000000205e-07
9.681850000000204e-07
9.711930000000207e-07
9.71643000000021e-07
9.72969000000021e-07
9.74122000000021e-07
9.76122000000021e-07
9.776970000000213e-07
9.772090000000216e-07
9.784080000000216e-07
9.738170000000217e-07
9.72879000000022e-07
9.72976000000022e-07
9.75674000000022e-07
9.796740000000223e-07
9.812530000000225e-07
9.842530000000227e-07
9.853830000000225e-07
9.883840000000228e-07
9.91361000000023e-07
9.92508000000023e-07
9.918290000000232e-07
9.928660000000233e-07
9.932620000000234e-07
9.952620000000238e-07
9.976330000000238e-07
1.0002470000000237e-06
9.97554000000024e-07
1.000358000000024e-06
1.0023270000000242e-06
1.0049940000000243e-06
1.0073190000000245e-06
1.0082990000000245e-06
1.0067120000000245e-06
1.007712000000025e-06
1.008605000000025e-06
1.0101680000000252e-06
1.0110260000000254e-06
1.0112350000000255e-06
1.0102330000000258e-06
1.0129220000000255e-06
1.013613000000026e-06
1.015314000000026e-06
1.017314000000026e-06
1.0178570000000264e-06
1.0207220000000265e-06
1.0219720000000265e-06
1.0232320000000267e-06
1.0247110000000267e-06
1.0237550000000268e-06
1.0267550000000272e-06
1.027093000000027e-06
1.0271130000000273e-06
1.0281130000000276e-06
1.0298470000000276e-06
1.0318780000000278e-06
1.0348780000000276e-06
1.0343290000000281e-06
1.0354280000000282e-06
1.0319870000000285e-06
1.0339870000000284e-06
1.0361520000000287e-06
1.0373470000000286e-06
1.0384990000000289e-06
1.0390600000000289e-06
1.0365750000000291e-06
1.0393620000000292e-06
1.0389020000000294e-06
1.0412750000000295e-06
1.0429580000000296e-06
1.0468530000000297e-06
1.0488380000000299e-06
1.0496200000000299e-06
1.0476200000000303e-06
1.0489690000000303e-06
1.0516280000000304e-06
1.0532510000000301e-06
1.0547340000000306e-06
1.0560590000000306e-06
1.0578050000000307e-06
1.0583360000000307e-06
1.0613360000000312e-06
1.0622430000000312e-06
1.0646610000000315e-06
1.0676610000000313e-06
1.0710520000000317e-06
1.0736680000000317e-06
1.072709000000032e-06
1.075325000000032e-06
1.0765590000000325e-06
1.0781470000000323e-06
1.0804410000000325e-06
1.0817440000000325e-06
1.0847440000000327e-06
1.0867390000000327e-06
1.088788000000033e-06
1.087450000000033e-06
1.0836770000000333e-06
1.0840820000000333e-06
1.0856110000000336e-06
1.0842910000000336e-06
1.082781000000034e-06
1.081628000000034e-06
1.085351000000034e-06
1.0870390000000342e-06
1.0887130000000343e-06
1.0881810000000344e-06
1.0892170000000347e-06
1.0879730000000348e-06
1.086973000000035e-06
1.086261000000035e-06
1.0892610000000352e-06
1.0897860000000353e-06
1.0932080000000353e-06
1.0931290000000355e-06
1.0965300000000356e-06
1.0967250000000359e-06
1.098731000000036e-06
1.099731000000036e-06
1.1006970000000362e-06
1.1026970000000362e-06
1.1037940000000364e-06
1.1030760000000363e-06
1.1037540000000366e-06
1.1035070000000367e-06
1.104920000000037e-06
1.105797000000037e-06
1.1087970000000373e-06
1.1109350000000372e-06
1.1129350000000376e-06
1.1149990000000376e-06
1.1162100000000375e-06
1.1159040000000378e-06
1.116795000000038e-06
1.1160030000000382e-06
1.118000000000038e-06
1.118631000000038e-06
1.1184750000000384e-06
1.1194750000000383e-06
1.1227220000000386e-06
1.1241670000000387e-06
1.1252420000000387e-06
1.125242000000039e-06
1.126007000000039e-06
1.127661000000039e-06
1.1316060000000392e-06
1.1319150000000393e-06
1.1342870000000395e-06
1.1345870000000394e-06
1.1345870000000398e-06
1.1359730000000397e-06
1.1373150000000397e-06
1.1404210000000399e-06
1.1418880000000401e-06
1.1419720000000401e-06
1.1408490000000403e-06
1.1416800000000403e-06
1.1372970000000403e-06
1.1360500000000404e-06
1.1351490000000405e-06
1.1384690000000408e-06
1.1386790000000407e-06
1.1398250000000408e-06
1.140106000000041e-06
1.1427980000000407e-06
1.1454940000000412e-06
1.145853000000041e-06
1.1484930000000412e-06
1.1497190000000412e-06
1.1517730000000417e-06
1.1533450000000417e-06
1.1533450000000417e-06
1.1573450000000418e-06
1.1543310000000418e-06
1.1573310000000423e-06
1.157570000000042e-06
1.1593770000000426e-06
1.1596920000000424e-06
1.1636920000000425e-06
1.1646920000000428e-06
1.1605740000000429e-06
1.162556000000043e-06
1.1633470000000427e-06
1.164776000000043e-06
1.167402000000043e-06
1.1693240000000432e-06
1.1677890000000432e-06
1.1717890000000435e-06
1.1757890000000434e-06
1.1754680000000436e-06
1.1755550000000439e-06
1.1786380000000439e-06
1.1808320000000439e-06
1.1821950000000438e-06
1.183148000000044e-06
1.1854200000000443e-06
1.1850190000000444e-06
1.1862210000000446e-06
1.1854270000000445e-06
1.1846330000000448e-06
1.1864620000000447e-06
1.1885420000000447e-06
1.186165000000045e-06
1.186776000000045e-06
1.1901230000000454e-06
1.1921230000000453e-06
1.1919180000000454e-06
1.1907520000000456e-06
1.1937520000000458e-06
1.194653000000046e-06
1.1913840000000459e-06
1.1942220000000459e-06
1.1963460000000463e-06
1.1968550000000461e-06
1.1988550000000465e-06
1.1994410000000466e-06
1.2025380000000463e-06
1.2036080000000466e-06
1.2050520000000466e-06
1.2069900000000466e-06
1.2103780000000467e-06
1.2123780000000469e-06
1.213803000000047e-06
1.2155290000000472e-06
1.2165940000000472e-06
1.2205940000000475e-06
1.2195980000000473e-06
1.2235980000000474e-06
1.2239970000000478e-06
1.223042000000048e-06
1.2240130000000478e-06
1.225422000000048e-06
1.2254550000000483e-06
1.2261030000000482e-06
1.2263820000000487e-06
1.2254620000000487e-06
1.2263810000000488e-06
1.2263810000000488e-06
1.2266370000000491e-06
1.228110000000049e-06
1.2295470000000492e-06
1.2286260000000492e-06
1.2316260000000494e-06
1.2334090000000497e-06
1.2374090000000498e-06
1.2369540000000497e-06
1.23469600000005e-06
1.2369220000000503e-06
1.2379720000000503e-06
1.2374160000000506e-06
1.2369970000000507e-06
1.235148000000051e-06
1.233665000000051e-06
1.237324000000051e-06
1.234048000000051e-06
1.2353100000000514e-06
1.2362480000000512e-06
1.2362480000000514e-06
1.2372480000000517e-06
1.2386890000000519e-06
1.2381990000000517e-06
1.2370400000000521e-06
1.2388700000000522e-06
1.2415320000000524e-06
1.2437730000000523e-06
1.2417520000000528e-06
1.239371000000053e-06
1.2401550000000528e-06
1.2408930000000532e-06
1.2393210000000532e-06
1.2391610000000533e-06
1.2389720000000533e-06
1.2390200000000538e-06
1.2401910000000535e-06
1.242231000000054e-06
1.244231000000054e-06
1.2445830000000543e-06
1.2463480000000545e-06
1.2479570000000547e-06
1.2509570000000547e-06
1.2473080000000548e-06
1.250089000000055e-06
1.252490000000055e-06
1.2526450000000553e-06
1.2546450000000555e-06
1.2554230000000556e-06
1.2554980000000557e-06
1.2591670000000558e-06
1.2611670000000561e-06
1.2609760000000562e-06
1.262790000000056e-06
1.2617950000000563e-06
1.2637050000000563e-06
1.2658730000000567e-06
1.2682570000000566e-06
1.2693670000000568e-06
1.269930000000057e-06
1.2709080000000572e-06
1.269901000000057e-06
1.2723550000000575e-06
1.2714580000000573e-06
1.2699990000000577e-06
1.2719990000000578e-06
1.2726790000000582e-06
1.2742230000000582e-06
1.2760890000000585e-06
1.2774550000000585e-06
1.2796110000000585e-06
1.2809420000000586e-06
1.283321000000059e-06
1.286321000000059e-06
1.2868490000000595e-06
1.2867900000000596e-06
1.2850950000000598e-06
1.2834620000000598e-06
1.2813460000000596e-06
1.2818570000000598e-06
1.2839730000000601e-06
1.2859730000000605e-06
1.2872990000000607e-06
1.2868400000000605e-06
1.284700000000061e-06
1.2877000000000607e-06
1.2917000000000613e-06
1.2922090000000613e-06
1.2930520000000613e-06
1.2948460000000617e-06
1.2960650000000617e-06
1.2962680000000618e-06
1.296133000000062e-06
1.2985760000000622e-06
1.2983360000000621e-06
1.3013710000000625e-06
1.3043710000000627e-06
1.3066220000000628e-06
1.3081250000000632e-06
1.3082850000000631e-06
1.3053350000000632e-06
1.3078470000000636e-06
1.3062150000000634e-06
1.3091170000000637e-06
1.3112000000000638e-06
1.3127920000000639e-06
1.3148990000000642e-06
1.313328000000064e-06
1.3149310000000643e-06
1.3148010000000643e-06
1.3142290000000648e-06
1.315000000000065e-06
1.316817000000065e-06
1.317453000000065e-06
1.3176580000000652e-06
1.3175320000000653e-06
1.3187460000000654e-06
1.3191150000000658e-06
1.3176330000000658e-06
1.3172800000000658e-06
1.318280000000066e-06
1.3202800000000662e-06
1.3178210000000666e-06
1.3174960000000665e-06
1.3188990000000669e-06
1.321799000000067e-06
1.322734000000067e-06
1.3240460000000669e-06
1.3247840000000671e-06
1.3250440000000673e-06
1.3241920000000673e-06
1.3243930000000675e-06
1.3249270000000677e-06
1.3279210000000677e-06
1.328921000000068e-06
1.3324540000000683e-06
1.3312730000000681e-06
1.333787000000068e-06
1.3341180000000683e-06
1.3358900000000683e-06
1.3365130000000684e-06
1.3371640000000683e-06
1.3378490000000684e-06
1.3402510000000686e-06
1.3417950000000687e-06
1.341760000000069e-06
1.340695000000069e-06
1.340252000000069e-06
1.3362520000000694e-06
1.3360830000000694e-06
1.3385560000000695e-06
1.33817300000007e-06
1.3392570000000698e-06
1.3390390000000701e-06
1.3405440000000702e-06
1.3429320000000702e-06
1.3459320000000704e-06
1.3470190000000706e-06
1.3421360000000707e-06
1.343426000000071e-06
1.3444840000000711e-06
1.341743000000071e-06
1.3405720000000714e-06
1.3430890000000716e-06
1.3452140000000716e-06
1.3441860000000718e-06
1.3431860000000722e-06
1.3440040000000723e-06
1.3470110000000723e-06
1.346289000000072e-06
1.3487150000000723e-06
1.3494400000000724e-06
1.3531730000000725e-06
1.3561100000000727e-06
1.355020000000073e-06
1.3546400000000726e-06
1.3555250000000729e-06
1.354197000000073e-06
1.356466000000073e-06
1.3604660000000731e-06
1.3597620000000734e-06
1.3565200000000732e-06
1.3591280000000734e-06
1.3593560000000736e-06
1.3602710000000739e-06
1.3609610000000739e-06
1.3629530000000742e-06
1.3626670000000742e-06
1.3628730000000743e-06
1.3636820000000742e-06
1.363141000000074e-06
1.3633910000000742e-06
1.3621110000000745e-06
1.3653220000000744e-06
1.3643000000000743e-06
1.3630230000000742e-06
1.3632510000000744e-06
1.3652430000000745e-06
1.3674390000000746e-06
1.3670790000000746e-06
1.3680620000000748e-06
1.3650380000000748e-06
1.3649970000000747e-06
1.366883000000075e-06
1.364592000000075e-06
1.3668530000000754e-06
1.3683340000000756e-06
1.3703110000000755e-06
1.3725980000000757e-06
1.3736060000000758e-06
1.3758720000000757e-06
1.3780400000000756e-06
1.3810400000000758e-06
1.382754000000076e-06
1.381912000000076e-06
1.384094000000076e-06
1.3833040000000763e-06
1.3859770000000764e-06
1.382989000000076e-06
1.3849630000000761e-06
1.3845480000000763e-06
1.3856990000000763e-06
1.3878240000000766e-06
1.3863090000000764e-06
1.3886290000000765e-06
1.3903240000000765e-06
1.3922680000000766e-06
1.3951540000000769e-06
1.3982550000000767e-06
1.3959600000000769e-06
1.397680000000077e-06
1.399535000000077e-06
1.4005350000000772e-06
1.4015350000000772e-06
1.4036710000000773e-06
1.4054880000000775e-06
1.4066870000000774e-06
1.4066870000000776e-06
1.4049750000000775e-06
1.4070310000000776e-06
1.4100310000000778e-06
1.4117360000000778e-06
1.4096630000000776e-06
1.4135940000000779e-06
1.4127560000000778e-06
1.4157560000000778e-06
1.4136640000000783e-06
1.4164960000000784e-06
1.4192600000000784e-06
1.4194440000000784e-06
1.4214440000000788e-06
1.4224360000000786e-06
1.4202360000000789e-06
1.4183110000000791e-06
1.4191720000000792e-06
1.4231720000000793e-06
1.4228740000000793e-06
1.4253680000000795e-06
1.4280750000000797e-06
1.42831600000008e-06
1.4303770000000801e-06
1.4338050000000801e-06
1.43263700000008e-06
1.4336370000000804e-06
1.4362840000000806e-06
1.4382840000000807e-06
1.4371590000000808e-06
1.439159000000081e-06
1.439524000000081e-06
1.439759000000081e-06
1.441759000000081e-06
1.439891000000081e-06
1.4386780000000814e-06
1.4416780000000817e-06
1.4436780000000816e-06
1.4428490000000816e-06
1.4438490000000819e-06
1.4413010000000818e-06
1.442656000000082e-06
1.443425000000082e-06
1.4464250000000823e-06
1.4482830000000825e-06
1.4434000000000824e-06
1.4462200000000827e-06
1.4452200000000829e-06
1.448053000000083e-06
1.446070000000083e-06
1.447793000000083e-06
1.449593000000083e-06
1.4497830000000833e-06
1.4513830000000834e-06
1.4493830000000834e-06
1.4483830000000838e-06
1.4463830000000836e-06
1.4473650000000838e-06
1.449641000000084e-06
1.4489510000000836e-06
1.4510930000000838e-06
1.4527740000000839e-06
1.452238000000084e-06
1.453180000000084e-06
1.4528140000000843e-06
1.4558140000000846e-06
1.4582710000000846e-06
1.4556750000000845e-06
1.4562250000000849e-06
1.4555510000000847e-06
1.456070000000085e-06
1.4570840000000849e-06
1.4600790000000854e-06
1.4620790000000853e-06
1.4616600000000854e-06
1.4606600000000856e-06
1.460560000000086e-06
1.457537000000086e-06
1.4607160000000858e-06
1.461318000000086e-06
1.4617600000000863e-06
1.4632350000000861e-06
1.4652580000000865e-06
1.4677680000000863e-06
1.4684370000000864e-06
1.4695930000000867e-06
1.4678450000000867e-06
1.4672420000000868e-06
1.4688080000000869e-06
1.4725170000000867e-06
1.4745170000000871e-06
1.4768500000000867e-06
1.4791000000000868e-06
1.4794080000000872e-06
1.4823800000000873e-06
1.4853800000000873e-06
1.4871910000000873e-06
1.4859180000000876e-06
1.4846200000000877e-06
1.4823680000000878e-06
1.482368000000088e-06
1.481564000000088e-06
1.4816100000000883e-06
1.4834680000000881e-06
1.4833790000000884e-06
1.4841130000000886e-06
1.4861130000000885e-06
1.4860120000000885e-06
1.4870120000000888e-06
1.486737000000089e-06
1.490737000000089e-06
1.493737000000089e-06
1.495616000000089e-06
1.4974640000000893e-06
1.4991200000000895e-06
1.5003250000000897e-06
1.5007530000000899e-06
1.5029420000000895e-06
1.5049420000000899e-06
1.50594200000009e-06
1.50604100000009e-06
1.5070410000000902e-06
1.50861600000009e-06
1.5114470000000903e-06
1.5103000000000904e-06
1.5120170000000903e-06
1.5145520000000907e-06
1.5160440000000905e-06
1.5163840000000908e-06
1.5172850000000907e-06
1.519285000000091e-06
1.518924000000091e-06
1.518924000000091e-06
1.5217630000000915e-06
1.5237630000000914e-06
1.5257630000000918e-06
1.528676000000092e-06
1.528361000000092e-06
1.528878000000092e-06
1.526878000000092e-06
1.5291980000000924e-06
1.5257750000000923e-06
1.5257750000000926e-06
1.5240210000000928e-06
1.5221300000000927e-06
1.523130000000093e-06
1.5248670000000931e-06
1.523344000000093e-06
1.5230330000000933e-06
1.5244500000000932e-06
1.5251270000000935e-06
1.5264120000000932e-06
1.5286540000000937e-06
1.5310720000000935e-06
1.5307950000000935e-06
1.5300800000000937e-06
1.533207000000094e-06
1.5372070000000937e-06
1.5370950000000942e-06
1.5402670000000943e-06
1.5403240000000946e-06
1.5413240000000942e-06
1.5443240000000947e-06
1.5457510000000947e-06
1.5431600000000945e-06
1.5436370000000948e-06
1.543997000000095e-06
1.546997000000095e-06
1.5478820000000948e-06
1.5490190000000949e-06
1.550529000000095e-06
1.553151000000095e-06
1.5540140000000953e-06
1.552913000000095e-06
1.5544520000000953e-06
1.5544520000000953e-06
1.5510880000000954e-06
1.5498090000000953e-06
1.5495670000000954e-06
1.5515670000000955e-06
1.5531350000000956e-06
1.5520070000000956e-06
1.5509800000000959e-06
1.5529800000000958e-06
1.551137000000096e-06
1.5541370000000962e-06
1.5519020000000963e-06
1.5529360000000963e-06
1.553602000000096e-06
1.5532110000000962e-06
1.5543820000000964e-06
1.5571660000000966e-06
1.5611660000000969e-06
1.5633830000000969e-06
1.5641120000000969e-06
1.5626790000000971e-06
1.559797000000097e-06
1.5606070000000973e-06
1.5604470000000974e-06
1.5601970000000974e-06
1.5599960000000976e-06
1.5587730000000977e-06
1.5579380000000978e-06
1.5572010000000977e-06
1.557201000000098e-06
1.556250000000098e-06
1.5515650000000976e-06
1.5528500000000975e-06
1.5500630000000974e-06
1.5472480000000979e-06
1.5468170000000978e-06
1.5484920000000981e-06
1.5510800000000978e-06
1.5492310000000982e-06
1.5515650000000982e-06
1.5507710000000983e-06
1.5541130000000983e-06
1.5544550000000986e-06
1.5546470000000982e-06
1.5556840000000984e-06
1.5570070000000985e-06
1.5578700000000982e-06
1.5606520000000984e-06
1.5636520000000982e-06
1.5629400000000986e-06
1.5669400000000987e-06
1.5690070000000986e-06
1.5727230000000985e-06
1.5742710000000984e-06
1.5778440000000984e-06
1.5806570000000985e-06
1.5846570000000986e-06
1.5859370000000986e-06
1.5877000000000987e-06
1.5894720000000987e-06
1.5914720000000987e-06
1.593298000000099e-06
1.5932610000000987e-06
1.594022000000099e-06
1.5964490000000988e-06
1.598449000000099e-06
1.6013980000000987e-06
1.5963980000000987e-06
1.5993980000000985e-06
1.5979340000000988e-06
1.5960020000000988e-06
1.598840000000099e-06
1.5988680000000991e-06
1.598509000000099e-06
1.5955780000000992e-06
1.597227000000099e-06
1.597746000000099e-06
1.5987460000000991e-06
1.5993680000000992e-06
1.6023680000000994e-06
1.6028970000000994e-06
1.6047130000000995e-06
1.6021750000000998e-06
1.5991600000000998e-06
1.6006450000000997e-06
1.6021200000000995e-06
1.6018730000001e-06
1.6021590000001e-06
1.6041730000000997e-06
1.6053460000000999e-06
1.6073460000001e-06
1.6083460000000999e-06
1.6103460000001e-06
1.6129380000001002e-06
1.6115200000001e-06
1.6128550000001e-06
1.6135740000001e-06
1.6111960000001002e-06
1.6079540000001e-06
1.6097450000001004e-06
1.6117450000001003e-06
1.6117450000001005e-06
1.6127610000001004e-06
1.6146790000001006e-06
1.6144550000001006e-06
1.6174550000001006e-06
1.6202090000001008e-06
1.621134000000101e-06
1.6211790000001007e-06
1.6203440000001007e-06
1.620637000000101e-06
1.620903000000101e-06
1.6222490000001012e-06
1.6232490000001013e-06
1.6242490000001014e-06
1.6262170000001015e-06
1.6262170000001015e-06
1.6282170000001014e-06
1.6294620000001017e-06
1.6304620000001015e-06
1.6299550000001017e-06
1.6285080000001018e-06
1.6295080000001019e-06
1.6306190000001019e-06
1.630619000000102e-06
1.6326190000001022e-06
1.6322920000001019e-06
1.633190000000102e-06
1.634266000000102e-06
1.635745000000102e-06
1.6372530000001022e-06
1.6392440000001021e-06
1.6366210000001024e-06
1.6358490000001024e-06
1.6378490000001024e-06
1.6391960000001023e-06
1.6373470000001025e-06
1.6413470000001026e-06
1.6414440000001027e-06
1.6430570000001028e-06
1.644916000000103e-06
1.645782000000103e-06
1.644891000000103e-06
1.6488910000001033e-06
1.6468220000001032e-06
1.6478220000001034e-06
1.6497470000001034e-06
1.6491110000001037e-06
1.6477630000001037e-06
1.6456660000001036e-06
1.646857000000104e-06
1.6492620000001038e-06
1.6491500000001039e-06
1.6492840000001038e-06
1.653094000000104e-06
1.6514820000001043e-06
1.6544820000001041e-06
1.6545220000001042e-06
1.6562980000001043e-06
1.6553690000001047e-06
1.6573790000001045e-06
1.6576450000001042e-06
1.6589640000001042e-06
1.6589640000001046e-06
1.6609640000001045e-06
1.6638120000001046e-06
1.6633790000001045e-06
1.6667690000001043e-06
1.666891000000104e-06
1.6703500000001042e-06
1.6739930000001044e-06
1.6747810000001043e-06
1.6770020000001044e-06
1.6797420000001045e-06
1.6817420000001044e-06
1.6810630000001045e-06
1.6838720000001046e-06
1.6830840000001048e-06
1.6813180000001048e-06
1.6805770000001049e-06
1.6812230000001045e-06
1.6786430000001046e-06
1.679643000000105e-06
1.6811220000001049e-06
1.6831620000001047e-06
1.6839910000001047e-06
1.685044000000105e-06
1.6834060000001046e-06
1.6853830000001048e-06
1.6841830000001047e-06
1.6861830000001046e-06
1.6884500000001047e-06
1.686726000000105e-06
1.688915000000105e-06
1.6900210000001049e-06
1.687961000000105e-06
1.6891860000001045e-06
1.6908620000001048e-06
1.6874570000001044e-06
1.6874570000001044e-06
1.6858660000001045e-06
1.6888660000001046e-06
1.6928660000001044e-06
1.6948660000001046e-06
1.6938810000001047e-06
1.6951350000001046e-06
1.6941350000001047e-06
1.6906240000001048e-06
1.6905670000001047e-06
1.6896140000001049e-06
1.691614000000105e-06
1.6938920000001052e-06
1.6946570000001052e-06
1.6951130000001055e-06
1.6971130000001054e-06
1.6982270000001055e-06
1.6989710000001055e-06
1.6987390000001056e-06
1.7007390000001058e-06
1.7032510000001057e-06
1.7051010000001057e-06
1.7058890000001058e-06
1.7088520000001055e-06
1.7098520000001055e-06
1.7128520000001058e-06
1.7127250000001054e-06
1.7110450000001054e-06
1.7135060000001054e-06
1.7129410000001053e-06
1.7105520000001056e-06
1.7145520000001057e-06
1.7163550000001055e-06
1.7195690000001057e-06
1.7207720000001056e-06
1.7236600000001055e-06
1.7220740000001058e-06
1.7222530000001059e-06
1.7217880000001057e-06
1.723788000000106e-06
1.724148000000106e-06
1.7251480000001062e-06
1.7280700000001061e-06
1.7291940000001062e-06
1.7291940000001062e-06
1.7303550000001065e-06
1.7301480000001065e-06
1.7301480000001065e-06
1.7335070000001067e-06
1.7309340000001064e-06
1.7349340000001065e-06
1.7362590000001067e-06
1.7355370000001066e-06
1.7370500000001067e-06
1.7366760000001067e-06
1.736573000000107e-06
1.7365750000001071e-06
1.735562000000107e-06
1.735562000000107e-06
1.7375620000001068e-06
1.740562000000107e-06
1.7435620000001073e-06
1.7448950000001072e-06
1.7403760000001072e-06
1.7423760000001072e-06
1.7453760000001074e-06
1.7463970000001074e-06
1.7491660000001074e-06
1.7491660000001078e-06
1.7471660000001077e-06
1.744859000000108e-06
1.744070000000108e-06
1.742721000000108e-06
1.742721000000108e-06
1.742721000000108e-06
1.7417210000001081e-06
1.7413380000001077e-06
1.742542000000108e-06
1.7436440000001076e-06
1.7465000000001077e-06
1.7472490000001078e-06
1.747435000000108e-06
1.750435000000108e-06
1.750435000000108e-06
1.752911000000108e-06
1.7510160000001079e-06
1.752016000000108e-06
1.754706000000108e-06
1.756204000000108e-06
1.7571890000001082e-06
1.7571890000001082e-06
1.755365000000108e-06
1.7548360000001083e-06
1.7573180000001086e-06
1.7603180000001082e-06
1.7618460000001082e-06
1.7635270000001085e-06
1.7645090000001085e-06
1.7649090000001083e-06
1.7655990000001083e-06
1.768360000000108e-06
1.7698020000001082e-06
1.771567000000108e-06
1.771567000000108e-06
1.772755000000108e-06
1.7757550000001082e-06
1.773190000000108e-06
1.7721900000001079e-06
1.7739190000001077e-06
1.7753490000001074e-06
1.7718130000001076e-06
1.7718130000001076e-06
1.7702790000001076e-06
1.7711070000001076e-06
1.7669420000001076e-06
1.7689420000001074e-06
1.7657160000001077e-06
1.7651220000001076e-06
1.7671220000001075e-06
1.7709640000001077e-06
1.7716990000001079e-06
1.7755690000001076e-06
1.7740700000001075e-06
1.7740070000001074e-06
1.7758780000001074e-06
1.7768780000001075e-06
1.7784550000001074e-06
1.7821970000001076e-06
1.7841970000001075e-06
1.7855620000001073e-06
1.7870960000001073e-06
1.7876450000001072e-06
1.7874140000001074e-06
1.7894140000001073e-06
1.7904140000001074e-06
1.7918630000001073e-06
1.7958630000001074e-06
1.7968430000001076e-06
1.7981060000001073e-06
1.7988370000001074e-06
1.7970210000001078e-06
1.7972740000001072e-06
1.8005960000001078e-06
1.7993930000001077e-06
1.8000570000001078e-06
1.7990570000001077e-06
1.8013970000001073e-06
1.8043970000001075e-06
1.8027280000001076e-06
1.8045150000001072e-06
1.8040110000001075e-06
1.8060110000001076e-06
1.8089290000001075e-06
1.8100610000001076e-06
1.8120610000001075e-06
1.8119400000001078e-06
1.8089550000001073e-06
1.8108700000001075e-06
1.814323000000108e-06
1.8165720000001078e-06
1.8146430000001079e-06
1.8156430000001077e-06
1.816643000000108e-06
1.818643000000108e-06
1.822643000000108e-06
1.822799000000108e-06
1.8264730000001079e-06
1.8243480000001075e-06
1.8253480000001075e-06
1.8273860000001075e-06
1.8290970000001075e-06
1.8290970000001075e-06
1.8310970000001076e-06
1.829351000000108e-06
1.8319260000001079e-06
1.8330940000001077e-06
1.8350940000001078e-06
1.8387060000001078e-06
1.838481000000108e-06
1.8364600000001074e-06
1.8374600000001075e-06
1.8374600000001077e-06
1.8377270000001079e-06
1.8390570000001078e-06
1.8382310000001076e-06
1.8382310000001078e-06
1.8383820000001078e-06
1.8370110000001076e-06
1.8390110000001078e-06
1.8360110000001075e-06
1.8379250000001079e-06
1.8337070000001075e-06
1.8357580000001073e-06
1.8362770000001075e-06
1.8367800000001076e-06
1.8361880000001073e-06
1.8381880000001077e-06
1.8378920000001076e-06
1.8378920000001076e-06
1.8378780000001076e-06
1.8393430000001078e-06
1.8396610000001075e-06
1.8416760000001076e-06
1.8426760000001077e-06
1.8442270000001077e-06
1.8465290000001078e-06
1.8465290000001078e-06
1.8460790000001076e-06
1.8441620000001076e-06
1.8442840000001074e-06
1.8472840000001076e-06
1.8451060000001079e-06
1.8478360000001078e-06
1.8495540000001074e-06
1.8515540000001076e-06
1.8544890000001075e-06
1.8552340000001075e-06
1.8581150000001076e-06
1.8580220000001076e-06
1.8596560000001074e-06
1.8626560000001078e-06
1.8646560000001077e-06
1.8686560000001078e-06
1.8702040000001076e-06
1.867401000000108e-06
1.8700100000001082e-06
1.868568000000108e-06
1.863646000000108e-06
1.861836000000108e-06
1.8640120000001082e-06
1.865012000000108e-06
1.865135000000108e-06
1.8655130000001081e-06
1.866631000000108e-06
1.8686310000001082e-06
1.868182000000108e-06
1.866891000000108e-06
1.868460000000108e-06
1.872460000000108e-06
1.8729370000001083e-06
1.872055000000108e-06
1.874661000000108e-06
1.8776610000001082e-06
1.8772040000001081e-06
1.8748040000001084e-06
1.8778040000001084e-06
1.8755810000001082e-06
1.8765710000001084e-06
1.8795710000001084e-06
1.8805710000001085e-06
1.8821250000001086e-06
1.8812470000001083e-06
1.8810840000001083e-06
1.8807120000001088e-06
1.8812880000001086e-06
1.8834780000001085e-06
1.8874780000001088e-06
1.889325000000109e-06
1.8913250000001087e-06
1.893036000000109e-06
1.894899000000109e-06
1.8964140000001088e-06
1.895414000000109e-06
1.8944140000001088e-06
1.8964140000001092e-06
1.8994140000001092e-06
1.8963570000001089e-06
1.8963570000001089e-06
1.8964230000001088e-06
1.9002700000001085e-06
1.8972700000001089e-06
1.899123000000109e-06
1.9009310000001092e-06
1.9029310000001089e-06
1.904931000000109e-06
1.9061870000001088e-06
1.9059910000001084e-06
1.9076410000001087e-06
1.9078090000001086e-06
1.909710000000109e-06
1.9117100000001085e-06
1.912782000000109e-06
1.909782000000109e-06
1.909782000000109e-06
1.908782000000109e-06
1.908782000000109e-06
1.9095490000001092e-06
1.9030120000001092e-06
1.8982890000001089e-06
1.9012890000001089e-06
1.8982390000001087e-06
1.897239000000109e-06
1.898239000000109e-06
1.8997710000001091e-06
1.898848000000109e-06
1.9004600000001089e-06
1.902922000000109e-06
1.9009220000001091e-06
1.9020440000001092e-06
1.904754000000109e-06
1.904754000000109e-06
1.904754000000109e-06
1.9067540000001094e-06
1.9070060000001091e-06
1.908807000000109e-06
1.9089350000001092e-06
1.909935000000109e-06
1.9089960000001094e-06
1.909584000000109e-06
1.906546000000109e-06
1.908546000000109e-06
1.909546000000109e-06
1.909845000000109e-06
1.9119360000001093e-06
1.913936000000109e-06
1.915176000000109e-06
1.911870000000109e-06
1.9087510000001092e-06
1.908844000000109e-06
1.9108440000001088e-06
1.9108440000001088e-06
1.911636000000109e-06
1.912756000000109e-06
1.913548000000109e-06
1.913548000000109e-06
1.9134660000001087e-06
1.9134740000001085e-06
1.915103000000109e-06
1.9191030000001087e-06
1.921105000000109e-06
1.920105000000109e-06
1.920787000000109e-06
1.915998000000109e-06
1.915998000000109e-06
1.916899000000109e-06
1.915356000000109e-06
1.9149770000001083e-06
1.9140630000001085e-06
1.9129380000001086e-06
1.9149380000001087e-06
1.9189380000001086e-06
1.9194770000001084e-06
1.9215740000001085e-06
1.9225740000001086e-06
1.921631000000109e-06
1.923313000000109e-06
1.9245940000001084e-06
1.9235940000001084e-06
1.923393000000108e-06
1.9233930000001085e-06
1.9203930000001083e-06
1.9232810000001084e-06
1.9246060000001083e-06
1.9253400000001083e-06
1.923763000000108e-06
1.925608000000108e-06
1.928399000000108e-06
1.928492000000108e-06
1.925492000000108e-06
1.925180000000108e-06
1.926180000000108e-06
1.927609000000108e-06
1.9275460000001078e-06
1.9305460000001076e-06
1.9311560000001075e-06
1.9309710000001072e-06
1.9329710000001074e-06
1.933560000000107e-06
1.931243000000107e-06
1.932026000000107e-06
1.9330260000001066e-06
1.9331800000001057e-06
1.932284000000106e-06
1.9332440000001062e-06
1.935244000000106e-06
1.936227000000106e-06
1.936847000000106e-06
1.9343300000001057e-06
1.9360200000001058e-06
1.9360710000001057e-06
1.9387520000001054e-06
1.936293000000106e-06
1.9392930000001057e-06
1.9432290000001055e-06
1.9432290000001055e-06
1.944436000000105e-06
1.9444360000001056e-06
1.942360000000105e-06
1.9431880000001054e-06
1.9438130000001055e-06
1.9436760000001053e-06
1.942670000000105e-06
1.942617000000105e-06
1.9463700000001047e-06
1.947370000000105e-06
1.9476250000001053e-06
1.948961000000105e-06
1.950640000000105e-06
1.952640000000105e-06
1.952640000000105e-06
1.9542730000001054e-06
1.9561030000001047e-06
1.957331000000105e-06
1.9581750000001047e-06
1.9585450000001048e-06
1.960545000000105e-06
1.9584990000001048e-06
1.9584990000001048e-06
1.959499000000105e-06
1.962499000000105e-06
1.9617190000001047e-06
1.9647190000001045e-06
1.9674330000001045e-06
1.9663730000001044e-06
1.9693730000001047e-06
1.9703730000001043e-06
1.9741440000001044e-06
1.9734790000001045e-06
1.9709840000001044e-06
1.9729840000001046e-06
1.975531000000104e-06
1.977065000000104e-06
1.975065000000104e-06
1.977111000000104e-06
1.975111000000104e-06
1.976111000000104e-06
1.9761110000001043e-06
1.974779000000104e-06
1.974494000000104e-06
1.9738250000001035e-06
1.9718490000001035e-06
1.971514000000104e-06
1.974650000000103e-06
1.9786500000001034e-06
1.978650000000104e-06
1.9786500000001034e-06
1.9800060000001036e-06
1.980814000000103e-06
1.9803640000001033e-06
1.9833640000001035e-06
1.9854790000001033e-06
1.9874790000001034e-06
1.9904790000001032e-06
1.9916240000001033e-06
1.9913980000001034e-06
1.993021000000103e-06
1.9924570000001028e-06
1.9939060000001023e-06
1.9966590000001027e-06
1.9946590000001026e-06
1.9941760000001026e-06
1.9941760000001026e-06
1.992176000000103e-06
1.9951760000001026e-06
1.998176000000103e-06
2.0001760000001026e-06
2.000989000000103e-06
2.0019890000001025e-06
2.0049890000001027e-06
2.0042070000001023e-06
2.0052730000001025e-06
2.0069920000001023e-06
2.007295000000102e-06
2.009605000000102e-06
2.013605000000102e-06
2.0100490000001018e-06
2.0083150000001017e-06
2.0068770000001014e-06
2.0035270000001013e-06
2.004211000000101e-06
2.005211000000101e-06
2.006599000000101e-06
2.006849000000101e-06
2.005849000000101e-06
2.0017450000001012e-06
1.998148000000101e-06
1.9972190000001012e-06
1.9970970000001013e-06
2.0000970000001006e-06
2.002315000000101e-06
2.0063150000001007e-06
2.010315000000101e-06
2.0126560000001015e-06
2.0107430000001006e-06
2.013637000000101e-06
2.0116620000001007e-06
2.0092990000001005e-06
2.0112520000001004e-06
2.0148700000001004e-06
2.0160480000001003e-06
2.0180480000001004e-06
2.0201430000001004e-06
2.0202140000001e-06
2.0222140000001002e-06
2.0245820000001004e-06
2.0244110000001e-06
2.0244110000001005e-06
2.0259840000001005e-06
2.0260580000001004e-06
2.0270840000001e-06
2.0269360000000997e-06
2.0282010000000997e-06
2.0277210000001e-06
2.0288170000000993e-06
2.0314760000000997e-06
2.0324760000000997e-06
2.0354760000000995e-06
2.0352840000000993e-06
2.030124000000099e-06
2.031030000000099e-06
2.0330300000000998e-06
2.036030000000099e-06
2.0313000000000995e-06
2.0307690000000994e-06
2.0297690000000993e-06
2.0312390000000997e-06
2.030067000000099e-06
2.0330670000000993e-06
2.0338560000000993e-06
2.035814000000099e-06
2.034984000000099e-06
2.038484000000099e-06
2.037730000000099e-06
2.038721000000099e-06
2.035864000000099e-06
2.0375640000000987e-06
2.034502000000099e-06
2.0345020000000985e-06
2.0367480000000986e-06
2.037897000000099e-06
2.035445000000099e-06
2.0356720000000986e-06
2.0336720000000984e-06
2.0356720000000986e-06
2.0337330000000982e-06
2.0357330000000984e-06
2.0366730000000985e-06
2.038673000000098e-06
2.0406730000000988e-06
2.0436990000000985e-06
2.0446990000000985e-06
2.047164000000098e-06
2.0475100000000984e-06
2.048510000000098e-06
2.0475100000000984e-06
2.047510000000098e-06
2.0496770000000983e-06
2.0504370000000985e-06
2.052346000000098e-06
2.053605000000098e-06
2.054605000000098e-06
2.051744000000098e-06
2.051392000000097e-06
2.0540640000000976e-06
2.0560640000000974e-06
2.0567840000000973e-06
2.0579760000000976e-06
2.059546000000097e-06
2.059004000000097e-06
2.0577500000000973e-06
2.057153000000097e-06
2.0573580000000967e-06
2.0577370000000967e-06
2.0592020000000967e-06
2.061202000000097e-06
2.063202000000097e-06
2.060716000000097e-06
2.060157000000097e-06
2.060762000000097e-06
2.061258000000097e-06
2.060982000000097e-06
2.063832000000097e-06
2.064999000000097e-06
2.067554000000097e-06
2.0675970000000966e-06
2.067165000000097e-06
2.069056000000097e-06
2.071056000000097e-06
2.069957000000097e-06
2.067957000000097e-06
2.069873000000097e-06
2.0704870000000963e-06
2.0704870000000963e-06
2.068618000000096e-06
2.067572000000096e-06
2.0672800000000965e-06
2.066873000000096e-06
2.0658730000000964e-06
2.0678730000000957e-06
2.064104000000096e-06
2.0651760000000956e-06
2.0649140000000956e-06
2.0651640000000953e-06
2.0665360000000955e-06
2.0665360000000955e-06
2.0663160000000953e-06
2.0653160000000957e-06
2.0658510000000954e-06
2.0671110000000955e-06
2.0677540000000952e-06
2.066183000000095e-06
2.0654520000000943e-06
2.068246000000095e-06
2.0715500000000945e-06
2.069191000000094e-06
2.0709570000000936e-06
2.070490000000094e-06
2.0731470000000935e-06
2.0761470000000937e-06
2.077457000000094e-06
2.077894000000094e-06
2.080547000000094e-06
2.0823380000000933e-06
2.0833380000000934e-06
2.0826900000000937e-06
2.082289000000093e-06
2.080553000000093e-06
2.080236000000093e-06
2.0802360000000925e-06
2.0782360000000923e-06
2.079236000000093e-06
2.080745000000092e-06
2.079745000000092e-06
2.081865000000092e-06
2.078412000000092e-06
2.0803770000000915e-06
2.0825950000000913e-06
2.085824000000091e-06
2.085824000000091e-06
2.0885890000000908e-06
2.0878970000000903e-06
2.089759000000091e-06
2.0876280000000907e-06
2.09162800000009e-06
2.0925860000000908e-06
2.0915860000000907e-06
2.09445300000009e-06
2.0964530000000897e-06
2.0974530000000902e-06
2.0998190000000895e-06
2.096882000000089e-06
2.0974300000000894e-06
2.0972530000000894e-06
2.0969960000000892e-06
2.0987780000000893e-06
2.0986270000000887e-06
2.0996270000000892e-06
2.100627000000089e-06
2.100627000000089e-06
2.0997770000000887e-06
2.1026450000000887e-06
2.1026450000000883e-06
2.1050460000000883e-06
2.107046000000088e-06
2.1065440000000877e-06
2.105488000000088e-06
2.1044880000000877e-06
2.103733000000087e-06
2.1027330000000873e-06
2.106733000000087e-06
2.1032770000000867e-06
2.1014930000000865e-06
2.1034930000000863e-06
2.1052350000000865e-06
2.103235000000086e-06
2.103662000000086e-06
2.1046620000000857e-06
2.106022000000086e-06
2.1071330000000855e-06
2.1056850000000858e-06
2.1086850000000856e-06
2.1094130000000858e-06
2.109530000000085e-06
2.1088360000000853e-06
2.1085470000000843e-06
2.1075470000000847e-06
2.1065470000000846e-06
2.1100900000000843e-06
2.1110900000000844e-06
2.1105090000000843e-06
2.108146000000084e-06
2.108146000000084e-06
2.111146000000084e-06
2.112146000000084e-06
2.1125010000000834e-06
2.115501000000084e-06
2.1149630000000835e-06
2.1136900000000833e-06
2.114221000000083e-06
2.113123000000083e-06
2.112271000000083e-06
2.113271000000082e-06
2.1132640000000826e-06
2.1151410000000825e-06
2.1124670000000824e-06
2.1123900000000826e-06
2.1115730000000827e-06
2.1115220000000824e-06
2.1135220000000825e-06
2.1175220000000824e-06
2.117742000000082e-06
2.117403000000082e-06
2.118716000000082e-06
2.119716000000082e-06
2.120346000000082e-06
2.119397000000082e-06
2.118548000000082e-06
2.1205480000000812e-06
2.1215480000000817e-06
2.1235480000000815e-06
2.1254650000000816e-06
2.125725000000081e-06
2.124698000000081e-06
2.127698000000081e-06
2.1290150000000814e-06
2.1287470000000808e-06
2.131747000000081e-06
2.131291000000081e-06
2.133666000000081e-06
2.135666000000081e-06
2.137666000000081e-06
2.1416660000000806e-06
2.143138000000081e-06
2.1466930000000806e-06
2.14728800000008e-06
2.14504500000008e-06
2.1484830000000805e-06
2.14895500000008e-06
2.1472500000000797e-06
2.14888100000008e-06
2.14546700000008e-06
2.1463320000000798e-06
2.1477080000000796e-06
2.1448750000000783e-06
2.1468840000000785e-06
2.1488740000000784e-06
2.149335000000078e-06
2.149750000000078e-06
2.1470380000000776e-06
2.1480380000000777e-06
2.150038000000078e-06
2.1510550000000778e-06
2.1494190000000775e-06
2.1499380000000777e-06
2.1503930000000773e-06
2.1513430000000773e-06
2.150343000000077e-06
2.1523430000000773e-06
2.1548190000000767e-06
2.155819000000077e-06
2.1581600000000768e-06
2.1583900000000768e-06
2.1568940000000765e-06
2.1554590000000765e-06
2.1550110000000764e-06
2.153433000000076e-06
2.153265000000076e-06
2.1518040000000762e-06
2.153079000000076e-06
2.1549410000000758e-06
2.155545000000076e-06
2.156771000000076e-06
2.158744000000075e-06
2.159529000000076e-06
2.163507000000076e-06
2.164397000000075e-06
2.1615090000000745e-06
2.1596700000000744e-06
2.1631620000000746e-06
2.1652560000000744e-06
2.1682560000000747e-06
2.1682560000000742e-06
2.1694480000000737e-06
2.172040000000074e-06
2.173040000000074e-06
2.171948000000074e-06
2.174948000000074e-06
2.174060000000074e-06
2.1749800000000735e-06
2.1751220000000736e-06
2.1784260000000733e-06
2.179002000000073e-06
2.1800020000000728e-06
2.177822000000073e-06
2.1808220000000725e-06
2.1830150000000727e-06
2.184295000000072e-06
2.181431000000072e-06
2.1820930000000723e-06
2.181422000000072e-06
2.182422000000072e-06
2.183422000000072e-06
2.1868260000000723e-06
2.1868260000000723e-06
2.1895220000000717e-06
2.1914650000000718e-06
2.1919770000000715e-06
2.1936590000000718e-06
2.1934960000000717e-06
2.1946770000000715e-06
2.1946770000000715e-06
2.1966770000000712e-06
2.1974450000000713e-06
2.201117000000071e-06
2.201333000000071e-06
2.1964230000000706e-06
2.1949860000000705e-06
2.1969860000000702e-06
2.1974730000000703e-06
2.1958460000000697e-06
2.1985560000000704e-06
2.20178800000007e-06
2.20278800000007e-06
2.20351300000007e-06
2.20187500000007e-06
2.20221300000007e-06
2.2029980000000697e-06
2.1987700000000695e-06
2.1991610000000695e-06
2.2008610000000694e-06
2.203459000000069e-06
2.2066160000000692e-06
2.207928000000069e-06
2.210928000000069e-06
2.2114530000000687e-06
2.2104700000000693e-06
2.2119590000000687e-06
2.211918000000069e-06
2.2110640000000688e-06
2.2137410000000683e-06
2.2137410000000683e-06
2.214195000000069e-06
2.212195000000069e-06
2.2141950000000686e-06
2.212905000000069e-06
2.2141200000000684e-06
2.215012000000068e-06
2.217105000000068e-06
2.217599000000068e-06
2.2166990000000674e-06
2.2196990000000676e-06
2.2210230000000678e-06
2.2202880000000676e-06
2.222425000000068e-06
2.2228810000000674e-06
2.221374000000067e-06
2.2200040000000665e-06
2.221004000000066e-06
2.2190540000000666e-06
2.2209390000000667e-06
2.2229390000000664e-06
2.223139000000066e-06
2.220750000000066e-06
2.222716000000066e-06
2.2233030000000663e-06
2.222832000000065e-06
2.222832000000065e-06
2.220832000000065e-06
2.2231080000000645e-06
2.220514000000064e-06
2.2206430000000636e-06
2.223129000000064e-06
2.2231290000000636e-06
2.2241290000000637e-06
2.2198980000000636e-06
2.2178110000000634e-06
2.2158110000000636e-06
2.2168110000000633e-06
2.2165220000000636e-06
2.215444000000063e-06
2.2098110000000628e-06
2.210652000000063e-06
2.2084460000000626e-06
2.2094460000000627e-06
2.208412000000063e-06
2.207099000000062e-06
2.2072830000000624e-06
2.207283000000062e-06
2.209283000000062e-06
2.211746000000062e-06
2.213746000000062e-06
2.2142300000000617e-06
2.214963000000062e-06
2.2183700000000617e-06
2.2189330000000617e-06
2.2211090000000612e-06
2.2221090000000613e-06
2.2217100000000615e-06
2.222710000000061e-06
2.2247100000000613e-06
2.225594000000061e-06
2.2276660000000608e-06
2.2296660000000605e-06
2.2288470000000605e-06
2.2286390000000607e-06
2.230639000000061e-06
2.2346390000000608e-06
2.23663900000006e-06
2.2384230000000606e-06
2.24061700000006e-06
2.24297800000006e-06
2.24240700000006e-06
2.24268400000006e-06
2.24343400000006e-06
2.241515000000059e-06
2.2389860000000594e-06
2.2405820000000594e-06
2.241582000000059e-06
2.2421740000000593e-06
2.243859000000059e-06
2.247334000000058e-06
2.2463340000000585e-06
2.2493340000000583e-06
2.253176000000058e-06
2.2499780000000583e-06
2.252978000000058e-06
2.252063000000058e-06
2.2539000000000577e-06
2.2540910000000577e-06
2.2580910000000576e-06
2.255360000000058e-06
2.2543600000000573e-06
2.2553600000000574e-06
2.256360000000057e-06
2.256149000000057e-06
2.253149000000057e-06
2.251762000000057e-06
2.2496280000000563e-06
2.248628000000056e-06
2.2494570000000564e-06
2.2501800000000563e-06
2.2491270000000566e-06
2.2509550000000563e-06
2.2481360000000558e-06
2.2478770000000556e-06
2.2497570000000554e-06
2.252757000000055e-06
2.254988000000055e-06
2.2527570000000548e-06
2.252706000000055e-06
2.253311000000055e-06
2.2573110000000543e-06
2.2587560000000546e-06
2.2607560000000543e-06
2.260197000000054e-06
2.2590450000000543e-06
2.2600450000000544e-06
2.259162000000054e-06
2.2616840000000536e-06
2.2623650000000536e-06
2.2605670000000535e-06
2.2634190000000535e-06
2.2641430000000535e-06
2.2641580000000533e-06
2.264266000000053e-06
2.2672660000000527e-06
2.2661290000000533e-06
2.265069000000053e-06
2.2640690000000524e-06
2.262069000000052e-06
2.2614790000000533e-06
2.2634790000000526e-06
2.260489000000052e-06
2.260659000000052e-06
2.261659000000052e-06
2.260598000000052e-06
2.262139000000052e-06
2.2643180000000514e-06
2.2660860000000515e-06
2.266524000000051e-06
2.266794000000051e-06
2.269765000000051e-06
2.2697650000000508e-06
2.2708950000000506e-06
2.2718820000000505e-06
2.2738820000000503e-06
2.27579600000005e-06
2.2777500000000507e-06
2.2766010000000497e-06
2.27494400000005e-06
2.2759440000000496e-06
2.2749860000000494e-06
2.2750210000000493e-06
2.2790210000000496e-06
2.281021000000049e-06
2.282929000000049e-06
2.2855920000000487e-06
2.287592000000049e-06
2.2877120000000483e-06
2.2877120000000483e-06
2.289712000000049e-06
2.2937120000000484e-06
2.294502000000048e-06
2.295484000000048e-06
2.296481000000048e-06
2.2943530000000476e-06
2.2953530000000477e-06
2.2929680000000473e-06
2.295878000000047e-06
2.296712000000047e-06
2.299250000000047e-06
2.3007710000000465e-06
2.3007710000000465e-06
2.299759000000046e-06
2.299073000000046e-06
2.301073000000046e-06
2.302742000000046e-06
2.303742000000046e-06
2.3038530000000447e-06
2.3039890000000447e-06
2.3060550000000445e-06
2.3090490000000446e-06
2.3076660000000443e-06
2.3087090000000437e-06
2.308709000000044e-06
2.3081250000000437e-06
2.3094930000000433e-06
2.310841000000044e-06
2.3108410000000437e-06
2.309841000000043e-06
2.3082040000000427e-06
2.306983000000042e-06
2.3038700000000425e-06
2.3043370000000424e-06
2.3039400000000427e-06
2.3036630000000425e-06
2.305189000000042e-06
2.3028950000000416e-06
2.303895000000042e-06
2.3028950000000416e-06
2.3048250000000415e-06
2.306487000000042e-06
2.3084870000000414e-06
2.3111940000000418e-06
2.3106270000000407e-06
2.3142240000000403e-06
2.3172240000000405e-06
2.32122400000004e-06
2.32099100000004e-06
2.3189910000000404e-06
2.31999100000004e-06
2.32154700000004e-06
2.3235470000000395e-06
2.3255470000000396e-06
2.32608400000004e-06
2.3269000000000387e-06
2.3288430000000387e-06
2.3285010000000386e-06
2.327788000000038e-06
2.327788000000038e-06
2.327788000000038e-06
2.328788000000038e-06
2.3291310000000378e-06
2.3304610000000385e-06
2.3329050000000395e-06
2.3332130000000395e-06
2.334213000000039e-06
2.337995000000039e-06
2.340053000000039e-06
2.337978000000039e-06
2.3399760000000388e-06
2.342215000000039e-06
2.3404670000000386e-06
2.3434670000000384e-06
2.3434670000000384e-06
2.340782000000038e-06
2.343782000000038e-06
2.345074000000038e-06
2.343074000000038e-06
2.3422470000000377e-06
2.3434890000000373e-06
2.344489000000037e-06
2.3418270000000367e-06
2.3428270000000368e-06
2.3418270000000367e-06
2.342546000000036e-06
2.341998000000036e-06
2.3413160000000355e-06
2.342530000000035e-06
2.3448210000000355e-06
2.3478210000000353e-06
2.3485200000000353e-06
2.3515200000000347e-06
2.3524620000000353e-06
2.353507000000035e-06
2.3541770000000346e-06
2.3571160000000346e-06
2.357116000000034e-06
2.3586800000000346e-06
2.3609150000000346e-06
2.362915000000034e-06
2.364560000000034e-06
2.363856000000034e-06
2.365734000000033e-06
2.3676910000000336e-06
2.3706910000000334e-06
2.369519000000033e-06
2.3716280000000333e-06
2.3726430000000327e-06
2.3747910000000323e-06
2.3768110000000325e-06
2.3748730000000324e-06
2.3731720000000323e-06
2.375115000000032e-06
2.372334000000032e-06
2.3753340000000314e-06
2.3783340000000316e-06
2.3784340000000314e-06
2.376804000000031e-06
2.377403000000031e-06
2.377403000000031e-06
2.3761350000000304e-06
2.37655100000003e-06
2.3754390000000302e-06
2.37360200000003e-06
2.37659300000003e-06
2.37659300000003e-06
2.3781440000000297e-06
2.3792120000000296e-06
2.378212000000029e-06
2.381274000000029e-06
2.382274000000029e-06
2.3802740000000284e-06
2.3796710000000285e-06
2.380671000000028e-06
2.3822800000000283e-06
2.3832800000000284e-06
2.3827130000000277e-06
2.383713000000028e-06
2.385300000000028e-06
2.388211000000027e-06
2.3902110000000276e-06
2.3872950000000263e-06
2.389865000000026e-06
2.386686000000026e-06
2.388187000000025e-06
2.3905980000000245e-06
2.3895990000000247e-06
2.3895990000000243e-06
2.3916510000000246e-06
2.3896510000000244e-06
2.391651000000024e-06

Avalanche_Distribution:
7
8
2
3
2
5
4
1
6
5
5
6
12
7
1
2
6
4
6
7
3
1
3
3
1
3
3
2
1
12
5
1
3
3
6
5
8
3
7
2
8
1
10
2
1
6
1
5
2
1
2
1
4
2
6
20
15
2
3
4
3
6
7
1
3
1
2
2
9
3
2
3
5
1
5
1
5
7
2
19
1
5
3
4
3
2
5
1
1
2
2
10
2
4
2
5
3
2
1
4
2
2
24
1
12
2
2
6
1
5
3
2
2
1
6
1
1
2
1
3
1
2
1
3
4
11
4
6
5
1
2
5
4
2
5
7
3
7
1
7
1
2
4
13
6
1
5
3
1
1
5
8
6
3
8
3
5
2
9
2
1
11
3
2
1
4
1
3
11
7
13
4
1
1
7
12
2
10
7
5
1
6
9
3
1
2
2
12
2
3
4
20
1
1
3
3
1
2
6
10
10
4
2
1
1
5
16
6
5
4
4
1
2
7
2
2
1
1
1
2
5
3
1
3
10
1
26
3
2
1
2
5
2
20
4
3
3
2
2
5
4
8
4
2
6
1
9
4
5
11
4
2
2
13
2
7
9
2
8
1
2
9
1
2
2
3
11
1
2
3
1
2
7
2
4
8
6
2
3
3
18
2
1
9
1
3
6
1
1
4
6
3
2
16
3
3
2
12
5
1
10
9
3
1
3
2
6
3
1
9
10
2
3
1
4
7
7
5
6
18
2
1
1
4
2
1
16
3
3
1
11
5
8
2
1
2
2
2
1
5
4
8
7
2
3
1
1
1
5
2
6
8
11
2
6
8
3
5
6
1
6
3
8
1
2
2
4
4
3
2
2
1
1
4
4
7
1
2
5
1
7
4
1
9
8
1
1
3
1
3
1
7
3
14
4
4
1
5
2
6
1
6
3
4
1
1
1
1
5
14
3
1
10
2
12
4
8
17
4
3
7
7
5
4
6
8
9
3
1
1
6
4
5
1
2
7
6
1
3
2
9
6
3
5
4
1
8
6
2
3
4
4
2
4
3
2
5
9
1
3
3
7
1
2
2
2
1
5
12
1
6
5
6
4
7
2
4
5
3
10
6
4
2
2
2
1
3
2
2
1
7
3
2
5
1
1
1
3
10
6
2
5
8
2
1
6
5
6
7
3
3
7
5
1
3
5
11
10
3
8
1
11
10
2
2
4
16
3
2
5
1
2
3
1
3
14
1
2
3
3
7
2
2
1
6
1
1
8
1
5
2
1
1
7
1
3
2
3
18
1
13
9
2
13
20
4
1
4
1
6
1
4
1
3
5
2
7
1
2
2
7
2
5
5
1
2
8
5
15
3
5
4
1
2
8
4
5
3
1
5
2
5
4
1
3
2
2
2
1
12
2
11
13
1
5
3
6
1
2
2
7
2
2
3
4
4
9
1
8
4
1
3
13
3
3
2
3
2
1
1
5
5
3
3
2
1
8
3
7
16
1
6
7
3
1
11
1
4
9
3
2
5
2
1
6
1
6
1
2
1
1
2
3
2
5
8
6
12
5
2
5
8
4
8
1
3
11
2
3
14
1
9
4
18
1
16
4
4
3
2
10
1
2
2
1
1
20
3
7
11
3
3
4
4
4
6
1
9
4
5
3
4
4
2
8
3
12
1
2
6
6
7
1
9
5
1
3
3
7
5
1
3
1
1
2
10
8
23
2
2
16
1
4
4
2
1
2
1
4
3
2
2
1
5
1
1
2
24
8
2
2
3
3
11
9
8
3
4
12
7
6
5
3
1
16
4
8
4
11
7
2
2
2
3
5
6
7
8
3
9
4
1
9
11
14
2
6
1
7
3
2
2
1
16
10
2
10
1
2
4
3
5
2
4
1
7
5
3
2
20
3
3
15
2
9
1
5
1
5
9
18
2
12
1
4
2
4
5
13
5
1
11
3
3
2
5
1
6
1
2
2
2
3
2
2
4
4
6
2
3
8
1
2
8
2
4
2
2
4
1
12
1
2
3
3
3
6
3
11
1
1
4
7
1
6
1
10
2
9
2
10
5
4
2
1
4
2
2
3
5
2
7
2
2
2
6
4
2
8
3
14
1
1
2
7
3
7
4
1
1
2
12
2
6
8
5
1
7
7
2
9
4
2
5
3
1
6
2
10
10
5
12
4
3
1
9
6
12
1
3
7
8
2
6
3
5
6
4
1
2
1
1
7
3
9
11
6
14
4
6
7
7
1
5
1
3
4
7
3
1
1
2
1
3
7
2
1
4
10
6
7
5
7
5
1
1
1
1
3
7
8
3
12
15
1
4
16
13
13
1
4
1
1
8
1
13
6
5
5
2
3
1
1
4
7
3
1
12
14
2
9
8
3
8
8
2
4
7
2
1
2
1
5
14
4
4
20
11
3
16
18
2
5
2
1
10
1
4
1
3
3
4
4
8
1
2
7
1
1
1
3
1
2
6
3
2
4
4
5
3
2
13
12
2
1
9
7
10
5
1
4
3
2
5
10
3
6
8
4
2
1
2
4
1
2
11
5
7
7
7
1
5
3
4
5
1
2
5
10
8
7
1
3
3
3
3
5
1
3
3
2
9
5
4
2
11
5
3
4
1
9
6
2
6
6
6
4
1
8
10
1
5
2
1
16
6
2
5
1
4
3
1
3
2
9
12
3
1
1
7
6
1
1
1
1
3
2
3
1
8
13
8
9
4
2
4
3
1
1
10
7
1
2
4
3
8
2
6
2
2
2
14
4
8
2
2
8
5
2
6
14
2
4
4
1
1
3
4
5
2
2
6
4
3
1
14
14
3
1
1
5
2
1
6
12
8
2
2
1
4
1
7
2
2
1
7
1
2
6
8
2
17
3
1
1
1
15
1
1
2
2
5
6
11
4
5
1
5
10
11
1
1
6
5
2
2
1
5
3
4
1
5
4
19
1
4
2
1
8
2
2
3
1
5
5
1
3
4
7
5
2
4
12
9
4
9
2
13
2
1
5
1
4
7
2
1
5
1
1
2
1
5
1
4
7
1
2
3
3
4
1
3
3
11
1
10
6
1
9
9
2
7
1
1
5
9
1
1
2
9
3
1
2
2
2
4
1
9
1
2
3
2
2
1
3
5
2
2
2
1
4
1
8
5
1
4
6
4
3
5
7
1
7
2
11
5
4
7
2
2
4
8
5
5
1
2
4
1
1
4
14
4
1
4
3
2
3
2
2
4
1
1
8
3
2
8
2
17
6
2
8
7
5
13
1
7
1
3
13
12
1
3
4
10
6
9
4
1
3
3
5
5
3
2
2
1
13
5
1
7
4
2
1
1
1
1
5
3
3
4
2
2
1
10
2
3
4
4
26
1
4
6
6
7
2
2
3
6
3
2
4
5
1
6
2
4
4
5
12
2
6
1
1
3
2
11
13
1
1
4
6
2
2
5
3
7
6
1
2
5
1
13
4
16
11
2
1
5
1
3
5
2
7
2
5
11
5
7
5
1
2
3
12
3
1
3
5
1
3
1
5
1
13
2
2
3
9
7
1
3
2
4
10
2
5
5
5
1
1
1
3
3
1
8
6
5
4
9
2
4
7
4
2
3
1
4
4
4
1
1
5
2
1
1
9
3
2
1
5
1
1
8
3
1
11
4
2
2
7
2
9
9
6
17
1
2
2
13
4
1
1
2
2
1
3
14
3
1
3
9
4
7
1
1
1
4
4
5
4
3
7
11
26
3
3
9
16
10
1
1
2
7
16
3
1
1
2
2
3
3
1
1
1
5
6
3
1
3
2
5
3
2
7
3
1
4
4
7
5
3
3
19
4
6
2
5
1
5
1
6
10
16
2
3
9
4
8
8
6
2
2
1
4
9
3
4
5
2
1
3
5
2
3
14
2
1
2
3
3
3
3
10
7
1
1
3
2
1
1
1
13
8
4
2
4
5
3
4
5
2
1
2
13
4
5
1
11
2
5
3
8
1
8
3
6
8
2
2
5
5
3
1
8
4
9
2
12
3
2
2
1
5
2
2
2
2
8
1
4
13
10
2
3
1
3
3
11
2
4
1
1
5
5
10
2
2
5
2
2
1
3
9
4
1
3
4
4
2
5
1
4
1
4
6
1
4
1
2
3
4
12
9
12
3
5
5
2
5
3
4
11
4
4
11
3
5
2
1
3
18
1
2
3
3
1
9
2
4
6
6
10
11
12
1
1
3
10
4
4
8
3
3
4
2
1
4
1
6
1
2
3
4
1
6
2
2
1
1
1
2
1
12
1
13
6
6
13
4
4
4
7
3
1
2
9
4
7
7
3
3
2
3
1
9
9
12
3
5
5
2
6
1
2
2
3
1
2
2
14
3
1
5
5
2
2
7
1
2
3
5
4
3
1
3
1
10
1
4
7
14
3
1
2
2
2
2
2
7
1
4
1
6
2
4
1
5
17
3
2
7
1
4
16
9
4
8
3
1
1
1
2
1
9
9
6
3
4
3
6
2
2
6
2
7
5
3
3
2
1
3
5
1
6
8
7
8
3
2
4
9
2
1
4
5
7
3
1
1
10
1
2
5
2
23
6
4
9
5
5
7
10
1
7
2
4
1
1
2
7
4
2
3
1
1
12
2
4
1
1
6
1
3
3
1
2
3
2
1
2
2
4
10
12
3
5
2
3
1
7
1
9
7
7
7
6
1
5
3
25
5
1
5
9
7
8
3
2
5
2
3
6
3
2
2
1
4
8
6
4
1
1
6
7
1
5
7
1
16
5
9
13
6
2
5
4
1
3
5
4
1
4
1
4
2
5
3
15
7
4
2
1
4
2
8
2
4
2
2
11
3
8
2
5
5
5
9
2
2
3
3
1
11
1
1
6
3
3
1
6
3
3
1
3
6
7
6
8
6
7
7
10
5
3
7
3
3
2
1
1
2
12
3
1
2
1
5
6
2
5
5
8
6
1
3
3
1
6
1
2
9
3
7
1
10
1
1
9
6
1
3
3
10
10
11
1
2
1
3
4
1
6
1
6
7
2
1
2
2
8
1
3
1
6
2
3
2
2
15
8
2
1
1
11
7
4
14
8
2
4
2
2
1
5
3
1
10
4
2
4
10
3
1
2
1
8
2
11
1
4
7
3
6
1
2
