
Branching_global:
4.000000000000002e-09
4.0363199999999965e-07
8.022819999999978e-07
1.1992700000000027e-06
1.6012540000000112e-06
1.997444000000016e-06
2.3954950000000037e-06
2.7867349999999905e-06
3.1775399999999787e-06
3.5690809999999673e-06

Autocorrelation:
-5.1714406325215776e-05
-6.792203677461519e-05
-7.124635546514583e-05
-7.334713593636767e-05
-7.493598507847094e-05
-7.619835905009606e-05
-7.726828387091335e-05
-7.818217133393721e-05
-7.89926650262516e-05
-7.972445685342405e-05

Average_Activity:
0.0
0.0
0.0
0.0
0.0
0.0
0.0
0.0
0.0
0.0
0.0
0.0
0.0
0.0
0.0
0.0
0.0
0.0
0.0
0.0
0.0
0.0
0.0
0.25
0.0
0.0
0.0
0.0
0.0
0.0
0.0
0.0
0.0
0.0
0.0
0.0
0.0
0.0
0.0
0.0
0.0
0.0
0.0
0.0
0.0
0.25
0.0
0.0
0.0
0.0
0.0
0.0
0.0
0.0
0.0
0.0
0.0
0.0
0.0
0.25
0.0
0.0
0.0
0.0
0.0
0.0
0.0
0.0
0.25
0.0
0.0
0.0
0.0
0.0
0.0
0.0
0.0
0.0
0.0
0.0
0.0
0.0
0.0
0.0
0.0
0.0
0.0
0.0
0.0
0.0
0.0
0.0
0.0
0.0
0.0
0.0
0.0
0.0
0.0
0.0
0.0
0.0
0.0
0.25
0.0
0.0
0.0
0.0
0.0
0.0
0.0
0.0
0.0
0.0
0.0
0.0
0.0
0.0
0.0
0.25
0.0
0.0
0.0
0.0
0.0
0.0
0.0
0.0
0.0
0.0
0.0
0.0
0.25
0.0
0.0
0.0
0.0
0.0
0.0
0.0
0.0
0.0
0.0
0.0
0.0
0.0
0.0
0.0
0.0
0.0
0.0
0.0
0.0
0.0
0.0
0.0
0.0
0.25
0.0
0.0
0.0
0.0
0.0
0.25
0.0
0.0
0.25
0.0
0.0
0.0
0.0
0.0
0.0
0.0
0.0
0.0
0.25
0.0
0.0
0.0
0.0
0.0
0.0
0.0
0.0
0.0
0.0
0.25
0.0
0.0
0.0
0.0
0.0
0.0
0.0
0.0
0.0
0.0
0.0
0.25
0.25
0.0
0.0
0.0
0.0
0.0
0.0
0.0
0.0
0.0
0.0
0.0
0.0
0.0
0.0
0.0
0.0
0.0
0.25
0.0
0.0
0.0
0.0
0.0
0.0
0.0
0.0
0.0
0.0
0.0
0.0
0.0
0.0
0.0
0.0
0.0
0.0
0.0
0.25
0.0
0.0
0.0
0.0
0.0
0.0
0.0
0.25
0.0
0.0
0.0

Average_Alpha:
1.0000000000000005e-09
5.000000000000001e-09
9.000000000000001e-09
1.2999999999999999e-08
1.7000000000000003e-08
2.0999999999999993e-08
2.4999999999999986e-08
2.9e-08
3.3e-08
3.700000000000002e-08
4.100000000000002e-08
4.5000000000000026e-08
4.9000000000000055e-08
5.3000000000000064e-08
5.700000000000006e-08
6.100000000000004e-08
6.500000000000004e-08
6.900000000000002e-08
7.299999999999999e-08
7.699999999999997e-08
8.099999999999994e-08
8.499999999999997e-08
8.899999999999992e-08
9.290799999999992e-08
9.690799999999989e-08
1.0090799999999993e-07
1.0490799999999986e-07
1.0890799999999988e-07
1.1290799999999981e-07
1.1690799999999984e-07
1.2090799999999977e-07
1.249079999999998e-07
1.2890799999999974e-07
1.3290799999999978e-07
1.369079999999997e-07
1.409079999999997e-07
1.4490799999999975e-07
1.489079999999997e-07
1.5290799999999966e-07
1.5690799999999965e-07
1.6090799999999968e-07
1.6490799999999964e-07
1.6890799999999957e-07
1.7290799999999958e-07
1.769079999999996e-07
1.8072899999999958e-07
1.8472899999999954e-07
1.887289999999995e-07
1.9272899999999955e-07
1.9672899999999954e-07
2.0072899999999944e-07
2.0472899999999942e-07
2.087289999999995e-07
2.1272899999999944e-07
2.1672899999999937e-07
2.2072899999999933e-07
2.2472899999999942e-07
2.2872899999999937e-07
2.3272899999999933e-07
2.3649499999999926e-07
2.404949999999994e-07
2.4449499999999944e-07
2.4849499999999963e-07
2.5249499999999956e-07
2.564949999999998e-07
2.604949999999997e-07
2.6449499999999993e-07
2.6849499999999986e-07
2.722240000000001e-07
2.7622400000000013e-07
2.8022400000000027e-07
2.8422400000000036e-07
2.8822400000000045e-07
2.9222400000000043e-07
2.9622400000000063e-07
3.002240000000007e-07
3.0422400000000075e-07
3.0822400000000084e-07
3.1222400000000104e-07
3.1622400000000107e-07
3.202240000000011e-07
3.242240000000011e-07
3.2822400000000134e-07
3.3222400000000143e-07
3.362240000000014e-07
3.4022400000000155e-07
3.442240000000017e-07
3.482240000000018e-07
3.5222400000000176e-07
3.562240000000019e-07
3.6022400000000205e-07
3.642240000000022e-07
3.6822400000000217e-07
3.722240000000022e-07
3.762240000000024e-07
3.8022400000000244e-07
3.842240000000025e-07
3.8822400000000256e-07
3.9222400000000276e-07
3.962240000000029e-07
4.0022400000000283e-07
4.042240000000029e-07
4.0822400000000317e-07
4.118130000000033e-07
4.1581300000000317e-07
4.198130000000033e-07
4.2381300000000345e-07
4.2781300000000365e-07
4.3181300000000347e-07
4.3581300000000367e-07
4.3981300000000386e-07
4.43813000000004e-07
4.478130000000038e-07
4.5181300000000397e-07
4.5581300000000416e-07
4.5981300000000436e-07
4.6381300000000423e-07
4.678130000000044e-07
4.718130000000045e-07
4.753360000000047e-07
4.793360000000045e-07
4.833360000000045e-07
4.873360000000043e-07
4.913360000000042e-07
4.95336000000004e-07
4.993360000000039e-07
5.033360000000038e-07
5.073360000000037e-07
5.113360000000035e-07
5.153360000000035e-07
5.193360000000032e-07
5.233360000000031e-07
5.26808000000003e-07
5.308080000000029e-07
5.348080000000027e-07
5.388080000000028e-07
5.428080000000025e-07
5.468080000000024e-07
5.508080000000023e-07
5.548080000000022e-07
5.58808000000002e-07
5.628080000000021e-07
5.668080000000018e-07
5.708080000000016e-07
5.748080000000015e-07
5.788080000000015e-07
5.828080000000014e-07
5.868080000000012e-07
5.908080000000011e-07
5.948080000000011e-07
5.988080000000008e-07
6.028080000000007e-07
6.068080000000006e-07
6.108080000000005e-07
6.148080000000004e-07
6.188080000000002e-07
6.228080000000001e-07
6.26179e-07
6.30179e-07
6.341789999999997e-07
6.381789999999996e-07
6.421789999999997e-07
6.461789999999996e-07
6.495289999999992e-07
6.535289999999992e-07
6.575289999999992e-07
6.60864999999999e-07
6.648649999999988e-07
6.688649999999987e-07
6.728649999999987e-07
6.768649999999985e-07
6.808649999999983e-07
6.848649999999981e-07
6.888649999999982e-07
6.928649999999982e-07
6.968649999999977e-07
7.001599999999976e-07
7.041599999999977e-07
7.081599999999976e-07
7.121599999999971e-07
7.161599999999971e-07
7.201599999999972e-07
7.241599999999971e-07
7.281599999999967e-07
7.321599999999966e-07
7.361599999999968e-07
7.401599999999967e-07
7.434139999999962e-07
7.474139999999962e-07
7.514139999999963e-07
7.554139999999962e-07
7.594139999999957e-07
7.634139999999957e-07
7.674139999999958e-07
7.714139999999958e-07
7.754139999999952e-07
7.794139999999952e-07
7.834139999999953e-07
7.874139999999952e-07
7.906199999999947e-07
7.938199999999948e-07
7.978199999999948e-07
8.018199999999947e-07
8.058199999999942e-07
8.098199999999943e-07
8.138199999999944e-07
8.178199999999942e-07
8.218199999999937e-07
8.258199999999938e-07
8.29819999999994e-07
8.338199999999938e-07
8.378199999999933e-07
8.418199999999934e-07
8.458199999999934e-07
8.498199999999934e-07
8.538199999999928e-07
8.578199999999928e-07
8.61819999999993e-07
8.649489999999929e-07
8.689489999999922e-07
8.729489999999923e-07
8.769489999999924e-07
8.809489999999925e-07
8.849489999999918e-07
8.889489999999918e-07
8.929489999999919e-07
8.969489999999919e-07
9.009489999999913e-07
9.049489999999913e-07
9.089489999999914e-07
9.129489999999914e-07
9.169489999999907e-07
9.209489999999909e-07
9.249489999999909e-07
9.28948999999991e-07
9.329489999999903e-07
9.369489999999903e-07
9.409489999999904e-07
9.439969999999905e-07
9.479969999999908e-07
9.519969999999902e-07
9.559969999999913e-07
9.59996999999991e-07
9.639969999999919e-07
9.679969999999913e-07
9.719969999999925e-07
9.75011999999992e-07
9.79011999999993e-07
9.830119999999924e-07
9.870119999999938e-07

Avalanche_Distribution:
1
1
1
1
1
1
1
1
1
1
1
1
1
1
1
1
1
