
Branching_global:
1.00004
1.0036600000000038
1.0003800000000083
0.9978700000000118
0.9975100000000162
1.00156000000002
1.0046500000000242
1.008030000000028
0.969840000000032
0.941500000000036
0.94364000000004
0.906490000000044
0.8807200000000478
0.8378000000000518
0.8258900000000559
0.8059300000000598
0.7954500000000637
0.7800900000000677
0.7675800000000718
0.7610400000000757
0.7478400000000798
0.7516100000000837
0.7538000000000876
0.7610900000000916
0.7600700000000956
0.7665900000000995
0.7697600000001036
0.7751100000001074
0.7759400000001114
0.7775900000001155

Autocorrelation:
25.000499996641732
0.27372373927242505
2.632078915650549
-0.46898339038842607
-0.4011062179466813
0.6415255111187268
0.21555337683803186
0.1250323347513477
-0.03265394669953538
-0.016588993987327938
-0.017238246258058088
-0.010185863458400274
-0.0078730533621106
-0.005650487817063006
-0.00522756406468353
-0.0046348139934704255
-0.004369726267177877
-0.004026640554467747
-0.00378053866548989
-0.003662073253817221
-0.0034415561923737585
-0.003502164432050511
-0.0035382173702032944
-0.0036629545193979894
-0.003645048864219209
-0.0037621823593809393
-0.0038215124249237507
-0.003925412079748671
-0.003941972876139747
-0.003975259795737784

Average_Activity:
0.0
0.0
0.0
0.25
0.0
0.0
0.0
0.0
0.0
0.0
0.0
0.0
0.0
0.0
0.25
0.0
0.0
0.0
0.0
0.0
0.0
0.0
0.0
0.0
0.0
1.75
0.0
2.0
4.75
6.75
3.5
0.0
0.0
0.0
0.5
0.5
0.0
0.5
1.25
4.0
6.0
5.25
0.5
0.25
3.5
5.0
0.5
0.0
0.0
0.0
1.0
0.75
3.75
4.5
6.0
2.0
0.0
0.0
0.0
0.0
0.0
1.0
1.5
2.0
4.75
3.25
6.0
2.5
0.25
0.0
0.0
0.5
1.25
1.75
0.25
0.0
0.0
0.0
0.0
0.0
0.25
0.25
0.0
0.0
0.0
0.0
0.75
1.0
0.5
0.75
5.0
3.25
3.25
3.0
4.25
1.25
0.5
0.0
0.0
1.0
0.0
0.0
0.0
0.0
0.0
0.0
0.0
0.0
0.0
0.0
0.0
0.0
0.0
0.0
0.0
0.0
0.5
0.0
0.0
0.5
0.25
0.25
0.0
0.0
0.0
0.0
0.0
0.0
0.0
0.0
0.0
0.0
0.0
0.0
0.0
0.0
0.0
0.0
0.0
0.0
0.0
0.0
0.0
0.0
0.0
0.0
0.0
0.0
0.0
0.25
0.0
0.0
0.0
0.0
0.0
0.0
0.75
0.0
0.0
0.0
0.0
0.0
0.0
0.0
0.25
1.5
0.0
0.0
0.25
0.0
0.0
0.0
0.0
0.0
0.0
0.0
0.0
0.0
0.0
0.0
0.0
0.0
0.0
0.0
0.25
2.0
2.75
7.25
6.75
4.0
9.25
13.25
8.75
6.75
15.0
28.5
31.0
21.75
31.5
41.25
38.0
39.75
25.75
21.0
13.5
11.5
6.75
6.25
10.25
10.75
21.0
13.75
9.5
3.25
0.0
0.0
0.0
1.0
1.0
2.0
1.75
1.75
0.0
0.75
0.0
0.0
0.0
0.0
0.0
0.0
0.0
0.0
0.0
0.0
0.0
0.25
4.0
7.0
2.75
0.0
0.0
0.0
0.0
1.0
1.0
0.0
0.0
0.0
0.25
0.0
0.0
1.0
0.5
2.25
2.25
6.0
10.25
6.75
8.75
7.25
8.75
8.25
11.75
16.5
7.75
5.0
6.0
13.5
27.0
19.25
14.25
17.0
18.25
11.5
13.0
13.0
18.25
14.5
8.75
7.75
8.5
5.25
8.25
9.75
8.25
7.75
6.0
2.5
3.25
3.25
6.0
5.25
4.25
1.25
4.0
16.75
15.25
8.75
8.5
2.5
2.5
3.75
9.75
12.0
15.5
17.75
17.25
22.0
23.0
20.25
16.75
21.0
8.75
7.0
9.5
8.25
9.5
6.75
2.25
3.5
6.25
5.0
8.25
8.5
9.25
9.0
9.5
6.25
4.75
7.75
6.5
3.25
6.0
3.25
0.5
2.5
0.5
0.0
3.0
4.75
1.5
4.75
6.25
2.25
7.25
9.0
8.0
8.5
4.75
3.75
4.5
7.25
2.0
0.75
1.5
2.5
0.75
4.5
5.0
6.0
8.0
6.5
6.0
5.5
3.5
8.5
1.75
4.75
8.25
7.75
5.0
3.5
2.5
2.25
6.75
11.5
5.75
2.25
1.75
5.75
8.5
7.5
9.0
8.25
4.75
5.0
6.5
2.5
3.5
5.75
12.5
10.5
3.75
0.5
3.0
4.25
3.0
2.5
2.25
0.25
4.75
6.75
4.0
1.5
6.25
12.0
13.25
3.0
2.5
5.0
9.25
2.75
0.5
3.0
4.0
2.5
1.0
3.0
4.5
3.25
3.5
2.0
6.75
1.75
3.75
4.25
2.0
7.25
2.0
2.25
4.25
4.25
3.0
3.5
3.25
1.0
2.5
6.5
7.5
2.0
1.0
3.5
3.5
4.0
1.75
0.25
1.5
1.0
3.75
7.25
5.25
2.75
2.75
2.5
3.5
6.0
5.25
2.5
2.5
2.5
4.25
2.75
3.0
8.0
3.5
4.75
2.75
5.0
2.75
3.75
1.0
0.5
0.5
2.75
4.5
4.75
2.5
3.75
4.5
5.0
5.5
7.5
6.75
5.25
3.25
2.5
4.25
5.0
4.0
1.0
3.0
2.5
4.0
9.0
6.0
3.5
1.5
5.0
2.0
2.0
2.5
0.0
0.0
0.0
0.0
0.0
0.0
0.5
0.25
0.0
0.0
0.0
0.0
0.0
0.0
0.0
0.0
0.0
0.0
0.0
0.25
0.5
0.0
0.75
0.25
0.0
0.0
0.0
0.0
0.75
0.0
0.0
0.0
0.0
0.0
0.25
0.0
0.0
0.0
0.0
0.25
0.5
1.0
0.5
0.25
0.0
0.0
0.0
0.0
0.0
0.0
0.0
0.0
0.0
0.0
0.0
0.0
0.0
0.0
0.0
0.0
0.0
0.0
0.0
0.0
0.25
0.75
0.5
0.0
0.0
0.0
0.0
0.25
0.75
0.25
0.0
0.0
0.0
0.0
0.0
0.0
0.0
0.0
0.0
0.0
0.0
0.0
0.0
0.0
0.0
0.0
0.0
0.25
0.25
0.0
0.0
0.25
0.0
0.0
0.25
1.5
1.0
0.0
0.0
0.0
0.0
0.0
0.0
0.0
0.0
0.0
0.0
0.0
0.0
0.0
0.0
0.0
0.25
1.0
0.0
0.25
0.0
0.0
0.0
0.0
0.0
0.0
0.0
0.0
0.5
0.0
0.0
0.5
2.0
0.0
0.0
0.0
0.0
0.0
0.0
0.0
0.0
0.0
0.0
0.0
0.0
0.0
0.0
0.0
0.0
0.25
0.0
0.0
0.0
0.0
0.0
0.0
0.0
0.0
0.0
0.0
0.5
0.0
0.0
0.0
0.0
0.0
0.0
0.0
0.0
0.0
0.25
0.25
0.0
0.0
0.0
0.0
0.0
0.0
0.5
1.25
0.0
0.0
0.0
0.0
0.0
0.0
0.0
0.75
0.0
0.0
0.0
0.0
0.0
0.25
0.0
0.0
0.0
0.5
0.25
0.0
0.0
0.0
0.0
0.25
0.0
0.0
0.0
0.0
0.0
0.25
1.0
0.0
0.0
0.0
0.0
0.0
0.0
0.0
0.0
0.0
0.0
0.0
0.25
1.25
1.0
0.25
0.0
0.0
0.0
0.0
0.0
0.0
0.0
0.0
0.0
0.0
0.25
0.25
0.0
0.0
0.0
0.0
0.0
0.0
1.0
0.25
0.25
0.0
0.0

Average_Alpha:
0.25001
0.25005
0.2500900000000001
0.25012000000000006
0.2501600000000002
0.25020000000000014
0.25024000000000024
0.2502800000000002
0.2503200000000003
0.2503600000000003
0.25040000000000046
0.2504400000000004
0.2504800000000005
0.25052000000000046
0.2505500000000006
0.25059000000000053
0.25063000000000063
0.2506700000000006
0.2507100000000007
0.2507500000000007
0.2507900000000008
0.2508300000000008
0.2508700000000009
0.25091000000000085
0.250950000000001
0.250920000000001
0.25096000000000107
0.25092000000000103
0.2507700000000011
0.2505400000000011
0.2504400000000013
0.2504800000000012
0.2505200000000013
0.2505600000000012
0.2505800000000014
0.2506000000000013
0.2506400000000015
0.25066000000000144
0.25065000000000154
0.25053000000000153
0.2503300000000016
0.2501600000000016
0.25018000000000173
0.2502100000000017
0.2501100000000018
0.24995000000000178
0.24997000000000186
0.25001000000000184
0.25005000000000194
0.2500900000000019
0.25009000000000203
0.250100000000002
0.24999000000000207
0.24985000000000207
0.24965000000000215
0.24961000000000216
0.24965000000000226
0.24969000000000227
0.24973000000000234
0.24977000000000232
0.24981000000000242
0.24981000000000242
0.24979000000000245
0.2497500000000025
0.24960000000000257
0.24951000000000254
0.24931000000000267
0.24925000000000264
0.24928000000000275
0.24932000000000273
0.2493600000000028
0.24938000000000282
0.2493700000000029
0.2493400000000029
0.24937000000000295
0.249410000000003
0.24945000000000306
0.24949000000000304
0.24953000000000317
0.24957000000000312
0.2496000000000032
0.2496300000000032
0.2496700000000033
0.24971000000000326
0.24975000000000336
0.24979000000000337
0.2498000000000034
0.24980000000000346
0.2498200000000035
0.24983000000000355
0.24967000000000358
0.24958000000000363
0.24949000000000368
0.2494100000000037
0.24928000000000378
0.24927000000000377
0.24929000000000387
0.24933000000000385
0.24937000000000392
0.24937000000000392
0.24941000000000402
0.24945000000000403
0.2494900000000041
0.24953000000000408
0.24957000000000415
0.24961000000000416
0.24965000000000423
0.24969000000000427
0.2497300000000043
0.2497700000000043
0.24981000000000442
0.2498500000000044
0.24989000000000447
0.2499300000000045
0.24997000000000458
0.25001000000000456
0.25003000000000464
0.2500700000000047
0.2501100000000047
0.25013000000000474
0.2501600000000048
0.25019000000000485
0.2502300000000049
0.2502700000000049
0.250310000000005
0.25035000000000496
0.25039000000000505
0.2504300000000051
0.25047000000000513
0.2505100000000051
0.2505500000000052
0.2505900000000052
0.2506300000000053
0.2506700000000053
0.2507100000000054
0.25075000000000536
0.25079000000000545
0.25083000000000544
0.25087000000000553
0.2509100000000055
0.2509500000000056
0.2509900000000056
0.25103000000000564
0.2510700000000057
0.2511100000000058
0.25115000000000576
0.2511900000000058
0.25123000000000584
0.2512700000000059
0.2513000000000059
0.251340000000006
0.251380000000006
0.2514200000000061
0.25146000000000607
0.25150000000000616
0.25154000000000615
0.2515500000000062
0.25159000000000625
0.25163000000000635
0.25167000000000633
0.25171000000000643
0.2517500000000064
0.25179000000000645
0.2518300000000065
0.2518600000000065
0.25184000000000656
0.25188000000000665
0.25192000000000664
0.2519500000000067
0.25199000000000676
0.2520300000000068
0.2520700000000068
0.2521100000000069
0.2521500000000069
0.25219000000000696
0.252230000000007
0.25227000000000704
0.25231000000000703
0.2523500000000071
0.25239000000000716
0.2524300000000072
0.25247000000000724
0.2525100000000073
0.25255000000000727
0.25258000000000735
0.25254000000000737
0.25247000000000747
0.25222000000000744
0.2519900000000075
0.25187000000000753
0.2515400000000076
0.25105000000000766
0.2507400000000077
0.2505100000000077
0.24995000000000775
0.2488500000000078
0.2476500000000078
0.24682000000000787
0.24560000000000792
0.24399000000000798
0.24251000000000797
0.240960000000008
0.23997000000000807
0.2391700000000081
0.23867000000000815
0.23825000000000818
0.23802000000000822
0.23781000000000824
0.23744000000000828
0.23705000000000837
0.2362500000000084
0.23574000000000842
0.23540000000000844
0.2353100000000085
0.23535000000000855
0.23539000000000856
0.23543000000000858
0.23543000000000866
0.23543000000000872
0.23539000000000873
0.23536000000000876
0.23533000000000878
0.23537000000000888
0.2353800000000089
0.23542000000000893
0.23546000000000897
0.23550000000000904
0.23554000000000905
0.2355800000000091
0.23562000000000916
0.23566000000000917
0.2357000000000092
0.23574000000000928
0.2357800000000093
0.23582000000000936
0.23585000000000939
0.2357300000000094
0.23549000000000944
0.2354200000000095
0.23546000000000952
0.23550000000000956
0.23554000000000963
0.23558000000000964
0.2355800000000097
0.23558000000000973
0.2356200000000098
0.23566000000000983
0.23570000000000985
0.2357300000000099
0.23577000000000992
0.23581000000001
0.23581000000001
0.2358300000000101
0.2357800000000101
0.23573000000001013
0.23553000000001015
0.2351600000000102
0.23493000000001024
0.2346200000000103
0.23437000000001035
0.23406000000001037
0.23377000000001041
0.23334000000001046
0.23272000000001047
0.23245000000001056
0.23229000000001057
0.2320900000000106
0.23159000000001065
0.2305500000000107
0.22982000000001074
0.22929000000001076
0.22865000000001082
0.22796000000001085
0.22754000000001087
0.22706000000001092
0.22658000000001097
0.22589000000001103
0.22535000000001104
0.2250400000000111
0.22477000000001113
0.22447000000001116
0.2243000000000112
0.22401000000001126
0.22366000000001127
0.2233700000000113
0.22310000000001137
0.2229000000000114
0.22284000000001142
0.2227500000000115
0.22266000000001152
0.22246000000001157
0.22229000000001162
0.22216000000001165
0.2221500000000117
0.22203000000001175
0.22140000000001175
0.2208300000000118
0.22052000000001187
0.2202200000000119
0.2201600000000119
0.22010000000001195
0.219990000000012
0.21964000000001208
0.2192000000000121
0.2186200000000121
0.21795000000001216
0.2173000000000122
0.21646000000001225
0.21558000000001226
0.21481000000001232
0.21418000000001233
0.2133800000000124
0.21307000000001244
0.21283000000001248
0.2124900000000125
0.21220000000001255
0.21186000000001257
0.2116300000000126
0.2115800000000127
0.2114800000000127
0.21127000000001278
0.21111000000001282
0.21082000000001283
0.2105200000000129
0.2101900000000129
0.20987000000001296
0.20953000000001298
0.20932000000001305
0.2091700000000131
0.20890000000001313
0.20868000000001313
0.20859000000001318
0.20839000000001323
0.20830000000001325
0.20832000000001333
0.20826000000001335
0.2082800000000134
0.20832000000001344
0.20824000000001347
0.20809000000001351
0.20807000000001355
0.2079200000000136
0.20771000000001366
0.20766000000001367
0.20741000000001372
0.20709000000001374
0.20681000000001382
0.20651000000001382
0.2063600000000139
0.20625000000001392
0.20611000000001398
0.205860000000014
0.20582000000001405
0.20583000000001409
0.2058100000000141
0.20575000000001414
0.2057600000000142
0.2056200000000142
0.2054600000000143
0.20526000000001432
0.20498000000001435
0.20476000000001437
0.20456000000001445
0.2043800000000145
0.20428000000001453
0.20398000000001457
0.2039500000000146
0.2038000000000146
0.20351000000001465
0.20324000000001471
0.20308000000001478
0.2029800000000148
0.2029200000000148
0.20287000000001487
0.20264000000001495
0.20222000000001497
0.20203000000001498
0.20198000000001504
0.20195000000001506
0.20176000000001512
0.20146000000001515
0.2012000000000152
0.20088000000001524
0.20059000000001526
0.20044000000001533
0.20028000000001536
0.20006000000001542
0.20000000000001544
0.19990000000001548
0.19971000000001551
0.19925000000001558
0.1988700000000156
0.19876000000001562
0.19878000000001567
0.19870000000001573
0.19857000000001573
0.19849000000001582
0.19843000000001584
0.19838000000001588
0.19841000000001588
0.19826000000001595
0.19803000000001597
0.19791000000001602
0.19789000000001608
0.1976800000000161
0.19724000000001615
0.1967500000000162
0.19667000000001622
0.19661000000001627
0.1964500000000163
0.19612000000001634
0.19605000000001638
0.19607000000001643
0.19599000000001646
0.19587000000001648
0.19581000000001655
0.1958100000000166
0.1957300000000166
0.1955900000000167
0.19550000000001672
0.19540000000001675
0.19536000000001677
0.19513000000001682
0.19510000000001684
0.1949900000000169
0.19486000000001696
0.19482000000001698
0.19457000000001703
0.19453000000001708
0.19448000000001714
0.19435000000001712
0.19422000000001718
0.19414000000001722
0.19404000000001725
0.19395000000001733
0.19395000000001733
0.19389000000001738
0.1936700000000174
0.19341000000001748
0.1933700000000175
0.19337000000001756
0.1932700000000176
0.19317000000001763
0.19305000000001768
0.1930200000000177
0.19305000000001774
0.19303000000001777
0.19303000000001783
0.19292000000001785
0.1926700000000179
0.19250000000001793
0.19243000000001798
0.19236000000001804
0.1923000000000181
0.19220000000001813
0.19200000000001813
0.19183000000001818
0.19177000000001823
0.19171000000001828
0.1916500000000183
0.19152000000001834
0.19145000000001838
0.19137000000001841
0.19109000000001844
0.1909900000000185
0.19084000000001852
0.19077000000001856
0.1906100000000186
0.19054000000001867
0.19043000000001867
0.19043000000001878
0.19045000000001877
0.19047000000001882
0.19040000000001886
0.1902600000000189
0.19011000000001893
0.190050000000019
0.18994000000001904
0.18980000000001906
0.1896400000000191
0.18946000000001914
0.18920000000001921
0.1889700000000192
0.18880000000001926
0.1887100000000193
0.18865000000001933
0.18852000000001937
0.18836000000001943
0.18824000000001945
0.1882400000000195
0.18816000000001953
0.18810000000001958
0.18798000000001963
0.18766000000001967
0.1874600000000197
0.18736000000001973
0.1873400000000198
0.18718000000001978
0.18714000000001985
0.18710000000001992
0.1870400000000199
0.18708000000001995
0.18712000000002002
0.18716000000002003
0.1872000000000201
0.18724000000002014
0.18728000000002015
0.18730000000002023
0.18733000000002029
0.1873700000000203
0.1874100000000203
0.18745000000002038
0.18749000000002042
0.18753000000002043
0.18757000000002047
0.18761000000002054
0.18765000000002058
0.18769000000002062
0.18773000000002066
0.18777000000002067
0.18780000000002073
0.18782000000002078
0.18786000000002082
0.18787000000002083
0.18790000000002088
0.18794000000002092
0.18798000000002096
0.188020000000021
0.18806000000002107
0.18807000000002108
0.18811000000002112
0.1881500000000212
0.1881900000000212
0.1882300000000212
0.18827000000002128
0.18830000000002134
0.18834000000002135
0.18838000000002136
0.18842000000002146
0.18846000000002147
0.18849000000002153
0.18851000000002155
0.1885100000000216
0.18853000000002162
0.18856000000002168
0.18860000000002175
0.18864000000002176
0.18868000000002177
0.18872000000002184
0.18876000000002188
0.1888000000000219
0.18884000000002196
0.188880000000022
0.18892000000002204
0.18896000000002205
0.18900000000002212
0.18904000000002216
0.1890800000000222
0.18912000000002224
0.18916000000002225
0.18920000000002232
0.18924000000002233
0.1892800000000224
0.18932000000002241
0.18936000000002245
0.18939000000002248
0.18940000000002255
0.18942000000002257
0.1894600000000226
0.18950000000002268
0.1895400000000227
0.18958000000002276
0.18961000000002282
0.18962000000002283
0.18965000000002286
0.18969000000002287
0.18973000000002294
0.189770000000023
0.18981000000002302
0.18985000000002308
0.1898900000000231
0.18993000000002314
0.18997000000002318
0.19001000000002322
0.19005000000002326
0.1900900000000233
0.19013000000002336
0.19017000000002338
0.19021000000002342
0.19025000000002346
0.1902900000000235
0.1903300000000235
0.19036000000002357
0.19039000000002362
0.19043000000002366
0.19047000000002368
0.19050000000002376
0.19054000000002377
0.19058000000002384
0.19061000000002384
0.1905900000000239
0.19059000000002393
0.19063000000002397
0.19067000000002401
0.19071000000002408
0.1907500000000241
0.19079000000002416
0.19083000000002417
0.19087000000002421
0.19091000000002423
0.1909500000000243
0.19099000000002433
0.19103000000002435
0.19107000000002444
0.19111000000002445
0.1911500000000245
0.19119000000002453
0.1912200000000246
0.19122000000002462
0.19126000000002466
0.1912900000000247
0.1913300000000247
0.19137000000002477
0.1914100000000248
0.19145000000002482
0.1914900000000249
0.19153000000002493
0.19157000000002497
0.19161000000002504
0.19163000000002506
0.19167000000002507
0.1917100000000251
0.19173000000002513
0.1916900000000252
0.19173000000002527
0.19177000000002528
0.19181000000002532
0.19185000000002536
0.1918900000000254
0.19193000000002547
0.19197000000002548
0.19201000000002555
0.19205000000002556
0.1920900000000256
0.19213000000002564
0.19217000000002568
0.19221000000002572
0.19225000000002576
0.19229000000002583
0.19233000000002584
0.1923600000000259
0.19240000000002594
0.19244000000002598
0.192480000000026
0.19252000000002603
0.1925600000000261
0.1926000000000261
0.19264000000002618
0.19268000000002622
0.19272000000002626
0.19276000000002627
0.19278000000002632
0.19282000000002636
0.1928600000000264
0.1929000000000264
0.19294000000002648
0.19298000000002652
0.19302000000002656
0.1930600000000266
0.19310000000002664
0.19314000000002668
0.1931700000000267
0.19320000000002677
0.19324000000002678
0.19328000000002682
0.1933200000000269
0.1933600000000269
0.19340000000002694
0.193440000000027
0.19346000000002703
0.19345000000002707
0.1934900000000271
0.19353000000002715
0.19357000000002716
0.19361000000002723
0.19365000000002727
0.1936900000000273
0.19373000000002735
0.19374000000002742
0.19378000000002743
0.19382000000002747
0.1938600000000275
0.19390000000002758
0.1939400000000276
0.19397000000002765
0.19401000000002766
0.1940500000000277
0.19409000000002777
0.1941100000000278
0.19414000000002785
0.19418000000002786
0.1942200000000279
0.19426000000002797
0.19430000000002798
0.19433000000002804
0.19437000000002808
0.19441000000002812
0.19445000000002818
0.1944900000000282
0.19453000000002824
0.19456000000002827
0.19456000000002832
0.19460000000002836
0.1946400000000284
0.19468000000002844
0.19472000000002848
0.19476000000002852
0.19480000000002853
0.19484000000002857
0.1948800000000286
0.19492000000002865
0.19496000000002872
0.19500000000002876
0.1950300000000288
0.19502000000002884
0.19502000000002886
0.19505000000002892
0.19509000000002893
0.19513000000002897
0.19517000000002904
0.19521000000002908
0.1952500000000291
0.19529000000002916
0.1953300000000292
0.19537000000002921
0.19541000000002928
0.1954500000000293
0.19548000000002935
0.19551000000002938
0.19555000000002942
0.1955900000000295
0.19563000000002953
0.19567000000002954
0.19571000000002958
0.19575000000002962
0.19575000000002968
0.1957800000000297
0.19581000000002977
0.1958500000000298
0.19589000000002982

Avalanche_Distribution:
1
1
7
68
4
70
37
7
65
10
75
15
1
1
9
83
2
4
1
1
2
2
1
3
7
1
1844
8
14
8
3
56
8
1
6
1755
1324
10
1
1
34
275
1
9
12
463
383
52
9
285
1
39
263
77
54
2
9
350
3
2
291
166
3
3
3
1
3
1
3
6
1
4
2
2
3
2
1
11
5
1
2
10
1
2
2
7
3
1
3
1
5
1
10
2
1
4
1
