
Branching_global:
1.0000061840004393
1.0000064240004505
1.000006813000461
1.0000072340004724
1.0000076170004828
1.000007974000494
1.0000083590005047
1.0000086300005158
1.0000088130005265
1.0000091990005375
1.0000096390005484
1.0000099930005593
1.00001035300057
1.000010713000581
1.0000111240005918
1.0000115290006029
1.0000118300006138
1.0000122130006246
1.0000126110006355
1.0000129750006463
1.0000133690006572
1.0000136690006682
1.0000140500006791
1.0000143440006901
1.0000148010007008
1.0000108150007117
1.0000090740007221
1.0000094100007326
1.0000097410007431
1.0000102480007536
1.0000103050007638
1.0000107270007743
1.0000110880007849
1.0000114350007954
1.000011612000805
1.0000120970008155
1.0000125550008263
1.0000129390008374
1.0000134680008486
1.0000138460008592
1.0000142440008701
1.0000145530008806
1.0000147100008907
1.000015294000902
1.0000157380009134
1.0000152880009248
1.000015682000935
1.0000159390009449
1.0000164790009562
1.0000168510009673
1.0000078330009774
1.0000023520009844
1.0000026890009903
1.000003129000997
1.0000035120010033
1.0000037260010104
1.0000041080010187
1.0000047090010271
1.0000052480010362
1.0000056550010434
1.0000053920010492
1.0000059160010601
1.000006317001066
1.000006677001073
1.0000072980010812
1.0000072860010891
1.0000076450010973
1.0000081280011068
1.0000086390011165
1.000008881001124
1.0000066310011353
1.0000054260011397
1.0000063260011542
1.0000062110011552
1.0000066780011645
1.00000697300117
1.0000075480011825
1.0000078940011883
1.000008332001199
1.00000885500121
1.000009203001217
1.0000096370012264
1.0000100080012324
1.0000104230012417
1.0000105150012484
1.0000110980012613
1.0000116340012735
1.0000119860012833
1.0000122760012897
1.0000123500013014
1.000012529001307
1.000013080001321
1.0000133370013298
1.0000137680013401
1.0000137190013458
1.0000142230013565
1.0000143690013656
1.000014737001376
1.000015316001388
1.0000155050013941

Autocorrelation:
161.70812111285633
155.66674064015655
146.7787081822314
138.2365982429907
131.2857745977665
125.4080668491789
119.63202764927719
115.8753482305641
113.46923258326404
108.70796185014163
103.7456958811445
100.07054343304594
96.59085496370643
93.34502961348008
89.89621618045601
86.73828711927102
84.53134937491332
81.88045978431076
79.29634882965942
77.07178710377826
74.80040656204403
73.15873769824975
71.17487378279304
69.71605715777784
67.56349929944558
92.46466404883049
110.20547249387903
106.27041733653193
102.65935676036027
97.58050843671029
97.04076451913562
93.22320232188319
90.1880838027338
87.45130283633982
86.11830319256268
82.66561801059368
79.65003677194437
77.28622032341016
74.25056957077896
72.2235202174666
70.20549430604801
68.71485026952396
67.98146121216631
65.38561448978567
63.54097159381976
65.41127573855923
63.76787280711106
62.73968945342219
60.68379036646937
59.344155722225615
127.66549109095456
425.17039007425217
371.88582231843037
319.59132178857107
284.7384596548664
268.3847535761023
243.42789825269537
212.3597656362026
190.54924286472405
176.83512696403997
185.46040456441654
169.03360020236735
158.30346521188636
149.76833575046865
137.02432184716253
137.24999910977888
130.804928576168
123.031979308464
115.75462325008169
112.60041818761431
150.80729064792715
184.2982865735029
158.07824542148705
161.00513919011735
149.74590665146556
143.41077279530518
132.4859058463554
126.67897092289276
120.0196858008875
112.93103228012795
108.66070512258307
103.7672191799312
99.92055164361476
95.94215603612233
95.10272361076241
90.10681522234637
85.95545019152422
83.43116018053648
81.46025031988107
80.97215138550331
79.81532126750832
76.45309166638405
74.97987319335103
72.63268351600644
72.8921030238509
70.30914828889472
69.59475881702413
67.85690948660725
65.29169282798493
64.49581828860775

Average_Activity:
0.0
0.0
0.0
0.0
0.25
0.0
0.0
0.0
0.0
0.0
0.0
0.0
0.0
0.25
0.5
0.0
0.0
0.25
1.75
5.0
2.25
0.0
0.0
0.0
0.0
0.0
0.0
0.0
0.0
0.0
0.0
0.0
0.0
0.0
0.0
0.0
0.25
0.25
0.0
0.0
0.0
0.0
0.0
0.0
0.0
0.0
0.0
0.0
0.0
0.0
0.0
0.0
0.0
0.0
0.0
0.0
0.0
0.0
0.0
0.0
0.0
0.0
0.0
0.0
0.0
0.0
0.0
0.0
0.0
0.0
0.0
0.0
0.0
0.0
0.0
0.0
0.0
0.0
0.0
0.0
0.0
0.0
0.0
0.0
0.0
0.0
0.0
0.0
0.0
0.0
0.0
0.0
0.0
0.0
0.25
0.0
0.0
0.0
0.0
0.0
0.0
0.0
0.0
0.0
0.0
0.0
0.0
0.0
0.0
2.0
0.25
0.0
0.75
0.25
0.0
0.0
0.0
0.0
0.0
0.0
0.0
0.0
0.0
0.0
0.0
0.0
0.0
0.0
0.0
0.0
0.0
0.0
0.0
0.0
0.0
0.0
0.0
0.25
0.25
0.0
0.0
0.0
0.0
0.0
0.0
0.0
0.0
0.0
0.0
0.25
0.25
0.0
0.0
0.0
0.0
0.0
0.0
0.25
1.75
1.25
0.0
0.0
0.0
0.0
0.0
0.0
0.0
0.0
0.0
0.0
0.0
0.0
0.0
0.0
0.75
1.25
1.75
2.25
1.0
2.75
4.25
3.0
1.0
0.0
0.0
0.0
0.0
0.0
0.0
0.0
0.0
0.0
0.0
0.0
0.0
0.0
0.0
0.0
0.0
0.0
0.0
0.0
0.0
0.0
0.0
0.0
0.0
0.0
0.0
0.0
0.0
0.0
0.0
0.0
0.0
0.0
0.0
0.0
0.0
0.0
0.0
0.0
0.0
0.0
0.0
0.0
0.0
0.0
0.0
0.0
0.0
0.0
0.0
0.0
0.0
0.0
0.0
0.0
0.0
0.0
0.0
0.0
0.0
0.0
0.0
0.0
0.0
0.0
0.0
0.0
0.0
0.0
0.0
0.0
0.0
0.5
0.0
0.0
0.0
0.0
0.0
0.0
0.0
0.0
0.0
0.0
0.0
0.0
0.0
0.0
0.0
0.0
0.0
0.0
0.0
0.0
0.0
0.0
0.0
0.0
0.0
0.0
0.0
0.0
0.0
0.0
0.0
0.0
0.0
0.0
0.0
0.0
0.0
1.0
1.5
0.0
0.0
0.0
0.0
0.0
0.0
0.0
0.0
0.0
0.0
0.0
0.0
0.0
0.0
0.0
0.0
0.0
0.0
0.0
0.0
0.0
0.0
0.25
0.0
0.0
0.0
0.0
0.0
0.0
0.0
0.0
0.75
0.0
0.0
0.0
0.0
0.0
0.0
0.0
0.0
0.0
0.0
0.0
0.0
0.0
0.0
0.0
0.0
0.0
0.0
0.0
0.0
0.0
0.0
0.0
0.0
0.0
0.0
0.0
0.0
0.0
0.0
0.0
0.0
0.0
0.0
0.0
0.0
0.0
0.0
0.0
0.0
0.0
0.0
0.0
0.0
0.0
0.0
0.0
0.0
0.0
0.0
0.0
0.0
0.0
0.0
0.0
0.0
0.0
0.0
0.0
0.0
0.0
0.0
0.0
0.0
0.0
0.0
0.0
0.5
3.25
2.75
0.0
0.0
0.0
0.5
0.0
0.0
0.0
0.0
0.0
0.0
0.0
0.0
0.0
0.0
0.0
0.0
0.0
0.25
0.0
0.0
0.0
0.0
0.0
0.0
0.0
0.0
0.0
0.0
0.0
0.0
0.0
0.0
0.0
0.0
0.0
0.0
0.0
0.0
0.0
0.0
0.0
0.0
0.0
0.0
0.0
0.5
1.5
0.5
0.0
0.0
0.0
0.0
0.0
0.0
0.0
0.0
0.0
0.0
0.0
0.0
0.0
0.0
0.0
0.0
0.0
0.0
0.0
0.25
0.25
0.0
0.0
0.0
0.0
0.0
0.0
0.0
0.0
0.0
0.0
0.0
0.0
0.0
0.0
0.0
0.0
0.0
0.0
0.0
0.0
0.0
0.0
0.0
0.0
0.0
0.0
0.0
0.0
0.0
0.0
0.0
0.0
0.0
0.0
0.0
0.0
0.0
0.0
0.0
0.0
0.0
0.0
0.0
0.0
0.0
0.0
0.0
0.0
0.0
0.0
0.0
0.0
0.0
0.0
0.0
0.0
0.0
0.25
2.25
0.5
0.0
0.0
0.0
0.0
0.0
0.0
0.0
0.0
0.0
0.0
0.0
0.0
0.0
0.0
0.0
1.5
2.5
2.25
0.0
0.5
0.0
0.0
0.0
0.0
0.0
0.0
0.0
0.0
0.0
0.0
0.0
0.0
0.0
0.0
0.0
0.0
0.0
0.0
0.5
0.0
0.0
0.0
0.0
0.0
0.0
0.0
0.0
0.0
1.0
1.25
0.0
0.0
0.0
0.0
0.0
0.0
0.0
0.0
0.0
0.0
0.0
0.0
0.0
0.0
0.0
0.0
0.0
0.0
0.0
0.0
0.0
0.0
0.0
0.0
0.0
0.0
0.0
0.75
8.5
9.5
5.0
4.25
4.75
3.25
3.5
4.0
6.75
8.5
12.25
16.25
11.75
6.75
6.5
10.25
12.75
20.25
26.25
25.25
35.25
28.75
25.0
16.5
9.75
7.75
5.0
7.25
2.25
3.5
6.75
8.25
7.0
5.5
10.5
12.75
5.75
2.5
1.0
1.25
1.0
0.0
0.0
0.0
0.0
0.0
0.0
0.0
0.0
0.0
0.0
0.0
0.0
0.0
0.0
0.0
0.0
0.0
0.0
0.0
0.0
0.0
0.0
0.0
0.0
0.0
0.0
0.0
0.0
0.0
0.0
0.0
0.0
1.75
2.0
0.0
0.25
0.0
0.0
0.0
0.0
0.0
0.0
0.0
0.0
0.0
0.0
0.0
0.0
0.0
0.0
0.0
0.0
0.0
0.0
0.0
0.0
0.0
0.0
0.0
0.0
0.0
0.0
0.25
0.5
0.0
0.0
0.0
0.0
0.0
0.0
0.0
0.0
0.0
0.0
0.0
0.0
0.0
0.0
0.0
0.0
0.0
0.0
0.0
0.0
0.0
0.0
0.25
0.0
0.0
0.0
0.0
0.0
0.0
0.0
0.0
0.0
0.0
0.0
0.0
1.25
2.75
2.75
2.5
3.25
2.0
0.25
0.0
0.0
0.0
0.0
0.0
0.0
0.0
0.0
0.0
0.0
1.0
1.5
1.0
0.0
0.0
0.0
0.0
0.0
0.0
0.25
0.0
0.0
0.0
0.0
0.0
0.0
0.0
0.0
0.0
0.0
0.0
0.0
0.0
0.0
0.0
0.0
0.0
0.0
0.0
0.0
0.0
0.0
0.0
0.0
0.0
0.0
0.0
0.25
0.0
0.0
0.0
0.0
0.0
0.0
0.0
0.0
0.0
0.0
0.0
0.0
0.0
0.0
0.0
0.0
0.0
0.0
0.0
0.0
0.0
0.0
0.0
0.0
0.0
0.25
0.0
0.0
0.0
0.0
0.0
0.0
0.0
0.0
0.0
0.0
0.0
0.0
0.0
0.0
0.0
0.0
0.0
0.0
0.0
0.0
0.0
0.0
0.0
0.0
0.0
0.0
0.0
0.0
0.0
0.0
0.0
0.0
0.0
0.0
0.0
0.0
0.0
0.0
0.0
1.5
0.0
0.0
0.0
0.0
0.0
0.0
0.0
0.0
0.0
0.0
0.0
0.0
0.0
0.0
0.0
0.0
0.0
0.0
0.0
0.0
0.0
0.0
0.0
0.0
0.0
0.0
0.0
0.0
0.0
0.0
0.0
0.0
0.0
0.0
0.0
0.0
0.0
0.0
0.0
0.0
0.0
0.0
0.0
0.0
0.0
0.0
0.0
0.0
0.0
0.0
0.0
0.0
0.0
0.0
0.0
0.0
0.0
0.0
0.0
0.0
0.0
0.0
0.0
0.0
0.0
0.0
0.0
0.0
0.0
0.0
0.0
0.0
0.0
0.0
0.0
0.0
0.0
0.0
0.0
0.0
0.0
0.0
0.0
0.0
0.0
0.0
0.0
0.0
0.0
0.0
0.0
0.0
0.25
0.0
0.0
0.0
0.0
0.0
0.0
0.0
0.0
0.0
0.0
0.0
0.0
0.0
0.0
0.0
0.0
0.0
0.0
0.0
0.75
0.0
0.0
0.0
0.0
0.0
0.0
0.0
0.0
0.0
0.0
0.0
0.25
0.0
0.0
0.0
0.0
0.0
0.0
0.0
0.0
0.0
0.0
0.0
0.0
0.0
0.0
0.0
0.0
0.0
0.5
0.0
0.0
0.0
0.0
0.0
0.0
0.0
0.0
0.0
0.0
0.0
0.0
0.0
0.0
0.0
0.0
0.0
0.0
0.0
0.0
0.0
0.0
0.0
0.0
0.0
0.0
0.0
0.0
0.0
0.0
0.0
0.0
0.0
0.0
0.25
0.0
0.0
1.25
3.75
0.75
0.0
0.0
0.0
0.0
0.0
0.0
0.0
0.0
0.0
0.0
0.0
0.0
0.0
0.0
0.0
0.0
0.0
0.0
0.0
0.0
0.0
0.0
0.0
0.0
0.0
0.0
0.0
0.0
0.0
0.0
0.0
0.0
0.0
0.0
0.0
0.0
0.0
0.0
0.0
0.0
0.0
0.0
0.0
0.0
0.0
0.0
0.0
0.0
0.0
0.0
0.0
0.0
0.0
0.0
0.0
0.25
0.25
4.5
18.0
16.25
10.0
2.75
1.25
0.0
0.0
0.0
0.0
0.0
0.0
0.0
0.0
0.0
0.0
0.0
0.0
0.0
0.0
0.0
0.0
0.0
0.0
0.0
0.0
0.0
0.0
0.0
0.0
0.0
0.0
0.0
0.0
0.0
0.0
0.0
0.0
0.0
0.0
0.0
0.0
0.25
0.0
0.25
0.0
0.0
0.0
0.0
0.0
0.25
0.0
0.0
0.0
0.0
0.0
0.0
0.25
0.0
0.0
0.0
0.0
0.0
0.0
0.0
0.0
0.0
0.0
0.0
0.0
0.0
0.0
0.0
0.0
0.0
0.0
0.0
0.0
0.0
0.0
0.0
0.0
0.0
0.0
0.0
0.0
0.0
0.0
0.0
0.0
0.0
0.0
0.0
0.0
0.0
0.0
0.0
0.0
0.0
0.0
0.0
0.0
0.0
0.0
0.0
0.0
0.0
0.0
0.0
0.0
0.0
0.0
0.0
0.0
0.0
0.0
0.0
0.0
0.0
0.0
0.0
0.0
0.25
0.0
3.25
7.5
7.0
8.75
8.5
9.25
10.75
15.0
16.0
22.0
34.75
28.75
25.0
28.75
36.0
33.0
45.5
54.75
49.0
46.5
58.75
46.25
34.5
30.75
40.25
45.0
43.75
45.0
31.5
21.0
13.75
11.75
12.5
16.75
11.75
3.0
0.0
0.0
0.0
0.0
0.0
0.0
0.0
0.0
0.0
0.0
0.0
0.0
0.0
0.0
0.0
0.0
0.0
0.0
0.0
0.0
0.0
0.0
0.0
0.0
0.0
0.0
0.0
0.0
0.0
0.0
0.0
0.0
0.0
0.0
0.0
0.0
0.25
1.0
0.0
0.0
0.0
0.0
0.0
0.0
0.0
0.0
0.0
0.0
0.0
0.0
0.0
0.0
0.0
0.0
0.0
0.0
0.0
0.0
0.0
0.0
0.0
0.0
0.0
0.0
0.0
0.0
0.0
0.75
0.0
0.0
0.0
0.0
0.0
1.25
3.0
0.0
0.0
0.0
0.0
0.0
0.0
0.5
0.0
0.0
0.0
0.0
0.0
0.0
0.0
0.0
0.0
0.0
0.0
0.0
0.0
0.0
0.0
0.0
0.0
0.0
0.0
0.0
0.0
0.0
0.0
0.0
0.0
0.0
0.0
0.0
0.0
0.0
0.0
0.0
0.0
0.0
0.25
0.0
0.0
0.0
0.0
0.0
0.0
0.0
0.0
0.0
0.0
0.0
0.0
0.0
0.0
0.5
0.0
0.0
0.0
0.0
0.0
0.0
0.0
0.0
0.0
0.0
0.0
0.0
0.0
0.0
0.0
0.0
0.0
0.5
0.0
0.0
0.0
0.0
0.0
0.0
0.0
0.0
0.0
0.0
0.0
0.0
0.0
0.0
0.0
0.0
0.0
0.0
0.0
0.0
0.0
0.0
0.0
0.0
0.0
0.0
0.0
0.0
0.0
0.0
0.0
0.0
0.0
0.0
0.0
0.0
0.0
0.0
0.0
0.0
0.0
0.25
0.0
0.0
0.0
0.25
0.0
0.0
0.0
0.0
0.0
0.0
0.0
0.0
0.0
0.0
0.0
0.0
0.0
0.0
0.0
0.0
0.0
0.0
0.0
0.0
2.25
2.0
4.0
2.25
0.5
0.0
0.0
0.0
0.0
0.0
0.0
0.0
0.0
0.0
0.0
0.0
0.0
0.0
0.0
0.0
0.0
0.0
0.0
0.0
0.0
0.0
0.0
0.0
0.0
0.0
0.0
0.0
0.0
0.0
0.0
0.0
0.0
0.0
0.0
0.0
0.0
0.0
0.0
0.0
0.0
0.0
0.0
0.0
0.0
0.0
0.0
0.0
0.0
0.0
0.0
0.0
0.0
0.0
0.25
0.0
0.0
0.0
0.0
0.5
0.0
0.0
0.0
0.0
0.0
0.0
0.0
0.0
0.0
0.0
0.0
0.0
0.0
0.0
0.0
0.0
0.0
0.0
0.0
0.0
0.0
0.0
0.0
0.0
0.0
0.0
0.0
0.0
0.0
0.0
0.0
0.0
0.0
0.0
0.0
0.5
0.0
0.0
0.0
0.0
0.0
0.0
0.0
1.0
0.0
0.0
0.0
0.0
0.0
0.0
0.0
0.0
0.0
0.0
0.0
0.0
0.0
0.0
0.0
0.0
0.0
0.0
0.0
0.0
0.0
0.0
0.0
0.0
0.0
0.0
0.0
0.0
0.0
0.0
0.0
0.0
0.0
0.0
1.25
0.0
0.0
0.0
0.0
0.0
0.0
0.0
0.25
0.0
0.0
0.0
0.0
0.75
0.0
0.0
0.0
0.0
0.0
0.0
0.0
0.0
0.0
0.0
0.0
0.0
0.0
0.0
0.0
0.0
0.0
0.0
0.0
0.0
0.0
0.0
0.0
0.0
0.0
0.0
0.0
0.0
0.0
0.0
0.0
0.0
0.25
1.5
0.0
0.0
0.0
0.25
0.0
0.0
0.0
0.0
0.0
0.0
0.0
0.0
0.0
0.0
0.0
0.0
0.0
0.0
0.0
0.0
0.0
0.0
0.0
0.0
0.0
0.0
0.0
0.0
0.0
0.0
0.0
0.0
0.0
0.0
0.5
0.5
0.75
2.25
0.0
0.0
0.0
0.0
0.0
0.0
0.0
0.0
0.0
0.0
0.0
0.0
0.0
0.0
0.0
0.0
0.0
0.0
0.0
0.0
0.0
0.0
0.0
0.0
0.0
0.0
0.0
0.0
0.0
0.0
0.25
3.75
9.5
15.75
14.5
18.0
14.0
20.75
31.5
27.0
17.75
13.25
7.5
2.5
2.25
3.25
3.0
7.0
8.75
9.0
11.0
9.25
8.0
0.25
0.0
0.0
0.0
1.75
0.25
0.0
0.0
0.0
0.0
0.0
0.0
0.0
0.0
0.0
0.0
0.0
0.0
0.0
0.25
0.0
0.25
0.75
0.0
0.0
0.0
0.0
0.0
0.0
0.0
0.0
0.0
0.0
0.0
0.0
0.0
0.0
0.0
0.0
0.0
0.0
0.0
0.0
0.0
0.0
0.0
0.0
0.0
0.0
0.0
0.0
0.0
0.0
0.0
0.0
0.0
0.0
0.0
0.0
0.0
0.0
0.0
0.0
0.0
0.0
0.0
0.0
0.0
0.0
0.0
0.0
0.0
0.0
0.0
0.0
0.0
0.0
0.0
0.0
0.0
0.0
0.0
0.0
0.0
0.0
0.0
0.0
0.0
0.0
0.25
0.0
0.0
0.0
0.0
0.0
0.0
0.0
0.0
0.0
0.0
0.0
0.0
0.0
0.0
0.0
0.0
0.0
0.0
0.0
0.0
0.0
0.0
0.0
0.0
0.0
0.0
0.0
0.0
0.0
0.0
0.0
0.0
0.0
0.0
0.0
0.0
0.0
0.0
0.0
0.0
0.0
0.0
0.0
0.0
0.25
0.0
0.0
0.0
0.0
0.0
0.0
0.0
0.0
0.0
0.0
0.0
0.0
0.0
0.0
0.0
0.0
0.0
0.0
0.0
0.0
0.0
0.0
0.0
0.0
0.0
0.0
0.0
0.0
0.0
0.0
0.0
0.0
0.0
0.0
0.0
0.0
0.0
0.0
0.0
0.0
0.0
0.0
0.0
0.0
0.0
0.0
0.0
0.25
0.5
0.0
0.0
0.0
0.0
0.0
2.25
0.25
0.0
0.0
0.0
0.0
0.0
0.0
0.0
0.0
0.0
0.25
0.0
0.0
0.0
0.0
0.0
0.0
0.0
0.0
0.0
0.0
0.0
0.0
0.0
0.0
0.0
0.75
1.0
0.0
0.0
0.0
0.0
0.0
0.0
0.0
0.0
0.0
0.0
0.0
0.0
0.0
0.0
0.0
0.0
0.0
0.0
0.0
0.0
0.0
0.0
0.0
0.0
0.0
0.0
0.0
0.0
0.0
0.0
0.0
0.0
0.0
0.0
0.0
0.0
0.0
0.0
0.0
0.0
0.0
0.0
0.0
0.0
0.0
0.0
0.0
0.0
0.0
0.0
0.0
0.0
0.0
0.0
0.0
0.0
0.0
0.25
0.0
0.0
0.0
0.0
0.0
0.0
0.0
0.0
0.0
0.0
0.0
0.0
0.0
0.0
0.0
0.0
0.0
0.0
0.0
0.0
0.0
0.0
0.25
0.0
0.0
0.0
0.0
0.0
0.0
0.0
0.0
0.0
0.0
0.0
0.0
0.0
0.0
0.0
0.0
0.0
0.0
0.0
0.0
0.0
0.0
0.0
0.0
0.0
0.0
0.0
1.5
1.75
1.5
0.0
0.0
0.0
0.25
0.0
0.0
0.25
0.0
0.0
0.0
0.0
0.0
0.0
0.0
0.0
0.0
0.0
0.0
0.0
0.0
0.0
0.0
0.0
0.0
0.0
0.0
0.0
0.0
0.0
0.0
0.0
0.0
0.0
0.0
0.0
0.0
0.0
0.0
0.0
0.0
0.0
0.0
0.0
0.0
0.0
0.0
0.0
0.0
0.0
0.0
0.0
0.0
0.0
0.25
0.0
0.0
0.0
0.0
0.0
0.0
0.0
0.0
0.0
0.0
0.0
0.0
0.0
0.0
0.0
0.0
0.0
0.0
0.0
0.0
0.0
0.0
0.0
0.0
0.0
0.0
0.0
0.25
0.0
0.0
0.0
0.0
0.0
0.0
0.0
0.0
0.0
0.0
0.0
0.0
0.0
0.0
0.0
0.0
0.0
0.0
0.0
0.0
0.0
0.0
0.0
0.0
0.0
0.0
0.0
0.0
0.0
0.0
0.0
0.0
0.0
0.0
0.0
0.0
0.0
0.0
2.0
7.5
10.5
7.25
4.5
0.25
0.0
0.0
0.0
0.0
0.0
0.0
0.0
0.0
0.0
0.0
0.0
0.0
0.0
0.0
0.0
0.0
0.0
0.0
0.0
0.0
0.0
0.0
0.0
0.0
0.0
0.0
0.0
0.0
0.0
0.0
0.0
0.0
0.0
0.0
0.0
0.0
0.0
0.0
0.0
0.0
0.0
0.0
0.0
0.0
0.0
0.0
0.0
0.0
0.0
0.0
0.0
0.0
0.0
0.0
0.0
0.0
0.0
0.0
0.0
0.0
0.0
0.0
0.0
0.0
0.0
0.0
0.0
0.0
0.0
0.0
0.0
0.0
0.0
0.25
2.0
2.5
6.0
2.0
0.75
0.0
0.0
0.0
0.0
0.0
0.0
0.25
0.0
0.0
0.0
0.0
0.0
0.0
0.25
0.0
0.0
0.0
0.0
0.0
0.0
0.0
0.0
0.0
0.0
0.0
0.0
0.0
0.0
0.0
0.0
0.0
0.0
0.0
0.0
0.0
0.0
0.0
0.0
0.0
0.0
0.0
0.0
0.0
0.0
0.0
0.0
0.0
0.0
0.0
0.0
0.0
0.0
0.0
0.0
0.0
0.0
0.0
0.0
0.0
0.0
0.0
0.0
0.0
0.0
0.0
0.0
0.0
0.0
0.0
0.0
0.0
0.25
3.25
2.75
3.0
2.0
1.25
0.0
0.0
0.0
0.0
0.0
0.0
0.0
0.0
0.0
0.0
0.0
0.0
0.0
0.0
0.0
0.0
0.25
1.5
1.5
0.0
0.0
0.0
0.0
0.0
0.0
0.0
0.0
0.0
0.0
0.0
0.0
0.0
0.0
0.0
0.0
0.0
0.0
0.0
0.0
0.0
0.0
0.0
0.0
0.0
0.0
0.0
0.0
0.0
0.0
0.0
1.0
0.25
0.0
0.0
0.0
0.0
0.0
0.0
0.0
0.0
0.0
0.0
0.0
0.0
0.0
0.0
0.0
0.0
0.0
1.0
3.0
3.5
0.0
0.0
0.0
0.0
0.0
0.0
0.0
0.0
0.0
0.0
0.0
0.0
0.0
0.0
0.0
0.0
0.0
0.0
0.0
0.0
0.0
0.0
0.0
0.0
0.0
0.0
0.0
0.0
0.0
0.0
0.0
0.0
0.0
0.0
0.0
0.0
0.0
1.0
1.0
2.0
1.0
0.0
0.0
0.0
0.0
0.0
0.0
0.0
0.0
0.0
0.0
0.0
0.0
0.0
0.0

Average_Alpha:
0.2500015460001098
0.25000155000011
0.25000155400011004
0.2500015580001102
0.2500015610001103
0.2500015650001104
0.25000156900011045
0.2500015730001106
0.25000157700011066
0.2500015810001109
0.2500015850001109
0.2500015890001111
0.25000159300011116
0.2500015960001113
0.25000159800011135
0.2500016020001115
0.25000160600011156
0.2500016090001117
0.2500016060001118
0.25000159000011196
0.250001585000112
0.25000158900011216
0.2500015930001122
0.2500015970001124
0.25000160100011243
0.2500016050001126
0.25000160900011265
0.2500016130001128
0.25000161700011286
0.2500016210001131
0.2500016250001131
0.25000162900011325
0.2500016330001133
0.25000163700011346
0.2500016410001135
0.2500016450001137
0.2500016480001137
0.2500016510001139
0.25000165500011395
0.2500016590001142
0.25000166300011417
0.2500016670001144
0.25000167100011433
0.25000167500011455
0.2500016790001146
0.25000168300011477
0.2500016870001148
0.250001691000115
0.25000169500011504
0.2500016990001152
0.25000170300011526
0.2500017070001154
0.2500017110001154
0.25000171500011564
0.2500017190001157
0.25000172300011586
0.2500017270001159
0.2500017310001161
0.25000173500011613
0.2500017390001163
0.25000174300011635
0.2500017470001165
0.25000175100011657
0.25000175500011673
0.2500017590001168
0.25000176300011695
0.250001767000117
0.25000177100011717
0.2500017750001172
0.2500017790001174
0.25000178300011744
0.2500017870001176
0.25000179100011766
0.2500017950001178
0.2500017990001178
0.25000180300011804
0.2500018070001181
0.25000181100011826
0.2500018150001183
0.2500018190001185
0.25000182300011853
0.2500018270001187
0.25000183100011875
0.2500018350001189
0.2500018390001189
0.25000184300011913
0.2500018470001192
0.25000185100011935
0.2500018550001194
0.25000185900011956
0.2500018630001196
0.2500018670001198
0.25000187100011984
0.25000187500012
0.25000187800012
0.25000188200012025
0.25000188600012024
0.25000189000012046
0.25000189400012046
0.2500018980001207
0.2500019020001207
0.25000190600012084
0.2500019100001209
0.2500019140001211
0.2500019180001211
0.25000192200012133
0.25000192600012133
0.2500019300001215
0.25000193400012155
0.2500019300001218
0.25000193300012175
0.25000193700012197
0.250001938000122
0.2500019410001222
0.25000194500012224
0.2500019490001224
0.25000195300012246
0.2500019570001226
0.2500019610001227
0.25000196500012284
0.2500019690001229
0.25000197300012306
0.25000197700012305
0.2500019810001233
0.25000198500012333
0.2500019890001235
0.25000199300012355
0.2500019970001237
0.25000200100012376
0.25000200500012393
0.250002009000124
0.25000201300012415
0.25000201700012414
0.25000202100012436
0.2500020250001244
0.2500020290001246
0.25000203300012463
0.2500020360001248
0.25000203900012485
0.250002043000125
0.25000204700012507
0.25000205100012524
0.2500020550001253
0.25000205900012545
0.25000206300012545
0.25000206700012567
0.2500020710001257
0.2500020750001259
0.25000207900012594
0.25000208200012614
0.25000208500012616
0.2500020890001263
0.2500020930001264
0.25000209700012654
0.2500021010001266
0.25000210500012676
0.25000210900012676
0.25000211200012695
0.250002109000127
0.2500021080001272
0.25000211200012723
0.2500021160001274
0.25000212000012745
0.25000212400012767
0.2500021280001277
0.2500021320001279
0.2500021360001279
0.25000214000012805
0.2500021440001281
0.25000214800012827
0.2500021520001283
0.2500021560001285
0.25000216000012854
0.2500021640001287
0.2500021650001288
0.2500021640001289
0.25000216100012895
0.25000215600012915
0.25000215600012915
0.2500021490001294
0.25000213600012944
0.2500021280001296
0.2500021280001296
0.25000213200012983
0.2500021360001298
0.25000214000013005
0.2500021440001301
0.25000214800013026
0.25000215200013026
0.2500021560001305
0.2500021600001305
0.2500021640001307
0.2500021680001307
0.25000217200013086
0.2500021760001309
0.25000218000013114
0.25000218400013113
0.25000218800013135
0.25000219200013135
0.25000219600013157
0.2500022000001316
0.2500022040001318
0.25000220800013184
0.25000221200013195
0.250002216000132
0.25000222000013217
0.2500022240001322
0.25000222800013244
0.25000223200013244
0.25000223600013266
0.25000224000013266
0.2500022440001329
0.2500022480001329
0.2500022520001331
0.2500022560001331
0.2500022600001333
0.2500022640001333
0.25000226800013353
0.2500022720001336
0.25000227600013375
0.25000228000013375
0.25000228400013397
0.25000228800013397
0.2500022920001342
0.2500022960001342
0.25000230000013435
0.2500023040001344
0.2500023080001346
0.2500023120001346
0.25000231600013484
0.25000232000013484
0.25000232400013506
0.2500023280001351
0.2500023320001353
0.25000233600013533
0.25000234000013544
0.2500023440001355
0.25000234800013565
0.2500023520001357
0.25000235600013593
0.2500023600001359
0.25000236400013615
0.25000236800013614
0.25000237200013636
0.25000237600013636
0.2500023800001366
0.2500023840001366
0.2500023880001368
0.2500023920001368
0.250002396000137
0.25000240000013707
0.25000240400013723
0.25000240800013723
0.25000241200013745
0.25000241600013745
0.25000241800013767
0.2500024220001377
0.25000242600013783
0.2500024300001379
0.25000243400013805
0.2500024380001381
0.2500024420001383
0.2500024460001383
0.25000245000013854
0.25000245400013854
0.25000245800013876
0.2500024620001388
0.250002466000139
0.250002470000139
0.25000247400013914
0.2500024780001392
0.25000248200013936
0.2500024860001394
0.25000249000013963
0.25000249400013963
0.25000249800013985
0.25000250200013985
0.25000250600014007
0.25000251000014007
0.25000251400014023
0.2500025180001403
0.2500025220001405
0.25000252600014056
0.2500025300001407
0.2500025340001407
0.25000253800014094
0.25000254200014094
0.25000254600014116
0.2500025500001412
0.2500025540001413
0.2500025580001414
0.25000256200014154
0.2500025660001416
0.2500025660001418
0.2500025640001418
0.250002568000142
0.25000257200014203
0.25000257600014225
0.25000258000014225
0.25000258400014247
0.25000258800014247
0.2500025920001427
0.2500025960001427
0.25000260000014285
0.2500026040001429
0.25000260800014307
0.2500026120001431
0.25000261600014334
0.25000262000014334
0.25000262400014356
0.25000262800014356
0.2500026320001438
0.2500026360001438
0.250002640000144
0.250002644000144
0.2500026480001442
0.2500026520001442
0.2500026550001444
0.25000265900014446
0.2500026630001446
0.2500026670001446
0.25000267100014484
0.25000267500014484
0.25000267900014506
0.2500026830001451
0.2500026870001453
0.2500026880001453
0.25000269200014547
0.2500026960001455
0.25000270000014574
0.25000270400014574
0.25000270800014596
0.25000271200014595
0.2500027160001462
0.2500027200001462
0.2500027240001464
0.25000272800014645
0.25000273200014655
0.2500027360001466
0.2500027400001468
0.2500027440001468
0.25000274800014705
0.25000275200014704
0.25000275600014726
0.25000276000014726
0.2500027640001475
0.2500027680001475
0.2500027720001477
0.2500027760001477
0.2500027800001479
0.2500027840001479
0.25000278800014814
0.25000279200014813
0.25000279600014835
0.25000280000014835
0.25000280400014857
0.25000280800014857
0.2500028120001488
0.2500028160001488
0.25000282000014895
0.250002824000149
0.2500028280001492
0.2500028320001492
0.25000283600014944
0.25000284000014944
0.25000284400014966
0.25000284800014966
0.2500028520001499
0.25000285600014993
0.25000286000015004
0.2500028640001501
0.25000286800015026
0.2500028720001503
0.25000287600015053
0.25000288000015053
0.25000288400015075
0.25000288800015075
0.25000289200015097
0.25000289600015096
0.2500029000001512
0.2500029040001512
0.2500029080001514
0.2500029120001514
0.2500029160001516
0.2500029200001516
0.25000292400015184
0.25000292800015184
0.25000293200015206
0.25000293600015205
0.2500029400001523
0.25000294400015227
0.25000294800015244
0.2500029520001525
0.2500029560001527
0.2500029580001527
0.2500029490001529
0.25000294200015294
0.2500029460001531
0.25000295000015316
0.2500029540001533
0.25000295600015343
0.25000296000015354
0.2500029640001536
0.25000296800015376
0.2500029720001538
0.250002976000154
0.25000298000015403
0.2500029840001542
0.2500029880001543
0.2500029920001544
0.2500029960001545
0.25000300000015463
0.2500030040001547
0.25000300800015485
0.25000301100015493
0.2500030150001551
0.25000301900015515
0.25000302300015526
0.25000302700015536
0.2500030310001555
0.2500030350001556
0.25000303900015575
0.25000304300015574
0.25000304700015596
0.250003051000156
0.2500030550001562
0.25000305900015624
0.2500030630001564
0.2500030670001564
0.25000307100015656
0.2500030750001566
0.25000307900015684
0.2500030830001569
0.25000308700015705
0.2500030910001571
0.25000309500015727
0.2500030990001573
0.2500031030001575
0.2500031070001575
0.2500031110001577
0.2500031150001577
0.2500031190001579
0.250003121000158
0.25000311900015815
0.25000312100015815
0.25000312500015837
0.2500031290001584
0.25000313300015853
0.2500031370001586
0.2500031410001588
0.25000314500015886
0.250003149000159
0.2500031530001591
0.2500031570001592
0.25000316100015924
0.25000316500015946
0.25000316900015945
0.2500031730001597
0.2500031770001597
0.2500031810001599
0.25000318500015994
0.2500031890001601
0.25000319300016016
0.25000319700016027
0.25000320000016035
0.25000320300016055
0.2500032070001606
0.25000321100016076
0.2500032150001608
0.250003219000161
0.250003223000161
0.2500032270001612
0.25000323100016125
0.2500032350001614
0.25000323900016147
0.2500032430001616
0.25000324700016163
0.2500032510001618
0.2500032550001619
0.25000325900016207
0.25000326300016207
0.2500032670001623
0.25000327100016234
0.2500032750001625
0.25000327900016256
0.2500032830001627
0.2500032870001627
0.25000329100016294
0.25000329500016294
0.25000329900016316
0.2500033030001632
0.2500033070001634
0.25000331100016343
0.2500033150001636
0.25000331900016365
0.2500033230001638
0.2500033270001638
0.25000333100016403
0.2500033350001641
0.25000333900016425
0.2500033430001643
0.25000334700016447
0.25000335100016446
0.2500033550001647
0.25000335900016474
0.2500033630001649
0.25000336700016496
0.25000337100016506
0.2500033750001651
0.2500033790001653
0.2500033830001654
0.25000338700016556
0.25000339100016555
0.2500033950001658
0.2500033990001658
0.250003403000166
0.25000340700016604
0.2500034110001662
0.2500034150001662
0.2500034190001664
0.2500034230001664
0.25000342700016664
0.2500034310001667
0.25000343400016684
0.25000342900016687
0.25000343100016703
0.2500034350001671
0.2500034390001673
0.2500034430001673
0.2500034470001675
0.2500034510001676
0.25000345500016774
0.25000345900016774
0.2500034630001679
0.25000346700016796
0.2500034710001682
0.2500034750001682
0.2500034790001684
0.2500034830001684
0.2500034870001686
0.2500034910001686
0.2500034890001688
0.25000348300016884
0.25000347800016903
0.2500034820001691
0.25000348400016925
0.2500034880001693
0.25000349200016947
0.25000349600016947
0.25000350000016963
0.2500035040001697
0.25000350800016985
0.25000351200016996
0.2500035160001701
0.2500035200001702
0.25000352400017034
0.2500035280001704
0.25000353200017056
0.25000353600017056
0.2500035400001707
0.25000354400017083
0.250003548000171
0.25000355200017105
0.2500035560001712
0.25000355800017127
0.25000356200017143
0.25000356600017143
0.25000357000017165
0.2500035740001717
0.25000357800017187
0.25000358200017186
0.2500035860001721
0.2500035900001721
0.2500035940001723
0.2500035940001723
0.25000359300017255
0.25000359700017255
0.25000360100017277
0.2500036050001727
0.25000360900017293
0.250003613000173
0.25000361700017315
0.2500036210001732
0.25000362500017337
0.2500036290001734
0.25000363300017364
0.25000363700017364
0.25000364100017386
0.25000364500017386
0.2500036490001741
0.2500036530001741
0.25000365700017424
0.2500036610001743
0.2500036650001745
0.2500036690001745
0.2500036730001747
0.25000367700017473
0.2500036810001749
0.25000368500017495
0.25000368900017517
0.25000369300017516
0.25000369700017533
0.2500037010001754
0.2500037020001756
0.2500036720001756
0.2500036380001758
0.25000362200017584
0.250003609000176
0.2500035940001761
0.2500035850001762
0.2500035750001763
0.25000356300017645
0.2500035400001765
0.2500035100001766
0.25000346500017673
0.25000340400017684
0.25000336100017695
0.25000333800017704
0.25000331600017717
0.25000327900017727
0.2500032320001773
0.2500031550001775
0.2500030540001776
0.25000295700017766
0.2500028200001778
0.2500027090001779
0.250002613000178
0.2500025510001781
0.2500025160001782
0.2500024890001783
0.2500024730001784
0.2500024480001785
0.25000244300017865
0.25000243300017877
0.25000241000017887
0.25000238100017896
0.2500023570001791
0.25000233900017915
0.2500023010001793
0.2500022540001794
0.2500022350001795
0.25000222900017954
0.2500022290001797
0.2500022280001798
0.2500022280001799
0.25000223200018
0.2500022360001801
0.25000224000018023
0.25000224400018034
0.25000224800018045
0.25000225200018056
0.2500022560001806
0.2500022600001807
0.25000226400018083
0.250002268000181
0.25000227200018105
0.25000227600018116
0.25000228000018127
0.2500022840001814
0.2500022880001815
0.2500022920001816
0.25000229600018165
0.2500023000001818
0.25000230400018186
0.250002308000182
0.2500023120001821
0.2500023160001822
0.2500023200001823
0.25000232400018246
0.2500023280001825
0.2500023320001827
0.25000233600018273
0.25000234000018284
0.25000234400018295
0.25000234800018306
0.25000235200018317
0.2500023560001833
0.25000235300018336
0.2500023490001835
0.2500023530001836
0.25000235600018367
0.2500023600001838
0.2500023640001839
0.250002368000184
0.2500023720001841
0.2500023760001842
0.2500023800001843
0.25000238400018443
0.2500023880001845
0.2500023920001846
0.2500023960001847
0.2500024000001848
0.2500024040001849
0.25000240800018503
0.25000241200018514
0.25000241600018525
0.25000242000018535
0.25000242400018546
0.2500024280001856
0.2500024320001856
0.2500024360001858
0.25000244000018584
0.250002444000186
0.25000244800018606
0.25000245200018617
0.2500024560001863
0.2500024600001864
0.25000246300018647
0.25000246500018664
0.2500024690001867
0.2500024730001868
0.2500024770001869
0.250002481000187
0.2500024850001871
0.25000248900018723
0.25000249300018734
0.25000249700018745
0.2500025010001875
0.2500025050001876
0.2500025090001877
0.25000251300018783
0.25000251700018794
0.2500025210001881
0.25000252500018816
0.2500025290001883
0.2500025330001884
0.2500025370001885
0.2500025410001886
0.2500025450001887
0.25000254900018876
0.2500025530001889
0.25000255600018895
0.2500025600001891
0.25000256400018916
0.25000256800018933
0.25000257200018944
0.25000257600018955
0.25000258000018966
0.25000258400018976
0.2500025880001899
0.25000259200019
0.2500025960001901
0.25000260000019014
0.25000260400019025
0.2500026030001904
0.2500025960001905
0.2500025890001906
0.2500025830001907
0.25000257400019077
0.2500025700001909
0.25000257300019096
0.2500025770001911
0.25000258100019124
0.2500025850001913
0.2500025890001914
0.2500025930001915
0.2500025970001916
0.2500026010001917
0.25000260500019184
0.25000260900019194
0.25000261300019205
0.2500026130001921
0.2500026110001922
0.25000261100019233
0.25000261500019244
0.25000261900019255
0.25000262300019266
0.25000262700019277
0.2500026310001929
0.25000263500019293
0.250002638000193
0.2500026420001931
0.25000264600019323
0.25000265000019334
0.2500026540001935
0.25000265800019356
0.25000266200019367
0.2500026660001938
0.25000267000019394
0.25000267400019394
0.2500026780001941
0.2500026820001942
0.2500026860001943
0.25000269000019437
0.25000269400019454
0.25000269800019465
0.25000270200019475
0.2500027060001948
0.25000271000019497
0.250002714000195
0.25000271800019513
0.25000272200019524
0.25000272600019535
0.25000273000019546
0.25000273400019557
0.2500027380001956
0.25000274200019573
0.25000274600019584
0.250002749000196
0.25000275300019603
0.2500027570001962
0.25000276100019625
0.25000276500019636
0.25000276900019647
0.2500027730001966
0.2500027770001967
0.2500027810001968
0.25000278500019685
0.25000278900019696
0.25000279300019707
0.2500027970001972
0.2500028010001973
0.2500028050001974
0.2500028090001975
0.25000281300019767
0.2500028170001977
0.25000282100019783
0.2500028250001979
0.25000282900019805
0.2500028330001981
0.25000283700019826
0.2500028410001983
0.2500028450001984
0.25000284900019853
0.25000285200019867
0.2500028560001987
0.2500028600001989
0.25000286400019894
0.25000286800019905
0.25000287200019916
0.25000287600019927
0.2500028800001994
0.25000288400019943
0.2500028880001996
0.2500028920001997
0.25000289600019976
0.2500029000001999
0.2500029040002
0.25000290800020014
0.2500029120002002
0.2500029160002003
0.2500029200002004
0.2500029240002006
0.2500029280002006
0.25000293200020074
0.2500029360002008
0.25000294000020096
0.250002944000201
0.2500029480002012
0.25000295200020123
0.2500029560002014
0.25000296000020145
0.2500029640002016
0.2500029680002016
0.2500029720002018
0.2500029760002018
0.250002980000202
0.25000298400020204
0.25000298800020215
0.25000299200020226
0.25000299600020237
0.2500030000002025
0.2500030040002026
0.2500030080002027
0.2500030060002028
0.2500030100002029
0.250003014000203
0.2500030180002031
0.25000302200020325
0.25000302600020335
0.25000303000020346
0.2500030340002035
0.2500030380002037
0.25000304200020373
0.2500030460002039
0.25000305000020395
0.25000305400020406
0.25000305800020417
0.2500030620002043
0.2500030660002044
0.25000307000020455
0.25000307400020466
0.25000307800020477
0.2500030820002048
0.250003086000205
0.25000309000020504
0.2500030940002052
0.25000309800020526
0.25000310200020537
0.2500031060002055
0.2500031100002056
0.2500031140002057
0.2500031180002058
0.2500031220002059
0.250003126000206
0.25000313000020613
0.25000313400020624
0.2500031380002064
0.25000314200020646
0.25000314600020657
0.2500031500002067
0.2500031540002068
0.2500031580002069
0.250003162000207
0.2500031660002071
0.2500031700002072
0.25000317400020733
0.25000317800020744
0.25000318200020755
0.25000318600020766
0.25000319000020776
0.2500031940002079
0.250003198000208
0.25000320200020804
0.2500032060002082
0.2500032100002083
0.2500032140002084
0.2500032180002085
0.25000322200020864
0.2500032260002087
0.25000323000020885
0.2500032340002089
0.25000323800020907
0.2500032420002091
0.25000324600020923
0.25000325000020934
0.25000325400020945
0.2500032580002096
0.2500032620002097
0.2500032660002098
0.2500032700002099
0.25000327400021
0.2500032780002101
0.2500032820002102
0.2500032860002103
0.25000329000021043
0.25000329400021054
0.25000329800021065
0.2500033020002108
0.25000330600021087
0.250003310000211
0.2500033140002111
0.2500033180002112
0.2500033220002113
0.25000332600021147
0.2500033300002115
0.25000333400021163
0.25000333800021174
0.25000334200021185
0.25000334600021196
0.25000335000021207
0.2500033540002122
0.2500033580002123
0.2500033620002124
0.2500033660002125
0.2500033700002126
0.2500033740002127
0.2500033770002128
0.2500033810002129
0.250003385000213
0.2500033890002132
0.2500033930002133
0.2500033970002134
0.25000340100021345
0.2500034050002136
0.25000340900021367
0.25000341300021384
0.2500034170002139
0.250003421000214
0.2500034250002141
0.2500034290002142
0.2500034330002143
0.25000343700021443
0.25000344100021454
0.25000344500021465
0.25000344900021476
0.2500034530002149
0.250003454000215
0.2500034580002151
0.25000346200021517
0.25000346600021534
0.25000347000021544
0.25000347400021555
0.25000347800021566
0.2500034820002157
0.2500034860002158
0.25000349000021593
0.25000349400021604
0.2500034980002162
0.2500035010002163
0.2500035050002164
0.2500035090002165
0.2500035130002166
0.2500035170002167
0.25000352100021683
0.25000352500021694
0.25000352900021705
0.25000353300021716
0.25000353700021727
0.2500035410002174
0.2500035450002175
0.25000354900021754
0.2500035530002177
0.25000355700021776
0.2500035610002179
0.25000356500021803
0.25000356900021814
0.25000357100021825
0.25000357500021836
0.25000357900021847
0.2500035830002186
0.2500035870002187
0.2500035910002188
0.25000359500021885
0.250003599000219
0.2500036030002191
0.25000360700021923
0.2500036110002193
0.25000361500021945
0.2500036190002195
0.25000362300021967
0.2500036270002198
0.25000363100021983
0.25000363500021994
0.25000363900022005
0.2500036430002202
0.25000364700022026
0.25000365100022043
0.2500036550002205
0.2500036590002206
0.2500036630002207
0.2500036670002208
0.250003671000221
0.250003675000221
0.25000367900022114
0.25000368300022124
0.25000368700022135
0.25000369100022146
0.25000369500022157
0.2500036990002217
0.2500037030002218
0.2500037070002219
0.25000371000022203
0.2500037140002221
0.25000371800022225
0.25000371700022234
0.2500037060002224
0.25000370700022256
0.2500037110002227
0.2500037150002228
0.2500037190002229
0.250003723000223
0.25000372700022305
0.25000373100022316
0.2500037350002233
0.2500037390002234
0.25000374300022354
0.2500037470002236
0.2500037510002237
0.25000375500022387
0.2500037590002239
0.2500037630002241
0.2500037670002242
0.25000377100022425
0.25000377500022436
0.25000377900022447
0.2500037830002246
0.2500037870002247
0.2500037910002248
0.2500037950002249
0.250003799000225
0.2500038030002251
0.25000380700022523
0.2500038110002254
0.25000381500022545
0.25000381900022556
0.25000382300022567
0.2500038270002258
0.2500038310002259
0.250003835000226
0.2500038390002261
0.2500038430002262
0.2500038470002263
0.25000385100022643
0.25000385500022654
0.2500038590002266
0.25000386300022676
0.2500038670002268
0.250003871000227
0.250003875000227
0.2500038790002272
0.25000388300022724
0.2500038870002274
0.2500038910002275
0.2500038950002276
0.2500038990002277
0.2500039030002278
0.2500039070002279
0.25000391100022806
0.25000391500022817
0.2500039190002282
0.25000392300022833
0.25000392700022844
0.2500039300002286
0.2500039330002287
0.2500039190002288
0.2500038510002289
0.250003790000229
0.2500037540002291
0.2500037470002292
0.25000374600022934
0.25000375000022945
0.25000375400022956
0.25000375800022967
0.2500037620002298
0.25000376600022983
0.25000377000022994
0.25000377400023005
0.25000377800023016
0.25000378200023027
0.25000378600023043
0.25000379000023054
0.25000379400023065
0.25000379800023076
0.25000380200023087
0.250003806000231
0.25000381000023103
0.25000381400023114
0.25000381800023125
0.2500038220002314
0.2500038260002315
0.2500038300002316
0.2500038340002317
0.2500038380002318
0.2500038420002319
0.250003846000232
0.2500038500002322
0.25000385400023223
0.25000385800023234
0.25000386200023245
0.25000386600023256
0.25000387000023266
0.2500038740002328
0.2500038780002329
0.250003882000233
0.2500038860002331
0.2500038900002332
0.25000389300023335
0.25000389700023345
0.25000390000023354
0.25000390400023365
0.25000390800023375
0.25000391200023386
0.25000391600023397
0.2500039200002341
0.25000392300023416
0.2500039270002343
0.25000393100023444
0.25000393500023455
0.25000393900023465
0.25000394300023476
0.25000394700023487
0.25000395000023495
0.25000395400023506
0.25000395800023517
0.2500039620002353
0.2500039660002354
0.2500039700002355
0.2500039740002356
0.25000397800023577
0.2500039820002358
0.25000398600023593
0.25000399000023604
0.25000399400023615
0.2500039980002363
0.25000400200023637
0.2500040060002365
0.2500040100002366
0.2500040140002367
0.2500040180002368
0.2500040220002369
0.250004026000237
0.25000403000023713
0.25000403400023724
0.25000403800023735
0.25000404200023746
0.25000404600023757
0.2500040500002377
0.2500040540002378
0.2500040580002379
0.25000406200023806
0.2500040660002381
0.2500040700002382
0.25000407400023833
0.25000407800023844
0.25000408200023855
0.25000408600023866
0.25000409000023877
0.2500040940002389
0.250004098000239
0.2500041020002391
0.2500041060002392
0.2500041100002393
0.2500041140002394
0.25000411800023953
0.25000412200023964
0.25000412600023975
0.25000413000023985
0.25000413400023996
0.2500041380002401
0.2500041420002402
0.2500041460002403
0.2500041500002404
0.25000415400024045
0.25000415800024056
0.25000416200024067
0.25000416600024084
0.25000417000024094
0.25000417400024105
0.25000417800024116
0.25000418200024127
0.2500041860002414
0.2500041900002415
0.25000419400024154
0.2500041980002417
0.2500042020002418
0.2500042060002419
0.250004209000242
0.25000421300024217
0.2500042040002422
0.2500041780002423
0.25000415400024245
0.25000412300024255
0.2500040930002427
0.2500040600002428
0.2500040210002429
0.250003965000243
0.2500039050002431
0.2500038210002432
0.2500036860002433
0.2500035750002434
0.2500034790002435
0.2500033680002436
0.2500032280002437
0.2500031000002438
0.2500029220002439
0.250002707000244
0.2500025150002441
0.2500023330002442
0.2500021020002443
0.2500019210002444
0.25000178700024445
0.25000166800024454
0.2500015110002446
0.2500013350002447
0.25000116400024475
0.2500009880002448
0.2500008660002449
0.25000078600024495
0.250000735000245
0.2500006920002451
0.25000064600024513
0.25000058300024525
0.25000054000024524
0.2500005320002453
0.2500005360002454
0.25000054000024546
0.2500005440002455
0.2500005480002456
0.2500005520002457
0.25000055600024573
0.2500005600002458
0.25000056400024584
0.2500005680002459
0.250000572000246
0.25000057600024606
0.2500005800002461
0.2500005840002462
0.2500005880002462
0.2500005920002463
0.2500005960002464
0.25000060000024643
0.2500006040002465
0.25000060800024654
0.2500006120002466
0.2500006160002467
0.25000062000024675
0.2500006240002468
0.25000062800024686
0.2500006320002469
0.250000636000247
0.2500006400002471
0.25000064400024713
0.2500006480002472
0.2500006520002473
0.25000065600024735
0.25000066000024734
0.25000066400024745
0.2500006680002475
0.25000067200024756
0.25000067600024767
0.2500006790002477
0.25000067900024775
0.2500006830002478
0.2500006870002479
0.25000069100024797
0.250000695000248
0.2500006990002481
0.2500007030002481
0.25000070700024823
0.25000071100024823
0.25000071500024834
0.2500007190002484
0.25000072300024845
0.25000072700024856
0.2500007310002486
0.25000073500024866
0.2500007390002487
0.25000074300024877
0.2500007470002488
0.25000075100024893
0.250000755000249
0.25000075900024904
0.2500007630002491
0.2500007670002492
0.2500007710002492
0.2500007750002493
0.25000077900024936
0.2500007830002494
0.25000078700024947
0.2500007910002495
0.25000079500024963
0.2500007960002497
0.25000080000024977
0.25000080400024977
0.2500008080002499
0.25000081200024993
0.25000081600025
0.25000081500025007
0.2500008070002501
0.2500008110002502
0.2500008150002503
0.25000081900025034
0.25000082300025034
0.25000082700025045
0.2500008310002505
0.25000083300025056
0.25000083700025066
0.25000084100025066
0.25000084500025077
0.2500008490002508
0.2500008530002509
0.250000857000251
0.250000861000251
0.25000086500025104
0.25000086900025115
0.2500008730002512
0.25000087700025125
0.2500008810002513
0.2500008850002514
0.25000088900025147
0.25000089300025147
0.2500008970002516
0.25000090100025163
0.25000090500025174
0.2500009090002518
0.25000091300025185
0.25000091700025195
0.25000092100025206
0.2500009250002521
0.2500009290002522
0.2500009330002522
0.25000093700025233
0.2500009410002524
0.2500009450002525
0.2500009490002526
0.25000095300025266
0.25000095700025277
0.2500009610002528
0.25000096500025293
0.250000969000253
0.25000097200025306
0.25000097600025317
0.2500009800002532
0.25000098400025333
0.2500009880002534
0.25000099200025344
0.25000099600025355
0.25000100000025366
0.2500010040002537
0.25000100800025377
0.2500010120002539
0.25000101600025393
0.25000102000025404
0.2500010240002541
0.2500010280002542
0.25000103000025425
0.25000103400025436
0.2500010380002544
0.2500010420002545
0.2500010460002546
0.2500010500002547
0.25000105400025474
0.25000105800025485
0.2500010620002549
0.25000106600025496
0.25000107000025507
0.2500010740002552
0.25000107800025523
0.2500010820002553
0.2500010860002554
0.2500010900002555
0.25000109400025555
0.25000109800025566
0.25000110000025577
0.25000110400025577
0.2500011080002559
0.25000111200025593
0.25000111600025604
0.2500011200002561
0.2500011240002562
0.25000112800025626
0.25000113200025637
0.2500011360002564
0.25000114000025647
0.2500011440002566
0.25000114800025663
0.25000115200025674
0.25000115600025685
0.2500011600002569
0.25000116400025696
0.25000116800025707
0.2500011720002571
0.25000117600025723
0.2500011800002573
0.25000118400025734
0.25000118800025745
0.25000119200025755
0.2500011960002576
0.2500012000002577
0.25000120400025777
0.2500012080002579
0.250001212000258
0.250001216000258
0.2500012200002581
0.25000122400025815
0.25000122800025826
0.25000123200025837
0.2500012360002584
0.2500012400002585
0.2500012440002586
0.2500012480002587
0.25000125200025874
0.2500012560002588
0.25000126000025885
0.25000126400025896
0.25000126700025904
0.25000127100025915
0.2500012750002592
0.25000127900025926
0.2500012820002594
0.25000128600025945
0.25000129000025956
0.2500012940002596
0.25000129800025966
0.2500013020002598
0.2500013060002598
0.2500013100002599
0.25000131400026
0.2500013180002601
0.2500013220002602
0.25000132600026026
0.2500013300002603
0.25000133400026037
0.25000133800026053
0.2500013420002606
0.25000134600026064
0.25000135000026075
0.2500013540002608
0.2500013580002609
0.25000136200026096
0.25000135700026105
0.2500013530002611
0.25000134100026117
0.2500013360002613
0.25000133800026136
0.2500013420002614
0.2500013460002615
0.2500013500002616
0.2500013540002617
0.25000135800026174
0.2500013620002618
0.2500013660002619
0.250001370000262
0.25000137400026207
0.2500013780002622
0.25000138200026223
0.2500013860002623
0.2500013900002624
0.25000139400026244
0.25000139800026255
0.2500014020002626
0.2500014060002627
0.25000141000026277
0.2500014140002629
0.25000141800026293
0.250001422000263
0.2500014260002631
0.2500014300002632
0.25000143400026326
0.2500014380002633
0.2500014420002634
0.25000144600026347
0.2500014500002636
0.2500014540002637
0.25000145800026374
0.2500014620002638
0.2500014660002639
0.25000147000026396
0.25000147400026407
0.2500014780002641
0.25000148200026423
0.25000148600026434
0.2500014900002644
0.25000149400026445
0.25000149800026455
0.2500015020002646
0.25000150600026466
0.25000151000026477
0.2500015140002648
0.25000151800026493
0.250001522000265
0.2500015260002651
0.2500015300002652
0.2500015340002652
0.2500015380002653
0.2500015420002654
0.2500015460002655
0.2500015500002655
0.25000155300026566
0.2500015570002657
0.25000156100026577
0.2500015650002659
0.25000156900026593
0.25000157100026604
0.25000157500026615
0.2500015790002662
0.25000158300026626
0.25000158700026637
0.2500015910002664
0.2500015950002665
0.2500015990002666
0.2500016030002667
0.25000160700026675
0.25000161100026685
0.2500016150002669
0.250001619000267
0.25000162300026707
0.2500016270002671
0.25000163100026723
0.2500016350002673
0.2500016390002674
0.2500016430002675
0.2500016470002675
0.25000165100026767
0.2500016550002677
0.25000165900026783
0.2500016630002678
0.25000166700026794
0.250001671000268
0.2500016750002681
0.25000167900026815
0.25000168300026826
0.25000168700026837
0.2500016910002684
0.2500016950002685
0.2500016990002686
0.25000170300026864
0.25000170700026875
0.2500017110002688
0.2500017130002689
0.25000171700026896
0.250001721000269
0.2500017250002691
0.2500017290002692
0.2500017330002693
0.2500017370002694
0.25000174100026945
0.2500017410002695
0.25000174500026956
0.25000174900026967
0.2500017530002697
0.25000175700026983
0.25000176100026994
0.25000176500027
0.25000176900027005
0.25000177300027016
0.25000177700027026
0.2500017810002703
0.25000178500027037
0.2500017890002705
0.25000179300027053
0.25000179700027064
0.2500018010002707
0.2500018050002708
0.25000180900027086
0.25000181300027097
0.250001817000271
0.25000182100027113
0.2500018250002712
0.2500018290002713
0.25000183300027135
0.2500018370002714
0.2500018410002715
0.2500018450002716
0.25000184900027167
0.2500018530002718
0.25000185700027183
0.25000186100027194
0.25000186500027205
0.25000186900027216
0.2500018730002722
0.25000187700027227
0.25000187600027235
0.25000188000027246
0.25000188400027257
0.2500018880002727
0.25000189200027273
0.25000189600027284
0.25000190000027295
0.250001904000273
0.2500019070002731
0.2500019110002732
0.25000191500027324
0.25000191900027335
0.25000192300027346
0.25000192400027355
0.25000192800027365
0.25000193200027376
0.2500019360002738
0.2500019400002739
0.250001944000274
0.2500019480002741
0.2500019520002742
0.25000195600027425
0.2500019600002743
0.2500019640002744
0.2500019680002745
0.25000197200027463
0.2500019760002747
0.2500019800002748
0.2500019840002749
0.250001988000275
0.2500019920002751
0.2500019960002751
0.2500020000002752
0.25000200400027534
0.25000200800027544
0.2500020120002755
0.2500020160002756
0.25000202000027566
0.25000202400027577
0.2500020280002759
0.250002032000276
0.25000203600027604
0.2500020400002761
0.2500020440002762
0.2500020480002763
0.2500020520002764
0.25000205500027645
0.2500020530002766
0.25000205700027667
0.2500020610002767
0.25000206500027683
0.25000206800027697
0.2500020720002771
0.2500020760002771
0.2500020800002772
0.2500020840002773
0.2500020880002774
0.25000209200027745
0.25000209600027756
0.25000210000027767
0.2500021040002777
0.25000210800027783
0.25000211200027794
0.250002116000278
0.25000212000027805
0.25000212400027816
0.25000212800027827
0.2500021320002784
0.25000213600027843
0.25000214000027854
0.25000214400027865
0.25000214800027876
0.2500021520002788
0.2500021560002789
0.250002160000279
0.2500021640002791
0.2500021680002792
0.25000217200027924
0.25000217600027935
0.2500021800002794
0.2500021840002795
0.2500021880002796
0.25000219000027973
0.25000219200027984
0.25000219300027987
0.25000218800027996
0.25000219200028007
0.2500021960002802
0.25000220000028023
0.25000220400028034
0.2500022080002804
0.2500022120002805
0.2500022160002806
0.2500022200002807
0.25000222400028077
0.2500022280002808
0.25000223200028093
0.25000223600028104
0.2500022400002811
0.2500022440002812
0.2500022480002813
0.2500022520002814
0.2500022560002815
0.2500022600002816
0.25000226400028164
0.25000226800028175
0.25000227200028186
0.25000227600028196
0.250002280000282
0.25000228400028207
0.2500022880002822
0.2500022920002823
0.2500022960002824
0.25000230000028245
0.25000230400028256
0.25000230800028267
0.25000231100028275
0.25000230000028284
0.2500022660002829
0.250002207000283
0.25000215300028306
0.25000208500028315
0.25000203300028323
0.2500019540002833
0.2500018320002834
0.2500017280002835
0.2500016610002836
0.25000161200028365
0.2500015860002837
0.25000158000028383
0.2500015750002839
0.25000156600028395
0.250001558000284
0.25000153400028413
0.2500015030002842
0.25000147100028425
0.2500014310002844
0.2500013980002844
0.2500013700002845
0.2500013730002846
0.2500013770002847
0.25000138100028474
0.2500013850002848
0.2500013820002849
0.25000138500028496
0.250001389000285
0.2500013930002851
0.25000139700028523
0.25000140100028523
0.25000140500028534
0.25000140900028545
0.2500014130002855
0.2500014170002856
0.2500014210002856
0.2500014250002857
0.25000142900028577
0.2500014330002859
0.25000143700028593
0.250001440000286
0.2500014440002861
0.2500014470002862
0.25000144800028623
0.25000145200028634
0.2500014560002864
0.2500014600002865
0.25000146400028656
0.25000146800028666
0.2500014720002867
0.25000147600028677
0.2500014800002868
0.25000148400028693
0.250001488000287
0.2500014920002871
0.25000149600028715
0.2500015000002872
0.2500015040002873
0.25000150800028736
0.2500015120002875
0.25000151600028747
0.2500015200002876
0.2500015240002877
0.25000152800028774
0.25000153200028785
0.2500015360002879
0.250001540000288
0.25000154400028807
0.2500015480002882
0.2500015520002882
0.2500015560002883
0.2500015600002884
0.25000156400028845
0.2500015680002885
0.2500015720002886
0.25000157600028866
0.25000158000028877
0.2500015840002888
0.25000158800028893
0.250001592000289
0.25000159600028904
0.25000160000028915
0.2500016040002892
0.25000160800028925
0.25000161200028936
0.2500016160002894
0.2500016200002895
0.25000162400028964
0.25000162800028963
0.25000163200028974
0.25000163600028985
0.2500016400002899
0.25000164400028996
0.25000164800029007
0.2500016520002901
0.2500016560002902
0.2500016600002903
0.25000166400029034
0.2500016680002904
0.2500016720002905
0.25000167600029055
0.25000168000029066
0.2500016840002907
0.2500016880002908
0.2500016920002909
0.25000169600029093
0.250001700000291
0.2500017040002911
0.25000170800029115
0.25000171200029125
0.25000171500029134
0.2500017190002914
0.25000172300029144
0.25000172700029155
0.25000173100029166
0.2500017350002917
0.25000173900029177
0.2500017430002919
0.25000174700029193
0.25000175100029204
0.2500017550002921
0.25000175900029215
0.2500017630002922
0.2500017670002923
0.2500017710002924
0.25000177500029247
0.2500017790002926
0.2500017830002927
0.25000178700029274
0.25000179100029285
0.2500017950002929
0.250001799000293
0.2500018030002931
0.25000180700029323
0.2500018110002933
0.25000181500029334
0.25000181900029345
0.25000182300029355
0.25000182700029366
0.2500018310002937
0.25000183500029377
0.2500018390002939
0.250001843000294
0.25000184700029404
0.25000185100029415
0.2500018550002942
0.2500018590002943
0.2500018630002944
0.25000186700029453
0.2500018710002946
0.2500018750002947
0.25000187900029475
0.25000188300029486
0.25000188700029496
0.250001891000295
0.2500018940002951
0.2500018980002952
0.2500019020002953
0.25000190600029537
0.2500019100002955
0.25000191400029553
0.25000191800029564
0.25000192200029575
0.2500019260002958
0.2500019300002959
0.250001934000296
0.2500019380002961
0.2500019420002962
0.25000194600029624
0.25000195000029635
0.25000195400029646
0.2500019580002965
0.2500019620002966
0.2500019660002967
0.2500019700002968
0.25000197400029683
0.25000197800029694
0.25000198200029705
0.25000198600029716
0.2500019900002972
0.2500019940002973
0.2500019980002974
0.2500020020002975
0.2500020060002976
0.25000201000029765
0.25000201400029776
0.25000201800029787
0.2500020220002979
0.250002026000298
0.2500020300002981
0.2500020340002982
0.2500020380002983
0.2500020420002984
0.25000204600029846
0.2500020500002985
0.2500020540002986
0.2500020580002987
0.2500020620002988
0.2500020660002989
0.250002070000299
0.25000207400029906
0.25000207800029917
0.2500020820002993
0.2500020850002993
0.2500020870002994
0.2500020910002995
0.25000209500029963
0.2500020990002997
0.2500021030002998
0.25000210700029984
0.25000210200029993
0.25000210500030007
0.2500021090003001
0.2500021130003002
0.2500021170003003
0.2500021210003004
0.25000212500030045
0.25000212900030055
0.25000213300030066
0.2500021370003007
0.2500021410003008
0.2500021440003009
0.250002148000301
0.25000215200030107
0.2500021560003012
0.2500021600003013
0.25000216400030134
0.25000216800030145
0.2500021720003015
0.25000217600030156
0.25000218000030167
0.2500021840003018
0.2500021880003019
0.25000219200030194
0.25000219600030205
0.25000220000030215
0.2500022040003022
0.2500022050003023
0.2500022050003024
0.2500022090003025
0.25000221300030256
0.2500022170003027
0.2500022210003027
0.25000222500030284
0.25000222900030294
0.250002233000303
0.2500022370003031
0.25000224100030316
0.25000224500030327
0.2500022490003034
0.2500022530003035
0.25000225700030354
0.25000226100030365
0.2500022650003037
0.25000226900030376
0.25000227300030387
0.250002277000304
0.250002281000304
0.25000228500030414
0.25000228900030425
0.2500022930003043
0.2500022970003044
0.2500023010003045
0.25000230500030457
0.2500023090003046
0.25000231300030473
0.25000231700030484
0.25000232100030495
0.250002325000305
0.2500023290003051
0.2500023330003052
0.2500023370003053
0.2500023410003054
0.2500023450003055
0.25000234900030555
0.25000235300030565
0.2500023570003057
0.2500023610003058
0.2500023650003059
0.250002369000306
0.2500023730003061
0.25000237700030614
0.25000238100030625
0.25000238500030636
0.2500023890003064
0.25000239300030647
0.2500023970003066
0.2500024010003067
0.2500024050003068
0.25000240900030685
0.25000241300030696
0.250002417000307
0.2500024210003071
0.25000242500030717
0.2500024290003073
0.2500024330003074
0.25000243600030747
0.2500024400003076
0.2500024440003077
0.25000244800030774
0.2500024520003078
0.2500024560003079
0.250002460000308
0.25000246400030807
0.2500024680003082
0.2500024720003083
0.25000247600030834
0.25000248000030845
0.2500024840003085
0.2500024880003086
0.25000249200030866
0.25000249600030877
0.2500025000003089
0.25000250400030893
0.25000250800030904
0.2500025120003091
0.2500025160003092
0.2500025200003093
0.25000252400030937
0.2500025270003095
0.2500025310003096
0.25000253500030967
0.2500025390003098
0.25000254300030983
0.25000254700030994
0.25000255100031
0.2500025550003101
0.2500025590003102
0.25000256300031026
0.25000256700031037
0.2500025710003105
0.25000257500031053
0.25000257900031064
0.2500025830003107
0.2500025870003108
0.25000259100031086
0.25000259500031097
0.2500025990003111
0.25000260300031113
0.25000260700031124
0.25000261100031135
0.25000261500031146
0.2500026190003115
0.25000262300031156
0.2500026270003117
0.2500026310003118
0.25000263500031183
0.25000263300031195
0.25000263000031203
0.2500026280003121
0.2500026320003122
0.2500026360003123
0.25000264000031236
0.25000264300031244
0.25000264700031255
0.25000265100031266
0.2500026540003127
0.2500026580003128
0.2500026620003129
0.250002666000313
0.25000267000031307
0.2500026740003131
0.2500026780003133
0.25000268200031334
0.2500026860003134
0.2500026900003135
0.2500026940003136
0.25000269800031366
0.25000270200031377
0.2500027060003139
0.25000271000031393
0.25000271400031404
0.25000271800031415
0.2500027220003142
0.25000272600031426
0.25000273000031437
0.2500027340003145
0.2500027380003146
0.2500027420003147
0.2500027460003148
0.2500027500003149
0.25000275400031496
0.2500027580003151
0.2500027620003152
0.25000276600031524
0.25000277000031534
0.25000277400031545
0.25000277800031556
0.25000278200031567
0.2500027860003157
0.25000279000031583
0.25000279400031594
0.25000279800031605
0.2500028020003161
0.2500028060003162
0.2500028100003163
0.25000281400031643
0.2500028180003165
0.2500028220003166
0.2500028260003167
0.2500028300003168
0.25000283400031686
0.250002838000317
0.25000284100031706
0.25000284500031716
0.2500028490003173
0.2500028530003174
0.2500028570003175
0.25000286100031754
0.25000286500031765
0.2500028690003177
0.2500028730003178
0.2500028770003179
0.25000288100031803
0.25000288500031814
0.2500028890003182
0.2500028930003183
0.2500028970003184
0.2500029010003185
0.25000290500031863
0.2500029090003187
0.2500029130003188
0.2500029170003189
0.250002921000319
0.25000292500031907
0.2500029290003192
0.2500029330003193
0.2500029370003194
0.2500029410003195
0.25000294500031955
0.25000294900031966
0.25000295200031974
0.25000295600031985
0.25000296000031996
0.25000296400032007
0.2500029680003201
0.25000297200032023
0.2500029760003203
0.2500029800003204
0.2500029840003205
0.2500029880003206
0.2500029920003207
0.25000299600032083
0.25000300000032094
0.250003004000321
0.25000300800032105
0.25000301200032116
0.25000301600032127
0.2500030200003214
0.2500030240003215
0.25000302800032154
0.2500030320003217
0.25000303600032175
0.25000304000032186
0.250003044000322
0.250003048000322
0.25000305200032213
0.25000305600032224
0.25000306000032235
0.25000306400032246
0.2500030680003225
0.2500030720003226
0.25000307600032273
0.25000308000032284
0.2500030840003229
0.250003088000323
0.2500030920003231
0.25000309600032317
0.2500031000003233
0.2500031040003234
0.25000310000032344
0.25000307400032357
0.2500030360003237
0.2500030110003238
0.25000299700032386
0.25000300000032394
0.25000300400032405
0.25000300800032416
0.25000301200032427
0.2500030160003243
0.25000302000032437
0.2500030240003245
0.2500030280003246
0.2500030320003247
0.2500030360003248
0.25000304000032486
0.25000304400032497
0.2500030480003251
0.2500030520003252
0.2500030560003253
0.25000306000032535
0.25000306400032546
0.25000306800032557
0.2500030720003256
0.25000307600032573
0.25000308000032584
0.25000308400032595
0.25000308800032606
0.25000309200032617
0.2500030960003262
0.2500031000003263
0.2500031040003264
0.2500031080003265
0.2500031120003266
0.2500031160003267
0.25000312000032676
0.25000312400032687
0.250003128000327
0.2500031320003271
0.2500031360003272
0.25000314000032725
0.25000314400032736
0.25000314800032747
0.2500031520003275
0.25000315600032763
0.25000316000032774
0.25000316400032785
0.25000316800032796
0.250003172000328
0.2500031760003281
0.2500031800003282
0.2500031840003283
0.2500031880003284
0.2500031920003285
0.2500031960003286
0.25000320000032866
0.25000320400032877
0.2500032080003289
0.25000321200032893
0.2500032160003291
0.25000322000032915
0.25000322400032926
0.25000322800032937
0.2500032320003294
0.25000323600032953
0.2500032400003296
0.2500032440003297
0.2500032480003298
0.2500032520003299
0.25000325600033
0.2500032600003301
0.2500032640003302
0.2500032680003303
0.2500032720003304
0.2500032760003305
0.25000328000033056
0.25000328400033067
0.2500032880003308
0.25000329200033083
0.25000329500033097
0.25000329100033103
0.25000328500033114
0.2500032650003312
0.2500032610003313
0.2500032620003314
0.2500032660003315
0.2500032700003316
0.25000327400033173
0.2500032780003318
0.2500032820003319
0.250003286000332
0.2500032890003321
0.2500032930003322
0.25000329700033225
0.25000330100033236
0.25000330500033247
0.2500033090003326
0.2500033130003326
0.25000331600033276
0.2500033200003329
0.2500033240003329
0.25000332800033304
0.25000333200033314
0.25000333600033325
0.2500033400003333
0.2500033440003334
0.25000334800033347
0.2500033520003336
0.2500033560003337
0.2500033600003338
0.25000336400033385
0.25000336800033396
0.25000337200033407
0.2500033760003342
0.25000338000033423
0.25000338400033434
0.25000338800033445
0.2500033920003345
0.25000339600033467
0.2500034000003347
0.25000340400033483
0.25000340800033494
0.25000341200033505
0.2500034160003351
0.2500034200003352
0.25000342400033526
0.25000342800033537
0.2500034320003355
0.2500034360003356
0.2500034400003357
0.25000344400033575
0.25000344800033586
0.2500034520003359
0.250003456000336
0.25000346000033613
0.25000346400033624
0.25000346800033635
0.2500034720003364
0.2500034760003365
0.2500034800003366
0.2500034840003367
0.2500034880003368
0.2500034920003369
0.250003496000337
0.2500035000003371
0.25000350400033716
0.25000350800033727
0.2500035120003374
0.25000351600033743
0.25000352000033754
0.25000352400033765
0.2500035280003377
0.2500035320003378
0.2500035360003379
0.25000354000033803
0.25000354400033814
0.2500035470003382
0.2500035380003383
0.25000353100033845
0.2500035230003385
0.2500035190003387
0.25000351800033876
0.2500035220003389
0.2500035260003389
0.25000353000033904
0.25000353400033914
0.25000353800033925
0.25000354200033936
0.2500035460003394
0.2500035500003395
0.25000355400033963
0.25000355800033974
0.25000356200033985
0.2500035660003399
0.25000357000034
0.2500035740003401
0.25000357800034023
0.2500035820003404
0.2500035850003405
0.2500035830003406
0.25000358100034065
0.2500035850003407
0.2500035890003408
0.2500035930003409
0.250003597000341
0.25000360100034114
0.25000360500034124
0.25000360900034135
0.25000361300034146
0.25000361700034157
0.2500036210003417
0.2500036250003418
0.25000362900034184
0.25000363300034195
0.25000363700034206
0.25000364100034217
0.2500036450003423
0.2500036490003424
0.25000365300034244
0.25000365700034255
0.25000366100034266
0.25000366500034277
0.2500036690003429
0.25000367300034293
0.25000367700034304
0.25000368100034315
0.25000368500034326
0.25000368900034337
0.2500036930003434
0.2500036970003435
0.25000370100034364
0.25000370500034375
0.25000370500034386
0.25000370800034394
0.2500037120003441
0.2500037160003442
0.25000372000034427
0.2500037240003444
0.2500037280003445
0.2500037320003446
0.2500037360003447
0.25000374000034475
0.25000374400034486
0.25000374800034497
0.2500037520003451
0.2500037560003452
0.25000376000034524
0.25000376400034535
0.25000376800034546
0.25000377200034557
0.2500037760003457
0.2500037760003458
0.25000376800034585
0.25000375800034597
0.2500037620003461
0.2500037660003462
0.25000377000034624
0.25000377400034635
0.25000377800034645
0.25000378200034656
0.2500037860003467
0.2500037900003468
0.2500037940003469
0.25000379800034694
0.25000380200034705
0.25000380600034716
0.25000381000034727
0.2500038140003474
0.2500038180003475
0.25000382200034754
0.25000382600034765
0.25000383000034776
0.25000383400034787
0.250003838000348
0.2500038420003481
0.2500038460003482
0.2500038500003483
0.25000385400034836
0.25000385800034847
0.2500038620003486
0.2500038660003487
0.2500038700003488
0.2500038740003489
0.25000387800034896
0.25000388200034906
0.2500038860003492
0.2500038900003493
0.2500038940003494
0.25000389800034944
0.2500039020003496
0.25000390600034966
0.2500039060003498
0.2500039060003499
0.25000390200034994
0.25000390200035005
0.25000390600035016
0.25000391000035027
0.2500039140003504
0.2500039180003505
0.2500039220003506
0.25000392600035065
0.25000393000035076
0.25000393400035087
0.250003938000351
0.2500039420003511
0.2500039460003512
0.25000395000035125
0.2500039540003514
0.25000395800035147

Avalanche_Distribution:
1
3
37
2
1
9
4
2
2
13
72
2
10
1
3
26
2
1
10
2
12
25
2
2
9
1641
15
1
3
1
59
14
1
1
1
6
1
3
1
2
1
23
1
212
1
1
1
1
1
3825
5
3
17
2
1
2
2
1
1
44
1
2
2
4
5
1
3
7
1
4
12
1031
8
1
4
1
1
3
10
1
7
1
1
19
1
1
1
1
128
54
1
1
50
13
5
30
20
