
Branching_global:
1.00004
1.0034000000000038
1.0016300000000082
1.0047700000000117
0.9925600000000162

Autocorrelation:
25.000499996641732
0.2946173642057896
0.6139967967894943
0.21014320931468947
-0.1339079798335049

Average_Activity:
0.0
0.0
0.0
0.0
0.0
0.0
0.0
0.0
0.0
0.0
0.25
0.0
0.0
0.0
0.0
0.0
0.0
0.0
0.0
0.0
0.0
0.0
0.0
0.25
1.25
1.25
3.0
3.75
4.25
2.5
1.5
2.75
1.25
0.25
0.0
0.25
1.25
2.75
5.0
4.5
1.5
2.0
1.0
1.25
0.5
0.0
0.0
0.0
0.0
0.0
0.0
0.0
0.0
0.0
0.0
0.0
0.0
0.0
0.0
0.0
0.25
1.25
0.25
0.0
0.0
0.0
0.0
0.0
0.0
0.0
0.25
0.25
0.0
1.75
1.75
1.0
0.0
0.0
0.0
0.0
0.0
1.25
1.25
1.75
1.25
0.0
0.0
0.0
0.0
0.0
1.0
3.5
8.75
5.0
2.25
4.0
2.75
8.0
17.0
21.5
25.0
32.75
27.75
24.5
28.0
21.25
19.5
28.0
17.5
8.75
4.5
1.25
0.5
0.0
0.0
0.0
0.0
0.0
0.0
0.0
1.25
1.5
0.0
1.75
0.75

Average_Alpha:
0.25001
0.25005
0.2500900000000001
0.2501300000000001
0.25017000000000017
0.25021000000000015
0.2502500000000003
0.25029000000000023
0.25033000000000033
0.2503700000000003
0.2504000000000004
0.2504400000000004
0.2504800000000005
0.25052000000000046
0.25056000000000056
0.25060000000000054
0.2506400000000007
0.2506800000000006
0.2507200000000007
0.2507600000000007
0.2508000000000008
0.2508400000000008
0.2508800000000009
0.25091000000000085
0.250900000000001
0.25089000000000095
0.25081000000000103
0.25070000000000103
0.2505700000000011
0.2505100000000011
0.2504900000000012
0.2504200000000012
0.2504100000000013
0.2504400000000013
0.25048000000000137
0.25051000000000134
0.2505000000000015
0.25043000000000143
0.25027000000000155
0.2501300000000015
0.2501100000000016
0.25007000000000157
0.2500700000000017
0.25006000000000167
0.2500800000000018
0.25012000000000173
0.2501600000000018
0.2502000000000018
0.25024000000000196
0.2502800000000019
0.25032000000000204
0.250360000000002
0.2504000000000021
0.25044000000000205
0.2504800000000022
0.25052000000000213
0.2505600000000023
0.25060000000000227
0.25064000000000236
0.2506800000000023
0.25071000000000243
0.2507000000000024
0.2507300000000025
0.2507700000000025
0.2508100000000026
0.25085000000000257
0.25089000000000267
0.25093000000000265
0.25097000000000275
0.25101000000000273
0.2510400000000028
0.2510700000000028
0.2511100000000029
0.25108000000000286
0.251050000000003
0.251050000000003
0.25109000000000303
0.251130000000003
0.25117000000000317
0.25121000000000315
0.2512500000000032
0.2512400000000032
0.2512300000000033
0.2512000000000033
0.25119000000000336
0.2512300000000034
0.25127000000000344
0.2513100000000035
0.25135000000000357
0.2513900000000035
0.2513900000000036
0.2512900000000036
0.2509800000000037
0.2508200000000037
0.25077000000000377
0.25065000000000376
0.25058000000000386
0.25030000000000385
0.24966000000000393
0.24884000000000392
0.247880000000004
0.24661000000000402
0.2455400000000041
0.2446000000000041
0.24352000000000412
0.24271000000000417
0.24197000000000424
0.24089000000000427
0.24023000000000427
0.23992000000000432
0.2397800000000044
0.23977000000000442
0.23979000000000444
0.2398300000000045
0.23987000000000455
0.23991000000000456
0.23995000000000463
0.23999000000000467
0.24003000000000468
0.24007000000000475
0.24006000000000477
0.24004000000000483
0.24008000000000487
0.2400500000000049
0.24006000000000494

Avalanche_Distribution:
1
87
1
80
7
1
1
18
22
1252
11
10
