
Branching_global:
0.40003999999999995
0.4040399999999985
0.40785999999999695
0.4112299999999955
0.4152099999999938
0.4191799999999922
0.4227599999999908
0.4266699999999893
0.4307699999999876
0.43490999999998603
0.4388699999999846
0.44259999999998306
0.4467399999999813
0.4504099999999798
0.4545499999999784
0.45824999999997684
0.46251999999997506
0.4662999999999737
0.4701399999999722
0.4743399999999706
0.4783899999999689
0.48192999999996744
0.48582999999996607
0.48994999999996447
0.49393999999996263
0.49821999999996125
0.501769999999965
0.5057499999999687
0.5096399999999723
0.5133599999999761
0.5173399999999798
0.5214399999999836
0.5251599999999871
0.529369999999991
0.5332999999999946
0.5368099999999977
0.540880000000002
0.5445900000000056
0.5486400000000099
0.5524000000000138
0.5561600000000176
0.5603400000000217
0.5641000000000258
0.5678600000000297
0.5717500000000337
0.5759900000000375
0.5798400000000414
0.5834300000000453
0.5874600000000496
0.5915900000000536
0.5953600000000577
0.5990700000000616
0.6032800000000655
0.6070000000000696
0.610790000000074
0.6147400000000773
0.6187200000000814
0.6222100000000854
0.6259800000000891
0.6303800000000933
0.6340900000000977
0.6379700000001013
0.6419400000001053
0.6456600000001095
0.6496700000001135
0.6537400000001176
0.6572000000001214
0.6611800000001253
0.6650500000001296
0.6693600000001338
0.6726400000001375
0.6767100000001416
0.6799900000001458
0.6843800000001493
0.6885800000001537
0.691340000000157
0.6954900000001613
0.6992200000001655
0.7036100000001697
0.7067900000001732
0.7107100000001776
0.7142000000001815
0.7183100000001856
0.7220100000001898
0.7260300000001936
0.7300200000001976
0.7333500000002018
0.7359600000002049
0.7409000000002095
0.7447900000002137
0.7480200000002172
0.7523600000002215
0.756090000000225
0.7604300000002293
0.7641600000002333
0.7687900000002378
0.7721400000002413
0.7759300000002454
0.7799300000002494
0.7842200000002538

Autocorrelation:
-0.0010914757809188812
-0.0011034587521498013
-0.001115036907386558
-0.0011253624380620426
-0.0011376941403883553
-0.001150145970094088
-0.0011615067777511446
-0.001174061140917979
-0.0011873932454697952
-0.0012010336107005754
-0.0012142523540458442
-0.0012268601126430067
-0.0012410358289969335
-0.001253765999752628
-0.0012683154896663172
-0.00128149203849462
-0.0012969067171328685
-0.0013107429835582723
-0.0013249863498740356
-0.0013407864706268145
-0.001356246706290285
-0.0013699448281286521
-0.001385240107740412
-0.0014016361193852033
-0.0014177535102184032
-0.0014353101431780321
-0.001450087765347954
-0.0014668933833949286
-0.0014835679607599994
-0.0014997497093057624
-0.0015173240924526248
-0.001535718358253142
-0.0015526689347703034
-0.0015721597950933636
-0.001590656708050529
-0.00160743001840884
-0.001627186150914254
-0.0016454890552027946
-0.0016657982575290196
-0.001684968634648972
-0.0017044507713023897
-0.0017264849485113531
-0.0017466524673384093
-0.0017671579610667987
-0.0017887377441518433
-0.0018126943653725166
-0.0018348520308049837
-0.001855870153809664
-0.0018798861046010948
-0.0019049743489479413
-0.0019283092627566812
-0.0019516885790912914
-0.001978733188747807
-0.0020030988422937847
-0.0020283890173010814
-0.002055262452596639
-0.002082888761890045
-0.0021075809527651775
-0.002134759433361462
-0.0021671643672368395
-0.002195079436785989
-0.002224872199832039
-0.0022560100454864576
-0.002285807131064015
-0.0023186215549525096
-0.0023526889677320368
-0.002382274584078679
-0.002417040162966855
-0.002451623022744256
-0.002491074188515001
-0.002521781822826424
-0.0025607377661304538
-0.002592841978264894
-0.0026368390244095596
-0.002680075815399998
-0.002709120127191883
-0.002753769149555813
-0.002794936741215079
-0.00284469889576704
-0.0028816642812826395
-0.002928336502116431
-0.002970953782673054
-0.003022480774603324
-0.003070156548534369
-0.0031233998169091595
-0.0031777976384843127
-0.0032244313742442517
-0.0032617965938048134
-0.003334560278571735
-0.0033938227999159984
-0.003444409056852104
-0.003514440090580602
-0.003576603632431482
-0.0036513512218594416
-0.0037177749634110724
-0.003803186198957545
-0.003867134564581772
-0.003941772622760856
-0.004023317427194149
-0.00411411424410356

Average_Activity:
0.0
0.0
0.0
0.0
0.0
0.0
0.0
0.0
0.0
0.0
0.0
0.0
0.0
0.0
0.0
0.0
0.0
0.0
0.0
0.0
0.0
0.0
0.0
0.0
0.0
0.0
0.0
0.0
0.0
0.0
0.0
0.0
0.5
0.0
0.0
0.0
0.0
0.0
0.0
0.5
0.0
0.0
0.0
0.0
0.0
0.0
0.0
0.0
0.0
0.0
0.0
0.0
0.0
0.0
0.0
0.0
0.0
0.75
1.0
0.75
0.5
0.0
0.0
0.0
0.0
0.0
0.0
0.0
0.0
0.0
0.25
0.0
0.5
0.0
0.0
0.0
0.0
0.0
0.0
0.0
0.0
0.0
0.0
0.25
0.0
0.0
0.0
0.0
0.0
0.0
0.0
0.0
0.0
0.0
0.0
0.0
0.0
0.0
0.25
0.0
0.0
0.0
0.0
0.0
0.0
0.0
0.0
0.0
0.0
0.0
0.0
0.0
0.0
0.0
0.0
0.0
0.0
0.0
0.0
0.0
0.0
0.0
0.25
0.0
0.0
0.0
0.0
0.0
0.0
0.0
0.0
0.0
0.0
0.0
0.0
0.0
0.0
0.0
0.0
0.0
0.0
0.0
0.0
0.5
0.0
0.0
1.25
0.5
0.0
0.0
0.0
0.0
0.0
0.0
0.0
0.0
0.0
0.0
0.0
0.0
0.0
0.0
0.0
0.0
0.0
0.0
0.0
0.0
0.0
0.0
0.0
0.0
0.0
0.0
0.0
0.0
0.0
0.25
0.0
0.0
0.0
0.0
0.0
0.0
0.0
0.0
0.0
0.0
0.0
0.0
0.0
0.0
0.0
0.0
0.0
0.0
0.0
0.0
0.0
0.0
0.0
0.0
0.0
0.0
0.0
0.0
0.0
0.0
0.0
0.0
0.0
0.0
0.0
0.0
0.0
0.0
0.0
0.0
0.0
0.0
0.0
0.0
0.0
0.0
0.0
0.0
0.0
0.0
0.5
0.0
0.0
0.0
0.0
0.0
0.0
0.0
0.0
0.0
0.0
0.0
0.0
0.0
0.0
0.0
0.0
0.0
0.0
0.0
0.0
0.0
0.0
0.0
0.0
0.0
0.0
0.0
0.0
0.0
0.0
0.0
0.0
0.0
0.5
0.0
0.0
0.0
0.0
0.0
0.0
0.0
0.0
0.0
0.0
0.0
0.0
0.0
0.0
0.0
0.0
0.0
0.0
0.0
0.0
0.0
0.0
0.0
0.0
0.0
0.0
0.0
0.0
0.0
0.0
0.0
0.0
0.0
0.0
0.0
0.0
0.0
0.0
1.25
0.0
0.0
0.0
0.0
0.0
0.0
0.0
0.0
0.0
0.0
0.0
0.0
0.0
0.0
0.0
0.0
0.0
0.0
0.0
0.0
0.0
0.0
0.0
0.0
0.0
0.0
0.0
0.0
0.0
0.0
0.0
0.0
0.0
0.0
0.0
0.0
0.0
0.0
0.0
0.0
0.0
0.0
0.0
0.0
0.0
0.0
0.0
0.0
0.0
0.0
0.0
0.0
0.0
0.0
0.0
0.0
0.0
0.0
0.0
0.0
0.0
0.0
0.0
0.0
0.0
0.0
0.0
0.0
0.0
0.0
0.0
0.0
0.0
0.0
0.0
0.0
0.0
0.0
0.0
0.0
0.0
0.0
0.0
0.0
0.0
0.0
0.0
0.0
0.0
0.0
0.0
0.0
0.0
0.0
0.0
0.0
0.0
0.0
0.0
0.0
0.0
0.0
0.0
0.0
0.0
0.0
0.0
0.0
0.0
0.0
0.75
0.0
0.0
0.0
0.0
0.0
0.0
0.0
0.0
0.0
0.0
0.0
0.0
0.0
0.0
0.0
0.0
0.0
0.0
0.0
0.0
0.0
0.0
0.0
0.0
0.0
0.0
0.0
0.0
0.0
0.0
0.0
0.0
0.0
0.0
0.0
0.0
0.0
0.0
0.0
0.0
0.0
0.0
0.0
0.0
0.0
0.0
0.0
0.0
0.0
0.0
0.0
0.0
0.0
0.0
0.0
0.0
0.0
0.0
0.0
0.0
0.0
0.0
0.0
0.0
0.0
0.0
0.0
0.0
0.0
0.0
0.0
0.0
0.0
0.0
0.0
0.0
0.0
0.0
0.0
0.0
0.0
0.0
0.0
0.0
0.0
0.0
0.0
0.0
0.0
0.0
0.0
0.0
0.0
0.0
0.0
0.0
0.0
0.0
0.0
0.0
0.0
0.0
0.0
0.0
0.0
0.0
0.0
0.0
0.0
0.0
0.0
0.0
0.0
0.0
0.0
1.5
0.0
0.0
0.0
0.0
0.0
0.0
0.0
0.0
0.0
0.0
0.0
0.0
0.0
0.0
0.0
0.0
0.0
0.0
0.0
0.0
0.0
0.0
0.0
0.0
0.0
0.0
0.25
0.0
0.0
0.0
0.0
0.0
0.0
0.0
0.0
0.0
0.0
0.0
0.0
0.0
0.0
0.0
0.0
0.0
0.0
0.0
0.0
0.0
0.0
0.0
0.0
0.0
0.0
0.0
0.0
0.0
0.0
0.0
0.25
0.0
0.0
0.0
0.0
0.0
0.0
0.0
0.0
0.0
0.0
0.0
0.0
0.0
0.0
0.0
0.0
0.0
0.0
0.0
0.0
0.0
0.0
0.0
0.0
0.0
0.0
0.0
0.0
0.0
0.0
0.0
0.0
0.0
0.0
0.0
0.0
0.0
0.0
0.0
0.0
0.0
0.0
0.0
0.0
0.25
0.0
0.0
0.0
0.0
0.0
0.0
0.0
0.0
0.0
0.0
0.0
0.0
0.0
0.0
0.0
0.0
0.0
0.0
0.0
0.0
0.0
0.0
0.75
0.25
0.0
0.0
0.0
0.0
0.0
0.25
0.0
0.0
0.0
0.0
0.0
0.0
0.0
0.0
0.0
0.0
0.0
0.0
0.0
0.0
0.0
0.0
0.0
0.0
0.0
0.0
0.0
0.0
0.0
0.0
0.0
0.0
0.0
0.0
0.25
0.75
0.0
0.0
0.0
0.0
0.0
0.0
0.0
0.0
0.0
0.0
0.0
0.0
0.0
0.0
0.0
0.0
0.0
0.0
0.0
0.0
0.0
0.0
0.0
0.0
0.0
0.75
0.0
0.0
0.0
0.0
0.0
0.0
0.0
0.0
0.0
0.0
0.0
0.0
0.0
0.0
0.0
0.0
0.0
0.0
0.5
0.0
0.0
0.0
0.0
0.0
0.0
0.0
0.0
0.0
0.0
0.0
0.0
0.0
0.0
0.0
0.0
0.0
0.0
0.0
0.0
0.0
0.0
0.0
0.0
0.0
0.0
0.0
0.0
0.0
0.0
0.0
0.0
0.0
0.0
0.0
0.0
0.5
0.25
0.0
0.0
0.0
0.0
0.0
0.0
0.25
0.0
0.0
0.0
0.0
0.0
0.0
0.0
0.0
0.25
0.0
0.0
0.0
0.0
0.0
0.0
0.0
0.0
0.0
0.0
0.0
0.0
0.0
0.0
0.0
0.0
0.0
0.25
0.5
0.0
0.0
0.0
0.0
0.0
0.0
0.0
0.0
0.0
0.0
0.0
0.0
0.0
0.0
0.0
0.0
0.0
0.0
0.0
0.0
0.0
0.0
0.0
0.0
0.0
0.0
0.0
0.0
0.0
0.0
0.0
0.0
0.0
0.0
0.0
0.0
0.0
0.0
0.0
0.0
0.0
0.0
0.75
0.25
0.0
0.0
0.0
0.0
0.0
0.0
0.0
0.0
0.0
0.0
0.0
0.0
0.0
0.0
0.0
0.0
0.0
0.0
0.0
0.0
0.0
0.0
0.75
0.0
0.0
0.0
0.0
0.0
0.0
0.0
0.0
0.0
0.0
0.0
0.0
0.0
0.0
0.0
0.0
0.0
0.25
0.0
0.0
0.0
0.0
0.0
0.0
0.0
0.0
0.0
0.0
0.0
0.0
0.0
0.0
0.0
0.0
0.0
0.0
0.0
0.0
0.0
0.25
0.0
0.0
0.0
0.0
0.0
0.0
0.0
0.0
0.0
0.0
0.0
0.0
0.0
0.0
0.0
0.0
0.0
0.0
0.25
0.25
0.0
0.0
0.0
0.0
0.0
0.0
0.0
0.0
0.0
0.25
0.25
0.0
0.0
0.0
0.0
0.0
0.0
0.0
0.0
0.0
0.0
0.0
0.0
0.25
0.0
0.0
0.0
0.0
0.0
0.0
0.0
0.0
0.0
0.0
0.0
0.0
0.0
0.0
0.25
0.75
0.0
0.0
0.0
0.0
0.0
0.0
0.0
0.0
0.0
0.0
0.0
0.0
0.0
0.0
0.0
0.0
0.0
0.0
0.0
0.0
0.0
0.0
0.0
0.0
0.25
0.0
0.0
0.0
0.0
0.0
0.0
0.0
0.0
0.0
0.5
0.0
0.0
0.0
0.0
0.0
0.0
0.75
0.0
0.0
0.0
0.0
0.0
0.0
0.0
0.25
0.5
0.0
0.0
0.0
0.0
0.0
0.0
0.0
0.0
0.0
0.0
0.0
0.0
0.0
0.0
0.0
0.0
0.0
0.0
0.0
0.0
0.0
0.0
0.0
0.0
0.0
0.0
0.0
0.0
0.0
0.0
0.0
0.0
0.0
0.0
0.0
0.0
0.25
0.0
0.5
0.25
0.0
0.0
0.0
0.0
0.0
0.0
0.0
0.0
0.0
0.0
0.0
0.0
0.0
0.0
0.0
0.0
0.0
0.0
0.0
0.0
0.0
0.0
0.0
0.0
0.0
0.0
0.0
0.0
0.0
0.25
0.0
0.0
0.0
0.0
0.0
0.0
0.0
0.0
0.0
0.0
0.0
0.0
0.0
0.0
0.0
0.0
0.0
0.0
0.0
0.0
0.0
0.0
0.0
0.0
0.0
0.0
0.0
0.0
0.0
0.0
0.0
0.0
0.0
0.0
0.0
0.0
0.0
0.0
0.0
0.0
0.25
0.0
0.0
0.0
0.0
0.0
0.0
0.0
0.0
0.0
0.0
0.0
0.0
2.0
0.0
0.0
0.0
0.25
0.0
0.0
0.0
0.0
0.0
0.0
0.0
0.0
0.0
0.0
0.0
0.0
0.0
0.0
0.0
0.0
0.0
0.0
0.0
0.0
0.0
0.0
0.0
0.0
0.0
0.0
0.0
0.0
0.0
0.0
0.0
0.0
0.0
0.0
0.0
0.0
0.0
0.0
0.0
0.0
0.0
0.0
0.0
0.0
0.0
0.0
0.0
0.0
0.0
0.0
0.0
0.0
0.0
0.0
0.0
0.0
0.0
0.0
0.0
0.0
0.0
0.0
0.0
0.0
0.0
0.0
0.0
0.0
0.0
0.0
0.0
0.0
0.0
0.0
0.0
0.0
0.0
0.0
0.0
0.0
0.0
0.0
0.0
0.0
0.0
0.0
0.0
0.0
0.0
0.0
0.0
0.0
0.0
0.0
0.0
0.0
0.0
0.0
0.0
0.0
0.0
0.0
0.0
0.0
0.0
0.0
0.0
0.0
0.0
0.0
0.0
0.25
0.0
0.0
0.0
0.0
0.0
0.0
0.0
0.0
0.0
0.0
0.0
0.5
0.0
0.0
0.0
0.0
0.0
0.0
0.0
0.0
0.0
0.0
0.0
0.0
0.0
0.0
0.0
0.0
0.0
0.0
0.0
0.0
0.0
0.0
0.0
0.0
0.0
0.0
0.0
0.5
0.5
0.0
0.0
0.75
0.0
0.0
0.0
0.0
0.0
0.0
0.0
0.0
0.0
0.0
0.0
0.0
0.0
0.0
0.0
0.0
0.0
0.0
0.0
0.0
0.0
0.0
0.0
0.0
0.0
0.0
0.0
0.0
0.25
0.5
0.5
0.25
0.0
0.5
0.5
0.0
0.0
0.0
0.0
0.0
0.0
0.0
0.0
0.0
0.0
0.0
0.0
0.0
0.0
0.0
0.0
0.0
0.0
0.0
0.0
0.0
0.0
0.0
0.0
0.0
0.0
0.0
0.0
0.0
0.5
0.75
0.0
0.0
0.0
0.0
0.0
0.0
0.0
0.0
0.0
0.0
0.0
0.0
0.0
0.0
0.0
0.0
0.0
0.0
0.0
0.0
0.0
0.0
0.0
0.0
0.25
1.25
0.0
0.0
0.0
0.0
0.0
0.0
0.0
0.0
0.0
0.0
0.0
0.0
0.0
0.0
0.0
0.0
0.0
0.0
0.0
0.0
0.0
0.0
0.0
0.0
0.0
0.0
0.0
0.0
0.0
0.0
0.0
0.0
0.0
0.0
0.0
0.0
0.0
0.0
0.0
0.0
0.0
0.0
0.0
0.0
0.0
0.0
0.0
0.0
0.0
0.0
0.0
0.0
0.0
0.0
0.0
0.0
0.0
0.25
0.0
0.0
0.0
0.0
0.0
0.0
0.0
0.0
0.0
0.25
0.0
0.0
0.0
0.0
0.0
0.0
0.0
0.0
0.0
0.0
0.5
0.0
0.0
0.0
0.0
0.0
0.0
0.0
0.0
0.0
0.0
0.0
0.0
0.0
0.0
0.0
0.0
0.0
0.5
0.0
0.0
0.0
0.0
0.0
0.0
0.0
0.0
0.0
0.0
0.0
0.5
0.25
0.0
0.0
0.0
0.0
0.0
0.0
0.0
0.0
0.0
0.0
0.0
0.0
0.0
0.0
0.0
0.0
0.0
0.0
0.0
0.0
0.0
0.0
0.0
0.0
0.0
0.0
0.0
0.0
0.0
0.0
0.0
0.0
0.0
0.0
0.0
0.0
0.0
0.0
0.0
0.0
0.25
0.75
0.0
0.0
0.25
0.0
0.0
0.0
0.0
0.0
0.0
0.0
0.0
0.0
0.0
0.0
0.0
0.0
0.0
0.0
0.0
0.0
0.0
0.0
0.0
0.0
0.0
0.0
0.0
0.0
0.0
0.0
0.0
0.0
0.0
0.0
0.0
0.0
0.0
0.0
0.0
0.0
0.0
0.0
0.0
0.0
0.0
0.0
0.0
0.0
0.0
0.0
0.0
0.0
0.0
0.0
0.0
0.0
0.0
0.0
0.0
0.0
0.5
0.0
0.0
0.0
0.0
0.0
0.0
0.0
0.0
0.0
0.0
0.0
0.0
0.0
0.0
0.0
0.0
0.0
0.0
0.0
0.0
0.0
0.0
0.5
0.0
0.0
0.0
0.0
0.0
0.0
0.0
0.0
1.0
0.0
0.0
0.0
0.0
0.0
0.0
0.0
0.0
0.0
0.0
0.0
0.0
0.0
0.0
0.0
0.0
0.0
0.0
0.0
0.0
0.0
0.0
0.0
0.0
0.0
0.0
0.0
0.0
0.0
0.0
0.0
0.0
0.0
0.0
0.0
0.0
0.0
0.0
0.0
0.0
0.0
0.0
0.0
0.0
0.0
0.0
0.0
0.0
0.0
0.0
0.0
0.0
0.0
0.0
0.0
0.0
0.0
0.0
0.0
0.0
0.0
0.0
0.0
0.0
0.0
0.0
0.0
0.0
0.0
0.0
0.0
0.0
0.0
0.0
0.0
0.0
0.0
0.0
0.0
0.0
0.0
0.0
0.0
0.0
0.0
2.0
0.5
0.0
0.0
0.0
0.0
0.0
0.0
0.0
0.0
0.0
0.0
0.0
0.0
0.0
0.0
0.0
0.0
0.0
0.0
0.0
0.0
0.0
0.0
0.0
0.0
0.0
0.0
0.0
0.0
0.0
0.0
0.0
0.0
0.0
0.0
0.0
0.0
0.0
0.0
0.0
0.0
0.0
0.0
0.0
0.0
0.0
0.75
2.25
0.5
0.0
0.0
0.0
0.0
0.0
0.0
0.0
0.0
0.0
0.0
0.0
0.25
0.5
0.0
0.0
0.0
0.0
0.0
0.0
0.0
0.0
0.0
0.0
0.0
0.0
0.0
0.0
0.0
0.0
0.0
0.0
0.0
0.0
0.0
0.0
0.0
0.0
0.25
0.25
0.0
0.0
0.0
0.0
0.0
0.0
0.0
0.0
0.0
0.0
0.0
0.0
0.0
0.0
0.0
0.0
0.0
0.0
0.0
0.0
0.0
0.0
0.0
0.0
0.25
0.0
0.25
0.0
0.0
0.0
0.0
0.0
0.25
1.25
2.25
0.0
0.0
0.0
0.0
0.0
0.0
0.0
0.0
0.0
0.0
0.0
0.0
0.0
0.0
0.0
0.0
0.0
0.0
0.0
0.0
0.0
0.0
0.0
0.0
0.0
0.0
0.0
0.0
0.0
0.0
0.0
0.0
0.0
0.0
0.0
0.0
0.0
0.0
0.0
0.0
0.0
0.0
0.0
0.0
0.0
0.0
0.0
0.0
0.0
0.0
0.0
0.0
0.0
0.0
0.0
0.0
0.0
0.0
0.0
0.0
0.0
0.0
0.25
0.25
0.0
0.0
0.0
0.0
0.0
0.0
0.0
0.0
0.0
0.0
0.0
0.0
0.0
0.0
0.0
0.0
0.0
0.0
0.0
0.0
0.0
0.0
0.0
0.0
0.0
0.0
0.0
0.0
0.0
0.0
0.0
0.0
0.0
0.0
0.0
0.0
0.0
0.0
0.0
0.0
0.0
0.0
0.0
0.0
0.0
0.5
0.0
0.0
0.0
0.0
0.0
0.0
0.0
0.0
0.0
0.0
0.0
0.0
0.0
0.0
0.0
0.0
0.0
0.0
0.0
0.0
0.0
0.0
0.0
0.0
0.0
0.0
0.0
0.0
0.0
0.25
2.25
1.25
0.0
0.0
0.0
0.0
0.0
0.0
0.0
0.0
0.0
0.0
0.0
0.0
0.0
0.0
0.0
0.0
0.0
0.0
0.0
0.0
0.0
0.25
0.0
0.0
0.0
0.0
0.0
0.0
0.0
0.0
0.0
0.0
0.0
0.0
0.5
0.0
0.25
0.0
0.0
0.0
0.0
0.0
0.0
0.0
0.0
0.5
0.0
0.0
0.0
1.0
0.0
0.0
0.0
0.0
0.0
0.0
0.0
0.0
0.0
0.0
0.0
0.0
0.0
0.5
0.0
0.0
0.0
0.0
0.25
1.0
0.0
0.0
0.0
0.0
0.0
0.0
0.0
0.0
0.0
0.25
1.5
0.5
0.0
0.0
0.0
0.0
0.0
0.0
0.0
0.0
0.0
0.0
0.0
0.0
0.0
0.0
0.0
0.0
0.0
0.0
0.0
0.0
0.0
0.0
0.0
0.0
0.0
0.0
0.0
0.0
0.0
0.0
0.0
0.0
0.0
0.0
0.0
0.0
0.0
0.0
0.0
0.0
0.0
0.0
0.0
0.0
0.0
0.0
0.0
0.0
0.0
0.5
0.0
0.0
0.0
0.25
0.0
0.0
0.0
0.0
0.0
0.0
0.0
0.0
0.0
0.0
0.0
0.0
0.0
0.0
0.0
0.0
0.0
0.0
0.0
0.0
0.0
0.0
0.0
0.0
0.0
0.0
0.0
0.0
0.0
0.0
0.0
0.0
0.0
0.0
0.0
0.0
1.0
2.25
0.25
0.0
0.0
0.0
0.0
0.0
0.0
0.0
0.0
0.0
0.0
0.0
0.0
0.0
0.0
0.0
0.0
0.0
0.0
0.0
0.0
0.0
0.0
0.0
0.0
0.0
0.0
0.0
0.0
0.0
0.0
0.0
0.0
0.0
0.0
0.0
0.0
0.0
0.0
0.0
0.0
0.0
0.0
0.0
0.75
0.0
0.0
0.0
0.0
0.0
0.0
0.0
0.0
0.0
0.0
1.0
0.0
0.0
0.0
0.0
0.0
0.0
0.0
0.0
0.0
0.0
0.0
0.0
0.0
0.0
0.0
0.0
0.0
0.0
0.0
0.25
0.0
0.0
0.25
0.0
0.0
0.0
0.0
0.0
0.0
0.0
0.0
0.0
0.0
0.0
0.0
0.0
0.0
0.0
0.0
0.0
0.0
0.0
0.0
0.75
0.0
0.0
0.0
0.0
0.0
0.0
0.0
0.0
0.0
0.0
0.0
0.0
0.0
0.0
0.0
0.0
0.0
0.0
0.0
0.0
0.0
0.0
0.0
0.0
0.0
0.0
0.0
0.0
0.0
0.0
0.0
0.0
0.0
0.0
0.0
0.0
0.0
0.0
0.0
0.0
0.0
0.0
0.0
0.0
0.0
0.0
0.0
0.0
0.0
0.0
0.0
0.0
0.0
0.0
0.0
0.0
0.0
0.0
0.0
0.0
0.0
0.0
0.0
0.0
0.5
0.0
0.0
0.0
0.0
0.0
0.0
0.0
0.0
0.0
0.0
0.0
0.0
0.0
0.0
0.0
0.0
0.0
0.0
0.0
0.0
0.0
0.0
0.0
0.0
0.0
0.0
0.0
0.0
0.0
0.0
0.0
0.0
0.0
0.0
0.0
0.0
0.0
0.0
0.0
0.0
0.75
0.5
0.25
0.0
0.0
0.0
0.0
0.0
0.0
0.25
0.0
0.0
0.0
0.0
0.0
0.0
0.0
0.0
0.0
0.0
0.0
0.0
0.0
0.0
0.0
0.0
0.0
0.0
0.0
0.0
0.0
0.0
0.0
0.0
0.0
0.0
0.0
0.0
0.0
0.0
0.0
0.0
0.0
0.0
0.0
0.0
0.0
0.0
0.0
0.0
0.5
0.0
0.0
0.0
0.0
0.0
0.0
0.0
0.0
0.0
0.0
0.0
0.0
0.0
0.0
0.0
0.0
0.0
0.0
0.0
0.0
0.0
0.0
0.0
0.0
0.0
0.0
0.0
0.0
0.0
0.0
0.0
0.0
0.0
0.0
0.0
0.0
0.0
0.0
0.0
0.0
0.0
0.0
0.0
0.0
0.0
0.0
0.0
0.0
0.0
0.0
0.0
0.0
0.0
0.0
0.0
0.0
0.0
0.0
0.0
0.0
0.0
0.0
0.0
0.25
0.0
0.0
0.0
0.0
0.0

Average_Alpha:
0.10000999999999999
0.10004999999999999
0.10008999999999998
0.10013
0.10016999999999993
0.10020999999999992
0.10024999999999994
0.10028999999999993
0.10032999999999986
0.10036999999999986
0.10040999999999989
0.10044999999999987
0.10048999999999982
0.1005299999999998
0.10056999999999981
0.10060999999999981
0.10064999999999974
0.10068999999999974
0.10072999999999975
0.10076999999999975
0.10080999999999969
0.10084999999999966
0.10088999999999969
0.10092999999999969
0.10096999999999963
0.10100999999999963
0.10104999999999963
0.10108999999999964
0.10112999999999955
0.10116999999999957
0.10120999999999956
0.10124999999999958
0.1012699999999995
0.10130999999999948
0.1013499999999995
0.10138999999999951
0.10142999999999942
0.10146999999999944
0.10150999999999943
0.10152999999999943
0.10156999999999937
0.10160999999999935
0.10164999999999938
0.10168999999999938
0.10172999999999931
0.1017699999999993
0.10180999999999932
0.10184999999999932
0.10188999999999925
0.10192999999999924
0.10196999999999926
0.10200999999999925
0.10204999999999918
0.10208999999999918
0.1021299999999992
0.10216999999999919
0.10220999999999912
0.10221999999999912
0.10221999999999912
0.10222999999999914
0.10224999999999906
0.10228999999999905
0.10232999999999906
0.10236999999999907
0.102409999999999
0.102449999999999
0.10248999999999898
0.10252999999999901
0.10256999999999894
0.10260999999999892
0.10263999999999894
0.10267999999999894
0.10269999999999888
0.10273999999999886
0.10277999999999887
0.10281999999999888
0.10285999999999881
0.10289999999999881
0.10293999999999882
0.10297999999999882
0.10301999999999875
0.10305999999999875
0.10309999999999875
0.10312999999999876
0.10316999999999868
0.10320999999999868
0.10324999999999869
0.10328999999999869
0.10332999999999863
0.10336999999999862
0.10340999999999863
0.10344999999999863
0.10348999999999856
0.10352999999999857
0.10356999999999857
0.10360999999999858
0.1036499999999985
0.10368999999999849
0.10371999999999851
0.1037599999999985
0.10379999999999845
0.10383999999999843
0.10387999999999843
0.10391999999999846
0.10395999999999839
0.10399999999999837
0.10403999999999838
0.1040799999999984
0.10411999999999833
0.10415999999999832
0.10419999999999832
0.10423999999999833
0.10427999999999825
0.10431999999999825
0.10435999999999825
0.10439999999999827
0.10443999999999819
0.10447999999999819
0.1045199999999982
0.1045599999999982
0.10459999999999814
0.10463999999999811
0.10466999999999814
0.10470999999999814
0.10474999999999807
0.10478999999999807
0.10482999999999808
0.10486999999999808
0.104909999999998
0.104949999999998
0.104989999999998
0.10502999999999801
0.10506999999999794
0.10510999999999794
0.10514999999999794
0.10518999999999795
0.10522999999999788
0.10526999999999788
0.1053099999999979
0.10534999999999789
0.10538999999999783
0.10542999999999782
0.10546999999999783
0.10548999999999782
0.10552999999999775
0.10556999999999775
0.10555999999999775
0.10557999999999777
0.10561999999999769
0.1056599999999977
0.1056999999999977
0.1057399999999977
0.10577999999999763
0.10581999999999764
0.10585999999999764
0.10589999999999763
0.10593999999999756
0.10597999999999758
0.10601999999999757
0.10605999999999757
0.10609999999999749
0.10613999999999751
0.10617999999999751
0.10621999999999751
0.10625999999999744
0.10629999999999744
0.10633999999999745
0.10637999999999743
0.10641999999999739
0.10645999999999738
0.1064999999999974
0.10653999999999737
0.10657999999999732
0.10661999999999731
0.10665999999999733
0.10669999999999732
0.10673999999999725
0.10676999999999726
0.10680999999999727
0.10684999999999727
0.1068899999999972
0.1069299999999972
0.10696999999999722
0.1070099999999972
0.10704999999999715
0.10708999999999713
0.10712999999999716
0.10716999999999714
0.10720999999999709
0.10724999999999707
0.10728999999999708
0.10732999999999708
0.10736999999999701
0.10740999999999701
0.10744999999999702
0.10748999999999702
0.10752999999999695
0.10756999999999695
0.10760999999999696
0.10764999999999696
0.10768999999999689
0.1077299999999969
0.1077699999999969
0.1078099999999969
0.10784999999999682
0.10788999999999684
0.10792999999999683
0.10796999999999683
0.10800999999999675
0.10804999999999676
0.10808999999999676
0.10812999999999677
0.10816999999999669
0.1082099999999967
0.10824999999999671
0.1082899999999967
0.10832999999999665
0.10836999999999664
0.10840999999999665
0.10844999999999663
0.10848999999999658
0.10852999999999657
0.10856999999999659
0.10860999999999658
0.10864999999999651
0.10868999999999651
0.10872999999999652
0.10876999999999651
0.10878999999999646
0.10882999999999646
0.10886999999999647
0.10890999999999645
0.10894999999999641
0.10898999999999638
0.1090299999999964
0.10906999999999639
0.10910999999999633
0.10914999999999632
0.10918999999999633
0.10922999999999636
0.10926999999999626
0.10930999999999627
0.10934999999999627
0.10938999999999628
0.1094299999999962
0.1094699999999962
0.10950999999999621
0.1095499999999962
0.10958999999999613
0.10962999999999615
0.10966999999999615
0.10970999999999614
0.10974999999999607
0.10978999999999607
0.10982999999999608
0.10986999999999608
0.10990999999999601
0.10994999999999601
0.10998999999999604
0.11002999999999602
0.11006999999999596
0.11010999999999595
0.11012999999999595
0.11016999999999597
0.11020999999999588
0.11024999999999588
0.11028999999999592
0.1103299999999959
0.11036999999999585
0.11040999999999583
0.11044999999999584
0.11048999999999583
0.11052999999999577
0.11056999999999577
0.11060999999999578
0.11064999999999578
0.11068999999999571
0.11072999999999569
0.11076999999999572
0.11080999999999572
0.11084999999999563
0.11088999999999563
0.11092999999999566
0.11096999999999566
0.11100999999999557
0.1110499999999956
0.1110899999999956
0.1111299999999956
0.11116999999999551
0.11120999999999552
0.11124999999999553
0.11128999999999553
0.11132999999999545
0.11136999999999546
0.11140999999999546
0.11144999999999547
0.11148999999999537
0.1115299999999954
0.11156999999999542
0.11160999999999541
0.11164999999999532
0.11163999999999533
0.11167999999999535
0.11171999999999534
0.11175999999999525
0.11179999999999526
0.11183999999999529
0.11187999999999527
0.11191999999999519
0.1119599999999952
0.11199999999999523
0.11203999999999521
0.11207999999999514
0.11211999999999514
0.11215999999999517
0.11219999999999515
0.11223999999999507
0.11227999999999508
0.11231999999999509
0.1123599999999951
0.112399999999995
0.11243999999999503
0.11247999999999504
0.11251999999999504
0.11255999999999494
0.11259999999999497
0.11263999999999497
0.11267999999999498
0.11271999999999488
0.1127599999999949
0.1127999999999949
0.11283999999999492
0.11287999999999482
0.11291999999999484
0.11295999999999483
0.11299999999999485
0.11303999999999476
0.11307999999999477
0.1131199999999948
0.11315999999999479
0.11319999999999471
0.11323999999999472
0.11327999999999472
0.11331999999999473
0.11335999999999465
0.11339999999999464
0.11343999999999466
0.11347999999999467
0.11351999999999458
0.11355999999999458
0.1135999999999946
0.1136399999999946
0.11367999999999452
0.11371999999999452
0.11375999999999453
0.11379999999999456
0.11383999999999445
0.11387999999999447
0.11391999999999447
0.11395999999999447
0.1139999999999944
0.1140399999999944
0.11407999999999441
0.11411999999999442
0.11415999999999432
0.11419999999999433
0.11423999999999436
0.11427999999999434
0.11431999999999426
0.11435999999999427
0.1143999999999943
0.11443999999999428
0.1144799999999942
0.11451999999999421
0.11455999999999424
0.11459999999999422
0.11463999999999415
0.11467999999999415
0.11471999999999417
0.11475999999999416
0.11479999999999407
0.11483999999999409
0.1148799999999941
0.11491999999999411
0.11495999999999401
0.11499999999999404
0.11503999999999405
0.11507999999999405
0.11511999999999395
0.11515999999999398
0.11519999999999397
0.11523999999999399
0.11527999999999389
0.11531999999999391
0.11535999999999391
0.11539999999999392
0.11543999999999383
0.11547999999999385
0.11551999999999384
0.11555999999999386
0.11559999999999376
0.11563999999999378
0.1156799999999938
0.1157199999999938
0.11575999999999372
0.11579999999999373
0.11583999999999373
0.11587999999999374
0.11591999999999365
0.11595999999999365
0.11599999999999366
0.11603999999999368
0.11604999999999359
0.1160899999999936
0.1161299999999936
0.11616999999999361
0.11620999999999353
0.11624999999999353
0.11628999999999354
0.11632999999999356
0.11636999999999345
0.11640999999999348
0.11644999999999348
0.11648999999999347
0.1165299999999934
0.1165699999999934
0.11660999999999341
0.11664999999999343
0.11668999999999333
0.11672999999999334
0.11676999999999337
0.11680999999999335
0.11684999999999328
0.11688999999999328
0.1169299999999933
0.11696999999999329
0.1170099999999932
0.11704999999999322
0.11708999999999324
0.11712999999999323
0.11716999999999315
0.11720999999999315
0.11724999999999318
0.11728999999999318
0.11732999999999308
0.1173699999999931
0.1174099999999931
0.11744999999999312
0.11748999999999302
0.11752999999999304
0.11756999999999306
0.11760999999999305
0.11764999999999295
0.11768999999999298
0.11772999999999298
0.11776999999999299
0.11780999999999289
0.11784999999999292
0.11788999999999292
0.11792999999999293
0.11796999999999283
0.11800999999999286
0.11804999999999286
0.11808999999999287
0.11812999999999278
0.11816999999999278
0.11820999999999281
0.1182499999999928
0.11828999999999272
0.11832999999999273
0.11836999999999273
0.11840999999999274
0.11844999999999266
0.11848999999999266
0.11852999999999267
0.1185699999999927
0.1186099999999926
0.11864999999999261
0.11868999999999261
0.11872999999999262
0.11876999999999253
0.11880999999999253
0.11884999999999254
0.11888999999999257
0.11892999999999246
0.11896999999999248
0.11900999999999248
0.11904999999999248
0.11908999999999241
0.11912999999999241
0.11916999999999242
0.11920999999999243
0.11924999999999233
0.11928999999999235
0.11932999999999237
0.11936999999999236
0.11940999999999229
0.11944999999999228
0.11948999999999231
0.1195299999999923
0.11956999999999221
0.11960999999999222
0.11964999999999225
0.11968999999999223
0.11972999999999216
0.11976999999999216
0.11980999999999219
0.11984999999999219
0.11988999999999209
0.11992999999999211
0.11996999999999211
0.12000999999999212
0.12004999999999202
0.12008999999999205
0.12012999999999206
0.12016999999999206
0.12020999999999196
0.12024999999999199
0.12028999999999199
0.120329999999992
0.1203699999999919
0.12040999999999193
0.12044999999999192
0.12048999999999194
0.12052999999999184
0.12056999999999186
0.12060999999999186
0.12064999999999187
0.12062999999999179
0.12066999999999178
0.12070999999999181
0.12074999999999181
0.12078999999999172
0.12082999999999174
0.12086999999999173
0.12090999999999175
0.12094999999999166
0.12098999999999167
0.12102999999999169
0.1210699999999917
0.1211099999999916
0.12114999999999161
0.12118999999999161
0.12122999999999162
0.12126999999999154
0.12130999999999155
0.12134999999999155
0.12138999999999156
0.12142999999999146
0.12146999999999149
0.12150999999999149
0.12154999999999148
0.12158999999999141
0.12162999999999141
0.12166999999999144
0.12169999999999144
0.12173999999999134
0.12177999999999137
0.12181999999999137
0.12185999999999138
0.12189999999999128
0.12193999999999129
0.12197999999999132
0.12201999999999132
0.12205999999999122
0.12209999999999124
0.12213999999999124
0.12217999999999125
0.12221999999999116
0.12225999999999118
0.12229999999999118
0.12233999999999119
0.1223799999999911
0.1224199999999911
0.12245999999999112
0.12249999999999112
0.12253999999999104
0.12257999999999104
0.12261999999999107
0.12265999999999107
0.12269999999999097
0.122739999999991
0.122779999999991
0.12281999999999099
0.12285999999999092
0.12289999999999092
0.12293999999999093
0.12296999999999093
0.12300999999999084
0.12304999999999086
0.12308999999999087
0.12312999999999087
0.12316999999999079
0.1232099999999908
0.12324999999999083
0.12328999999999081
0.12332999999999074
0.12336999999999074
0.12340999999999075
0.12344999999999075
0.12348999999999066
0.12352999999999068
0.1235699999999907
0.12360999999999069
0.1236499999999906
0.12368999999999061
0.12372999999999063
0.12376999999999064
0.12380999999999055
0.12384999999999056
0.12388999999999056
0.12392999999999058
0.12396999999999048
0.1240099999999905
0.12404999999999049
0.1240899999999905
0.12412999999999041
0.12416999999999043
0.12420999999999043
0.12424999999999045
0.12428999999999035
0.12432999999999038
0.12436999999999038
0.12440999999999039
0.12444999999999029
0.12448999999999032
0.12452999999999036
0.1245699999999904
0.12460999999999044
0.12464999999999048
0.1246899999999905
0.12472999999999054
0.12475999999999059
0.12479999999999061
0.12483999999999065
0.1248799999999907
0.12491999999999072
0.12495999999999077
0.12499999999999079
0.12503999999999085
0.1250799999999909
0.12511999999999093
0.12515999999999095
0.125199999999991
0.12523999999999103
0.12527999999999107
0.1253199999999911
0.12535999999999115
0.12539999999999116
0.1254399999999912
0.12547999999999124
0.12551999999999128
0.12555999999999132
0.12559999999999136
0.1256399999999914
0.12564999999999144
0.12567999999999147
0.1257199999999915
0.12575999999999155
0.12579999999999156
0.1258399999999916
0.12587999999999164
0.1259099999999917
0.12594999999999174
0.12598999999999178
0.12602999999999182
0.12606999999999183
0.1261099999999919
0.1261499999999919
0.12618999999999195
0.126229999999992
0.12626999999999203
0.12630999999999207
0.12634999999999208
0.12638999999999212
0.1264299999999922
0.1264699999999922
0.12650999999999227
0.12654999999999228
0.12658999999999232
0.12662999999999236
0.1266699999999924
0.12670999999999244
0.12674999999999248
0.1267899999999925
0.12682999999999253
0.1268699999999926
0.1269099999999926
0.12694999999999265
0.1269899999999927
0.12702999999999273
0.12705999999999276
0.1270699999999928
0.12710999999999284
0.12714999999999288
0.12718999999999292
0.12722999999999296
0.127269999999993
0.127309999999993
0.12734999999999305
0.1273899999999931
0.12742999999999313
0.12746999999999317
0.1275099999999932
0.12754999999999325
0.1275899999999933
0.1276299999999933
0.12766999999999337
0.1277099999999934
0.12774999999999342
0.1277899999999935
0.1278299999999935
0.12786999999999354
0.12790999999999358
0.12794999999999362
0.12798999999999366
0.1280299999999937
0.12806999999999374
0.12807999999999375
0.12811999999999382
0.12815999999999383
0.12819999999999387
0.12823999999999391
0.12827999999999395
0.12831999999999397
0.128359999999994
0.12839999999999407
0.1284399999999941
0.12847999999999413
0.1285199999999942
0.1285599999999942
0.12859999999999422
0.1286399999999943
0.12867999999999433
0.12871999999999434
0.1287599999999944
0.12879999999999445
0.12881999999999447
0.1288599999999945
0.12889999999999455
0.1289399999999946
0.12897999999999463
0.12901999999999464
0.12905999999999468
0.12909999999999472
0.12913999999999476
0.12917999999999477
0.12921999999999487
0.12925999999999485
0.1292999999999949
0.12933999999999493
0.129379999999995
0.129419999999995
0.12945999999999505
0.1294999999999951
0.12953999999999513
0.12957999999999514
0.1296199999999952
0.12965999999999525
0.12969999999999526
0.1297399999999953
0.12977999999999534
0.12981999999999538
0.1298599999999954
0.12989999999999544
0.1299399999999955
0.12997999999999552
0.13001999999999556
0.13005999999999562
0.13009999999999564
0.13013999999999568
0.13017999999999572
0.13021999999999576
0.1302599999999958
0.13027999999999582
0.13030999999999585
0.1303499999999959
0.13038999999999595
0.13042999999999597
0.13046999999999598
0.13050999999999605
0.13054999999999609
0.13057999999999612
0.13061999999999613
0.13065999999999617
0.1306999999999962
0.13073999999999625
0.1307799999999963
0.1308199999999963
0.13085999999999634
0.1308999999999964
0.13092999999999644
0.1309699999999965
0.13100999999999652
0.13104999999999659
0.13108999999999657
0.13112999999999664
0.13116999999999665
0.1312099999999967
0.13124999999999673
0.13128999999999677
0.1313299999999968
0.13136999999999682
0.13140999999999686
0.13144999999999693
0.13148999999999694
0.13152999999999698
0.13156999999999702
0.13160999999999706
0.1316399999999971
0.1316599999999971
0.13169999999999718
0.1317399999999972
0.1317799999999972
0.13181999999999727
0.1318599999999973
0.13189999999999735
0.1319399999999974
0.1319799999999974
0.13201999999999744
0.1320599999999975
0.13209999999999752
0.13213999999999756
0.13217999999999763
0.13221999999999764
0.13225999999999766
0.1322999999999977
0.13233999999999774
0.13237999999999778
0.1324199999999978
0.13245999999999786
0.1324999999999979
0.1325399999999979
0.13257999999999798
0.13261999999999802
0.13265999999999803
0.13269999999999807
0.1327399999999981
0.13277999999999815
0.13281999999999816
0.13285999999999823
0.13289999999999827
0.13293999999999828
0.13297999999999832
0.13301999999999836
0.1330599999999984
0.13309999999999844
0.13313999999999845
0.1331799999999985
0.13321999999999856
0.13325999999999857
0.1332999999999986
0.13333999999999865
0.13334999999999866
0.13337999999999872
0.13341999999999873
0.13345999999999877
0.13349999999999881
0.13353999999999885
0.1335799999999989
0.13361999999999896
0.133659999999999
0.13369999999999901
0.13373999999999905
0.1337799999999991
0.13381999999999913
0.13385999999999917
0.1338999999999992
0.13393999999999923
0.13397999999999927
0.1340199999999993
0.13405999999999932
0.13409999999999936
0.1341399999999994
0.13417999999999944
0.13421999999999945
0.13425999999999955
0.13426999999999956
0.1343099999999996
0.13434999999999966
0.1343899999999997
0.13442999999999972
0.13446999999999976
0.1345099999999998
0.13454999999999984
0.13458999999999985
0.13462999999999992
0.13466999999999996
0.13471
0.13475000000000004
0.13479000000000008
0.1348300000000001
0.13487000000000016
0.1349100000000002
0.1349500000000002
0.13498000000000027
0.13502000000000033
0.13506000000000035
0.1351000000000004
0.13514000000000045
0.13518000000000047
0.1352200000000005
0.13526000000000055
0.1353000000000006
0.13534000000000065
0.13538000000000067
0.1354200000000007
0.13546000000000075
0.1355000000000008
0.13554000000000083
0.13558000000000087
0.1356200000000009
0.13566000000000097
0.135700000000001
0.13574000000000103
0.1357800000000011
0.13582000000000113
0.13585000000000116
0.13589000000000118
0.1359300000000012
0.13597000000000128
0.1360100000000013
0.1360500000000013
0.1360900000000014
0.13613000000000142
0.13617000000000146
0.13621000000000152
0.13625000000000154
0.13629000000000158
0.13633000000000164
0.13637000000000166
0.13641000000000172
0.13645000000000176
0.13649000000000178
0.13653000000000182
0.13657000000000186
0.1366000000000019
0.13663000000000192
0.13667000000000196
0.13671000000000202
0.13675000000000206
0.1367900000000021
0.13683000000000214
0.13687000000000216
0.13691000000000222
0.13695000000000224
0.13699000000000228
0.13702000000000233
0.1370500000000024
0.13709000000000243
0.13713000000000244
0.13717000000000246
0.13721000000000252
0.13725000000000256
0.1372900000000026
0.13733000000000264
0.13737000000000268
0.13741000000000272
0.13745000000000276
0.1374900000000028
0.13753000000000287
0.1375600000000029
0.13760000000000291
0.137640000000003
0.13768000000000302
0.13772000000000303
0.13776000000000313
0.13780000000000314
0.13784000000000315
0.1378800000000032
0.13792000000000326
0.13796000000000327
0.13800000000000334
0.13804000000000338
0.1380800000000034
0.1381200000000034
0.1381500000000035
0.13816000000000353
0.13820000000000357
0.13824000000000358
0.13828000000000365
0.1383200000000037
0.1383600000000037
0.13840000000000377
0.1384400000000038
0.13848000000000382
0.13852000000000392
0.13856000000000393
0.13860000000000397
0.13864000000000395
0.13868000000000405
0.13872000000000406
0.13876000000000413
0.13880000000000417
0.13884000000000418
0.13888000000000422
0.1389200000000043
0.1389600000000043
0.13900000000000434
0.1390400000000044
0.13908000000000445
0.13912000000000446
0.13915000000000452
0.13919000000000453
0.1392300000000046
0.1392700000000046
0.13931000000000465
0.1393500000000047
0.13939000000000476
0.13943000000000477
0.13947000000000484
0.13951000000000485
0.13953000000000493
0.13957000000000494
0.13961000000000498
0.13965000000000505
0.13969000000000506
0.13973000000000507
0.13977000000000517
0.13978000000000518
0.13982000000000522
0.13986000000000523
0.13990000000000533
0.13994000000000534
0.13998000000000538
0.14002000000000542
0.14006000000000546
0.1400900000000055
0.14011000000000554
0.14015000000000555
0.14019000000000562
0.14023000000000566
0.1402700000000057
0.14031000000000574
0.14035000000000578
0.14039000000000582
0.14043000000000586
0.1404700000000059
0.14051000000000594
0.14055000000000598
0.14059000000000602
0.14063000000000606
0.1406700000000061
0.1407100000000061
0.14075000000000618
0.14079000000000622
0.14083000000000623
0.14087000000000632
0.14091000000000634
0.14095000000000635
0.14099000000000644
0.14103000000000646
0.14107000000000647
0.14111000000000656
0.14115000000000658
0.14119000000000662
0.14123000000000666
0.1412700000000067
0.14131000000000674
0.14135000000000675
0.14139000000000682
0.14143000000000683
0.1414700000000069
0.14151000000000694
0.14155000000000698
0.141580000000007
0.14162000000000705
0.14164000000000707
0.14167000000000712
0.14171000000000716
0.14175000000000723
0.14179000000000724
0.14183000000000728
0.1418700000000073
0.14191000000000736
0.14195000000000738
0.14199000000000744
0.14203000000000748
0.14207000000000755
0.14211000000000756
0.14215000000000763
0.14219000000000764
0.14223000000000768
0.14227000000000772
0.14231000000000776
0.1423500000000078
0.14239000000000787
0.14243000000000786
0.14247000000000792
0.14251000000000794
0.142550000000008
0.14259000000000802
0.14263000000000806
0.1426700000000081
0.14271000000000816
0.14275000000000815
0.14279000000000827
0.14283000000000828
0.1428600000000083
0.14290000000000833
0.14294000000000842
0.14298000000000843
0.14302000000000847
0.1430600000000085
0.14310000000000855
0.14314000000000857
0.14318000000000863
0.14322000000000865
0.1432600000000087
0.14330000000000873
0.1433400000000088
0.1433800000000088
0.14342000000000887
0.1434600000000089
0.14350000000000893
0.14354000000000894
0.14358000000000903
0.14362000000000907
0.1436600000000091
0.14370000000000915
0.1437400000000092
0.1437800000000092
0.14382000000000925
0.14386000000000929
0.14390000000000935
0.14394000000000937
0.14398000000000943
0.14402000000000945
0.14406000000000949
0.14410000000000953
0.14414000000000957
0.1441800000000096
0.14422000000000967
0.1442600000000097
0.14430000000000973
0.1443400000000098
0.14438000000000983
0.14442000000000985
0.14446000000000989
0.14449000000000992
0.14453000000000998
0.14457000000001
0.14461000000001006
0.1446500000000101
0.14469000000001014
0.14473000000001016
0.14477000000001022
0.14481000000001024
0.1448500000000103
0.14489000000001034
0.14493000000001038
0.14497000000001042
0.14493000000001047
0.14497000000001048
0.14501000000001057
0.14505000000001056
0.14508000000001064
0.14512000000001063
0.14516000000001072
0.14520000000001074
0.14524000000001078
0.1452800000000108
0.14532000000001086
0.14536000000001087
0.14540000000001094
0.14544000000001098
0.14548000000001104
0.14552000000001103
0.1455600000000111
0.1456000000000111
0.14564000000001118
0.14568000000001122
0.14572000000001128
0.14576000000001127
0.14580000000001136
0.14584000000001138
0.14588000000001142
0.14592000000001143
0.14596000000001152
0.1460000000000115
0.14604000000001158
0.1460800000000116
0.14612000000001166
0.14616000000001167
0.14620000000001176
0.14624000000001178
0.14628000000001182
0.14632000000001183
0.14636000000001193
0.1464000000000119
0.146440000000012
0.14648000000001202
0.14652000000001206
0.14656000000001207
0.14660000000001214
0.14664000000001215
0.14668000000001222
0.14672000000001226
0.14676000000001233
0.1468000000000123
0.14684000000001238
0.1468800000000124
0.14692000000001246
0.1469600000000125
0.14700000000001257
0.14704000000001255
0.14708000000001265
0.14712000000001266
0.1471600000000127
0.1472000000000127
0.1472400000000128
0.1472800000000128
0.14732000000001286
0.14736000000001287
0.14740000000001294
0.14744000000001295
0.14748000000001305
0.14752000000001306
0.1475600000000131
0.1476000000000131
0.1476400000000132
0.1476800000000132
0.14772000000001329
0.1477600000000133
0.14780000000001334
0.14784000000001335
0.14788000000001342
0.14792000000001343
0.1479600000000135
0.14800000000001354
0.1480400000000136
0.1480800000000136
0.14812000000001366
0.14816000000001367
0.14820000000001374
0.14824000000001378
0.14828000000001385
0.14832000000001383
0.14836000000001393
0.14840000000001394
0.14844000000001398
0.148480000000014
0.14852000000001409
0.14856000000001407
0.14860000000001414
0.14864000000001415
0.14868000000001422
0.14872000000001423
0.14876000000001433
0.14880000000001434
0.14884000000001438
0.1488800000000144
0.14892000000001449
0.14896000000001447
0.14900000000001457
0.14904000000001458
0.14908000000001462
0.14912000000001463
0.1491600000000147
0.1492000000000147
0.14924000000001478
0.14928000000001482
0.14932000000001489
0.14936000000001487
0.14940000000001494
0.14944000000001495
0.14948000000001502
0.14952000000001506
0.14955000000001512
0.1495900000000151
0.14963000000001517
0.14967000000001518
0.14971000000001528
0.1497500000000153
0.14979000000001533
0.14983000000001537
0.14987000000001544
0.14991000000001542
0.14995000000001552
0.14999000000001553
0.1500100000000156
0.15005000000001562
0.15009000000001566
0.1501300000000157
0.15017000000001574
0.15021000000001575
0.15025000000001587
0.15029000000001583
0.1503300000000159
0.1503700000000159
0.150410000000016
0.15045000000001602
0.15049000000001606
0.15053000000001607
0.15057000000001616
0.15061000000001615
0.15065000000001624
0.15069000000001626
0.1507300000000163
0.15077000000001634
0.15081000000001638
0.1508500000000164
0.15089000000001648
0.15093000000001647
0.15097000000001656
0.15101000000001658
0.15105000000001662
0.15109000000001663
0.1511100000000167
0.15113000000001672
0.1511700000000168
0.1512100000000168
0.15122000000001687
0.15126000000001688
0.15130000000001695
0.15134000000001696
0.15138000000001703
0.15142000000001707
0.15146000000001708
0.15150000000001712
0.1515400000000172
0.1515800000000172
0.1516200000000173
0.1516600000000173
0.15170000000001732
0.15174000000001736
0.15178000000001743
0.15182000000001744
0.1518600000000175
0.15190000000001752
0.1519400000000176
0.1519800000000176
0.15202000000001767
0.15206000000001768
0.15210000000001772
0.1521400000000178
0.15218000000001783
0.1522200000000178
0.1522600000000179
0.15230000000001795
0.152340000000018
0.15237000000001802
0.15239000000001807
0.1524100000000181
0.15244000000001817
0.15248000000001816
0.15250000000001826
0.15252000000001822
0.1525600000000183
0.15260000000001833
0.1526400000000184
0.1526800000000184
0.15272000000001848
0.1527600000000185
0.15280000000001853
0.15284000000001857
0.15288000000001864
0.15292000000001865
0.15296000000001872
0.1530000000000187
0.15304000000001877
0.1530800000000188
0.15312000000001888
0.15316000000001886
0.153200000000019
0.15324000000001894
0.15328000000001904
0.15332000000001902
0.15336000000001912
0.15340000000001913
0.15344000000001917
0.1534800000000192
0.15352000000001928
0.15356000000001926
0.15360000000001936
0.15364000000001937
0.1536800000000194
0.15370000000001943
0.1537100000000195
0.15375000000001954
0.1537900000000196
0.1538300000000196
0.15387000000001969
0.1539100000000197
0.15395000000001974
0.15399000000001975
0.15403000000001985
0.15407000000001983
0.1541100000000199
0.15415000000001994
0.15419000000002
0.15423000000002
0.15427000000002006
0.15431000000002007
0.15435000000002014
0.15439000000002018
0.15443000000002025
0.15447000000002026
0.15451000000002033
0.1545500000000203
0.15459000000002038
0.1546300000000204
0.15467000000002049
0.15470000000002052
0.1546900000000206
0.1547300000000206
0.1547700000000206
0.15481000000002065
0.15485000000002072
0.15489000000002073
0.1549300000000208
0.1549700000000208
0.15501000000002088
0.1550500000000209
0.15509000000002096
0.15513000000002097
0.155170000000021
0.15521000000002105
0.15525000000002112
0.1552900000000211
0.15533000000002117
0.15537000000002124
0.15541000000002128
0.1554500000000213
0.15549000000002136
0.15553000000002137
0.1555700000000214
0.15561000000002145
0.15565000000002152
0.15569000000002153
0.1557300000000216
0.1557700000000216
0.15581000000002165
0.1558500000000217
0.15589000000002176
0.15593000000002175
0.15597000000002187
0.15601000000002188
0.1560500000000219
0.15609000000002193
0.156130000000022
0.156170000000022
0.15621000000002208
0.1562500000000221
0.15629000000002216
0.15633000000002217
0.15637000000002224
0.15641000000002225
0.1564500000000223
0.15649000000002233
0.1565300000000224
0.15657000000002239
0.15661000000002245
0.15665000000002252
0.15669000000002256
0.15673000000002257
0.15677000000002264
0.15681000000002265
0.1568500000000227
0.15689000000002273
0.1569300000000228
0.1569700000000228
0.15700000000002284
0.15704000000002288
0.15708000000002295
0.15712000000002296
0.15716000000002306
0.15720000000002304
0.1572400000000231
0.15728000000002315
0.1573200000000232
0.1573600000000232
0.1573900000000233
0.1574300000000233
0.15747000000002337
0.15751000000002338
0.15755000000002342
0.15759000000002346
0.1576300000000235
0.1576700000000235
0.1577100000000236
0.1577500000000236
0.15779000000002366
0.15781000000002368
0.15785000000002375
0.15789000000002382
0.15793000000002383
0.15797000000002384
0.1580100000000239
0.15805000000002395
0.158090000000024
0.15813000000002397
0.1581700000000241
0.1582100000000241
0.15825000000002415
0.1582900000000242
0.15833000000002423
0.15837000000002424
0.1584100000000243
0.15845000000002432
0.1584900000000244
0.15851000000002444
0.15855000000002445
0.15859000000002446
0.15863000000002456
0.15867000000002457
0.15871000000002464
0.15875000000002468
0.15879000000002472
0.15883000000002473
0.1588700000000248
0.1589100000000248
0.15895000000002488
0.1589700000000249
0.15900000000002495
0.15904000000002497
0.15908000000002506
0.15912000000002507
0.15916000000002511
0.15920000000002515
0.1592400000000252
0.1592800000000252
0.15932000000002527
0.1593600000000253
0.15940000000002535
0.15944000000002537
0.15948000000002543
0.15952000000002545
0.15956000000002551
0.15960000000002555
0.1596400000000256
0.1596800000000256
0.15972000000002567
0.15976000000002571
0.15980000000002575
0.1598400000000258
0.15988000000002583
0.15992000000002585
0.1599600000000259
0.16000000000002593
0.160040000000026
0.160080000000026
0.16012000000002607
0.1601600000000261
0.16020000000002613
0.16024000000002617
0.16028000000002623
0.16032000000002625
0.16036000000002634
0.16040000000002635
0.1604400000000264
0.16048000000002643
0.16052000000002647
0.1605600000000265
0.16060000000002655
0.16063000000002656
0.16064000000002662
0.16068000000002666
0.16072000000002667
0.1607500000000267
0.1607900000000268
0.1608300000000268
0.16087000000002688
0.16091000000002692
0.16095000000002696
0.16099000000002697
0.16103000000002704
0.16107000000002705
0.16111000000002712
0.16115000000002713
0.16119000000002717
0.1612300000000272
0.16127000000002728
0.1613100000000273
0.16135000000002736
0.16139000000002737
0.16143000000002747
0.16147000000002745
0.1615100000000275
0.16155000000002753
0.1615900000000276
0.1616300000000276
0.16167000000002768
0.1617100000000277
0.16175000000002773
0.16179000000002777
0.16183000000002784
0.16187000000002785
0.16191000000002792
0.16195000000002796
0.16199000000002797
0.16203000000002798
0.16207000000002808
0.1621100000000281
0.16215000000002816
0.1621900000000282
0.16223000000002824
0.16227000000002825
0.16231000000002832
0.16235000000002833
0.1623900000000284
0.1624300000000284
0.16247000000002845
0.1625100000000285
0.16255000000002856
0.16259000000002857
0.16263000000002864
0.16267000000002865
0.16271000000002875
0.16275000000002873
0.16279000000002877
0.1628300000000288
0.16287000000002888
0.1629100000000289
0.16295000000002896
0.16299000000002897
0.163030000000029
0.16305000000002906
0.16309000000002913
0.16313000000002914
0.1631700000000292
0.1632100000000292
0.16325000000002926
0.1632900000000293
0.16333000000002937
0.16337000000002935
0.16341000000002942
0.16345000000002943
0.1634900000000295
0.16353000000002954
0.1635700000000296
0.16361000000002962
0.1636500000000297
0.16369000000002967
0.16373000000002974
0.16377000000002978
0.16381000000002985
0.16385000000002986
0.1638900000000299
0.16393000000002994
0.16395000000003
0.16399000000003003
0.16403000000003007
0.16407000000003008
0.16411000000003015
0.16415000000003016
0.16419000000003023
0.16423000000003027
0.1642700000000303
0.16427000000003034
0.1643100000000304
0.16435000000003042
0.16439000000003048
0.1644300000000305
0.16447000000003056
0.16451000000003058
0.16455000000003064
0.16459000000003063
0.16463000000003072
0.1646700000000307
0.16471000000003078
0.16475000000003082
0.16479000000003088
0.1648300000000309
0.164870000000031
0.16491000000003095
0.16495000000003102
0.16499000000003106
0.16503000000003112
0.16507000000003114
0.1651100000000312
0.16515000000003122
0.16519000000003128
0.16523000000003127
0.16527000000003136
0.16531000000003138
0.16535000000003144
0.16539000000003148
0.16543000000003152
0.1654700000000315
0.1655100000000316
0.16555000000003162
0.16559000000003168
0.16563000000003172
0.16567000000003176
0.16571000000003178
0.16575000000003184
0.16579000000003186
0.16583000000003192
0.16587000000003196
0.165910000000032
0.165950000000032
0.16599000000003206
0.1660300000000321
0.16607000000003216
0.16611000000003218
0.16615000000003227
0.16619000000003226
0.1662300000000323
0.16627000000003234
0.1663100000000324
0.16635000000003242
0.16639000000003248
0.1664300000000325
0.16647000000003256
0.16651000000003255
0.16655000000003264
0.16659000000003266
0.16663000000003272
0.16667000000003276
0.1667100000000328
0.1667500000000328
0.1667900000000329
0.1668300000000329
0.16687000000003296
0.166910000000033
0.16695000000003304
0.16699000000003306
0.16703000000003312
0.16707000000003314
0.1671100000000332
0.16715000000003324
0.1671900000000333
0.16723000000003327
0.16727000000003334
0.16731000000003338
0.16735000000003344
0.16739000000003346
0.16743000000003355
0.16747000000003354
0.1675100000000336
0.16755000000003362
0.16759000000003368
0.1676300000000337
0.1676700000000338
0.16763000000003375
0.16765000000003383
0.16769000000003384
0.16773000000003396
0.16777000000003392
0.167810000000034
0.16785000000003403
0.1678900000000341
0.1679300000000341
0.16797000000003412
0.1680100000000342
0.16805000000003423
0.16809000000003424
0.16813000000003434
0.16817000000003435
0.1682100000000344
0.1682500000000344
0.16829000000003447
0.16833000000003448
0.1683700000000346
0.16841000000003456
0.16845000000003466
0.16849000000003467
0.16853000000003474
0.16857000000003472
0.16861000000003482
0.16865000000003483
0.1686900000000349
0.16873000000003488
0.16877000000003498
0.16881000000003496
0.16885000000003503
0.16889000000003507
0.1689300000000351
0.16897000000003512
0.16901000000003524
0.1690500000000352
0.16909000000003527
0.1691300000000353
0.16917000000003538
0.1692100000000354
0.16925000000003546
0.16929000000003547
0.16933000000003554
0.16937000000003552
0.16941000000003562
0.16945000000003563
0.1694600000000357
0.1694100000000357
0.16943000000003577
0.1694700000000358
0.16951000000003585
0.16955000000003584
0.16959000000003593
0.16963000000003595
0.169670000000036
0.16971000000003603
0.1697500000000361
0.16979000000003608
0.16983000000003615
0.16987000000003616
0.16990000000003624
0.1699200000000363
0.16996000000003633
0.17000000000003632
0.1700400000000364
0.17008000000003642
0.1701200000000365
0.17016000000003648
0.17020000000003654
0.17024000000003656
0.17028000000003662
0.17032000000003666
0.17036000000003673
0.17040000000003672
0.1704400000000368
0.1704800000000368
0.17052000000003686
0.1705600000000369
0.17060000000003697
0.17064000000003698
0.17068000000003705
0.17072000000003704
0.1707600000000371
0.17080000000003712
0.1708400000000372
0.17088000000003722
0.1709100000000373
0.17094000000003728
0.17098000000003735
0.1710200000000374
0.17106000000003746
0.17110000000003744
0.1711400000000375
0.17118000000003752
0.1712200000000376
0.17126000000003763
0.17130000000003767
0.17134000000003768
0.1713800000000378
0.17142000000003776
0.17146000000003783
0.17150000000003784
0.17154000000003794
0.17158000000003792
0.171620000000038
0.171660000000038
0.1717000000000381
0.17174000000003808
0.17178000000003818
0.1718200000000382
0.17186000000003826
0.17190000000003824
0.17193000000003833
0.17197000000003834
0.17200000000003843
0.17204000000003838
0.17208000000003848
0.1721200000000385
0.17216000000003856
0.17220000000003854
0.17223000000003863
0.17222000000003865
0.17217000000003874
0.17221000000003875
0.17225000000003882
0.17229000000003883
0.17233000000003887
0.17237000000003888
0.17241000000003898
0.172450000000039
0.17249000000003903
0.17253000000003904
0.1725700000000391
0.17261000000003912
0.1726500000000392
0.1726900000000392
0.1727300000000393
0.17277000000003928
0.17281000000003938
0.17285000000003936
0.17289000000003943
0.17293000000003947
0.17297000000003954
0.17301000000003952
0.17305000000003962
0.1730900000000396
0.17313000000003967
0.17317000000003968
0.17321000000003978
0.17325000000003976
0.17329000000003983
0.17333000000003984
0.17337000000003994
0.17341000000003992
0.17345000000004002
0.17349000000004003
0.1735300000000401
0.1735700000000401
0.17361000000004015
0.17365000000004016
0.17369000000004026
0.17373000000004027
0.1737700000000403
0.17381000000004032
0.1738500000000404
0.1738900000000404
0.17393000000004047
0.17397000000004048
0.17401000000004058
0.17405000000004056
0.17409000000004066
0.17413000000004064
0.1741700000000407
0.17421000000004075
0.17425000000004082
0.1742900000000408
0.1743300000000409
0.17437000000004088
0.17441000000004095
0.17445000000004096
0.17449000000004106
0.17453000000004104
0.1745700000000411
0.17461000000004112
0.17465000000004122
0.17468000000004122
0.1747100000000413
0.17475000000004126
0.17479000000004136
0.17483000000004137
0.17487000000004144
0.17491000000004148
0.17495000000004154
0.17499000000004153
0.17503000000004157
0.1750700000000416
0.17511000000004168
0.1751500000000417
0.17519000000004178
0.17523000000004174
0.17527000000004186
0.17531000000004185
0.17535000000004192
0.17539000000004193
0.17543000000004202
0.17547000000004204
0.17551000000004208
0.1755500000000421
0.17559000000004216
0.17563000000004217
0.17567000000004224
0.17571000000004225
0.1757500000000423
0.1757900000000423
0.1758300000000424
0.1758700000000424
0.17591000000004248
0.17595000000004252
0.17599000000004258
0.17603000000004254
0.17607000000004264
0.17611000000004265
0.17615000000004272
0.17619000000004276
0.17623000000004282
0.1762700000000428
0.17631000000004285
0.1763500000000429
0.17639000000004296
0.17643000000004297
0.17647000000004306
0.17651000000004302
0.17653000000004315
0.17657000000004314
0.1766100000000432
0.1766500000000432
0.17669000000004328
0.1767300000000433
0.17677000000004336
0.17681000000004338
0.17685000000004344
0.17689000000004346
0.17693000000004352
0.1769700000000435
0.17701000000004358
0.17705000000004362
0.17709000000004368
0.17713000000004367
0.1771700000000438
0.17721000000004375
0.17725000000004384
0.17729000000004386
0.17733000000004392
0.17737000000004394
0.177410000000044
0.17745000000004402
0.17749000000004408
0.1775300000000441
0.17757000000004416
0.17761000000004415
0.17765000000004422
0.17769000000004426
0.17772000000004431
0.17767000000004435
0.1776600000000444
0.17770000000004443
0.1777400000000445
0.17778000000004449
0.17782000000004455
0.17786000000004457
0.17790000000004466
0.17794000000004467
0.1779800000000447
0.17802000000004475
0.1780600000000448
0.1781000000000448
0.1781400000000449
0.1781800000000449
0.17822000000004493
0.178260000000045
0.17830000000004503
0.17834000000004505
0.17838000000004514
0.17842000000004515
0.1784600000000452
0.1785000000000452
0.17853000000004526
0.1785700000000453
0.17861000000004537
0.17865000000004538
0.17869000000004545
0.17873000000004544
0.1787700000000455
0.17881000000004554
0.17885000000004558
0.17889000000004562
0.1789300000000457
0.1789700000000457
0.17901000000004577
0.1790300000000458
0.17907000000004583
0.17910000000004583
0.17914000000004593
0.17918000000004594
0.179220000000046
0.17926000000004602
0.1793000000000461
0.17934000000004607
0.17938000000004614
0.17942000000004618
0.17944000000004623
0.17948000000004627
0.1795200000000463
0.17956000000004632
0.1795600000000464
0.17960000000004642
0.17964000000004648
0.1796800000000465
0.17972000000004656
0.17976000000004658
0.17980000000004664
0.17984000000004666
0.17988000000004672
0.17992000000004674
0.1799600000000468
0.18000000000004682
0.18004000000004686
0.18008000000004687
0.18010000000004697
0.18014000000004696
0.18018000000004705
0.18022000000004704
0.1802600000000471
0.18029000000004713
0.1802900000000472
0.18033000000004723
0.1803700000000473
0.18041000000004728
0.1804500000000474
0.18049000000004736
0.18053000000004743
0.18057000000004747
0.18061000000004754
0.18065000000004752
0.1806800000000476
0.18066000000004762
0.1806800000000477
0.18072000000004773
0.18076000000004777
0.18080000000004778
0.18084000000004782
0.18088000000004786
0.18092000000004793
0.18096000000004792
0.18100000000004804
0.181040000000048
0.1810800000000481
0.1811200000000481
0.18116000000004817
0.18120000000004818
0.18124000000004828
0.18128000000004824
0.18132000000004833
0.18136000000004834
0.1814000000000484
0.18144000000004842
0.18148000000004852
0.1815200000000485
0.18156000000004857
0.18160000000004856
0.18164000000004865
0.18168000000004866
0.18172000000004873
0.18176000000004877
0.1818000000000488
0.1818400000000488
0.1818800000000489
0.1819200000000489
0.18196000000004897
0.182000000000049
0.18204000000004905
0.18208000000004906
0.18212000000004916
0.18216000000004914
0.1822000000000492
0.1822400000000492
0.18228000000004932
0.18232000000004928
0.18236000000004937
0.18240000000004938
0.18244000000004945
0.18248000000004946
0.18252000000004956
0.18256000000004952
0.1826000000000496
0.18264000000004962
0.1826600000000497
0.18270000000004966
0.18274000000004978
0.18278000000004976
0.18281000000004985
0.18285000000004986
0.18289000000004996
0.18293000000004994
0.18297000000005
0.18301000000005002
0.1830500000000501
0.1830900000000501
0.18313000000005017
0.18317000000005018
0.18321000000005025
0.18325000000005026
0.18329000000005036
0.1833300000000503
0.18337000000005044
0.1834100000000504
0.1834500000000505
0.18349000000005047
0.18353000000005057
0.18357000000005058
0.18361000000005065
0.18365000000005066
0.18369000000005073
0.1837300000000507
0.1837700000000508
0.18381000000005082
0.1838500000000509
0.1838900000000509
0.183930000000051
0.18397000000005095
0.18401000000005108
0.18405000000005106
0.18409000000005113
0.18413000000005114
0.18417000000005124
0.18421000000005122
0.1842500000000513
0.18425000000005126
0.18420000000005138
0.18423000000005138
0.18427000000005142
0.18431000000005143
0.18435000000005156
0.18439000000005154
0.1844300000000516
0.18447000000005165
0.18451000000005172
0.18455000000005167
0.18459000000005177
0.18463000000005178
0.18467000000005185
0.1847100000000519
0.18475000000005193
0.18479000000005194
0.184830000000052
0.18487000000005202
0.1849100000000521
0.18495000000005207
0.1849900000000522
0.18503000000005215
0.18507000000005225
0.18511000000005226
0.18515000000005233
0.18519000000005234
0.18523000000005244
0.18527000000005242
0.1853100000000525
0.1853500000000525
0.18539000000005257
0.18543000000005258
0.18547000000005268
0.18551000000005266
0.1855500000000527
0.1855900000000527
0.18563000000005284
0.18567000000005282
0.1857100000000529
0.18575000000005293
0.185790000000053
0.18583000000005295
0.18587000000005305
0.18591000000005306
0.18595000000005313
0.18596000000005314
0.1860000000000532
0.18604000000005322
0.1860800000000533
0.1861200000000533
0.18616000000005337
0.18620000000005338
0.18624000000005347
0.18628000000005346
0.18632000000005353
0.18636000000005357
0.18636000000005362
0.1864000000000536
0.1864400000000537
0.1864800000000537
0.18652000000005378
0.18656000000005377
0.18660000000005386
0.18664000000005387
0.18668000000005394
0.18672000000005395
0.18676000000005402
0.186800000000054
0.1868400000000541
0.18688000000005411
0.18692000000005418
0.18696000000005417
0.18700000000005426
0.18704000000005425
0.18708000000005431
0.18712000000005435
0.18715000000005444
0.18719000000005442
0.18723000000005446
0.1872600000000545
0.1873000000000546
0.1873400000000546
0.18738000000005464
0.18742000000005468
0.18746000000005475
0.18750000000005473
0.18754000000005483
0.18758000000005481
0.18762000000005488
0.1876600000000549
0.18770000000005496
0.18774000000005497
0.18778000000005504
0.18782000000005505
0.18786000000005515
0.1879000000000551
0.18794000000005523
0.18798000000005521
0.18802000000005528
0.18806000000005532
0.18807000000005536
0.18811000000005537
0.18815000000005547
0.18819000000005548
0.18823000000005555
0.18827000000005556
0.18831000000005563
0.1883500000000556
0.18839000000005568
0.18843000000005572
0.1884700000000558
0.18851000000005577
0.1885500000000559
0.18859000000005585
0.18863000000005592
0.18867000000005596
0.18871000000005603
0.188750000000056
0.1887900000000561
0.18883000000005612
0.1888700000000562
0.1889100000000562
0.18895000000005627
0.18899000000005625
0.18903000000005632
0.18907000000005633
0.1891100000000564
0.1891500000000564
0.1891900000000565
0.1892300000000565
0.1892700000000566
0.18931000000005657
0.18935000000005664
0.18939000000005665
0.18943000000005675
0.18947000000005676
0.18951000000005683
0.18955000000005684
0.1895900000000569
0.1896300000000569
0.18967000000005696
0.189710000000057
0.18975000000005707
0.18979000000005705
0.18983000000005718
0.18987000000005713
0.1899100000000572
0.18995000000005724
0.1899900000000573
0.1900300000000573
0.1900700000000574
0.1901100000000574
0.19015000000005747
0.19019000000005748
0.19023000000005755
0.19027000000005753
0.1903100000000576
0.1903500000000576
0.19039000000005768
0.1904300000000577
0.1904700000000578
0.19051000000005777
0.19055000000005787
0.19059000000005785
0.19063000000005792
0.19065000000005794
0.190690000000058
0.19073000000005802
0.19077000000005812
0.1908100000000581
0.19085000000005817
0.19089000000005815
0.19093000000005828
0.19097000000005823
0.1910100000000583
0.19105000000005834
0.1910900000000584
0.19113000000005842
0.19117000000005852
0.19121000000005847
0.19125000000005857
0.19129000000005858
0.19133000000005865
0.19137000000005866
0.19141000000005876
0.19145000000005874
0.1914900000000588
0.1915300000000588
0.1915700000000589
0.1916100000000589
0.19165000000005897
0.19169000000005898
0.19173000000005908
0.19177000000005903
0.19181000000005913
0.19185000000005914
0.1918900000000592
0.19193000000005922
0.1919700000000593
0.1920100000000593
0.1920500000000594
0.19209000000005938
0.19213000000005945
0.19217000000005943
0.19221000000005956
0.1922500000000595
0.19226000000005963
0.1922800000000596
0.19231000000005968
0.19235000000005967
0.1923900000000598
0.19243000000005975
0.19247000000005987
0.19251000000005986
0.19255000000005992
0.19258000000005995
0.19262000000006002
0.19266000000006003
0.1927000000000601
0.19274000000006009
0.19278000000006018
0.1928200000000602
0.19286000000006023
0.19290000000006027
0.19294000000006037
0.19298000000006033
0.1930200000000604
0.1930600000000604
0.1931000000000605
0.1931400000000605
0.19318000000006058
0.1932200000000606
0.19326000000006066
0.19330000000006067
0.19334000000006074
0.19338000000006073
0.19342000000006082
0.19346000000006083
0.19350000000006087
0.1935400000000609
0.19358000000006098
0.19362000000006097
0.19366000000006106
0.19370000000006105
0.19374000000006114
0.19378000000006113
0.19382000000006122
0.19386000000006123
0.1939000000000613
0.1939400000000613
0.19398000000006138
0.19402000000006137
0.19406000000006146
0.19410000000006147
0.1941400000000615
0.19418000000006155
0.1942000000000616
0.19424000000006159
0.1942800000000617
0.19432000000006167
0.1943600000000618
0.19440000000006177
0.19444000000006187
0.19448000000006185
0.19452000000006195
0.19456000000006193
0.194600000000062
0.194640000000062
0.19468000000006208
0.1947200000000621
0.1947600000000622
0.19480000000006217
0.19484000000006227
0.19488000000006223
0.19492000000006232
0.19496000000006233
0.1950000000000624
0.19504000000006244
0.1950800000000625
0.1951200000000625
0.1951600000000626
0.19520000000006257
0.19524000000006264
0.19528000000006268
0.19532000000006275
0.19536000000006273
0.19540000000006283
0.1954400000000628
0.19548000000006288
0.19552000000006287
0.195560000000063
0.19560000000006295
0.19564000000006307
0.19568000000006305
0.19572000000006315
0.19576000000006313
0.19580000000006323
0.1958400000000632
0.19588000000006328
0.1959200000000633
0.19596000000006336
0.19600000000006337
0.19604000000006347
0.19608000000006345
0.19612000000006355
0.1961600000000635
0.1962000000000636
0.1962400000000636
0.19628000000006368
0.19632000000006372
0.1963600000000638
0.19640000000006377
0.19644000000006387
0.19648000000006385
0.19652000000006392
0.19656000000006396
0.19660000000006403
0.196640000000064
0.1966800000000641
0.1967200000000641
0.19675000000006418
0.19679000000006416
0.19683000000006426
0.19687000000006424
0.19691000000006434
0.19695000000006432

Avalanche_Distribution:
2
2
9
3
1
2
1
1
1
2
7
1
2
2
5
3
6
1
1
1
4
1
4
3
2
3
1
1
3
4
3
1
1
2
2
1
4
1
2
3
3
1
3
1
1
8
1
1
2
4
3
3
3
4
5
6
1
1
2
2
3
4
1
2
2
4
10
14
3
2
1
1
15
2
2
15
1
2
1
2
4
2
1
4
9
2
1
14
3
4
1
1
3
2
5
1
1
2
1
