
Branching_global:
0.7200000039999997
0.7200001309999998
0.7200002969999996
0.7200005529999993
0.7200008509999991
0.7200010639999989
0.7200012609999986
0.7200014509999985
0.7200017549999982
0.7200020489999981
0.720002375999998
0.7200025349999976
0.7200029179999974
0.7200032589999972
0.7200034919999971
0.7200038779999968
0.7200041879999965
0.7200042939999964
0.7200045989999962
0.720004821999996
0.7200051379999958
0.7200055819999956
0.7200057959999953
0.7200059589999951
0.7200061269999949
0.7200063189999948
0.7200067029999946
0.7200068009999943
0.720007233999994
0.7200076039999939
0.7200076359999937
0.7200079169999934
0.7200080819999932
0.720008344999993
0.7200087969999928
0.7200089759999926
0.7200092259999924
0.7200097709999923
0.7200098619999921
0.7200103009999919
0.7200106279999916
0.7200109619999914
0.7200111669999911
0.720011199999991
0.7200116169999908
0.7200119719999905
0.7200122449999904
0.7200125079999901
0.7200126829999899
0.7200129119999897
0.7200130479999894
0.7200133829999893
0.720013592999989
0.7200138129999889
0.7200143289999885
0.7200146949999883
0.7200147029999882
0.720015009999988
0.7200151029999877
0.7200153999999875
0.7200159539999872
0.7200159229999872
0.7200163499999869
0.7200165939999866
0.7200167599999865
0.7200170769999863
0.7200177009999861
0.7200176979999858
0.7200180499999856
0.7200180729999854
0.7200183039999851
0.720018754999985
0.7200189959999848
0.7200192529999847
0.7200194259999844
0.7200195279999841
0.720019807999984
0.7200202679999838
0.7200204139999835
0.7200208029999833
0.7200209229999831
0.720021200999983
0.7200217869999826
0.7200219049999825
0.7200221449999823
0.720022529999982
0.7200226349999819
0.7200228579999817
0.7200232129999814
0.7200235279999813
0.720023746999981
0.7200241069999809
0.7200244129999805
0.7200246619999805
0.7200246109999802
0.7200251309999799
0.7200255239999798
0.7200255869999795
0.7200257429999795
0.7200259099999791

Autocorrelation:
-0.0030441023946190717
-0.0030441040291379114
-0.0030441061655978154
-0.003044109460384268
-0.003044113295729132
-0.003044116037104738
-0.0030441185725590893
-0.003044121017924499
-0.0030441249305159838
-0.0030441287144117985
-0.0030441329230398483
-0.0030441349694404827
-0.0030441398988300793
-0.0030441442876712084
-0.0030441472865042215
-0.003044152254538874
-0.0030441562444210772
-0.003044157608705384
-0.0030441615342461197
-0.0030441644044009292
-0.0030441684715338774
-0.0030441741861284327
-0.003044176940466443
-0.0030441790383995927
-0.0030441812006890482
-0.0030441836718801433
-0.0030441886142723923
-0.0030441898756142258
-0.003044195448696267
-0.0030442002109276915
-0.003044200622796939
-0.0030442042395277783
-0.003044206363234286
-0.003044209748298871
-0.0030442155659911093
-0.0030442178699053397
-0.003044221087667523
-0.003044228102408793
-0.0030442292736801487
-0.0030442349241096983
-0.0030442391329831915
-0.0030442434319649355
-0.003044246070566539
-0.003044246495317397
-0.0030442518626322486
-0.0030442564319415263
-0.003044259945812518
-0.0030442633309766946
-0.0030442655834658503
-0.0030442685310130115
-0.0030442702815236243
-0.0030442745934503327
-0.0030442772964543677
-0.0030442801281771866
-0.0030442867698716137
-0.0030442914808556
-0.003044291583828062
-0.0030442955354007535
-0.0030442967324586655
-0.003044300555326306
-0.0030443076862187017
-0.003044307287196909
-0.0030443127834079934
-0.0030443159241074877
-0.0030443180608159775
-0.0030443221411638535
-0.003044330173168718
-0.003044330134553222
-0.003044334665443291
-0.0030443349614961567
-0.0030443379348993704
-0.003044343740129166
-0.0030443468422661963
-0.0030443501503600577
-0.003044352377212612
-0.0030443536901558566
-0.0030443572943186534
-0.0030443632154587316
-0.0030443650947811264
-0.0030443701020262943
-0.0030443716466805374
-0.003044375225134569
-0.0030443827682297667
-0.003044384287150325
-0.0030443873764841828
-0.0030443923323015256
-0.0030443936838904138
-0.003044396554411094
-0.003044401124083395
-0.003044405178872644
-0.0030444079979219146
-0.0030444126319849976
-0.0030444165709478848
-0.0030444197761886806
-0.0030444191196931144
-0.0030444258133844465
-0.003044430872286718
-0.003044431683257089
-0.0030444336913757575
-0.003044435841094987

Average_Activity:
0.0
0.0
0.0
0.0
0.0
0.5
1.0
0.0
0.0
0.0
0.0
0.0
0.0
0.0
0.0
0.0
0.0
0.0
0.25
0.5
0.25
4.0
6.25
0.75
1.5
1.75
2.0
1.75
3.0
4.0
0.5
0.0
0.0
0.0
0.0
0.25
0.0
0.25
0.0
0.5
0.0
0.0
0.0
0.25
1.5
0.0
0.0
0.0
0.0
0.0
2.0
0.0
0.25
0.0
0.0
0.25
0.0
0.75
0.0
0.0
0.25
0.0
0.25
0.75
0.25
0.0
0.0
0.0
0.0
0.25
0.5
0.75
1.0
0.0
0.0
0.0
0.0
0.0
0.0
0.5
0.5
0.0
0.25
0.5
0.0
1.0
0.75
0.0
0.0
0.0
0.0
0.0
1.25
0.0
0.0
0.0
0.0
0.0
0.75
0.0
0.0
0.25
0.5
0.0
0.0
0.25
0.0
2.25
3.0
2.25
0.0
0.0
0.5
0.75
2.25
0.0
0.0
0.25
0.75
0.5
0.0
0.25
1.0
0.0
0.0
0.0
0.0
0.0
0.0
0.0
0.0
0.0
0.0
0.75
0.0
0.0
0.0
0.25
0.0
0.0
0.0
0.5
0.0
0.25
0.0
0.0
0.0
0.0
0.0
3.0
6.25
3.5
0.0
0.25
0.0
0.75
0.5
0.25
0.0
0.5
0.0
0.0
0.0
0.25
0.75
0.25
0.0
0.0
0.0
0.0
0.25
0.75
1.0
0.0
0.75
2.5
0.75
2.75
0.25
0.0
0.0
0.0
0.0
0.0
0.25
0.25
0.5
0.5
0.0
0.0
0.0
0.0
0.25
0.0
0.0
0.0
0.0
0.0
0.25
1.25
1.0
0.25
0.0
0.75
0.0
0.0
0.0
0.75
0.0
0.0
0.0
0.25
0.25
0.0
0.0
0.0
0.0
0.25
0.0
0.0
0.25
0.25
0.0
0.0
0.0
0.0
1.75
0.5
0.0
0.0
0.5
0.0
0.0
0.5
1.5
0.25
0.0
0.0
0.25
0.0
0.25
0.0
0.0
0.0
0.5
0.25
0.75
0.0
0.5
0.5
0.0
0.25
0.0
0.0
0.0
0.0
0.0
0.25
0.5
2.5
4.0
3.25
0.5
0.0
0.0
0.0
0.0
0.25
0.0
0.75
0.75
0.25
0.0
0.0
0.0
0.5
0.0
0.0
0.0
0.5
0.0
0.0
0.5
0.5
0.0
0.0
0.25
0.0
0.0
0.0
0.0
0.25
0.0
0.0
0.0
0.0
0.0
0.0
0.0
0.0
0.0
0.75
0.5
0.0
0.0
0.0
0.0
0.0
0.75
0.25
0.0
0.0
0.0
0.0
0.0
0.0
0.0
0.25
0.0
0.0
0.0
0.0
0.25
0.0
1.25
0.75
0.0
0.0
0.0
0.0
0.0
0.0
0.0
0.0
0.0
0.0
1.25
2.75
3.5
0.5
0.0
0.25
0.0
0.0
0.0
0.0
0.0
0.5
0.25
0.0
0.0
0.25
0.25
0.25
0.0
0.0
0.0
0.0
0.0
0.0
0.0
0.25
0.5
0.0
0.0
0.25
0.5
0.25
0.0
0.0
0.0
0.0
0.0
0.0
0.0
0.0
0.75
0.0
0.75
0.0
0.25
0.0
0.0
1.25
0.5
0.0
0.0
0.0
0.0
0.0
0.0
2.0
1.0
0.25
0.75
0.0
0.0
0.0
0.0
1.0
1.25
1.0
0.0
0.0
0.0
0.0
0.75
0.0
0.0
2.25
3.75
0.75
0.25
0.25
0.0
0.0
0.25
0.0
0.0
0.0
0.0
0.25
1.0
2.0
1.5
0.25
0.0
0.0
0.25
0.0
0.0
0.0
0.0
1.25
0.75
0.0
0.0
0.0
0.0
0.0
0.0
0.0
0.0
0.0
0.0
0.0
0.25
0.0
1.75
1.75
2.75
1.25
0.0
1.75
0.25
0.0
0.0
0.0
0.0
0.0
0.0
1.25
0.0
0.0
0.0
0.0
0.0
0.0
0.25
0.0
0.25
0.25
0.0
0.0
0.0
0.0
0.0
1.5
1.5
0.0
0.0
0.25
0.0
0.0
0.0
1.5
0.25
0.0
0.0
0.0
0.0
0.25
0.0
0.25
0.25
0.0
0.5
0.0
0.0
0.25
0.0
0.0
0.5
0.0
0.0
0.25
0.25
0.25
0.25
0.25
1.5
1.25
0.25
0.0
0.0
0.0
0.0
0.0
0.25
0.0
0.0
0.0
1.25
0.0
0.25
0.25
0.0
0.0
0.0
0.0
0.0
0.0
0.25
1.5
0.0
0.0
0.25
0.0
0.75
0.0
0.0
0.75
0.25
0.0
0.5
1.5
0.0
0.25
0.0
0.0
0.0
0.25
0.75
1.5
0.0
0.0
0.0
0.5
0.25
0.25
0.0
0.5
0.25
0.25
0.25
0.75
3.25
0.5
0.25
0.0
0.0
0.5
0.0
0.0
0.25
0.0
0.0
0.0
0.0
0.0
0.25
0.0
0.25
0.0
0.25
0.0
0.25
1.75
3.25
3.25
4.5
3.0
2.5
1.5
0.0
0.25
0.0
0.0
0.0
0.25
0.75
0.75
0.75
0.0
0.5
0.25
0.25
0.0
0.0
0.0
1.75
0.25
0.0
0.0
0.75
1.0
0.0
0.25
0.0
0.0
0.0
0.25
0.25
0.0
0.75
0.5
0.0
0.0
0.0
1.25
0.0
0.0
0.0
0.0
0.0
0.0
0.5
1.25
0.0
0.0
0.25
0.25
0.0
0.0
0.0
0.0
0.5
0.0
0.0
0.0
0.0
0.0
0.75
0.75
0.0
0.25
0.0
0.0
0.0
0.0
0.0
0.0
0.0
0.0
0.25
0.25
0.5
0.0
1.5
0.0
1.0
0.25
0.5
0.0
0.0
0.0
0.0
0.0
0.0
0.0
0.0
0.0
0.0
0.25
0.0
0.0
0.0
0.5
0.0
0.0
0.0
0.0
0.5
0.0
0.0
0.0
0.0
1.0
3.0
0.0
0.0
0.0
0.0
0.0
0.0
0.0
0.0
0.0
0.0
0.0
0.25
0.0
0.0
0.75
1.5
1.5
0.0
0.0
0.0
0.0
0.0
0.25
1.0
1.5
0.0
0.0
0.25
0.5
2.25
1.25
5.25
4.0
4.25
1.5
0.25
0.0
0.0
0.0
0.5
0.0
0.5
0.0
0.0
0.0
1.0
0.0
0.25
0.5
0.0
0.0
0.25
0.0
0.0
0.0
1.5
0.0
0.0
0.25
1.5
3.5
1.0
0.5
0.25
0.0
0.0
0.5
0.5
0.0
0.0
0.0
0.0
0.0
0.25
1.25
0.25
1.0
1.0
0.25
0.0
0.5
0.0
0.25
0.0
0.75
0.5
0.0
0.0
0.0
0.0
0.0
0.0
0.0
0.0
0.25
0.0
0.25
0.0
0.5
0.0
0.0
0.25
0.5
0.0
0.25
1.25
0.0
0.0
0.0
0.0
0.0
0.0
1.0
0.25
0.75
2.25
0.25
0.0
0.0
0.0
0.0
0.0
1.0
0.0
0.0
0.0
0.0
0.0
0.25
0.25
0.25
0.25
0.0
0.0
0.0
0.0
0.25
0.75
0.0
0.0
0.0
0.25
0.0
0.5
0.75
0.0
0.0
0.25
0.25
0.0
0.0
0.25
3.0
0.0
0.0
0.0
0.5
2.5
1.25
0.0
0.25
3.5
1.5
0.0
0.0
0.0
0.75
1.75
0.5
0.25
0.0
0.0
0.0
0.0
0.0
0.0
0.25
0.0
0.25
0.0
0.0
0.25
0.0
0.5
0.75
0.0
0.0
0.0
0.0
0.0
0.0
0.0
0.25
0.0
0.0
0.25
0.0
0.0
0.0
0.5
0.0
0.0
0.0
0.0
0.0
0.0
0.0
0.25
0.0
0.25
0.0
0.0
0.25
0.5
0.25
0.0
0.0
0.5
0.25
0.0
0.0
0.0
0.0
0.0
0.0
0.25
0.0
0.0
0.0
0.25
0.25
0.0
0.0
0.0
0.0
0.0
0.0
0.0
0.0
0.0
0.5
0.0
0.25
0.0
0.0
0.0
0.25
0.0
0.0
0.25
0.0
0.0
0.0
0.0
0.25
0.5
1.0
0.0
0.25
0.25
0.0
0.5
1.5
1.25
0.0
0.75
1.25
0.0
0.25
0.0
0.0
0.0
0.0
0.5
0.0
0.0
0.0
0.75
0.5
0.0
0.0
0.0
0.0
0.25
0.0
0.0
0.0
1.0
0.0
0.25
0.0
0.0
0.0
0.0
0.0
0.0
0.0
0.25
0.25
0.0
0.0
0.0
0.0
0.25
0.25
0.5
0.0
0.0
0.0
1.5
0.25
0.0
0.25
0.0
0.5
0.25
0.75
0.0
0.25
0.25
0.5
0.0
0.25
0.25
0.0
0.0
0.0
0.25
0.0
0.0
0.0
0.0
0.0
0.0
0.5
0.0
0.0
0.25
0.0
0.75
1.25
0.0
0.0
0.0
0.0
0.75
0.25
0.0
0.0
1.0
0.75
0.0
0.0
1.0
0.25
0.0
0.0
0.0
0.0
0.5
0.75
0.5
0.0
0.5
1.75
2.5
1.5
1.5
0.0
0.0
0.25
0.0
0.0
0.0
0.0
0.25
0.0
0.0
0.0
0.5
0.0
0.0
0.0
0.0
0.0
2.0
1.75
0.0
0.0
0.0
1.0
0.25
0.75
0.75
0.0
0.25
1.25
0.0
0.0
0.0
0.5
0.0
0.0
0.0
0.25
0.0
0.25
0.25
0.25
0.75
0.0
0.25
0.25
0.0
0.5
0.25
0.25
0.0
0.0
0.25
0.0
1.25
1.75
1.0
1.0
0.0
0.0
0.0
0.0
0.0
0.0
0.0
0.0
0.0
0.0
0.0
0.0
0.5
0.0
0.0
0.0
1.5
1.0
0.0
0.25
1.0
0.25
0.0
0.0
0.0
0.0
0.25
2.0
0.25
0.5
0.25
0.0
0.0
0.0
0.0
0.25
1.5
2.0
0.5
0.0
0.0
0.0
1.25
2.0
0.5
0.0
0.0
0.75
1.5
0.25
1.5
0.5
0.0
0.0
0.0
1.5
0.0
0.0
0.0
0.0
0.5
0.5
0.5
0.5
0.0
0.25
0.0
0.0
0.25
0.0
0.0
0.0
0.0
0.0
0.0
0.0
1.0
1.75
2.0
0.25
0.0
0.0
0.0
0.0
0.25
0.25
0.0
0.0
0.0
1.75
0.0
0.0
0.0
0.0
0.25
2.5
4.0
2.25
3.0
0.0
0.0
0.0
0.75
0.5
0.0
0.25
0.0
0.75
0.0
0.0
0.0
0.25
0.25
0.0
0.0
0.0
0.25
0.0
1.0
4.75
2.0
0.0
0.0
0.25
0.0
0.0
0.5
0.25
0.0
0.0
0.25
0.0
0.0
0.5
0.0
0.0
0.0
0.0
1.25
0.5
0.5
0.25
0.0
1.0
2.0
0.0
0.25
0.0
0.75
0.0
0.0
0.0
0.0
0.75
1.5
0.25
0.25
1.25
0.5
0.0
0.0
0.0
0.75
0.5
0.0
0.0
0.25
0.75
0.0
0.0
0.0
0.25
0.0
0.0
0.0
0.0
0.25
1.5
0.0
0.5
0.0
0.0
0.0
0.25
0.0
0.0
0.0
0.0
0.0
0.0
0.0
0.0
0.5
0.75
0.25
0.0
1.0
1.5
1.5
1.0
1.5
0.75
0.0
0.0
0.0
0.0
0.25
0.0
0.0
0.0
0.0
0.25
0.5
0.0
0.0
0.0
0.0
0.0
0.0
0.25
0.75
1.75
0.25
0.5
0.25
0.5
0.0
0.0
0.5
0.0
0.0
0.0
0.0
0.25
0.0
0.0
0.0
0.5
0.25
0.0
0.0
0.0
0.75
0.5
1.5
0.0
0.0
0.0
0.75
0.25
0.0
0.0
0.5
2.25
3.5
1.75
0.0
0.0
0.0
0.0
0.0
0.0
0.0
0.0
0.0
0.0
0.0
0.0
0.0
0.25
1.25
0.25
0.0
0.0
0.5
0.25
0.0
0.25
0.0
1.25
3.5
1.25
1.0
0.75
0.0
0.0
0.25
0.0
0.0
0.25
0.0
0.0
0.0
0.0
0.0
0.0
1.0
1.0
0.0
0.0
0.5
0.0
0.0
0.0
1.25
0.0
0.0
0.75
0.0
1.25
0.0
0.0
0.0
0.0
0.25
0.25
0.5
1.0
0.0
1.75
0.5
0.25
0.0
0.0
0.0
1.0
0.0
0.0
0.0
0.0
0.0
0.25
0.0
0.0
0.0
0.0
0.0
0.0
0.0
0.0
0.0
0.25
0.5
1.25
0.0
0.5
1.0
0.0
0.5
0.25
0.0
0.0
0.0
1.25
0.0
0.0
0.0
0.0
0.0
0.0
0.0
0.25
0.75
0.0
1.25
0.0
0.0
0.0
0.0
0.0
0.0
0.75
0.25
0.0
0.0
0.25
0.0
0.25
0.0
0.0
0.0
0.0
0.25
0.5
0.0
0.0
0.75
1.75
0.0
0.0
1.75
0.75
0.25
0.75
0.5
1.0
1.0
0.75
2.0
3.25
1.5
0.5
0.0
0.25
0.25
0.0
0.0
0.5
0.0
0.0
0.0
0.0
0.0
0.0
0.75
0.0
0.0
0.25
0.0
0.0
0.5
1.25
2.0
0.25
0.25
0.0
0.0
0.75
0.5
0.0
0.0
0.0
0.0
0.5
0.0
0.0
0.0
0.0
0.5
0.5
0.0
0.0
0.0
0.75
0.25
0.25
0.0
0.0
0.0
0.5
0.75
0.0
0.0
0.0
0.25
0.0
0.25
0.25
0.0
0.0
0.0
0.0
0.0
1.25
0.25
0.0
0.25
0.0
0.0
0.0
0.0
0.5
0.0
0.5
2.25
0.5
0.25
0.0
0.0
0.25
0.5
0.0
0.25
0.0
0.0
0.0
0.0
0.0
0.0
0.0
0.0
1.25
1.25
0.25
0.0
0.5
0.0
0.0
0.0
0.0
0.0
0.25
0.0
0.5
0.0
0.25
0.0
0.0
0.75
0.0
0.0
0.25
0.0
0.0
0.5
0.0
1.0
0.25
0.0
0.0
0.0
0.25
1.5
0.25
0.0
0.0
0.5
0.0
0.25
1.25
0.0
0.75
1.5
0.5
0.0
0.25
0.5
0.0
1.5
3.0
2.75
0.5
0.25
0.0
0.0
0.0
0.25
1.25
0.25
0.0
0.5
0.5
0.0
0.0
0.0
0.0
0.0
0.0
0.0
0.0
0.0
0.0
0.0
0.0
0.0
0.0
0.0
0.0
0.5
0.0
0.0
0.5
0.0
0.0
1.0
0.25
0.5
0.0
0.0
0.0
0.0
0.0
0.0
0.25
1.5
3.0
2.25
0.0
0.0
0.0
0.0
0.25
0.0
0.25
0.0
0.0
0.25
1.75
4.0
2.5
0.0
0.0
0.0
0.0
0.25
0.0
0.5
0.0
0.0
0.0
0.0
0.0
0.0
1.75
0.75
0.25
0.0
0.0
0.75
2.5
0.5
0.0
0.0
0.25
0.0
0.0
0.0
0.0
0.0
0.5
0.25
0.0
0.0
0.5
0.5
0.75
0.0
0.0
0.0
0.0
0.75
2.25
0.0
0.0
0.0
0.0
0.5
1.0
0.5
0.0
0.0
0.0
0.25
0.25
0.0
0.25
0.5
2.25
2.25
2.5
1.0
0.0
0.75
0.0
0.5
0.0
0.0
0.0
0.0
0.0
0.0
0.0
0.0
0.0
0.5
1.5
1.25
0.0
0.0
0.25
0.0
0.0
0.5
0.25
0.25
0.0
1.0
0.0
0.0
0.0
0.0
0.0
0.0
0.0
0.0
0.25
0.0
0.0
0.0
0.75
0.0
1.25
0.0
0.25
1.0
0.5
0.0
0.0
0.0
0.75
0.75
0.0
0.0
0.0
0.25
0.0
0.25
1.0
0.0
0.25
0.0
0.0
0.25
1.0
0.25
1.0
0.5
0.25
0.5
0.25
0.5
0.5
3.75
8.0
4.75
1.0
0.0
0.5
0.5
0.25
0.25
0.0
0.0
0.25
0.75
0.0
0.0
0.0
1.5
0.0
0.0
0.5
0.25
0.0
0.25
0.0
0.75
0.0
0.0
1.25
1.25
0.25
0.0
0.0
0.0
0.0
0.0
0.25
0.25
0.0
0.25
0.25
0.5
0.75
0.0
0.25
0.0
0.0
0.5
0.25
0.0
0.0
0.0
0.0
0.0
0.0
0.0
0.0
0.0
0.0
0.5
1.5
0.0
0.25
0.0
0.0
0.0
0.0
0.0
0.5
0.25
0.0
0.0
0.0
0.0
0.0
0.0
0.0
0.0
0.0
0.0
0.25
0.0
0.0
0.75
0.25
0.0
0.5
0.0
0.0
0.0
0.5
0.0
1.25
1.5
1.0
0.25
1.25
0.0
0.0
0.0
1.0
1.75
0.25
0.0
0.25
0.75
2.75
2.75
0.75
0.0
0.5
0.0
0.0
0.0
0.0
0.0
0.0
0.0
0.0
0.0
1.0
0.5
0.0
0.0
0.0
0.0
0.25
0.0
0.5
0.75
0.25
0.0
0.0
0.0
0.0
0.0
0.0
1.25
0.5
0.0
0.25
0.75
0.25
0.0
0.0
0.0
0.0
0.0
0.0
0.0
0.0
0.25
0.75
1.25
0.25
0.0
0.0
0.0
0.0
0.0
0.25
0.5
0.25
0.0
0.0
0.0
0.0
0.0
0.0
0.25
0.0
0.25
0.0
0.0
0.0
0.0
1.0
0.5
0.0
0.0
0.0
0.5
1.5
0.0
0.0
0.0
0.0
0.25
0.5
0.0
0.0
0.0
0.25
0.0
0.0
0.75
1.25
0.5
0.0
0.0
0.0
0.0
0.0
0.75
0.0
0.0
0.0
0.25
0.0
0.5
0.25
0.75
0.25
0.5
1.25
0.0
0.0
0.0
0.0
0.0
0.0
1.75
0.0
0.0
0.0
0.0
0.0
0.0
0.0
0.0
0.0
0.0
0.0
0.0
0.25
0.5
2.25
1.5
1.0
0.0
0.75
1.0
0.25
2.75
1.0
1.75
2.0
0.5
0.0
0.0
1.0
1.0
0.0
0.0
0.75
0.25
0.25
0.0
0.0
0.5
0.0
0.0
0.0
0.0
0.0
0.0
0.0
0.0
0.0
0.0
0.25
0.25
0.25
0.0
0.25
0.75
1.75
1.25
0.5
0.0
0.0
0.25
2.0
1.75
0.0
0.5
0.0
0.0
1.25
1.0
0.0
0.0
0.0
0.75
2.25
0.25
0.25
1.0
0.5
0.25
0.0
0.0
0.0
0.0
1.0
0.75
0.0
0.0
0.25
0.0
0.25
0.0
0.0
0.0
0.0
0.0
0.0
0.0
0.0
0.0
0.0
0.0
0.0
0.0
0.25
0.0
0.25
2.75
0.25
0.0
0.0
0.0
0.0
0.0
0.0
0.0
0.25
0.0
0.0
0.0
0.0
0.0
0.75
0.5
0.0
0.0
0.0
0.0
0.5
1.0
0.0
0.0
0.0
0.0
0.0
0.25
0.75
0.25
0.0
0.0
0.5
0.0
0.0
0.0
0.0
0.25
0.0
0.0
0.0
0.0
0.0
0.25
0.0
0.0
0.5
0.0
0.0
0.75
0.5
0.5
0.0
0.0
0.0
0.0
0.0
0.0
0.0
0.5
0.5
0.5
1.25
0.0
0.0
0.25
1.25
3.0
1.0
1.0
0.0
0.0
1.25
0.25
0.75
0.0
0.0
0.0
0.0
0.0
0.25
0.0
0.75
1.0
0.0
0.0
0.0
0.0
0.0
0.25
1.25
2.0
0.0
0.0
0.0
0.0
0.0
0.0
0.25
0.25
0.0
0.0
0.25
0.0
0.0
0.0
0.25
0.0
0.0
0.0
0.0
0.0
0.0
0.0
0.0
0.0
1.5
1.0
0.0
0.0
0.0
0.5
0.0
0.0
0.0
0.0
0.0
0.0
0.75
0.25
0.5
0.25
0.0
0.75
0.0
0.0
0.25
0.75
0.25
0.75
0.0
0.25
0.25
0.0
0.0
0.0
0.0
0.0
1.0
1.25
0.75
0.5
0.0
0.0
0.0
0.0
0.0
0.25
0.0
0.0
0.75
1.0
1.25
1.0
1.75
2.25
1.25
1.25
0.5
0.0
0.0
1.0
0.0
0.5
0.0
0.0
0.0
0.0
0.25
0.5
0.5
0.0
0.25
0.0
0.0
0.0
0.0
0.0
0.0
0.0
0.0
1.0
0.25
1.75
1.75
0.5
0.25
0.0
0.0
0.0
0.0
0.0
0.0
0.0
0.5
0.0
1.25
2.75
0.25
0.0
0.5
0.5
0.0
0.0
0.0
0.25
1.0
4.0
3.0
0.5
0.0
0.0
0.25
0.0
0.0
0.25
0.5
0.0
0.0
0.0
0.0
0.0
1.25
0.25
0.0
0.0
1.5
1.0
0.75
0.25
0.5
0.75
0.25
1.0
0.0
0.0
0.25
0.0
0.0
0.5
0.0
0.0
0.0
0.0
1.5
0.5
0.0
0.25
0.25
1.5
4.25
1.25
0.0
0.0
2.5
3.0
1.75
0.5
0.0
0.0
0.0
0.0
0.0
1.0
0.0
0.5
0.5
0.0
0.0
0.0
0.0
0.0
0.5
0.0
0.0
0.5
0.25
0.0
0.0
0.0
0.5
0.0
0.0
0.0
0.0
0.0
0.0
0.0
0.0
0.0
0.0
1.25
0.5
0.0
1.5
2.5
0.75
0.25
1.25
0.5
0.25
0.0
0.0
0.0
0.25
0.0
0.0

Average_Alpha:
0.18000000099999994
0.180000005
0.18000000900000002
0.18000001299999993
0.18000001699999993
0.18000001899999998
0.18000001899999998
0.18000002299999995
0.18000002699999992
0.18000003099999998
0.18000003499999997
0.1800000389999999
0.18000004299999992
0.18000004699999997
0.180000051
0.1800000549999999
0.1800000589999999
0.18000006299999996
0.18000006599999996
0.18000006799999987
0.1800000709999999
0.18000005899999996
0.18000003799999997
0.1800000389999999
0.18000003699999992
0.18000003399999995
0.18000002999999995
0.18000002699999987
0.1800000189999999
0.18000000699999993
0.18000000899999993
0.1800000129999999
0.1800000169999999
0.18000002099999993
0.18000002499999992
0.18000002799999987
0.1800000319999999
0.18000003499999992
0.1800000389999999
0.1800000409999999
0.1800000449999999
0.1800000489999999
0.1800000529999999
0.18000005599999985
0.18000005399999985
0.1800000579999999
0.1800000619999999
0.18000006599999982
0.18000006999999985
0.18000007399999987
0.18000006999999987
0.18000007399999984
0.18000007699999984
0.18000008099999987
0.18000008499999987
0.18000008799999984
0.18000009199999983
0.1800000929999999
0.18000009699999986
0.1800001009999998
0.18000010399999983
0.18000010799999988
0.18000011099999988
0.18000011199999982
0.18000011499999982
0.18000011899999988
0.18000012299999987
0.18000012699999982
0.1800001309999998
0.18000013399999984
0.1800001359999999
0.18000013699999984
0.18000013699999984
0.18000014099999984
0.18000014499999986
0.1800001489999998
0.1800001529999998
0.18000015699999983
0.18000016099999985
0.1800001629999998
0.1800001649999998
0.18000016899999982
0.18000017199999982
0.1800001739999998
0.1800001779999998
0.18000017799999984
0.18000017899999982
0.18000018299999976
0.18000018699999976
0.1800001909999998
0.18000019499999978
0.18000019899999978
0.18000019799999978
0.18000020199999978
0.18000020599999983
0.18000020999999974
0.18000021399999974
0.1800002179999998
0.1800002189999998
0.18000022299999974
0.18000022699999976
0.1800002299999998
0.1800002319999998
0.18000023599999976
0.18000023999999973
0.18000024299999978
0.18000024699999978
0.18000024199999973
0.18000023399999976
0.1800002289999998
0.1800002329999998
0.1800002369999997
0.18000023899999973
0.18000023999999976
0.1800002349999998
0.1800002389999997
0.18000024299999973
0.18000024599999975
0.18000024699999975
0.18000024899999972
0.1800002529999997
0.18000025599999975
0.18000025599999975
0.1800002599999997
0.1800002639999997
0.1800002679999997
0.1800002719999997
0.1800002759999997
0.18000027999999968
0.18000028399999973
0.18000028799999973
0.18000029199999967
0.18000029599999967
0.1800002969999997
0.1800003009999997
0.18000030499999967
0.18000030899999966
0.1800003119999997
0.18000031599999972
0.1800003199999997
0.18000032399999966
0.1800003259999997
0.18000032999999968
0.18000033299999968
0.18000033699999965
0.1800003409999997
0.1800003449999997
0.18000034899999964
0.18000035299999964
0.1800003449999997
0.18000032399999968
0.18000031399999966
0.18000031799999966
0.1800003209999997
0.18000032499999968
0.18000032599999963
0.18000032799999963
0.18000033099999968
0.18000033499999968
0.18000033699999962
0.18000034099999962
0.18000034499999967
0.18000034899999967
0.1800003519999996
0.1800003529999996
0.18000035599999967
0.18000035999999967
0.18000036399999958
0.1800003679999996
0.18000037199999966
0.18000037499999966
0.18000037599999963
0.18000037599999963
0.18000037999999963
0.1800003809999996
0.18000037499999957
0.1800003759999996
0.18000036899999963
0.18000037199999963
0.1800003759999996
0.1800003799999996
0.18000038399999962
0.18000038799999962
0.18000039199999956
0.18000039499999956
0.18000039799999962
0.18000039999999962
0.18000040199999956
0.1800004059999996
0.18000040999999958
0.18000041399999958
0.18000041799999958
0.18000042099999955
0.1800004249999996
0.1800004289999996
0.18000043299999957
0.18000043699999954
0.1800004409999996
0.1800004439999996
0.18000044299999954
0.18000044299999957
0.18000044599999962
0.18000044999999956
0.18000045099999953
0.18000045499999953
0.18000045899999959
0.18000046299999958
0.18000046399999953
0.18000046799999955
0.18000047199999958
0.18000047599999955
0.18000047899999952
0.18000048199999952
0.18000048599999957
0.18000048999999957
0.18000049399999948
0.1800004979999995
0.18000050099999954
0.18000050499999953
0.1800005089999995
0.1800005119999995
0.18000051499999956
0.18000051899999955
0.1800005229999995
0.1800005269999995
0.18000053099999952
0.18000052799999952
0.1800005299999995
0.18000053399999952
0.18000053799999952
0.18000053999999951
0.18000054399999948
0.18000054799999948
0.1800005499999995
0.18000054799999954
0.18000055099999945
0.18000055499999945
0.1800005589999995
0.1800005619999995
0.18000056599999947
0.18000056899999947
0.1800005729999995
0.18000057699999952
0.18000058099999944
0.18000058299999946
0.1800005859999995
0.1800005869999995
0.18000059099999943
0.18000059299999943
0.18000059499999946
0.18000059899999946
0.18000060199999945
0.18000060599999942
0.18000060999999945
0.18000061399999945
0.18000061799999945
0.18000062199999944
0.18000062499999944
0.18000062699999944
0.1800006209999994
0.18000060899999942
0.18000059999999946
0.18000060199999945
0.1800006059999994
0.18000060999999942
0.18000061399999945
0.18000061799999945
0.1800006209999994
0.1800006249999994
0.18000062599999944
0.18000062699999944
0.18000062999999938
0.1800006339999994
0.1800006379999994
0.1800006419999994
0.1800006439999994
0.18000064799999937
0.18000065199999943
0.1800006559999994
0.1800006579999994
0.18000066199999937
0.1800006659999994
0.1800006679999994
0.18000066999999936
0.1800006739999994
0.18000067799999936
0.1800006809999994
0.18000068499999936
0.18000068899999938
0.18000069299999938
0.18000069699999938
0.18000069999999935
0.18000070399999937
0.1800007079999994
0.1800007119999994
0.18000071599999937
0.18000071999999934
0.1800007239999994
0.1800007279999994
0.18000073199999933
0.18000073599999933
0.18000073699999936
0.18000073899999935
0.18000074299999932
0.1800007469999993
0.18000075099999935
0.18000075499999935
0.18000075899999934
0.18000075999999934
0.18000076299999934
0.18000076699999934
0.1800007709999993
0.18000077499999934
0.18000077899999933
0.18000078299999933
0.18000078699999933
0.1800007909999993
0.18000079399999933
0.18000079799999932
0.18000080199999932
0.1800008059999993
0.18000080999999932
0.18000081299999932
0.18000081699999929
0.1800008159999993
0.1800008169999993
0.1800008209999993
0.18000082499999928
0.18000082899999928
0.1800008329999993
0.1800008369999993
0.18000084099999925
0.1800008449999993
0.18000084899999927
0.18000085299999927
0.18000085699999926
0.18000085599999927
0.18000084899999927
0.18000083899999927
0.18000084099999927
0.18000084499999927
0.18000084799999927
0.18000085199999927
0.18000085599999927
0.18000085999999926
0.18000086399999926
0.18000086799999926
0.18000086999999923
0.18000087299999926
0.18000087699999925
0.18000088099999925
0.18000088399999925
0.18000088699999925
0.18000088999999922
0.18000089399999925
0.18000089799999922
0.18000090199999924
0.18000090599999924
0.18000090999999924
0.18000091399999923
0.1800009179999992
0.18000092099999923
0.18000092299999923
0.1800009269999992
0.18000093099999923
0.18000093399999922
0.18000093599999922
0.1800009389999992
0.1800009429999992
0.18000094699999922
0.18000095099999922
0.18000095499999919
0.18000095899999918
0.1800009629999992
0.1800009669999992
0.1800009709999992
0.1800009719999992
0.18000097599999917
0.18000097699999917
0.18000098099999917
0.18000098399999917
0.18000098799999922
0.1800009919999992
0.18000099099999917
0.18000099299999917
0.1800009969999992
0.1800010009999992
0.18000100499999916
0.18000100899999916
0.18000101299999918
0.18000101699999915
0.18000101299999915
0.18000101299999915
0.18000101599999918
0.18000101699999912
0.18000102099999912
0.18000102499999915
0.18000102899999917
0.18000103299999914
0.18000103299999914
0.18000103199999912
0.18000103199999914
0.18000103599999914
0.18000103999999914
0.18000104399999914
0.18000104799999914
0.18000104899999914
0.1800010529999991
0.18000105699999913
0.18000105199999913
0.18000104099999914
0.1800010419999991
0.1800010449999991
0.1800010479999991
0.1800010519999991
0.1800010559999991
0.18000105899999908
0.1800010629999991
0.18000106699999913
0.18000107099999912
0.1800010749999991
0.1800010779999991
0.1800010779999991
0.1800010739999991
0.1800010719999991
0.1800010749999991
0.1800010789999991
0.18000108299999906
0.1800010859999991
0.1800010899999991
0.18000109399999908
0.18000109799999908
0.18000110199999905
0.1800011009999991
0.18000110199999908
0.18000110599999902
0.18000110999999908
0.18000111399999907
0.18000111799999904
0.18000112199999904
0.18000112599999904
0.1800011299999991
0.18000113399999906
0.18000113799999903
0.18000114199999906
0.18000114599999906
0.18000114899999906
0.18000115299999905
0.18000114999999903
0.18000114699999906
0.18000113999999906
0.180001138999999
0.18000114299999906
0.18000113999999906
0.18000114299999906
0.18000114699999903
0.18000115099999903
0.18000115499999905
0.180001158999999
0.180001162999999
0.18000116699999902
0.18000116599999902
0.18000116999999902
0.180001173999999
0.18000117799999898
0.18000118199999904
0.18000118599999904
0.18000118999999898
0.18000119299999898
0.18000119699999903
0.180001199999999
0.180001202999999
0.180001206999999
0.180001210999999
0.18000121499999897
0.18000121899999896
0.18000122299999902
0.18000122099999902
0.18000121899999896
0.18000122299999896
0.18000122699999896
0.18000122999999899
0.18000123399999898
0.18000123799999898
0.18000124199999898
0.18000123999999898
0.18000124299999898
0.18000124699999895
0.18000125099999895
0.18000125499999897
0.18000125899999894
0.1800012619999989
0.18000126599999897
0.18000126899999896
0.18000127199999894
0.18000127599999893
0.18000127799999893
0.18000128199999896
0.18000128599999893
0.1800012889999989
0.18000129299999892
0.18000129699999895
0.18000129899999895
0.18000130299999892
0.18000130699999892
0.18000130999999897
0.18000131299999894
0.18000131599999888
0.1800013189999989
0.18000132199999894
0.1800013199999989
0.1800013189999989
0.1800013219999989
0.18000132599999893
0.1800013299999989
0.1800013339999989
0.1800013379999989
0.1800013419999989
0.18000134499999887
0.18000134899999887
0.1800013529999989
0.18000135699999892
0.18000135599999892
0.1800013599999989
0.1800013629999989
0.18000136599999889
0.18000136999999888
0.18000137399999885
0.18000137799999888
0.1800013819999989
0.18000138599999885
0.18000138999999885
0.18000139299999884
0.18000139099999887
0.18000139499999887
0.18000139899999887
0.18000140199999884
0.18000140599999886
0.18000140699999886
0.18000141099999886
0.18000141499999883
0.18000141599999886
0.18000141899999886
0.18000142299999886
0.18000142499999885
0.18000142299999886
0.18000142699999885
0.1800014299999988
0.18000143399999882
0.18000143799999885
0.18000144199999885
0.18000144499999882
0.18000144599999882
0.18000144399999884
0.18000144799999881
0.1800014519999988
0.18000145599999884
0.1800014579999988
0.1800014609999988
0.1800014639999988
0.1800014679999988
0.18000146999999883
0.1800014729999988
0.18000147599999877
0.1800014789999988
0.18000147999999883
0.18000147099999877
0.18000147299999877
0.1800014759999988
0.18000147999999883
0.1800014839999988
0.18000148599999874
0.1800014899999988
0.1800014939999988
0.1800014969999988
0.18000150099999876
0.18000150499999876
0.18000150899999878
0.1800015129999988
0.18000151699999872
0.18000151999999878
0.18000152399999877
0.18000152699999877
0.18000153099999874
0.18000153399999874
0.18000153799999877
0.18000154099999877
0.18000153799999874
0.18000152899999872
0.18000151999999875
0.18000150599999876
0.1800014979999987
0.18000149199999874
0.18000148999999874
0.18000149399999874
0.18000149699999873
0.18000150099999873
0.18000150499999876
0.18000150899999875
0.18000151199999875
0.18000151299999873
0.18000151399999872
0.18000151499999872
0.18000151899999872
0.18000152099999872
0.18000152399999872
0.18000152699999872
0.1800015309999987
0.1800015349999987
0.18000153899999874
0.1800015359999987
0.18000153899999868
0.18000154299999868
0.1800015469999987
0.1800015479999987
0.1800015479999987
0.1800015519999987
0.18000155499999868
0.18000155899999867
0.18000156299999867
0.18000156699999872
0.1800015699999987
0.1800015729999987
0.18000157699999866
0.1800015779999987
0.1800015799999987
0.18000158399999866
0.18000158799999866
0.18000159199999868
0.18000159099999866
0.18000159499999865
0.18000159899999865
0.18000160299999868
0.18000160699999865
0.18000161099999867
0.18000161499999864
0.18000161699999864
0.18000161599999864
0.18000161999999864
0.18000162399999864
0.1800016269999986
0.18000162999999864
0.18000163399999866
0.18000163799999863
0.18000164199999863
0.18000164599999863
0.18000164799999863
0.18000165199999862
0.18000165599999862
0.18000165999999862
0.18000166399999862
0.18000166799999862
0.18000166899999862
0.18000166999999861
0.1800016739999986
0.1800016769999986
0.1800016809999986
0.1800016849999986
0.18000168899999858
0.18000169299999857
0.18000169699999863
0.1800017009999986
0.1800017049999986
0.1800017089999986
0.18000171199999856
0.18000171499999862
0.1800017169999986
0.1800017209999986
0.1800017189999986
0.1800017229999986
0.1800017229999986
0.18000172599999856
0.18000172799999856
0.18000173199999858
0.18000173599999858
0.18000173999999855
0.18000174399999855
0.18000174799999857
0.18000175199999857
0.18000175599999857
0.18000175999999857
0.18000176399999857
0.18000176799999854
0.18000177099999853
0.18000177499999856
0.18000177899999859
0.18000178299999856
0.18000178499999853
0.18000178899999852
0.18000179299999855
0.18000179699999852
0.18000180099999852
0.18000180299999852
0.18000180699999854
0.1800018109999985
0.18000181499999854
0.18000181899999854
0.18000181899999854
0.1800018109999985
0.1800018149999985
0.1800018189999985
0.18000182299999853
0.1800018269999985
0.1800018309999985
0.1800018349999985
0.1800018389999985
0.1800018429999985
0.1800018469999985
0.18000185099999852
0.1800018549999985
0.1800018579999985
0.18000186199999849
0.18000186599999848
0.18000186699999848
0.18000186499999848
0.18000186299999849
0.18000186699999848
0.18000187099999848
0.18000187499999848
0.18000187899999848
0.18000188299999847
0.18000188599999847
0.18000188599999845
0.18000188399999845
0.18000188799999847
0.18000189199999847
0.18000189499999847
0.18000189699999844
0.18000189199999847
0.18000189099999847
0.18000187399999845
0.18000186199999846
0.18000184899999844
0.18000184699999847
0.18000184999999846
0.18000185399999843
0.18000185799999843
0.18000186199999846
0.18000186399999843
0.1800018679999984
0.1800018699999984
0.18000187399999845
0.18000187799999845
0.18000188199999842
0.18000188199999842
0.18000188599999842
0.18000188899999842
0.18000189099999842
0.18000189499999839
0.18000189899999844
0.1800019019999984
0.1800019059999984
0.1800019099999984
0.1800019139999984
0.1800019119999984
0.1800019159999984
0.1800019199999984
0.1800019229999984
0.1800019209999984
0.18000191099999838
0.18000191099999838
0.1800019129999984
0.18000191599999837
0.18000191999999837
0.18000192399999837
0.1800019259999984
0.18000192799999837
0.18000193199999837
0.18000193599999836
0.18000193999999836
0.1800019439999984
0.18000194799999839
0.18000195099999838
0.18000194999999838
0.18000195299999835
0.18000195299999835
0.18000195299999835
0.18000195599999835
0.18000195999999835
0.18000196199999835
0.18000196599999832
0.18000196899999835
0.18000197299999837
0.18000197399999832
0.18000197599999834
0.18000197999999837
0.18000198399999834
0.18000198799999834
0.18000199199999833
0.18000199599999833
0.18000199999999833
0.18000200399999833
0.18000200799999833
0.18000201099999832
0.18000201499999832
0.1800020179999983
0.18000202199999832
0.18000202399999832
0.18000202799999832
0.18000203199999829
0.18000203499999828
0.18000203699999834
0.1800020409999983
0.1800020439999983
0.1800020429999983
0.1800020469999983
0.18000205099999828
0.1800020549999983
0.18000205899999827
0.18000206299999832
0.1800020669999983
0.18000206699999827
0.18000206999999827
0.1800020709999983
0.18000206599999827
0.18000206899999827
0.18000207299999826
0.1800020769999983
0.18000208099999826
0.18000208499999826
0.18000208899999826
0.18000208899999828
0.18000209299999828
0.18000209699999825
0.18000210099999828
0.18000210499999827
0.18000210899999824
0.18000211199999824
0.18000211499999824
0.18000211799999824
0.18000212099999824
0.18000212499999824
0.18000212899999823
0.18000213299999826
0.18000213699999823
0.18000213999999823
0.18000214099999823
0.18000214499999825
0.18000214899999825
0.1800021529999982
0.18000215599999822
0.18000215999999822
0.18000216199999824
0.18000216299999824
0.18000216699999821
0.1800021709999982
0.1800021739999982
0.1800021769999982
0.18000218099999818
0.1800021849999982
0.1800021879999982
0.18000217999999818
0.18000218399999818
0.1800021879999982
0.18000219199999823
0.18000219399999814
0.18000218799999818
0.18000218699999818
0.18000219099999817
0.18000219399999814
0.18000218399999818
0.18000218199999818
0.18000218599999818
0.18000218999999817
0.18000219399999814
0.18000219499999817
0.1800021919999982
0.18000219399999814
0.18000219699999817
0.18000220099999817
0.1800022049999982
0.18000220899999816
0.18000221299999816
0.18000221699999816
0.18000222099999813
0.18000222399999813
0.18000222799999813
0.18000223099999815
0.18000223499999818
0.18000223899999815
0.18000224199999815
0.18000224599999815
0.18000224799999814
0.18000224899999814
0.1800022529999981
0.18000225699999814
0.18000226099999816
0.1800022649999981
0.18000226899999813
0.18000227299999813
0.18000227699999813
0.1800022799999981
0.1800022839999981
0.18000228799999812
0.18000229099999815
0.18000229499999812
0.18000229899999812
0.18000230299999812
0.18000230499999811
0.18000230899999808
0.18000231299999808
0.1800023169999981
0.1800023209999981
0.18000232499999808
0.1800023289999981
0.1800023329999981
0.18000233599999807
0.18000233999999807
0.18000234299999807
0.1800023469999981
0.1800023509999981
0.18000235399999806
0.18000235599999806
0.18000235899999809
0.18000236299999808
0.18000236699999805
0.18000236899999805
0.18000237199999805
0.18000237599999805
0.18000237999999807
0.18000238399999807
0.18000238799999807
0.18000239199999804
0.18000239599999804
0.18000239899999804
0.18000240299999806
0.18000240699999803
0.18000241099999806
0.18000241399999806
0.18000241699999806
0.18000242099999803
0.18000242499999802
0.18000242899999802
0.18000243299999807
0.180002436999998
0.18000244099999804
0.18000244499999804
0.180002448999998
0.180002452999998
0.180002454999998
0.180002458999998
0.18000246199999806
0.18000246599999797
0.18000246999999803
0.18000247399999803
0.180002476999998
0.180002480999998
0.180002484999998
0.180002487999998
0.180002491999998
0.18000249599999799
0.180002499999998
0.180002503999998
0.18000250699999798
0.18000250899999798
0.18000250899999798
0.18000251299999798
0.180002515999998
0.18000251899999797
0.18000252299999797
0.18000252499999797
0.18000252299999794
0.18000252199999794
0.18000252599999794
0.18000252699999797
0.18000252599999797
0.18000252999999797
0.18000253299999797
0.18000253699999794
0.18000254099999796
0.18000254499999796
0.18000254899999793
0.18000255099999793
0.18000255499999795
0.18000255899999792
0.18000256299999795
0.18000256399999792
0.18000256599999795
0.18000256999999795
0.18000257399999794
0.18000257799999791
0.1800025819999979
0.18000258499999794
0.1800025889999979
0.18000259299999793
0.18000259699999793
0.18000259699999793
0.18000260099999793
0.18000260399999793
0.18000260799999793
0.1800026119999979
0.18000261599999792
0.1800026199999979
0.18000262399999792
0.18000262799999792
0.18000263199999791
0.18000263499999788
0.1800026379999979
0.1800026419999979
0.1800026459999979
0.18000264999999788
0.18000265399999787
0.18000265699999787
0.1800026599999979
0.18000266199999787
0.18000266599999787
0.18000266999999787
0.18000267399999786
0.18000267199999787
0.1800026749999979
0.18000267899999783
0.18000268199999783
0.18000268599999789
0.18000268799999788
0.18000269099999786
0.18000269199999785
0.18000269599999785
0.18000269899999788
0.18000270199999785
0.18000270399999782
0.18000270799999785
0.18000271099999787
0.18000271399999787
0.18000271799999787
0.18000272199999784
0.18000272599999784
0.18000272899999784
0.1800027329999978
0.1800027369999978
0.18000274099999786
0.18000274499999785
0.18000274899999782
0.18000275299999782
0.18000275499999782
0.18000275899999782
0.1800027629999978
0.18000276599999782
0.1800027699999978
0.1800027709999978
0.1800027699999978
0.1800027739999978
0.1800027779999978
0.18000278199999778
0.1800027859999978
0.1800027869999978
0.18000278999999778
0.1800027939999978
0.1800027979999978
0.18000279799999777
0.18000279899999777
0.1800028029999978
0.18000280699999777
0.18000280699999777
0.1800028099999978
0.1800028139999978
0.18000281799999776
0.18000282199999776
0.18000282599999778
0.18000282799999778
0.18000282899999775
0.18000283099999778
0.18000283499999778
0.18000283699999775
0.18000283399999775
0.18000282799999776
0.18000282599999776
0.18000282399999776
0.18000282799999776
0.18000283199999773
0.18000283499999772
0.18000283899999775
0.18000284299999772
0.18000284699999772
0.18000285099999774
0.18000285399999774
0.18000285799999774
0.1800028619999977
0.18000286599999774
0.1800028679999977
0.18000287199999773
0.1800028759999977
0.18000287999999773
0.18000288399999773
0.18000288799999772
0.18000288399999773
0.18000288099999773
0.18000288499999773
0.1800028889999977
0.1800028929999977
0.1800028929999977
0.1800028959999977
0.1800028969999977
0.1800028979999977
0.1800029019999977
0.1800029049999977
0.18000290399999766
0.18000290799999766
0.18000291199999768
0.1800029159999977
0.18000291799999762
0.18000292199999768
0.18000292599999768
0.18000292999999767
0.18000293299999764
0.18000293699999767
0.18000293999999767
0.18000294299999767
0.18000294599999764
0.18000294699999764
0.18000295099999766
0.18000295399999766
0.18000295699999766
0.18000296099999763
0.18000296299999766
0.18000296599999766
0.18000296899999763
0.18000297299999765
0.18000297699999765
0.18000297999999765
0.18000298399999765
0.18000298299999765
0.18000297999999765
0.18000297999999765
0.1800029799999976
0.18000298399999765
0.18000298799999762
0.1800029919999976
0.1800029959999976
0.1800029999999976
0.1800030039999976
0.18000300799999763
0.1800030119999976
0.18000301599999757
0.1800030199999976
0.1800030239999976
0.1800030279999976
0.18000302999999757
0.1800030339999976
0.18000303799999762
0.1800030419999976
0.1800030399999976
0.18000303999999762
0.18000304399999761
0.18000304699999758
0.18000304699999758
0.18000304999999758
0.18000305399999758
0.18000305799999758
0.18000306199999755
0.1800030659999976
0.18000306899999757
0.18000306499999755
0.18000306799999757
0.18000306999999757
0.18000307299999754
0.18000307699999754
0.18000308099999754
0.18000308499999756
0.18000308899999753
0.18000309199999753
0.18000308999999753
0.18000308599999756
0.18000308799999754
0.18000309199999753
0.18000309599999756
0.18000309999999756
0.18000309899999756
0.18000309499999753
0.18000309699999753
0.18000310099999756
0.18000310499999753
0.18000310599999753
0.1800031039999975
0.18000310699999753
0.1800031049999975
0.1800031069999975
0.1800031109999975
0.18000311499999755
0.18000311899999752
0.1800031169999975
0.18000312099999752
0.18000312499999752
0.1800031289999975
0.18000313299999748
0.18000313499999748
0.18000313699999748
0.1800031389999975
0.1800031409999975
0.18000314499999748
0.18000314799999748
0.18000315199999747
0.1800031559999975
0.18000315899999747
0.18000316299999747
0.18000316699999747
0.18000317099999746
0.18000317499999743
0.1800031789999975
0.18000318299999749
0.18000318699999746
0.18000318699999746
0.18000318399999748
0.1800031799999975
0.18000318299999749
0.18000318699999746
0.18000319099999745
0.18000319499999745
0.18000319899999745
0.18000320199999745
0.18000320499999747
0.18000320899999747
0.18000321299999744
0.18000321699999744
0.18000321399999747
0.18000321799999744
0.18000322199999744
0.18000322599999743
0.18000322999999743
0.1800032329999974
0.18000322699999743
0.1800032149999974
0.18000320999999744
0.1800032019999974
0.1800032059999974
0.18000320999999742
0.18000321399999739
0.18000321499999739
0.18000321699999738
0.1800032209999974
0.1800032239999974
0.18000322799999743
0.18000322899999738
0.1800032329999974
0.1800032369999974
0.1800032409999974
0.18000324399999737
0.18000324699999737
0.18000325099999742
0.18000325499999742
0.1800032589999974
0.1800032619999974
0.18000326599999739
0.18000326599999739
0.18000325099999737
0.18000324699999737
0.18000325099999737
0.18000325499999736
0.18000325799999736
0.18000326199999736
0.18000326599999739
0.18000326799999739
0.18000327099999736
0.18000327499999735
0.18000327899999735
0.18000328199999735
0.18000328599999732
0.18000328999999735
0.18000329199999734
0.18000329599999737
0.1800032999999973
0.18000330399999734
0.18000330799999734
0.18000330699999734
0.18000330899999734
0.18000331099999733
0.1800033139999973
0.18000331799999733
0.1800033179999973
0.1800033139999973
0.18000331799999733
0.1800033209999973
0.1800033249999973
0.18000332599999733
0.18000332999999732
0.18000333399999732
0.18000333799999732
0.1800033419999973
0.1800033429999973
0.18000334099999732
0.1800033439999973
0.1800033469999973
0.1800033459999973
0.1800033479999973
0.18000335199999729
0.18000335599999726
0.1800033599999973
0.1800033609999973
0.18000336299999728
0.18000336699999728
0.18000337099999728
0.18000337399999727
0.18000337499999725
0.18000337899999727
0.18000338299999727
0.1800033869999973
0.1800033899999973
0.1800033939999973
0.1800033979999973
0.18000340199999726
0.18000340599999726
0.18000340899999726
0.18000340699999726
0.18000341099999725
0.18000341299999723
0.18000341699999722
0.18000342099999725
0.18000342499999725
0.18000342799999722
0.18000343199999724
0.18000343599999724
0.18000343999999724
0.18000344399999724
0.1800034479999972
0.18000345199999726
0.18000345599999723
0.1800034599999972
0.18000346199999723
0.18000346299999723
0.18000346599999723
0.1800034699999972
0.1800034699999972
0.18000346799999722
0.18000346599999723
0.18000346599999723
0.18000346399999723
0.18000346499999723
0.18000346899999722
0.1800034729999972
0.1800034769999972
0.18000348099999722
0.1800034839999972
0.18000348799999716
0.18000349199999718
0.1800034959999972
0.18000349999999718
0.18000350299999718
0.18000350499999718
0.1800035089999972
0.18000351299999715
0.18000351699999714
0.18000352099999717
0.1800035249999972
0.18000352899999716
0.18000353199999716
0.18000353299999716
0.18000352999999716
0.18000353299999716
0.18000353499999716
0.18000353799999716
0.18000353999999713
0.18000354399999713
0.18000354799999713
0.18000354999999715
0.18000355399999718
0.18000355799999715
0.18000356199999715
0.18000356599999714
0.18000356899999712
0.1800035729999971
0.1800035769999971
0.18000358099999716
0.1800035829999971
0.1800035859999971
0.18000358999999713
0.18000359399999713
0.1800035979999971
0.1800035989999971
0.1800036009999971
0.1800035989999971
0.1800036029999971
0.18000360699999712
0.18000361099999707
0.18000361199999712
0.18000361499999712
0.18000361899999712
0.18000362299999711
0.1800036249999971
0.18000361999999712
0.1800036099999971
0.1800036069999971
0.18000361099999707
0.18000361499999706
0.1800036189999971
0.18000362299999711
0.18000362699999709
0.18000363099999708
0.18000363499999708
0.18000363899999708
0.18000364299999705
0.18000364699999707
0.1800036509999971
0.18000365499999707
0.18000365899999704
0.18000366199999707
0.18000366099999707
0.18000366399999707
0.18000366799999704
0.1800036719999971
0.18000367399999706
0.18000367699999703
0.18000368099999708
0.18000368399999706
0.18000368799999705
0.18000368699999703
0.18000367699999703
0.18000367599999703
0.18000367599999703
0.18000367699999703
0.18000368099999703
0.18000368499999703
0.18000368799999703
0.18000369199999702
0.180003695999997
0.18000369899999702
0.18000370299999702
0.18000370699999702
0.18000371099999699
0.18000371499999698
0.18000371899999704
0.18000372299999703
0.18000372299999703
0.18000372299999703
0.180003726999997
0.180003730999997
0.180003732999997
0.180003736999997
0.18000374099999697
0.18000374499999697
0.18000374399999697
0.18000374799999702
0.180003751999997
0.18000375299999696
0.18000375699999696
0.180003755999997
0.180003759999997
0.18000376399999696
0.18000376799999696
0.18000377199999695
0.18000377499999695
0.18000377799999698
0.18000377999999698
0.18000377999999698
0.18000378399999697
0.18000378099999692
0.18000378299999692
0.18000378599999695
0.18000378999999694
0.18000379399999697
0.18000379799999694
0.18000379799999694
0.18000380199999694
0.18000380599999694
0.18000380999999693
0.18000381399999696
0.18000381799999693
0.18000382099999696
0.18000382499999693
0.18000382899999692
0.18000383299999692
0.18000383699999692
0.1800038409999969
0.18000384499999691
0.18000384899999694
0.1800038529999969
0.1800038569999969
0.18000385999999693
0.1800038619999969
0.1800038609999969
0.1800038649999969
0.18000386699999688
0.1800038669999969
0.1800038709999969
0.1800038729999969
0.1800038759999969
0.1800038799999969
0.1800038839999969
0.1800038879999969
0.1800038869999969
0.1800038909999969
0.18000389499999686
0.18000389899999686
0.18000390299999688
0.18000390699999688
0.18000391099999685
0.18000391499999688
0.18000391799999688
0.18000391899999688
0.18000392299999685
0.18000392199999687
0.18000392599999684
0.18000392999999684
0.18000393399999684
0.18000393799999684
0.18000394199999684
0.18000394599999683
0.18000394699999683
0.18000394999999683
0.18000395399999683
0.18000395799999686
0.18000396099999685
0.18000396499999682
0.18000396799999682
0.18000397199999685
0.18000397599999685
0.18000397999999682
0.1800039839999968
0.1800039869999968
0.1800039889999968
0.1800039929999968
0.1800039969999968
0.1800039979999968
0.18000399499999678
0.1800039989999968
0.18000400299999683
0.1800039999999968
0.18000400099999678
0.1800040039999968
0.1800040049999968
0.1800040069999968
0.1800040069999968
0.1800040069999968
0.18000400799999677
0.1800040039999968
0.18000399499999678
0.18000399299999678
0.18000399499999678
0.18000399899999678
0.18000400199999678
0.18000400499999678
0.18000400899999675
0.18000401299999677
0.18000401499999674
0.18000401899999677
0.18000402299999674
0.18000402699999676
0.18000403099999676
0.18000403499999676
0.18000403899999676
0.18000403999999676
0.18000404399999675
0.18000404799999675
0.18000405099999675
0.18000405499999675
0.18000405899999675
0.18000406099999675
0.18000405999999675
0.18000405599999675
0.18000405899999675
0.18000406199999675
0.18000406599999672
0.1800040699999967
0.1800040709999967
0.1800040729999967
0.18000407699999674
0.1800040809999967
0.1800040849999967
0.18000408899999673
0.18000409099999673
0.1800040949999967
0.1800040989999967
0.1800041029999967
0.18000410699999672
0.18000410899999672
0.18000411099999672
0.18000411499999672
0.18000411899999672
0.18000412299999669
0.18000412399999668
0.18000412699999668
0.18000412999999668
0.1800041339999967
0.18000413799999665
0.18000414199999668
0.18000414399999667
0.1800041449999967
0.1800041489999967
0.18000415299999667
0.18000415699999667
0.1800041599999967
0.1800041639999967
0.18000416699999666
0.18000416999999666
0.18000417399999669
0.18000417799999663
0.18000418199999665
0.18000418599999665
0.18000418999999665
0.18000418899999665
0.18000419199999665
0.18000419599999667
0.18000419899999667
0.18000420299999667
0.18000420699999664
0.18000421099999664
0.18000421499999664
0.18000421699999664
0.1800042209999966
0.1800042229999966
0.18000421799999664
0.18000421999999663
0.1800042229999966
0.1800042269999966
0.1800042309999966
0.18000423399999665
0.1800042359999966
0.18000423999999662
0.18000424299999662
0.18000424699999662
0.18000425099999662
0.18000425499999662
0.1800042589999966
0.1800042629999966
0.18000426699999658
0.1800042709999966
0.1800042749999966
0.1800042739999966
0.1800042729999966
0.1800042759999966
0.18000427999999657
0.18000428199999657
0.18000428599999657
0.18000428999999657
0.18000429399999657
0.18000429799999657
0.1800043019999966
0.1800043049999966
0.18000430899999656
0.18000431099999656
0.18000431499999656
0.18000431799999658
0.18000432199999658
0.18000432599999655
0.18000432699999658
0.18000433099999658
0.18000433499999655
0.18000433799999654
0.18000434199999654
0.18000434599999654
0.18000434799999657
0.18000435199999654
0.1800043519999965
0.18000435499999656
0.18000435899999656
0.18000436299999653
0.18000436699999653
0.18000436999999653
0.18000436799999653
0.18000437099999653
0.18000437499999652
0.18000437899999652
0.18000438099999652
0.18000438499999652
0.18000438799999652
0.18000438699999652
0.18000439099999654
0.18000439199999652
0.18000438999999652
0.1800043919999965
0.1800043959999965
0.1800043989999965
0.1800044009999965
0.1800044049999965
0.1800044029999965
0.1800043949999965
0.1800043879999965
0.18000438999999652
0.1800043929999965
0.18000439699999646
0.18000440099999648
0.18000440499999645
0.18000440799999648
0.18000440699999648
0.18000440999999648
0.18000441399999648
0.18000441599999648
0.18000441799999647
0.18000442199999644
0.18000442599999644
0.18000442999999647
0.18000443399999647
0.18000443799999646
0.18000444199999646
0.18000444599999646
0.18000444999999643
0.18000445399999643
0.18000445799999645
0.18000446199999642
0.18000446599999645
0.18000446999999642
0.18000447399999644
0.18000447799999644
0.18000448199999644
0.18000448399999644
0.18000448799999644
0.18000449199999644
0.18000449399999643
0.18000449799999643
0.18000450199999643
0.18000450199999643
0.1800045049999964
0.1800045069999964
0.18000451099999643
0.18000451499999642
0.1800045189999964
0.1800045229999964
0.18000452699999642
0.18000453099999641
0.18000453399999639
0.18000453199999641
0.1800045239999964
0.1800045189999964
0.1800045229999964
0.1800045269999964
0.1800045309999964
0.18000453499999639
0.18000453799999638
0.18000454199999638
0.18000454499999638
0.18000454899999635
0.18000455299999635
0.18000455599999637
0.18000455299999635
0.18000454099999638
0.18000453499999633
0.18000453899999638
0.18000454299999638
0.18000454699999635
0.18000455099999635
0.18000455399999635
0.18000455799999637
0.18000455999999634
0.18000456399999631
0.18000456799999634
0.18000457199999637
0.18000457599999634
0.18000457999999633
0.18000458399999633
0.18000458099999633
0.18000458199999636
0.18000458499999633
0.18000458899999636
0.18000459299999633
0.18000459399999633
0.18000458799999633
0.1800045899999963
0.1800045939999963
0.18000459799999635
0.1800046009999963
0.1800046049999963
0.1800046089999963
0.18000461299999632
0.18000461699999631
0.1800046209999963
0.18000462299999628
0.1800046259999963
0.18000462999999628
0.1800046339999963
0.1800046359999963
0.1800046379999963
0.1800046389999963
0.1800046429999963
0.18000464699999627
0.1800046509999963
0.18000465499999627
0.1800046559999963
0.18000465099999627
0.1800046549999963
0.1800046589999963
0.18000466299999626
0.18000466699999626
0.1800046689999963
0.18000466899999626
0.18000467099999626
0.18000467499999626
0.18000467899999625
0.18000468299999625
0.18000468599999625
0.18000468899999622
0.18000469299999622
0.18000469599999622
0.18000469799999624
0.18000469299999622
0.18000468799999625
0.18000468199999625
0.18000468199999625
0.18000468599999625
0.18000468699999625
0.18000469099999622
0.18000469299999625
0.18000469699999624
0.18000470099999624
0.1800047049999962
0.18000470899999624
0.18000471299999624
0.1800047169999962
0.1800047209999962
0.1800047249999962
0.1800047289999962
0.1800047309999962
0.1800047289999962
0.1800047279999962
0.1800047319999962
0.18000473599999622
0.1800047389999962
0.1800047429999962
0.1800047469999962
0.1800047489999962
0.1800047519999962
0.18000475499999619
0.18000475899999618
0.18000475899999618
0.18000476299999615
0.18000476699999615
0.1800047709999962
0.18000477499999618
0.18000477899999617
0.18000478299999617
0.18000478699999617
0.1800047909999962
0.18000479399999614
0.18000479799999616
0.18000480199999613
0.18000480599999616
0.18000480699999616
0.18000481099999616
0.18000480999999616
0.18000481399999618
0.18000481699999613
0.18000481699999613
0.18000481899999615
0.18000482299999615
0.18000482699999615
0.18000483099999612
0.18000483199999612
0.18000483299999614
0.18000483699999614
0.18000484099999614
0.1800048449999961
0.1800048479999961
0.1800048519999961
0.1800048549999961
0.1800048549999961
0.1800048589999961
0.1800048619999961
0.1800048659999961
0.18000486999999613
0.1800048729999961
0.1800048729999961
0.1800048759999961
0.1800048759999961
0.1800048779999961
0.1800048809999961
0.1800048829999961
0.1800048859999961
0.18000488799999606
0.18000488999999606
0.1800048789999961
0.18000485099999608
0.1800048359999961
0.1800048359999961
0.18000483999999609
0.18000484199999608
0.18000484399999606
0.18000484699999605
0.18000484999999605
0.18000485399999608
0.18000485799999605
0.18000486099999605
0.18000486199999605
0.18000486599999607
0.18000486999999607
0.18000487399999604
0.18000487199999607
0.18000487599999604
0.18000487999999606
0.18000488199999604
0.18000488499999603
0.18000488899999603
0.18000489199999606
0.18000489599999606
0.18000489699999606
0.18000490099999603
0.18000490499999602
0.18000490399999602
0.180004902999996
0.18000490599999602
0.18000490999999602
0.18000491399999602
0.18000491799999602
0.18000492199999601
0.18000492599999604
0.18000492899999604
0.180004931999996
0.180004935999996
0.18000493899999603
0.180004941999996
0.18000494399999598
0.18000494499999597
0.180004948999996
0.18000495199999597
0.180004955999996
0.180004959999996
0.180004961999996
0.180004964999996
0.180004968999996
0.18000497299999596
0.180004976999996
0.180004980999996
0.18000498499999598
0.18000498899999595
0.18000499299999598
0.18000499699999598
0.18000500099999595
0.18000500499999597
0.18000500699999597
0.18000500499999594
0.18000500899999594
0.18000501199999594
0.18000501599999594
0.18000501999999596
0.18000502399999596
0.18000502799999596
0.18000503199999596
0.18000503399999593
0.18000503699999593
0.18000504099999595
0.18000504499999595
0.18000504899999595
0.18000505299999595
0.18000505699999592
0.18000506099999591
0.1800050649999959
0.1800050689999959
0.1800050729999959
0.18000507699999593
0.18000507999999593
0.18000508399999593
0.1800050879999959
0.18000508899999593
0.1800050919999959
0.1800050959999959
0.18000509799999592
0.1800051019999959
0.18000510599999592
0.18000510999999592
0.18000511199999591
0.18000511599999588
0.18000511499999589
0.18000511299999591
0.18000511299999591
0.18000511599999588
0.18000511499999586
0.18000511899999588
0.18000512299999588
0.18000512699999588
0.18000512699999588
0.18000512399999588
0.18000512699999588
0.18000513099999585
0.18000513399999585
0.18000513499999585
0.18000512799999585
0.18000512099999588
0.18000512199999585
0.18000512599999585
0.18000512799999585
0.18000513199999585
0.18000513599999585
0.18000513999999584
0.18000514399999584
0.18000514799999587
0.18000515199999587
0.18000515599999584
0.18000515999999583
0.18000516399999586
0.18000516399999583
0.18000516599999583
0.18000516999999586
0.18000517399999583
0.18000517799999582
0.18000518199999582
0.18000518499999582
0.18000518899999582
0.18000519099999582
0.18000519199999582
0.18000519499999582
0.18000519899999579
0.18000520299999578
0.18000520699999578
0.18000521099999583
0.1800052149999958
0.1800052189999958
0.1800052179999958
0.1800052199999958
0.1800052239999958
0.18000522699999577
0.18000522799999577
0.18000523099999577
0.1800052349999958
0.18000523899999576
0.18000524299999573
0.1800052469999958
0.1800052509999958
0.18000525499999578
0.18000525899999575
0.18000526299999575
0.18000526599999578
0.18000526699999578
0.18000526599999575
0.18000526899999578
0.18000527299999575
0.18000527699999577
0.18000528099999577
0.18000528499999574
0.18000528899999574
0.18000529199999574
0.18000529399999574
0.18000529699999573
0.18000530099999576
0.18000530499999576
0.18000530899999576
0.18000531299999573
0.18000531699999572
0.18000532099999572
0.18000532399999575
0.18000532799999572
0.18000533099999572
0.18000533499999571
0.1800053389999957
0.1800053429999957
0.18000534699999574
0.1800053469999957
0.1800053489999957
0.1800053529999957
0.1800053569999957
0.1800053609999957
0.1800053629999957
0.1800053609999957
0.18000536499999573
0.1800053689999957
0.18000537299999567
0.1800053769999957
0.1800053799999957
0.1800053819999957
0.18000538599999566
0.18000538999999569
0.18000539399999568
0.18000539699999568
0.18000540099999568
0.18000540499999568
0.18000540599999568
0.18000540499999565
0.18000540699999568
0.18000541099999567
0.18000541499999564
0.18000541899999564
0.18000542299999564
0.18000542699999567
0.18000542799999567
0.18000543199999564
0.18000543599999566
0.18000543999999563
0.18000544299999563
0.18000544699999566
0.18000544899999563
0.18000545199999565
0.18000545299999565
0.18000545599999562
0.18000545799999562
0.18000545699999565
0.18000546099999565
0.18000546499999565
0.18000546899999562
0.1800054729999956
0.18000547699999564
0.1800054809999956
0.1800054779999956
0.18000548199999564
0.18000548599999563
0.18000548999999563
0.18000549399999563
0.1800054979999956
0.1800055019999956
0.1800055059999956
0.18000550999999562
0.1800055139999956
0.18000551799999562
0.18000552199999562
0.18000552599999556
0.18000552899999558
0.1800055309999956
0.18000552599999556
0.18000552399999561
0.18000552399999561
0.18000552799999558
0.18000552899999558
0.18000552899999558
0.18000553199999558
0.18000552499999556
0.18000552499999556
0.1800055219999956
0.1800055179999956
0.18000551999999556
0.18000552399999556
0.18000552799999556
0.18000552799999556
0.18000552799999556
0.18000553199999555
0.18000553599999558
0.18000553699999555
0.18000553999999552
0.18000554299999555
0.18000554699999555
0.18000555099999554
0.18000555299999552
0.18000555699999551
0.18000556099999554
0.18000556499999557
0.18000556899999554
0.1800055729999955
0.18000557699999553
0.18000558099999553
0.1800055849999955
0.18000558899999552
0.18000559299999552
0.18000559599999552
0.18000559899999552
0.18000560199999552
0.18000560599999552
0.18000560899999551
0.1800056099999955
0.18000560699999552
0.18000560599999552
0.18000560799999551
0.18000561199999549
0.18000561599999548
0.18000561899999548
0.18000561499999548
0.18000561199999549
0.18000561599999548
0.18000561799999548
0.1800056219999955
0.18000562599999548
0.18000562499999548
0.18000562499999545
0.18000562899999548
0.18000563299999547
0.18000563699999547
0.18000563799999544
0.18000563299999547
0.18000563599999547
0.18000563899999544
0.18000563899999544
0.18000564099999547
0.18000564399999547
0.18000564799999547
0.18000565199999546
0.18000565599999543
0.18000565999999546
0.18000565999999543
0.18000566099999543
0.18000566499999546
0.18000566899999546
0.18000567199999543
0.18000567599999545
0.18000567899999545
0.18000568299999542
0.18000568699999542
0.18000569099999542
0.1800056949999954
0.18000569899999544
0.1800057029999954
0.18000570699999544
0.1800057109999954
0.1800057149999954
0.1800057189999954
0.18000572299999537
0.18000572699999542
0.18000573099999542
0.1800057339999954
0.1800057379999954
0.1800057409999954
0.18000573399999542
0.18000573699999542
0.1800057409999954
0.1800057449999954
0.18000574899999539
0.18000575299999538
0.18000575699999538
0.1800057609999954
0.1800057649999954
0.18000576799999535
0.18000577199999537
0.1800057759999954
0.1800057799999954
0.18000578399999534
0.18000578799999536
0.1800057889999954
0.1800057909999954
0.18000579499999536
0.18000579899999536
0.18000580299999536
0.18000580699999535
0.18000580899999533
0.18000580899999535
0.18000581299999535
0.18000581699999535
0.18000582099999535
0.18000582499999532
0.18000582899999534
0.18000583199999534
0.1800058329999953
0.18000583599999534
0.18000583999999534
0.18000584399999534
0.1800058459999953
0.18000584999999536
0.18000585399999533
0.18000585799999533
0.18000586199999533
0.18000586499999532
0.18000586899999532
0.18000587299999535
0.18000587699999532
0.1800058809999953
0.1800058849999953
0.1800058879999953
0.1800058919999953
0.1800058959999953
0.1800058979999953
0.1800059019999953
0.1800059059999953
0.1800059069999953
0.1800059089999953
0.1800059109999953
0.18000591499999527
0.1800059189999953
0.18000592299999527
0.18000592699999526
0.18000593099999526
0.18000593499999532
0.18000593899999529
0.18000594099999528
0.18000594299999526
0.18000594499999525
0.18000594399999525
0.18000594799999528
0.18000595199999525
0.18000595499999525
0.18000595399999525
0.18000594599999525
0.18000594599999525
0.18000594599999523
0.18000594999999528
0.18000595399999525
0.18000595299999525
0.18000595599999525
0.18000595699999525
0.18000596099999525
0.18000596499999522
0.18000596899999524
0.18000597299999524
0.18000597699999524
0.1800059799999952
0.1800059839999952
0.18000598499999523
0.18000598499999523
0.1800059889999952
0.1800059929999952
0.1800059969999952
0.18000600099999522
0.1800060049999952
0.1800060079999952
0.1800060069999952
0.1800060029999952
0.18000600699999517
0.18000601099999516
0.18000601499999522
0.18000601899999522
0.18000602299999519
0.18000602699999518
0.18000602999999518
0.18000603299999518
0.18000603699999515
0.18000604099999518
0.1800060439999952
0.1800060479999952
0.18000605199999517
0.18000605599999517
0.1800060589999952
0.1800060629999952
0.18000606699999516
0.18000607099999516
0.18000607499999519
0.18000607899999516
0.18000608299999515
0.18000608699999515
0.18000609099999515
0.18000609499999515
0.18000609299999512
0.18000609299999512
0.18000609699999515
0.18000610099999517
0.18000610499999514
0.1800061069999951
0.18000611099999514
0.18000611499999516
0.18000611899999513
0.1800061229999951
0.18000612699999513
0.18000613099999513
0.18000613199999513
0.18000613499999513
0.18000613699999513
0.18000613999999512
0.18000614399999512
0.18000614499999512
0.1800061489999951
0.18000615299999512
0.1800061559999951
0.1800061569999951
0.1800061599999951
0.1800061609999951
0.18000616499999508
0.18000616799999508
0.1800061709999951
0.1800061749999951
0.18000617899999508
0.18000618299999507
0.18000618699999507
0.18000619099999512
0.1800061909999951
0.18000618999999507
0.18000619099999512
0.1800061929999951
0.1800061969999951
0.18000620099999506
0.1800062049999951
0.18000620899999506
0.18000621299999506
0.18000621599999506
0.18000621999999505
0.18000622399999505
0.18000622499999505
0.18000622499999505
0.18000622399999505
0.18000622399999505
0.18000622099999503
0.18000621599999506
0.18000621499999506
0.18000621399999506
0.18000621599999506
0.18000621999999503
0.18000622399999502
0.18000622399999502
0.18000622799999502
0.18000622999999502
0.18000623399999502
0.18000623799999504
0.18000624199999504
0.180006245999995
0.18000624899999504
0.180006250999995
0.180006252999995
0.180006256999995
0.18000625999999503
0.18000626399999498
0.180006267999995
0.18000627199999503
0.18000627599999502
0.180006279999995
0.180006283999995
0.180006287999995
0.180006291999995
0.18000629199999496
0.180006294999995
0.18000629199999496
0.180006288999995
0.18000629099999496
0.180006293999995
0.18000629799999499
0.18000630199999498
0.18000630599999495
0.18000630999999498
0.18000631399999498
0.18000631799999497
0.18000632199999494
0.18000632399999494
0.18000632799999494
0.18000632699999494
0.18000631999999495
0.18000632299999494
0.18000632699999494
0.18000632899999497
0.180006330999995
0.18000633499999497
0.18000633899999494
0.18000634299999496
0.18000634599999496
0.18000634599999496
0.1800063339999949
0.18000632599999494
0.18000632799999494
0.18000633199999494
0.1800063359999949
0.18000633899999494
0.18000634299999496
0.1800063469999949
0.1800063499999949
0.18000635199999493
0.18000635599999493
0.18000635999999492
0.1800063639999949
0.18000636799999492
0.18000637199999492
0.18000637099999492
0.18000637399999492
0.18000637799999492
0.1800063819999949
0.18000637999999486
0.1800063799999949
0.1800063809999949
0.1800063839999949
0.18000638599999488
0.18000638699999488
0.18000638999999488
0.18000638999999488
0.18000639399999488
0.1800063979999949
0.1800064009999949
0.18000640499999487
0.18000640899999487
0.18000641099999487
0.1800064149999949
0.18000641899999484
0.18000642299999486
0.18000642699999486
0.18000642499999486
0.18000642699999486
0.18000643099999486
0.18000643399999483
0.18000643699999486
0.18000643499999483
0.1800064219999948
0.18000642099999484
0.18000642499999486
0.18000642899999486
0.18000642299999484
0.18000641499999484
0.18000641199999484
0.18000641399999484
0.1800064179999948
0.1800064219999948
0.18000642599999483
0.18000642999999483
0.1800064339999948
0.1800064339999948
0.1800064379999948
0.18000643999999483
0.18000644199999483
0.1800064459999948
0.1800064499999948
0.18000645399999482
0.1800064579999948
0.18000646199999476
0.18000646399999481
0.1800064679999948
0.1800064719999948
0.1800064739999948
0.18000647699999478
0.18000648099999478
0.1800064849999948
0.18000648899999477
0.1800064909999948
0.18000649499999477
0.18000649899999477
0.18000650299999477
0.18000650699999476
0.1800065109999948
0.18000651499999476
0.18000651899999473
0.18000652299999478
0.18000652699999478
0.18000653099999478
0.18000652999999478
0.18000653199999475
0.18000653599999475
0.18000653399999475
0.18000652799999473
0.18000652899999478
0.18000653199999475
0.18000653099999472
0.18000653299999475
0.18000653599999475
0.18000653999999475
0.18000654399999474
0.18000654799999471
0.18000655099999474
0.18000655499999474
0.18000655899999474

Avalanche_Distribution:
6
2
1
45
56
2
1
1
2
7
8
1
1
3
1
1
3
1
1
2
7
1
1
2
1
2
7
5
3
1
2
1
30
2
1
11
1
3
2
5
3
1
2
1
51
1
4
1
1
2
1
3
1
1
7
13
15
1
3
2
1
11
1
2
3
1
1
1
1
1
9
2
8
1
1
1
2
4
3
1
1
2
40
2
1
6
1
2
2
4
1
1
5
4
1
1
8
32
1
2
1
1
2
1
2
1
3
3
3
1
5
1
1
12
3
1
13
3
26
2
1
1
1
12
6
1
1
1
7
1
30
8
5
1
1
1
12
1
7
1
1
1
2
1
2
2
2
1
12
1
5
1
1
7
1
3
1
2
1
8
1
1
9
3
1
3
1
1
18
1
2
1
1
1
1
80
1
1
6
2
1
2
1
1
8
7
1
2
5
5
7
1
1
2
6
1
1
1
2
6
4
3
1
2
2
16
1
15
1
10
1
11
65
1
2
2
4
3
1
6
25
1
1
1
2
2
6
1
4
4
1
2
1
5
1
1
1
1
1
2
6
5
13
4
2
1
1
4
1
5
1
1
1
12
17
21
12
1
1
1
1
5
1
1
2
1
1
1
3
2
1
1
2
2
1
1
1
3
4
1
1
13
8
1
2
5
1
4
1
1
1
1
1
2
7
1
3
3
1
1
2
1
1
1
2
1
8
4
7
5
3
3
1
2
29
1
1
2
15
4
4
3
6
2
1
2
3
1
2
3
1
1
12
8
2
10
5
1
10
3
1
16
15
10
8
6
3
3
2
1
1
19
1
2
7
1
47
4
1
1
3
1
1
1
31
1
2
1
1
2
7
1
1
1
12
1
3
9
1
6
2
5
4
1
7
2
1
2
3
1
20
9
1
2
1
1
10
3
3
2
1
2
1
4
7
4
32
6
1
2
1
1
24
4
3
1
1
8
2
5
3
5
1
1
1
5
9
1
4
1
1
7
1
5
1
2
5
4
5
4
1
1
3
10
7
3
4
1
9
32
1
1
2
3
1
16
1
5
2
4
4
1
5
1
1
1
6
1
2
12
2
1
2
1
3
8
2
1
2
1
3
1
2
5
7
1
2
6
9
1
1
3
31
1
7
4
2
1
1
4
3
1
27
1
1
34
1
2
10
1
15
1
1
2
4
3
12
2
6
1
1
2
33
3
2
13
1
3
1
4
1
3
5
1
6
4
2
1
1
4
1
1
5
6
1
2
3
2
70
4
1
1
4
6
2
1
1
3
10
1
2
2
5
1
3
1
7
1
2
1
1
3
1
2
2
16
5
12
1
28
2
6
1
2
4
7
4
1
1
7
2
3
1
1
1
6
8
3
1
10
3
1
2
4
1
7
7
2
20
7
14
19
8
4
1
2
1
1
1
1
15
2
1
15
2
9
12
1
1
6
1
7
1
1
1
13
1
5
1
5
1
4
2
1
1
2
3
4
2
2
2
5
21
5
5
4
1
7
14
1
1
1
1
10
2
3
2
2
3
4
4
2
12
2
1
3
1
8
29
3
4
2
1
4
1
4
17
1
2
17
4
1
34
1
3
5
1
10
3
3
4
4
1
2
8
1
1
28
30
1
4
1
1
2
2
3
2
7
19
8
1
1
