
Branching_global:
0.9600000041858703
0.9600004105829669
0.9600008361601508
0.9600012558367944
0.9600016624320944
0.9600020826181985
0.960002483730272
0.9600029028186794
0.9600024376775584
0.9600028520583274

Autocorrelation:
-0.02449660087813433
-0.024496854914228094
-0.02449712094519795
-0.024497383293246133
-0.024497637469141294
-0.02449790014651727
-0.02449815090500043
-0.02449841290690721
-0.024498122114515537
-0.024498381172716428

Average_Activity:
0.0
0.0
0.0
0.0
0.0
0.0
0.25
0.0
0.0
0.0
0.0
0.0
0.0
0.0
0.0
0.0
0.0
0.0
0.0
0.0
0.0
0.0
0.0
0.0
0.0
0.0
0.0
0.0
0.0
0.0
0.0
0.0
0.0
0.0
0.0
0.0
0.0
0.0
0.0
0.0
0.0
0.0
0.0
0.0
0.0
0.0
0.0
0.0
0.0
0.0
0.0
0.0
0.0
0.0
0.0
0.0
0.0
0.0
0.0
0.0
0.0
0.0
0.0
0.0
0.0
0.25
0.0
0.0
0.0
0.0
0.0
0.0
0.0
0.0
0.0
0.0
0.0
0.0
0.0
0.0
0.0
0.0
0.0
0.0
0.0
0.0
0.0
0.0
0.0
0.0
0.0
0.0
0.0
0.0
0.0
0.0
0.0
0.0
0.0
0.0
0.0
0.0
0.0
0.0
0.0
0.0
0.0
0.0
0.0
0.0
0.0
0.0
0.0
0.0
0.0
0.0
0.0
0.0
0.0
0.0
0.0
0.0
0.0
0.0
0.0
0.0
0.0
0.0
0.0
0.0
0.0
0.0
0.0
0.0
0.0
0.0
0.0
0.0
0.0
0.0
0.0
0.0
0.0
0.0
0.25
0.0
0.0
0.0
0.0
0.0
0.0
0.0
0.0
0.0
0.0
0.0
0.0
0.0
0.0
0.0
0.0
0.0
0.0
0.0
0.0
0.0
0.0
0.0
0.0
0.0
0.0
0.0
0.0
0.0
0.0
0.0
0.0
0.0
0.0
0.0
0.0
0.0
1.25
0.25
1.25
5.75
8.25
8.5
12.0
10.5
4.75
0.5
0.0
0.0
0.0
0.0
0.0
0.0
0.0
0.0
0.0
0.0
0.25
0.0
0.0
0.0
0.0
0.0
0.0
0.0
0.0
0.0
0.0
0.0
0.0
0.0
0.0
0.0
0.0
0.0
0.0
0.0
0.0
0.0
0.0
0.0
0.0
0.0
0.25
0.0
0.0
0.0
0.0
0.0
0.0
0.0
0.75
1.25
0.0
0.0
0.0
0.0
0.0
0.0
0.0
0.0
0.0
0.0
0.0
0.0

Average_Alpha:
0.24000000104033598
0.2400000052016799
0.24000000936302388
0.24000001352436778
0.24000001768571172
0.24000002184705563
0.24000002500839956
0.24000002916974353
0.2400000333310874
0.24000003749243137
0.24000004165377534
0.24000004581511925
0.24000004997646318
0.2400000541378071
0.24000005829915105
0.24000006246049496
0.24000006662183893
0.24000007078318283
0.24000007494452677
0.24000007910587073
0.24000008326721464
0.24000008742855858
0.24000009158990251
0.24000009575124642
0.24000009991259036
0.2400001040739343
0.24000010823527826
0.24000011239662217
0.2400001165579661
0.24000012071931
0.24000012488065398
0.2400001290419979
0.24000013320334185
0.24000013736468578
0.24000014152602972
0.24000014568737366
0.24000014984871756
0.2400001540100615
0.24000015817140544
0.24000016233274937
0.2400001664940933
0.24000017065543722
0.24000017481678118
0.2400001789781251
0.24000018313946905
0.24000018730081296
0.24000019146215693
0.24000019562350083
0.24000019978484477
0.24000020394618868
0.24000020810753261
0.24000021226887658
0.2400002164302205
0.24000022059156442
0.24000022475290836
0.24000022891425232
0.24000023307559623
0.24000023723694017
0.24000024139828413
0.24000024555962804
0.24000024972097198
0.24000025388231588
0.24000025804365982
0.24000026220500376
0.2400002663663477
0.2400002695276916
0.24000027368903556
0.24000027785037953
0.2400002820117234
0.24000028617306737
0.2400002903344113
0.24000029449575525
0.24000029865709915
0.24000030281844312
0.24000030697978705
0.24000031114113096
0.24000031530247493
0.24000031946381883
0.24000032362516277
0.2400003277865067
0.24000033194785061
0.24000033610919455
0.2400003402705385
0.24000034443188245
0.24000034859322636
0.2400003527545703
0.24000035691591423
0.24000036107725817
0.24000036523860208
0.240000369399946
0.24000037356128995
0.24000037772263388
0.24000038188397785
0.24000038604532173
0.24000039020666572
0.24000039436800963
0.24000039852935356
0.2400004026906975
0.24000040685204144
0.24000041101338537
0.24000041517472928
0.24000041933607322
0.24000042349741715
0.2400004276587611
0.24000043182010503
0.24000043598144896
0.2400004401427929
0.24000044430413683
0.24000044846548077
0.24000045262682468
0.24000045678816864
0.24000046094951255
0.2400004651108565
0.2400004692722004
0.24000047343354436
0.24000047759488827
0.24000048175623226
0.24000048591757617
0.2400004900789201
0.24000049424026404
0.24000049840160795
0.2400005025629519
0.24000050672429582
0.24000051088563976
0.2400005150469837
0.2400005192083276
0.24000052336967156
0.24000052753101547
0.2400005316923594
0.24000053585370335
0.2400005400150473
0.24000054417639125
0.24000054833773515
0.24000055249907912
0.24000055666042303
0.24000056082176696
0.2400005649831109
0.24000056914445483
0.24000057330579874
0.24000057746714268
0.24000058162848664
0.24000058578983055
0.24000058995117451
0.24000059411251842
0.24000059727386236
0.2400006014352063
0.24000060559655023
0.24000060975789414
0.2400006139192381
0.240000618080582
0.24000062224192595
0.2400006264032699
0.2400006305646138
0.24000063472595776
0.2400006388873017
0.2400006430486456
0.24000064720998956
0.24000065137133347
0.24000065553267744
0.24000065969402135
0.2400006638553653
0.2400006680167092
0.24000067217805315
0.2400006763393971
0.240000680500741
0.24000068466208496
0.2400006888234289
0.2400006929847728
0.24000069714611674
0.2400007013074607
0.24000070546880461
0.24000070963014855
0.24000071379149251
0.2400007179528364
0.24000072211418036
0.24000072627552427
0.2400007304368682
0.24000073459821214
0.2400007387595561
0.2400007429209
0.24000074708224395
0.2400007512435879
0.24000075040493182
0.24000075356627576
0.24000075272761967
0.24000073388896362
0.24000070505030754
0.24000067521165147
0.24000063137299543
0.24000059353433933
0.24000057869568328
0.24000058085702722
0.24000058501837118
0.24000058917971506
0.24000059334105903
0.24000059750240293
0.2400006016637469
0.2400006058250908
0.24000060998643477
0.24000061414777865
0.24000061830912262
0.24000062247046655
0.2400006256318105
0.24000062979315442
0.24000063395449836
0.24000063811584227
0.2400006422771862
0.24000064643853017
0.24000065059987408
0.240000654761218
0.24000065892256195
0.24000066308390589
0.24000066724524982
0.24000067140659373
0.2400006755679377
0.2400006797292816
0.24000068389062554
0.24000068805196947
0.2400006922133134
0.24000069637465737
0.24000070053600125
0.24000070469734522
0.24000070885868915
0.2400007130200331
0.240000717181377
0.24000072134272096
0.24000072550406487
0.2400007296654088
0.24000073282675277
0.24000073698809665
0.24000074114944062
0.24000074531078458
0.24000074947212846
0.2400007536334724
0.24000075779481633
0.2400007619561603
0.24000076311750423
0.24000076227884815
0.24000076644019208
0.24000077060153605
0.24000077476287995
0.2400007789242239
0.2400007830855678
0.24000078724691173
0.24000079140825567
0.2400007955695996
0.24000079973094351
0.24000080389228748
0.24000080805363144
0.24000081221497532

Avalanche_Distribution:
1
1
1
6
206
1
1
8
