
Branching_global:
0.9400000039999998
0.9400002839999996
0.9400002019999997
0.9399989679999993
0.9399951359999991
0.9399936879999988
0.9399932759999987
0.9399932159999985
0.9399933449999983
0.939993194999998
0.9399911459999978
0.9399909309999976
0.9399897429999974
0.9399899799999972
0.939989975999997
0.9399902849999967
0.9399881419999966
0.9399879799999964
0.9399882449999961
0.939986691999996
0.9399859959999957
0.9399858539999955
0.9399852399999953
0.939985527999995
0.9399850399999948
0.9399851239999946
0.9399854009999945
0.9399851509999941
0.939985447999994
0.9399853809999938
0.9399850359999935
0.9399855229999935
0.9399854919999932
0.939985240999993
0.9399857079999927
0.9399850999999926
0.9399848369999922
0.9399849819999921
0.9399850279999918
0.9399849379999917
0.9399844379999915
0.9399843299999913
0.9399846229999912
0.939984285999991
0.9399846489999907
0.9399848749999904
0.93998410999999
0.93998382099999
0.9399832749999898
0.9399815259999895
0.9399812379999893
0.9399815559999891
0.9399818059999888
0.9399820759999888
0.9399811029999885
0.9399811709999883
0.9399814889999882
0.9399810489999879
0.9399802089999878
0.9399800219999874
0.9399787429999873
0.939978583999987
0.9399788399999868
0.9399790369999866
0.9399791199999864
0.9399793149999862
0.939979236999986
0.9399785909999857
0.9399790109999856
0.9399787149999853
0.9399771489999852
0.9399776299999849
0.9399765989999846
0.9399768439999846
0.9399768809999842
0.939977319999984
0.9399766709999839
0.9399758959999838
0.9399762129999836
0.9399760129999832
0.939976469999983
0.9399759109999828
0.9399759149999827
0.9399752669999825
0.9399754609999823
0.9399744759999821
0.9399737969999818
0.9399732899999815
0.9399737189999814
0.9399741299999812
0.939973152999981
0.9399733319999807
0.9399730869999805
0.9399734449999803
0.93997272699998
0.9399727849999798
0.9399732109999798
0.9399735999999793
0.9399734969999792
0.939972563999979

Autocorrelation:
-0.016161511823478688
-0.01616158962644767
-0.016161566841217306
-0.01616122395880482
-0.01616015927929858
-0.01615975700364138
-0.01615964254753973
-0.01615962587930643
-0.016159661716049045
-0.016159620045432522
-0.016159050845663898
-0.01615899112222085
-0.016158661123188003
-0.0161587269552854
-0.01615872584419077
-0.016158811676681914
-0.016158216422930263
-0.01615817142647423
-0.016158245031914233
-0.016157813685514343
-0.01615762037846501
-0.016157580939933587
-0.016157410412093242
-0.016157490398658828
-0.016157354866318478
-0.016157378195498676
-0.016157455126710487
-0.016157385694177507
-0.016157468180091093
-0.016157449572086393
-0.016157353755406393
-0.016157489009996206
-0.016157480400295635
-0.016157410689822422
-0.016157540390651436
-0.016157371530011386
-0.01615729848773496
-0.016157338758112313
-0.01615735153358294
-0.016157326538115052
-0.0161571876757694
-0.016157157681806433
-0.016157239054567594
-0.016157145462074626
-0.016157246275396914
-0.01615730904133178
-0.016157096583326615
-0.016157016322822668
-0.016156864690899907
-0.01615637898742877
-0.016156299011526088
-0.01615638731829597
-0.016156456742513963
-0.01615653172131889
-0.01615626152308562
-0.0161562804061307
-0.016156368712703522
-0.01615624652775657
-0.016156013270558243
-0.016155961343951038
-0.01615560619684475
-0.016155562047479963
-0.016155633130848605
-0.01615568783213486
-0.016155710878977103
-0.016155765025423555
-0.016155743366802682
-0.0161555639911574
-0.016155680612654905
-0.016155598422096344
-0.01615516360309933
-0.016155297156201495
-0.016155010894273916
-0.016155078918768703
-0.016155089191903817
-0.016155211082231176
-0.016155030885088066
-0.016154815708702978
-0.016154903722114224
-0.016154848193039806
-0.016154975077517654
-0.016154819873354216
-0.016154820983928276
-0.016154641072855594
-0.01615469493471386
-0.01615442146444814
-0.016154232955651503
-0.01615409220149509
-0.01615421130101108
-0.01615432540494078
-0.016154054167742262
-0.01615410386151218
-0.016154035844974327
-0.01615413523259205
-0.01615393590331336
-0.016153952004944346
-0.016154070269601438
-0.016154178263911256
-0.016154149668880628
-0.0161538906523441

Average_Activity:
0.0
0.0
1.25
1.0
1.0
0.0
0.0
0.0
0.25
1.0
0.5
0.0
0.0
0.0
0.0
0.75
0.75
1.0
0.0
0.0
0.0
0.0
0.0
0.0
0.25
0.25
0.0
0.0
0.25
0.0
0.0
0.0
0.0
0.0
0.5
0.5
2.0
1.0
1.75
0.75
0.0
0.25
0.0
0.0
0.0
0.75
2.5
2.75
4.75
6.0
5.75
7.25
10.75
6.0
8.5
11.5
1.0
0.0
0.0
0.75
1.75
2.25
8.0
8.75
11.75
7.0
0.5
0.25
1.0
0.0
0.0
1.0
0.5
1.5
4.75
8.5
3.75
0.75
2.0
1.0
0.25
0.75
0.0
0.0
1.0
4.25
3.75
7.75
10.5
13.25
10.75
15.0
23.75
32.75
30.5
24.0
19.0
14.5
17.5
11.75
11.75
8.75
10.75
7.75
7.75
7.75
8.25
3.5
0.75
0.0
0.0
0.0
0.5
3.0
3.0
2.25
9.25
14.0
10.75
6.0
0.25
1.75
5.5
2.75
3.25
1.5
2.25
1.75
0.0
0.0
1.0
1.5
1.0
0.0
0.5
0.0
0.0
0.5
1.75
2.0
2.25
0.0
0.0
1.0
1.25
4.5
6.5
7.0
6.25
0.5
0.25
1.0
0.0
0.0
0.0
0.0
0.0
0.0
0.0
0.0
0.75
0.5
0.0
0.0
0.0
0.0
0.0
0.0
0.0
1.5
6.25
6.25
6.25
4.75
2.75
2.0
4.5
3.75
2.0
0.0
0.0
0.0
0.0
0.0
0.0
0.0
0.0
0.0
0.0
0.5
0.25
0.0
0.5
0.25
1.25
1.0
0.0
0.5
0.75
1.0
0.75
1.0
2.0
2.0
0.5
0.0
1.75
1.75
0.25
0.25
0.0
0.25
0.0
0.0
0.0
0.0
1.75
2.75
1.25
1.5
3.5
3.5
4.75
4.5
4.75
4.0
1.0
0.75
0.0
1.0
0.5
0.75
0.75
1.25
0.25
5.25
10.0
4.5
4.25
8.75
15.75
13.5
10.0
14.5
14.5
8.75
8.75
8.25
7.5
6.5
5.5
3.0
4.5
4.0
0.5
1.75
1.0
0.5
0.0
0.0
0.0
0.25
0.0
0.0
0.0
0.0
1.5
1.5
1.5
4.5
7.25
2.5
2.0
2.0
0.0
1.25
1.25
0.75
1.0
0.25
0.0
0.0
0.0
0.0
0.0
0.0
0.0
0.25
0.25
1.25
6.0
10.75
10.75
5.5
9.25
9.0
5.5
3.75
7.75
10.0
12.0
3.5
1.75
1.0
0.0
0.0
0.0
1.0
0.0
0.0
0.75
0.0
0.0
0.0
0.25
0.25
0.0
2.75
0.25
0.0
0.5
0.0
0.0
0.0
1.25
3.0
2.0
1.75
4.0
1.25
0.0
0.0
0.0
0.0
0.25
2.5
1.25
0.25
0.75
0.0
0.0
0.0
0.0
0.0
0.0
0.0
0.0
0.0
0.0
0.0
0.0
0.0
0.75
0.25
0.0
0.0
0.0
2.5
3.25
0.5
0.25
0.0
0.0
0.75
2.25
1.75
0.0
0.0
0.0
0.0
1.5
1.0
1.0
0.0
0.0
0.0
0.25
0.0
0.0
0.0
0.0
0.0
0.5
3.0
5.0
8.75
5.25
0.5
2.5
4.75
11.75
14.25
11.75
14.0
18.0
17.5
19.25
11.0
5.25
1.0
0.0
1.0
0.0
0.0
0.25
0.5
0.0
1.0
0.25
2.25
2.0
3.5
2.25
0.75
0.0
2.0
2.75
0.5
0.0
0.0
0.25
0.75
0.5
0.5
0.25
0.0
0.0
0.0
0.25
1.75
0.5
0.0
0.0
0.0
0.0
0.0
0.5
0.25
0.0
0.0
0.0
1.0
5.75
4.75
0.5
2.75
3.25
0.5
0.0
0.0
0.0
0.0
2.25
5.5
8.25
12.25
14.75
10.0
7.0
4.0
5.25
3.5
7.0
12.75
16.25
15.0
7.25
2.25
1.25
0.0
0.0
0.5
0.0
0.0
0.25
0.75
4.25
4.75
8.75
4.5
3.5
4.25
2.5
7.5
5.25
3.5
1.0
0.25
0.0
0.5
1.5
1.5
0.75
0.0
1.5
0.5
1.0
2.25
0.75
0.0
0.0
0.0
0.5
0.0
0.0
0.0
0.25
0.25
1.5
0.5
0.0
0.0
0.0
0.0
1.25
2.25
1.25
1.5
0.75
0.75
0.25
0.0
2.75
5.25
3.5
2.25
8.75
13.75
9.25
4.75
5.5
2.0
0.0
0.0
0.0
0.0
0.0
0.0
0.0
1.0
0.0
0.0
0.0
0.25
0.75
0.0
0.75
2.0
1.25
3.0
2.0
0.5
3.0
2.25
1.5
2.75
5.0
2.5
0.5
0.25
0.0
0.0
0.0
1.0
0.0
0.0
0.75
0.0
0.0
0.5
0.0
0.0
1.5
2.25
4.75
6.25
5.75
4.0
5.5
1.75
0.75
0.25
0.0
0.75
0.0
0.0
1.5
0.0
0.75
0.5
0.25
3.0
1.5
0.0
0.0
0.0
3.0
5.0
1.25
0.75
2.0
3.25
1.0
2.25
1.25
0.0
0.75
0.0
0.0
0.5
0.75
0.0
0.5
0.0
0.0
0.25
0.5
0.25
0.25
0.0
0.75
0.0
0.0
0.0
0.0
1.5
3.75
4.5
1.25
0.25
0.25
0.0
0.0
0.25
0.5
0.0
0.0
0.0
0.0
0.0
0.0
0.25
1.75
2.25
0.75
0.0
0.0
0.0
0.0
0.0
0.0
0.0
0.0
0.0
0.0
0.0
0.0
0.0
0.25
0.0
0.25
0.25
0.0
0.75
0.5
0.25
1.0
2.5
4.25
2.75
2.75
0.25
0.0
0.75
4.75
4.5
1.25
1.0
0.25
0.0
0.0
0.0
2.25
0.0
0.0
0.0
0.0
0.75
0.5
0.5
2.25
1.75
1.5
0.5
2.75
3.75
2.0
1.0
1.0
1.5
4.25
5.25
1.25
0.0
0.25
0.25
2.5
1.0
0.75
0.0
0.0
0.25
0.25
1.25
0.0
0.5
0.0
0.0
0.0
1.0
1.75
0.25
0.25
1.0
3.0
1.75
1.25
0.0
0.25
0.0
0.0
1.0
1.75
3.5
3.5
5.75
1.75
2.5
2.0
0.0
0.0
0.25
0.0
0.0
0.25
2.25
1.5
0.5
0.0
0.0
0.0
0.0
0.0
0.0
0.0
0.0
1.0
0.25
0.5
0.0
0.0
0.0
0.5
4.25
0.25
1.75
0.5
0.25
0.0
0.25
1.0
1.5
0.0
0.5
2.75
1.0
1.25
1.5
1.25
1.25
1.25
0.75
2.0
2.0
2.5
0.0
0.25
4.0
2.25
0.25
0.0
0.0
0.0
0.0
0.0
0.0
0.25
0.0
0.25
0.0
0.0
0.75
0.25
0.0
0.25
0.75
0.0
0.0
0.0
0.0
0.0
0.75
2.25
3.75
2.0
1.0
2.25
3.0
4.0
3.75
3.0
2.75
0.75
0.0
0.0
0.0
0.0
0.5
0.0
0.0
0.0
0.25
1.75
2.5
4.25
4.25
1.0
0.5
0.0
0.25
0.0
0.0
1.0
0.5
1.5
0.0
0.0
0.0
0.25
0.0
0.0
5.25
7.25
4.25
3.0
6.0
8.25
5.25
2.75
3.0
1.0
0.0
0.25
0.0
0.5
2.0
4.25
2.25
1.75
2.75
4.0
1.75
0.0
0.25
0.0
0.0
0.0
2.0
4.5
7.5
5.75
4.0
4.0
4.5
2.0
0.0
0.0
0.0
0.0
0.0
0.25
0.25
0.0
0.25
0.0
0.25
0.0
0.0
0.0
0.0
0.0
0.0
0.25
1.25
0.0
0.0
0.0
0.0
0.0
1.25
0.25
0.25
0.0
0.0
0.0
0.0
0.0
0.5
1.75
2.0
2.25
1.25
0.0
0.5
0.0
0.75
0.25
2.5
3.25
0.5
0.0
0.0
0.0
0.0
0.0
1.5
2.75
4.25
1.5
1.25
0.0
0.0
0.0
0.0
0.0
0.0
0.0
0.0
0.0
0.25
0.0
0.0
0.0
1.25
3.5
4.75
0.25
0.0
0.0
1.0
1.25
0.5
0.5
1.5
3.0
2.25
1.75
0.5
0.0
0.5
2.0
0.5
1.25
0.0
0.25
0.75
0.75
0.25
0.75
2.0
3.25
5.0
10.0
7.75
5.0
4.75
9.75
3.5
0.5
0.0
0.0
0.0
0.0
0.0
0.0
0.0
0.0
0.0
0.25
0.5
0.0
0.25
0.25
0.0
0.0
0.0
0.0
0.75
4.25
1.25
0.0
0.0
0.0
0.0
0.0
0.0
0.0
0.0
0.25
0.0
0.25
2.25
2.75
1.25
3.0
1.5
0.0
0.75
1.0
1.0
0.25
0.0
0.0
0.0
1.25
5.25
7.5
2.0
0.0
0.0
0.0
0.0
0.0
0.0
2.0
1.25
0.0
0.0
0.0
0.0
0.25
1.75
2.0
1.25
1.5
2.0
3.0
3.0
3.25
8.75
2.5
1.5
0.0
0.75
0.0
0.0
0.0
0.25
0.0
0.0
0.0
0.25
0.5
2.5
3.0
0.5
0.0
0.5
2.0
2.75
2.75
0.25
0.0
0.0
0.0
0.0
0.0
0.5
0.0
0.0
0.25
0.25
0.25
0.0
0.0
0.0
0.25
0.0
0.0
0.5
1.0
2.0
3.25
3.5
4.5
3.75
3.5
4.25
0.25
0.0
0.0
0.0
0.75
0.0
0.25
0.0
0.0
0.0
0.0
0.0
0.0
0.0
0.0
0.0
0.0
1.5
1.25
1.5
3.25
8.5
9.0
8.75
9.25
6.0
7.0
2.5
0.0
0.0
0.0
0.25
0.5
0.0
0.0
0.0
0.0
0.0
0.0
0.0
0.0
0.25
0.25
0.75
3.25
4.25
2.25
0.25
0.0
0.25
2.25
3.5
2.25
0.5
0.0
0.0
0.25
0.25
2.5
2.0
2.25
8.5
4.5
1.75
0.75
0.5
0.25
1.5
1.25
0.0
0.0
0.0
0.25
0.0
0.0
0.0
0.5
0.0
0.0
0.0
0.0
0.25
4.0
5.25
5.75
10.25
7.25
2.75
2.25
2.0
5.75
4.25
4.5
4.0
3.5
0.75
0.0
0.0
0.0
0.0
0.0
0.25
0.25
1.5
2.0
3.5
6.0
9.25
10.0
5.0
2.0
5.0
10.25
12.25
13.5
13.0
7.5
8.75
10.75
13.75
3.5
0.25
4.5
2.25
0.0
1.25
1.0
0.0
0.25
1.25
1.0
0.0
0.25
1.5
1.5
1.5
1.75
1.25
2.25
0.0
0.0
0.25
0.0
0.25
0.0
0.25
0.0
0.5
2.25
2.5
0.25
0.0
1.0
0.25
0.75
1.5
0.0
0.25
0.0
0.0
0.0
0.0
0.0
0.0
0.0
0.25
0.0
0.0
0.0
0.75
0.0
0.0
0.0
0.5
0.5
0.0
0.0
0.0
0.0
0.0
0.75
0.0
2.0
4.25
2.25
1.25
0.0
0.0
0.0
0.0
0.75
0.25
0.0
0.0
0.5
0.75
1.0
0.25
0.0
0.0
2.0
0.75
0.0
0.25
0.0
0.0
0.0
0.25
2.5
3.75
3.25
0.5
0.0
0.75
2.75
1.5
0.0
0.0
0.25
0.0
0.0
0.0
0.0
0.0
0.75
0.0
0.75
2.25
4.5
5.75
6.0
8.0
5.0
4.0
2.5
1.25
1.5
0.75
0.25
1.0
0.25
0.0
0.75
1.5
0.0
0.0
3.0
5.0
9.0
8.5
4.5
2.0
0.0
0.0
0.25
0.0
0.0
0.25
1.0
2.25
3.25
0.0
0.0
0.0
0.0
0.75
1.75
1.75
0.0
1.75
0.25
0.0
0.75
0.75
0.0
0.25
0.5
0.25
0.5
1.0
0.0
0.0
0.0
0.0
0.25
0.25
1.25
0.0
0.0
0.0
0.0
1.75
4.75
2.25
0.25
0.75
1.0
2.75
0.75
0.0
0.5
0.75
0.0
0.0
0.0
0.0
1.25
6.0
7.5
13.0
15.75
7.5
2.75
1.0
0.0
0.25
0.0
0.0
0.25
0.0
1.0
0.0
0.0
0.0
0.25
0.75
1.25
0.75
1.75
0.75
0.25
1.0
0.0
0.5
0.25
3.25
2.5
1.0
4.75
7.75
7.25
7.75
8.25
1.75
2.0
0.25
0.0
0.0
1.0
0.0
0.0
0.0
0.5
3.5
11.0
12.5
14.5
4.0
0.0
0.25
0.0
0.75
0.0
0.0
0.25
0.75
1.5
0.5
0.0
0.0
0.0
0.0
0.25
0.0
0.0
0.0
0.0
0.0
1.0
2.5
0.25
2.75
4.5
4.5
9.0
11.5
19.75
15.75
6.75
4.5
3.0
3.0
2.0
0.0
0.75
0.0
0.0
0.25
1.0
0.5
1.0
0.75
1.0
1.25
0.5
0.25
0.5
0.0
0.0
0.75
1.25
2.75
2.25
0.75
0.0
0.0
0.0
2.0
2.25
2.0
1.25
2.25
2.0
2.5
2.25
3.25
3.0
4.25
4.5
3.0
0.0
0.0
0.0
0.0
0.0
2.0
3.0
0.25
0.0
0.0
0.5
0.0
0.0
0.0
0.0
0.0
0.0
0.0
0.25
0.0
0.25
1.5
1.0
0.5
0.0
0.0
0.0
0.5
1.0
3.0
0.75
0.25
0.0
0.25
0.0
0.25
0.0
0.0
0.0
0.25
1.25
0.25
0.0
0.0
0.0
0.0
0.0
0.0
0.0
0.25
0.0
0.0
0.25
0.0
0.0
0.25
1.75
3.5
1.25
0.0
0.0
0.25
0.0
0.0
0.0
0.0
0.0
0.0
0.0
0.75
1.0
1.5
3.0
4.25
6.0
9.0
4.5
1.5
1.75
1.0
2.25
0.25
0.0
1.0
1.75
0.0
0.25
4.0
2.0
3.25
2.25
0.0
0.0
1.0
1.0
0.0
0.25
0.0
1.0
0.25
0.0
0.0
0.5
2.5
2.0
0.0
0.25
0.25
0.25
0.0
0.0
0.0
0.25
1.0
3.75
2.0
1.75
0.25
0.0
0.0
0.5
0.0
0.0
0.25
0.0
1.0
1.75
6.0
14.0
7.75
6.0
3.75
0.5
0.0
0.0
0.25
0.0
1.0
0.0
0.0
0.0
0.0
0.0
0.0
0.0
0.0
0.0
0.5
0.0
0.0
0.0
0.0
0.25
1.75
4.0
0.75
0.0
0.5
0.0
0.0
0.0
0.0
0.0
0.0
0.0
0.0
0.0
0.5
3.25
2.25
2.0
1.75
3.25
1.0
0.0
0.0
0.0
0.0
0.0
1.75
2.75
0.5
0.0
0.0
0.75
1.0
1.75
1.25
5.0
7.25
6.25
6.25
8.75
5.5
4.0
3.5
8.0
7.0
8.75
12.0
14.75
11.75
13.75
8.25
0.75
0.0
0.0
0.0
0.0
0.0
0.0
0.25
0.25
0.25
0.0
0.25
0.75
0.0
0.5
0.0
0.0
0.0
0.5
0.0
0.0
0.0
0.0
0.0
0.0
0.0
0.0
0.0
0.25
0.75
1.25
0.75
0.0
0.0
0.5
3.5
7.0
9.75
6.25
11.0
8.25
9.5
9.0
3.0
0.5
0.0
0.25
0.25
0.0
0.0
0.0
0.0
0.5
1.0
4.5
1.0
0.0
0.75
0.0
0.75
2.5
2.25
5.25
0.25
1.0
0.25
0.0
0.75
0.0
0.75
0.25
0.0
2.5
1.0
0.25
0.0
0.25
0.25
0.0
0.0
0.0
0.0
0.25
0.0
0.5
2.0
1.75
0.0
0.0
0.25
0.75
0.0
0.0
0.0
0.0
0.0
0.0
0.0
0.5
0.0
0.0
0.0
0.0
0.5
0.25
0.0
0.0
0.0
0.0
0.0
0.0
0.0
0.0
0.0
0.25
0.5
0.0
0.0
0.0
0.25
1.75
0.5
0.0
0.0
0.75
0.0
0.5
3.25
1.75
0.25
0.5
0.0
0.0
0.0
0.0
0.75
0.5
1.0
1.0
1.25
1.75
3.5
5.25
4.25
7.5
8.0
4.5
4.75
0.0
0.0
0.0
1.25
0.0
0.25
1.0
0.0
0.0
2.5
3.0
8.75
7.75
13.0
13.75
16.25
11.0
8.25
6.5
3.75
0.75
0.0
0.0
0.0
0.25
1.75
2.0
2.0
4.0
1.0
0.0
0.0
0.0
0.0
0.0
0.0
0.0
0.0
0.0
0.0
0.25
0.0
0.0
0.0
0.0
0.5
0.0
0.0
0.0
0.0
0.0
0.0
0.0
0.25
0.75
1.25
0.25
0.5
0.25
0.5
1.0
0.0
0.0
0.0
0.0
0.25
0.75
2.75
3.75
1.75
1.5
1.25
0.5
0.0
0.0
0.0
0.25
0.0
1.5
0.0
0.0
0.25
0.25
0.0
0.0
0.0
0.5
0.25
1.5
2.75
3.75
1.25
1.0
0.0
0.0
0.0
0.0
0.0
0.0
0.0
0.0
0.0
0.0
0.0
0.0
0.0
0.0
0.0
0.0
0.25
0.25
0.0
0.0
0.75
0.0
0.0
0.0
0.0
0.0
0.75
2.0
8.0
9.5
6.75
7.5
1.25
0.0
0.0
0.0
0.0
0.0
0.25
3.0
6.75
0.75
0.0
0.75
1.25
2.0
0.25
0.0
0.0
0.0
0.0
0.0
0.25
0.0
0.5
0.75
0.0
0.0
0.0
0.0
0.0
0.25
0.0
0.25
3.0
4.5
11.0
8.5
10.25
5.0
5.0
1.75
1.5
9.0
6.5
0.5
1.75
2.25
1.75
0.75
1.75
0.25
1.25
0.0
0.0
0.25
0.0
0.0
0.0
0.0
1.5
0.0
0.0
0.0
0.0
0.0
0.5
1.5
0.25
0.25
3.0
3.0
0.75
0.0
0.5
1.5
0.0
0.0
0.0
1.0
0.75
1.5
1.5
0.25
0.0
0.0
1.5
2.75
0.25
0.25
2.0
1.25
3.25
8.0
2.0
3.0
4.25
2.0
0.25
0.0
0.0
0.0
1.25
1.25
1.25
2.75
4.0
2.25
4.75
6.5
10.5
14.5
12.25
6.25
4.0
0.75
0.5
0.25
0.0
0.25
0.25
0.0
0.0
0.0
0.0
2.5
8.25
3.25
4.75
10.0
11.0
2.75
2.25
0.0
0.0
0.0
0.0
0.25
1.25
0.0
0.25
1.75
3.25
5.75
11.75
8.0
1.75
0.75
1.0
0.0
0.0
0.0
0.5
1.75
1.0
0.0
0.0
3.0
5.0
4.5
3.5
2.25
0.25
0.0
0.0
0.25
0.5
0.5
0.0
0.0
0.5
0.0
0.0
0.0
0.0
0.0
0.25
0.0
0.0
0.0
0.0
0.25
1.25
0.0
1.5
3.0
1.25
0.5
0.0
0.0
0.25
0.25
0.75
2.25
3.5
1.25
0.0
0.25
0.0
0.0
0.0
1.0
1.25
0.25
0.0
0.5
0.5
0.75
0.0
0.0
0.0
0.5
0.25
1.25
0.75
0.25
0.75
0.0
0.25
4.0
3.5
1.75
2.0
1.5
2.0
3.25
7.5
11.25
10.5
6.75
3.75
0.0
0.0
0.25
1.5
1.75
0.25
0.0
0.0
0.0
0.0
0.0
0.75
1.75
5.0
2.5
2.0
1.0
0.0
0.0
0.25
0.0
0.25
0.25
0.0
0.25
0.0
0.0
0.0
0.0
0.5
1.0
1.0
1.5
3.5
4.0
2.25
0.5
0.0
0.75
0.0
0.0
0.75
0.0
0.0
0.0
0.25
0.0
1.0
3.25
2.75
1.75
0.5
0.5
0.0
0.0
0.5
0.0
0.0
0.0
0.0
1.25
2.75
1.25
0.0
0.25
1.0
2.5
0.0
0.25
0.0
0.0
0.0
0.0
1.25
2.75
8.75
10.75
5.25
3.25
0.25
0.25
0.0
0.5
0.0
0.0
0.0
0.0
0.0
0.0
0.0
0.0
0.0
0.0
0.0
0.5
0.25
0.75
0.0
1.5
4.25
10.0
10.0
5.5
0.0
0.0
0.5
0.25
0.25
0.75
1.0
0.0
0.0
0.0
1.25
2.75
4.5
6.0
6.0
5.75
1.5
1.25
2.0
0.0
0.25
2.25
3.0
1.25
0.0
0.25
2.0
1.5
0.0
0.0
0.5
0.0
0.25
0.75
0.5
0.25
0.0
0.0
0.0
0.0
0.5
0.5
0.0
0.0
0.0
1.75
2.0
3.25
3.5
2.25
1.75
0.5
0.0
0.25
0.0
0.5
0.0
1.0
0.0
0.0
1.75
1.5
4.25
2.25
0.25
0.0
1.25
2.5
2.75
1.75
0.0
0.0
0.0
0.25
0.0
0.0
0.0
0.0
0.0
0.0
0.0
0.0
0.0
0.75
1.25
0.0
0.0
0.0
0.0
0.25
0.75
0.0
0.0
0.0
0.0
0.25
1.25
5.0
2.0
1.0
2.75
3.0
6.0
4.75
0.75
0.75
4.75
6.75
5.0
0.25
0.0
0.25
0.0
0.25
0.5
0.0
0.0
0.0
0.0
0.25
0.25
0.0
0.25
0.0
0.0
0.0
0.5
1.25
0.75
0.0
0.0
0.0
1.25
0.5
0.25
0.75
0.0
0.0
0.0
0.0
1.0
5.0
6.0
6.25
2.5
2.25
0.5
0.0
0.25
0.5
0.0
0.0
0.0

Average_Alpha:
0.23500000099999996
0.23500000499999993
0.23500000400000004
0.235000004
0.23500000399999998
0.23500000799999993
0.23500001200000006
0.235000016
0.23500001899999995
0.23500001899999992
0.23500002100000006
0.23500002500000003
0.23500002899999994
0.2350000329999999
0.23500003700000002
0.23500003800000002
0.23500003899999997
0.2350000389999999
0.235000043
0.235000047
0.23500005099999993
0.23500005499999993
0.235000059
0.235000063
0.23500006599999995
0.2350000689999999
0.235000073
0.23500007699999997
0.23500007999999992
0.2350000839999999
0.235000088
0.23500009199999997
0.2350000959999999
0.23500009999999985
0.23500010199999996
0.23500010399999996
0.2350000999999999
0.23500009999999985
0.235000097
0.235000098
0.2350001019999999
0.23500010499999985
0.23500010899999998
0.23500011299999995
0.2350001169999999
0.23500011799999984
0.23500011199999998
0.23500010499999993
0.23500008999999986
0.23500006999999984
0.23500005099999996
0.23500002599999992
0.23499998699999985
0.23499996699999987
0.23499993699999994
0.2349998949999999
0.23499989499999985
0.23499989899999985
0.23499990299999993
0.2349999039999999
0.23499990099999982
0.23499989599999985
0.23499986799999995
0.23499983699999988
0.23499979399999985
0.23499976999999983
0.23499977199999988
0.23499977499999986
0.23499977499999983
0.23499977899999983
0.23499978299999993
0.23499978299999988
0.2349997849999998
0.23499978299999985
0.2349997679999999
0.23499973799999985
0.2349997269999998
0.23499972799999982
0.23499972399999988
0.23499972399999985
0.2349997269999998
0.2349997279999998
0.23499973199999985
0.23499973599999982
0.2349997359999998
0.23499972299999983
0.23499971199999983
0.2349996849999998
0.23499964699999976
0.23499959799999978
0.23499955899999983
0.23499950299999978
0.23499941199999977
0.2349992849999998
0.23499916699999981
0.23499907499999978
0.23499900299999976
0.23499894899999982
0.23499888299999977
0.23499883999999974
0.23499879699999973
0.2349987659999998
0.2349987269999998
0.23499869999999976
0.23499867299999977
0.23499864599999978
0.23499861699999977
0.23499860699999975
0.23499860799999978
0.23499861199999975
0.23499861599999974
0.23499861999999974
0.23499862199999974
0.23499861399999974
0.23499860599999975
0.23499860099999972
0.2349985679999997
0.23499851599999974
0.23499847699999976
0.23499845699999972
0.23499845999999974
0.23499845699999974
0.23499843899999973
0.2349984319999997
0.2349984229999997
0.23499842099999974
0.23499841599999974
0.23499841299999968
0.2349984169999997
0.23499842099999974
0.23499842099999974
0.23499841899999968
0.2349984189999997
0.2349984229999997
0.2349984249999997
0.2349984289999997
0.2349984329999997
0.2349984349999997
0.2349984319999997
0.23499842799999968
0.23499842299999968
0.2349984269999997
0.2349984309999997
0.23499843099999967
0.23499842999999968
0.23499841599999968
0.23499839399999967
0.23499836999999965
0.23499834899999966
0.23499835099999966
0.23499835399999966
0.23499835399999963
0.23499835799999969
0.23499836199999968
0.23499836599999965
0.23499836999999965
0.23499837399999965
0.23499837799999967
0.23499838199999964
0.23499838599999961
0.23499838699999964
0.23499838899999967
0.2349983929999996
0.2349983969999996
0.2349984009999996
0.23499840499999966
0.23499840899999963
0.2349984129999996
0.23499841699999963
0.23499841499999963
0.2349983939999996
0.23499837299999962
0.2349983519999996
0.2349983369999996
0.23499832999999962
0.2349983259999996
0.2349983119999996
0.23499830099999963
0.2349982969999996
0.23499830099999958
0.23499830499999963
0.2349983089999996
0.2349983129999996
0.2349983169999996
0.23499832099999957
0.2349983249999996
0.2349983289999996
0.2349983329999996
0.23499833699999956
0.23499833899999958
0.23499834199999958
0.23499834599999958
0.23499834799999958
0.2349983509999996
0.23499834999999958
0.23499834999999955
0.23499835399999955
0.23499835599999958
0.23499835699999957
0.23499835699999955
0.23499835799999955
0.23499835799999957
0.23499835399999955
0.2349983499999995
0.23499835199999955
0.23499835599999958
0.23499835299999955
0.23499834999999952
0.23499835299999955
0.23499835599999958
0.23499835999999955
0.23499836299999952
0.23499836699999951
0.23499837099999957
0.23499837499999957
0.23499837899999948
0.23499837599999956
0.23499836899999954
0.2349983679999995
0.23499836599999951
0.23499835599999952
0.23499834599999953
0.23499833099999956
0.23499831699999948
0.23499830199999952
0.23499828999999955
0.2349982899999995
0.23499829099999947
0.2349982949999995
0.23499829499999952
0.23499829699999952
0.23499829799999947
0.2349982989999995
0.2349982979999995
0.23499830099999947
0.23499828399999945
0.23499824799999947
0.2349982339999995
0.23499822099999948
0.23499818999999944
0.2349981309999995
0.23499808099999947
0.2349980449999995
0.23499799099999943
0.23499793699999946
0.23499790599999948
0.23499787499999944
0.23499784599999946
0.23499781999999947
0.23499779799999948
0.23499777999999946
0.23499777199999947
0.23499775799999947
0.23499774599999948
0.23499774799999945
0.23499774499999945
0.23499774499999945
0.23499774699999945
0.23499775099999942
0.23499775499999942
0.23499775899999945
0.23499776199999944
0.23499776599999944
0.23499776999999944
0.23499777399999944
0.23499777799999944
0.2349977759999994
0.23499777399999938
0.23499777199999944
0.23499775799999945
0.2349977329999994
0.23499772699999943
0.23499772299999944
0.2349977189999994
0.23499772299999938
0.23499772199999938
0.23499772099999938
0.23499772199999944
0.23499772199999938
0.23499772499999938
0.23499772899999938
0.2349977329999994
0.2349977369999994
0.2349977409999994
0.2349977449999994
0.2349977489999994
0.2349977529999994
0.2349977559999994
0.2349977589999994
0.2349977579999994
0.23499773799999937
0.23499769899999937
0.23499765999999936
0.23499764199999937
0.23499760899999939
0.23499757699999935
0.23499755899999933
0.23499754799999936
0.23499752099999932
0.23499748499999937
0.23499744099999936
0.23499743099999937
0.23499742799999934
0.23499742799999934
0.23499743199999937
0.23499743599999937
0.23499743999999934
0.23499743999999936
0.23499744399999936
0.23499744799999933
0.23499744899999933
0.23499745299999933
0.23499745699999935
0.23499746099999932
0.23499746399999932
0.23499746699999932
0.23499747099999935
0.23499746399999932
0.23499746699999932
0.23499747099999932
0.23499747299999932
0.23499747699999932
0.23499748099999931
0.2349974849999993
0.2349974839999993
0.23499747599999932
0.23499747199999926
0.2349974689999993
0.23499745699999933
0.2349974559999993
0.23499745999999927
0.23499746399999927
0.2349974679999993
0.23499747199999932
0.2349974749999993
0.2349974689999993
0.2349974679999993
0.2349974709999993
0.23499747199999926
0.23499747599999926
0.23499747999999926
0.23499748399999928
0.23499748799999923
0.23499749199999923
0.23499749599999928
0.23499749999999928
0.23499750399999925
0.23499750799999924
0.23499751199999924
0.23499751599999924
0.23499751999999924
0.23499752399999924
0.23499752499999926
0.23499752799999926
0.23499753199999923
0.23499753599999923
0.23499753999999926
0.23499753399999923
0.23499752499999924
0.23499752699999923
0.23499752999999923
0.23499753399999923
0.2349975379999992
0.23499753899999923
0.23499753399999923
0.2349975309999992
0.2349975349999992
0.2349975389999992
0.2349975429999992
0.2349975469999992
0.2349975449999992
0.2349975449999992
0.2349975449999992
0.2349975489999992
0.2349975529999992
0.23499755699999916
0.2349975599999992
0.23499756399999921
0.23499756799999919
0.23499757199999918
0.23499757599999918
0.2349975799999992
0.2349975819999992
0.23499757399999915
0.23499755799999916
0.2349975269999992
0.23499750999999916
0.23499751199999916
0.23499750599999916
0.23499749099999917
0.23499744799999917
0.23499739499999914
0.23499735199999916
0.23499729999999916
0.23499723199999914
0.23499716599999915
0.23499709299999916
0.23499705299999915
0.23499703599999913
0.23499703599999913
0.23499703999999919
0.23499703999999916
0.23499704399999913
0.23499704799999913
0.23499705099999915
0.23499705299999915
0.23499705699999912
0.23499705699999912
0.23499705999999912
0.23499705499999915
0.2349970509999991
0.2349970409999991
0.23499703599999913
0.23499703699999913
0.2349970409999991
0.23499703699999913
0.2349970299999991
0.23499703199999908
0.2349970359999991
0.23499703999999905
0.2349970429999991
0.2349970439999991
0.2349970459999991
0.2349970479999991
0.2349970509999991
0.23499705499999907
0.23499705899999906
0.2349970629999991
0.2349970659999991
0.23499706299999906
0.2349970649999991
0.23499706899999903
0.23499707299999908
0.23499707699999908
0.23499708099999908
0.23499708499999905
0.23499708699999905
0.23499708999999905
0.23499709399999905
0.23499709799999902
0.23499710199999907
0.23499710199999907
0.23499708299999905
0.23499706799999906
0.23499706999999903
0.23499706299999906
0.234997053999999
0.234997055999999
0.23499705999999904
0.23499706399999906
0.23499706799999903
0.23499707199999903
0.23499706699999906
0.23499704899999904
0.23499701999999903
0.23499697499999903
0.23499691999999903
0.234996883999999
0.234996859999999
0.234996847999999
0.23499683099999902
0.23499682099999905
0.23499679699999898
0.234996749999999
0.234996688999999
0.234996632999999
0.23499660799999902
0.23499660299999897
0.23499660199999903
0.23499660599999903
0.234996609999999
0.234996611999999
0.234996615999999
0.23499661999999902
0.234996622999999
0.23499662399999896
0.234996610999999
0.23499659599999898
0.23499656499999896
0.234996550999999
0.23499654099999898
0.23499652799999896
0.23499652199999896
0.23499649599999894
0.23499647899999898
0.23499646899999896
0.23499646899999896
0.23499647199999896
0.23499647599999895
0.23499647799999898
0.23499647599999895
0.23499647399999896
0.23499647499999896
0.23499647899999898
0.23499647699999895
0.23499647899999893
0.23499647899999895
0.23499647399999896
0.23499647499999893
0.23499647899999893
0.23499648299999892
0.23499648699999892
0.23499648899999892
0.23499649299999892
0.2349964969999989
0.23499650099999894
0.23499650399999894
0.23499650699999894
0.23499650499999894
0.23499650699999894
0.23499651099999888
0.2349965149999989
0.2349965189999989
0.2349965229999989
0.2349965219999989
0.2349965169999989
0.2349965159999989
0.2349965139999989
0.23499651499999888
0.23499651599999888
0.23499651899999888
0.23499652299999887
0.23499651599999888
0.23499649899999886
0.2349964889999989
0.23499648399999887
0.23499645299999883
0.23499640199999886
0.23499636899999887
0.23499635399999885
0.23499633599999886
0.23499633199999886
0.2349963359999989
0.23499633999999886
0.23499634399999883
0.23499634799999886
0.23499635199999885
0.23499635599999885
0.23499635999999885
0.23499635999999885
0.23499636399999885
0.23499636799999887
0.23499637199999882
0.23499637499999884
0.23499637599999887
0.23499637999999884
0.23499638099999884
0.2349963769999988
0.23499637599999887
0.23499636799999882
0.23499636399999882
0.23499636599999882
0.23499635799999882
0.23499635299999883
0.2349963509999988
0.23499634399999883
0.2349963279999988
0.23499632199999881
0.23499632399999879
0.23499632699999878
0.2349963309999988
0.2349963349999988
0.23499633899999878
0.23499633899999878
0.23499634299999878
0.2349963469999988
0.23499634799999877
0.23499635199999877
0.2349963559999988
0.2349963579999988
0.2349963619999988
0.23499636599999876
0.23499636399999876
0.2349963589999988
0.23499634399999877
0.23499632299999876
0.23499630399999877
0.23499629199999877
0.23499627399999876
0.23499627099999876
0.23499627199999878
0.23499627499999878
0.23499627899999875
0.23499627999999875
0.23499628399999875
0.23499628799999875
0.23499628599999875
0.23499628999999875
0.23499629099999877
0.23499629299999875
0.23499629599999872
0.23499628799999875
0.23499628599999875
0.23499628999999875
0.23499629399999872
0.23499629799999872
0.23499628999999875
0.23499627399999873
0.23499627299999873
0.23499627399999873
0.23499626999999873
0.2349962609999987
0.2349962609999987
0.2349962559999987
0.2349962549999987
0.2349962589999987
0.2349962599999987
0.23499626399999868
0.2349962679999987
0.23499626999999867
0.23499627099999867
0.23499627499999867
0.23499627699999873
0.2349962809999987
0.2349962849999987
0.2349962879999987
0.2349962899999987
0.23499629299999866
0.23499629599999866
0.23499629999999866
0.23499630099999871
0.2349963049999987
0.23499630899999868
0.23499631299999868
0.23499631699999868
0.23499631499999868
0.23499630399999866
0.23499628999999866
0.2349962889999987
0.23499629199999866
0.23499629499999863
0.23499629899999866
0.23499630299999866
0.23499630599999863
0.23499630799999863
0.23499631199999865
0.23499631599999868
0.23499631999999865
0.23499632399999862
0.23499632799999864
0.23499633199999864
0.2349963349999986
0.23499633199999864
0.23499632699999864
0.23499632799999864
0.23499633199999864
0.2349963359999986
0.2349963399999986
0.23499634399999864
0.23499634799999863
0.23499635199999858
0.2349963559999986
0.23499635999999863
0.2349963639999986
0.2349963679999986
0.23499637199999862
0.23499637599999862
0.2349963799999986
0.2349963829999986
0.2349963869999986
0.2349963899999986
0.23499639299999858
0.23499639699999858
0.23499639799999858
0.23499639999999858
0.23499640299999858
0.23499640299999858
0.23499639699999858
0.23499638399999856
0.23499637699999856
0.23499636999999857
0.23499637299999854
0.23499637699999856
0.23499637799999856
0.23499636299999854
0.23499634899999852
0.23499634799999858
0.23499634799999858
0.23499635099999852
0.23499635499999852
0.23499635899999857
0.23499636299999854
0.23499635799999855
0.23499636199999852
0.23499636599999854
0.23499636999999854
0.23499637399999854
0.23499637499999854
0.23499637699999854
0.2349963789999985
0.23499637399999854
0.23499637099999854
0.23499636899999854
0.23499637099999854
0.2349963639999985
0.23499635299999852
0.23499634899999852
0.23499634899999852
0.2349963489999985
0.2349963469999985
0.2349963339999985
0.2349963169999985
0.2349963159999985
0.23499631999999848
0.2349963229999985
0.2349963259999985
0.23499631999999848
0.23499631999999848
0.2349963209999985
0.2349963249999985
0.23499632899999848
0.23499633199999845
0.2349963349999985
0.23499633399999847
0.23499633799999847
0.23499633999999847
0.2349963439999985
0.23499634799999847
0.23499635199999847
0.23499635199999847
0.23499634899999847
0.23499635199999847
0.23499635499999846
0.23499635499999846
0.23499634699999847
0.23499634399999847
0.23499634299999844
0.23499634699999844
0.23499634999999844
0.23499635399999846
0.23499635799999843
0.23499635799999843
0.23499635499999846
0.23499634499999844
0.23499633499999842
0.23499631599999846
0.23499631299999846
0.23499630699999843
0.2349963029999984
0.23499630699999843
0.23499631099999843
0.23499631399999843
0.2349963179999984
0.2349963219999984
0.23499632499999842
0.2349963199999984
0.23499631799999837
0.2349963199999984
0.23499632399999842
0.23499632799999842
0.2349963319999984
0.2349963359999984
0.2349963399999984
0.23499634399999839
0.23499634799999836
0.23499635199999838
0.2349963519999984
0.2349963549999984
0.23499635699999838
0.23499636099999838
0.23499636499999838
0.23499636899999837
0.23499637099999837
0.23499635799999838
0.23499636099999838
0.23499635799999838
0.23499635999999835
0.23499636299999838
0.23499636699999837
0.23499636999999837
0.23499636999999837
0.23499636799999837
0.23499637199999837
0.23499637399999834
0.23499636699999835
0.23499636699999835
0.23499636599999835
0.23499636399999835
0.23499636299999832
0.23499636199999835
0.23499636099999835
0.23499636199999832
0.23499635799999835
0.23499635399999833
0.23499634799999833
0.23499635199999833
0.23499635499999832
0.23499634299999833
0.23499633799999833
0.23499634099999833
0.2349963449999983
0.2349963489999983
0.23499635299999833
0.23499635699999832
0.2349963609999983
0.23499636499999832
0.23499636799999832
0.23499637199999832
0.2349963749999983
0.23499637899999828
0.2349963829999983
0.2349963839999983
0.23499638699999828
0.23499639099999828
0.23499639399999828
0.23499639499999828
0.23499639899999827
0.23499640299999827
0.2349964069999983
0.23499641099999827
0.23499641499999824
0.23499641599999824
0.2349964109999983
0.2349963999999983
0.23499639599999825
0.23499639599999828
0.23499639099999825
0.23499638299999825
0.23499637099999826
0.23499635999999827
0.23499635199999827
0.23499634499999825
0.23499634599999825
0.23499634999999824
0.23499635399999827
0.23499635799999824
0.23499636199999824
0.23499636399999824
0.23499636799999826
0.23499637199999823
0.23499637599999823
0.23499637899999823
0.23499637599999823
0.23499636999999826
0.23499635699999824
0.23499634399999822
0.23499634399999822
0.23499634599999822
0.2349963499999982
0.23499635299999821
0.23499635699999824
0.2349963609999982
0.2349963609999982
0.2349963629999982
0.2349963609999982
0.2349963649999982
0.2349963689999982
0.23499637299999818
0.23499637599999817
0.23499637999999817
0.23499638399999817
0.2349963669999982
0.23499634199999822
0.23499632899999817
0.23499632099999818
0.23499630099999816
0.2349962719999982
0.23499625499999818
0.23499624799999816
0.2349962399999982
0.2349962399999982
0.23499624399999816
0.23499624699999816
0.23499625099999816
0.23499625299999816
0.23499624899999816
0.23499623599999814
0.23499623099999814
0.23499622799999814
0.23499622099999817
0.23499620899999815
0.23499620599999815
0.23499620999999815
0.23499621299999812
0.23499621699999812
0.23499622099999812
0.23499622499999817
0.23499622099999812
0.23499620699999813
0.2349961809999981
0.23499616199999815
0.23499614999999813
0.23499613799999813
0.2349961239999981
0.23499611999999812
0.2349961239999981
0.23499612799999808
0.2349961319999981
0.23499613599999813
0.2349961399999981
0.23499614299999808
0.23499614599999807
0.2349961499999981
0.23499615299999813
0.2349961569999981
0.2349961599999981
0.2349961639999981
0.2349961679999981
0.23499617199999806
0.23499617599999809
0.23499617999999808
0.23499618399999808
0.23499618699999805
0.23499618599999808
0.23499618999999808
0.23499619399999808
0.23499619799999805
0.23499620199999804
0.23499620599999807
0.23499620499999807
0.23499620799999807
0.2349962109999981
0.23499621499999807
0.23499621899999806
0.23499622299999806
0.23499622699999803
0.23499623099999806
0.23499623299999806
0.23499622999999803
0.23499622599999806
0.23499622099999806
0.23499621999999804
0.23499622399999803
0.23499622599999806
0.23499622999999803
0.23499623099999803
0.23499623399999803
0.23499622799999803
0.234996218999998
0.234996220999998
0.234996224999998
0.23499622899999803
0.23499623299999803
0.23499623699999803
0.234996240999998
0.23499623899999803
0.234996231999998
0.23499621899999798
0.234996216999998
0.234996215999998
0.234996219999998
0.234996223999998
0.23499622799999798
0.23499623199999797
0.23499623599999803
0.23499623999999797
0.23499624399999797
0.23499624799999796
0.234996251999998
0.23499625499999796
0.23499625899999796
0.23499626299999798
0.23499626699999798
0.23499626599999796
0.23499625599999796
0.23499624099999794
0.23499624399999797
0.23499624799999796
0.234996251999998
0.234996251999998
0.234996250999998
0.23499625299999796
0.23499625499999793
0.23499625299999796
0.23499624499999797
0.23499623999999794
0.23499623699999794
0.23499623899999797
0.23499624299999794
0.23499624499999794
0.23499624099999794
0.23499624299999794
0.23499624199999794
0.23499624599999794
0.23499624899999794
0.23499624999999794
0.23499625099999794
0.2349962539999979
0.2349962549999979
0.2349962509999979
0.2349962419999979
0.23499622599999792
0.23499618999999788
0.23499616299999793
0.2349961469999979
0.2349961319999979
0.23499609699999788
0.2349960869999979
0.2349960889999979
0.2349960929999979
0.23499609699999788
0.2349961009999979
0.2349961049999979
0.2349961089999979
0.23499611299999787
0.23499611699999792
0.2349961209999979
0.2349961249999979
0.2349961279999979
0.2349961299999979
0.23499613399999789
0.23499613699999788
0.23499613999999786
0.23499614399999785
0.23499614799999788
0.23499615199999788
0.23499615599999782
0.23499615699999785
0.23499614399999785
0.23499614299999785
0.23499614699999785
0.23499615099999785
0.23499615499999785
0.23499615899999785
0.23499616299999784
0.23499616699999784
0.23499617099999784
0.23499617499999784
0.23499617799999784
0.2349961819999978
0.2349961849999978
0.23499617999999783
0.23499617299999784
0.2349961719999978
0.23499616399999784
0.23499616199999782
0.23499616599999784
0.2349961669999978
0.23499616699999779
0.23499616699999779
0.23499616999999778
0.23499617399999778
0.23499617799999784
0.2349961819999978
0.2349961809999978
0.23499616399999781
0.2349961379999978
0.2349961339999978
0.23499613799999777
0.2349961419999978
0.2349961459999978
0.2349961499999978
0.23499615399999776
0.23499615799999776
0.23499615399999776
0.23499615299999776
0.23499615699999776
0.2349961609999978
0.23499616499999781
0.23499616899999776
0.23499617199999778
0.23499616899999778
0.2349961649999978
0.23499616399999776
0.23499616199999776
0.23499615799999776
0.2349961499999978
0.23499614199999772
0.23499613299999775
0.23499610199999774
0.23499609599999774
0.23499609399999774
0.23499609799999774
0.23499609899999774
0.23499610299999776
0.23499610699999773
0.2349961109999977
0.23499611399999773
0.23499611799999773
0.23499612199999775
0.23499612599999772
0.23499612899999772
0.23499613099999772
0.2349961249999977
0.2349961169999977
0.23499611899999773
0.23499612299999773
0.2349961249999977
0.2349961209999977
0.2349961139999977
0.23499610699999773
0.2349961099999977
0.2349961139999977
0.2349961179999977
0.23499612199999767
0.23499612599999767
0.2349961299999977
0.2349961319999977
0.23499613599999766
0.23499613999999766
0.2349961429999977
0.23499614599999769
0.2349961489999977
0.23499615299999765
0.23499615699999768
0.2349961609999977
0.2349961639999977
0.23499616799999767
0.23499617199999767
0.23499617399999767
0.23499617399999767
0.23499616999999767
0.23499616099999765
0.23499615099999765
0.23499613699999766
0.23499612599999764
0.23499611599999765
0.23499610299999768
0.23499610599999768
0.23499610999999762
0.23499611399999765
0.23499611799999764
0.23499611899999764
0.23499612299999761
0.2349961259999976
0.2349961299999976
0.23499613399999766
0.23499613799999763
0.23499614199999763
0.23499614599999763
0.23499614999999763
0.2349961539999976
0.23499615799999762
0.23499616199999762
0.23499616599999762
0.2349961639999976
0.2349961629999976
0.23499616099999765
0.2349961519999976
0.2349961219999976
0.2349960899999976
0.23499605899999762
0.23499602599999758
0.23499600599999756
0.23499598199999758
0.2349959759999976
0.23499597999999758
0.23499598399999758
0.23499598799999757
0.23499599099999757
0.2349959929999976
0.23499599699999757
0.23499600099999757
0.2349960049999976
0.23499600899999756
0.23499601299999756
0.23499601699999756
0.23499602099999756
0.23499602499999755
0.23499602799999755
0.23499603099999755
0.23499603199999758
0.23499602299999756
0.23499600999999756
0.23499600499999754
0.23499600799999754
0.23499601199999756
0.23499601499999756
0.2349960099999975
0.23499599999999754
0.23499599499999754
0.23499599699999751
0.23499600099999754
0.23499600499999754
0.2349960079999975
0.2349960109999975
0.23499600499999754
0.23499600099999754
0.23499599599999754
0.2349959659999975
0.23499595199999748
0.23499594899999748
0.23499594999999748
0.2349959519999975
0.23499595499999748
0.2349959529999975
0.23499595199999748
0.23499595599999748
0.2349959599999975
0.2349959639999975
0.2349959669999975
0.2349959709999975
0.2349959749999975
0.23499597899999747
0.2349959809999975
0.23499598499999746
0.2349959889999975
0.2349959929999975
0.2349959969999975
0.23499599999999748
0.23499598799999746
0.2349959709999975
0.23499595199999748
0.23499591499999747
0.23499588999999743
0.23499588299999746
0.23499587799999747
0.23499587399999747
0.23499585499999745
0.23499584199999746
0.23499582799999746
0.23499581599999744
0.23499580599999742
0.23499580699999745
0.23499581099999745
0.23499581499999744
0.2349958189999974
0.2349958229999974
0.23499582699999744
0.2349958299999974
0.23499583299999743
0.23499583099999746
0.2349958269999974
0.23499581699999744
0.23499579699999742
0.23499576399999741
0.23499572799999743
0.23499571199999741
0.23499570799999742
0.2349956919999974
0.23499565499999742
0.23499560999999738
0.23499555999999738
0.2349955119999974
0.2349954859999974
0.23499545499999738
0.23499541599999743
0.2349953649999974
0.2349953549999974
0.2349953579999974
0.23499534399999739
0.2349953389999974
0.2349953429999974
0.2349953419999974
0.2349953419999974
0.23499534599999738
0.23499534899999736
0.23499534799999736
0.23499534799999736
0.23499535199999735
0.23499535499999738
0.23499535299999735
0.23499535099999735
0.23499534899999736
0.23499534599999736
0.2349953449999973
0.23499533999999733
0.23499534399999739
0.23499534799999736
0.23499535099999735
0.23499535499999735
0.23499535799999738
0.23499536199999735
0.23499536499999732
0.23499536899999734
0.23499537099999734
0.23499536599999732
0.2349953599999973
0.23499536299999732
0.23499536699999735
0.23499536699999735
0.23499536999999732
0.23499537099999732
0.23499536899999732
0.2349953729999973
0.23499537599999729
0.23499537999999728
0.23499538399999734
0.2349953879999973
0.2349953919999973
0.2349953959999973
0.2349953999999973
0.23499540399999727
0.23499540699999727
0.23499541099999727
0.23499541499999732
0.2349954189999973
0.2349954199999973
0.2349954239999973
0.23499542799999731
0.23499543199999728
0.23499543399999726
0.23499543599999728
0.23499543999999728
0.2349954439999973
0.23499544799999725
0.23499545199999727
0.23499545599999727
0.23499545699999727
0.23499546099999724
0.23499545699999727
0.23499544399999725
0.23499543899999728
0.23499543799999725
0.23499544199999725
0.23499544599999725
0.23499544999999725
0.23499545399999724
0.23499545499999727
0.23499545799999727
0.23499546199999724
0.23499546599999724
0.23499546799999724
0.23499546899999724
0.23499546899999724
0.2349954719999972
0.2349954759999972
0.23499547999999726
0.23499547599999723
0.2349954769999972
0.2349954809999972
0.23499548399999726
0.23499548799999723
0.23499549199999717
0.23499549599999722
0.23499549899999722
0.23499549299999722
0.2349954819999972
0.23499547299999718
0.2349954749999972
0.2349954789999972
0.2349954799999972
0.23499547299999718
0.2349954709999972
0.23499547499999718
0.23499547899999718
0.2349954819999972
0.23499548599999717
0.2349954899999972
0.23499549399999717
0.23499549799999717
0.2349955019999972
0.2349955029999972
0.23499550699999713
0.23499550799999713
0.2349955029999972
0.23499548899999717
0.23499546999999718
0.23499544999999716
0.23499542199999718
0.23499540599999716
0.23499539399999714
0.23499538799999714
0.23499538699999714
0.23499538499999717
0.23499538599999711
0.23499538899999714
0.23499538899999714
0.23499539199999714
0.23499539599999714
0.23499539699999714
0.23499539499999714
0.23499539899999713
0.2349954029999971
0.23499539499999714
0.23499537899999712
0.23499534699999713
0.2349953169999971
0.23499530299999713
0.2349952989999971
0.2349953029999971
0.2349953069999971
0.2349953099999971
0.2349953139999971
0.2349953179999971
0.2349953209999971
0.2349953209999971
0.2349953159999971
0.2349953069999971
0.23499531099999707
0.2349953149999971
0.2349953189999971
0.2349953229999971
0.2349953239999971
0.23499532099999706
0.2349953179999971
0.2349953219999971
0.23499531899999707
0.2349953219999971
0.23499532599999712
0.2349953269999971
0.23499532799999703
0.23499533199999703
0.23499533499999709
0.23499533699999706
0.23499533999999705
0.23499534199999703
0.23499534199999705
0.23499534599999705
0.23499534999999705
0.23499535399999705
0.23499535799999705
0.23499536099999704
0.23499536399999704
0.23499536299999704
0.23499536699999704
0.234995370999997
0.234995374999997
0.234995378999997
0.23499537599999704
0.23499536099999704
0.23499535599999702
0.23499535899999702
0.23499535999999702
0.23499535999999704
0.23499535299999702
0.23499535399999702
0.23499535799999702
0.23499535999999702
0.234995360999997
0.234995364999997
0.23499536899999704
0.23499537299999698
0.23499537699999698
0.23499537599999698
0.234995355999997
0.234995329999997
0.234995281999997
0.234995222999997
0.23499519699999702
0.23499518999999697
0.23499518999999697
0.23499519399999697
0.23499519699999702
0.234995200999997
0.234995204999997
0.23499520799999699
0.23499521199999698
0.23499521199999696
0.23499521599999695
0.23499521999999698
0.23499522399999698
0.23499522699999695
0.23499522799999695
0.23499522699999695
0.23499522799999695
0.23499522499999695
0.23499522599999692
0.23499522899999695
0.23499522899999695
0.23499523299999697
0.23499523499999694
0.23499523799999694
0.23499522899999695
0.23499522299999695
0.23499522299999695
0.23499520799999693
0.23499518099999694
0.2349951559999969
0.23499512899999692
0.2349950999999969
0.2349950969999969
0.23499509299999694
0.23499509599999693
0.2349950999999969
0.2349951039999969
0.2349951039999969
0.2349951079999969
0.2349951119999969
0.23499511599999692
0.23499511799999692
0.2349951079999969
0.23499506799999687
0.2349950219999969
0.23499496799999686
0.23499495599999687
0.23499495999999687
0.23499496299999692
0.23499496699999692
0.23499496799999686
0.2349949719999969
0.23499497599999689
0.23499497899999688
0.23499497999999688
0.23499497799999688
0.23499497999999688
0.23499498399999685
0.23499498799999685
0.23499499199999688
0.23499499599999685
0.23499499899999685
0.23499500299999687
0.23499500699999687
0.23499501099999684
0.23499501499999684
0.23499501899999684
0.23499501899999684
0.23499501299999684
0.23499501599999684
0.23499500899999684
0.23499499499999682
0.2349949809999968
0.23499494899999684
0.23499490699999684
0.23499483199999685
0.23499477299999685
0.23499474999999684
0.23499473599999682
0.23499472799999682
0.23499471999999683
0.2349947159999968
0.2349947199999968
0.23499472099999683
0.2349947249999968
0.2349947289999968
0.23499473199999682
0.23499473199999682
0.23499473399999682
0.23499473399999676
0.23499473499999682
0.23499473499999682
0.23499473399999682
0.2349947359999968
0.2349947389999968
0.2349947409999968
0.23499474499999679
0.23499474899999678
0.23499474999999678
0.23499474899999678
0.2349947419999968
0.23499473699999676
0.23499473799999676
0.23499474199999676
0.23499474599999676
0.23499474999999678
0.23499474599999676
0.2349947409999968
0.23499473699999676
0.23499473599999676
0.23499473099999676
0.23499472699999677
0.23499472099999677
0.23499471599999674
0.23499470699999672
0.23499469899999675
0.23499468599999676
0.23499467199999674
0.23499466399999672
0.23499466799999674
0.23499467199999674
0.23499467599999674
0.2349946799999967
0.23499468399999673
0.23499467999999674
0.2349946719999967
0.2349946749999967
0.2349946789999967
0.23499468299999673
0.23499468499999673
0.2349946889999967
0.2349946929999967
0.23499469699999673
0.2349947009999967
0.23499470499999672
0.2349947089999967
0.2349947129999967
0.2349947159999967
0.2349947199999967
0.23499472299999669
0.23499472099999671
0.2349947209999967
0.23499472299999666
0.23499472699999668
0.23499473099999668
0.2349947349999967
0.23499473699999665
0.23499473699999668
0.23499472899999668
0.23499472999999668
0.23499473299999665
0.23499473699999665
0.23499473999999668
0.23499474399999667
0.23499474699999667
0.23499475099999664
0.23499475499999667
0.23499475899999667
0.23499476199999667
0.23499476099999667
0.2349947639999967
0.23499476799999666
0.23499477199999666
0.23499477599999666
0.23499477999999663
0.23499478399999663
0.23499478799999662
0.2349947919999966
0.23499479499999665
0.23499479899999662
0.23499480299999664
0.23499480599999664
0.2349948099999966
0.2349948139999966
0.2349948169999966
0.23499481399999664
0.23499480399999664
0.23499480299999662
0.23499480699999659
0.2349948109999966
0.2349948139999966
0.2349948179999966
0.23499482199999658
0.2349948259999966
0.23499482999999663
0.23499483399999663
0.2349948379999966
0.2349948419999966
0.2349948429999966
0.2349948429999966
0.23499484099999654
0.2349948329999966
0.2349948199999966
0.2349947999999966
0.23499476799999655
0.2349947539999966
0.2349947519999966
0.23499474899999656
0.23499474899999653
0.23499474399999656
0.2349947469999966
0.23499475099999656
0.23499475099999656
0.2349947479999966
0.23499475199999656
0.23499475499999653
0.23499474299999654
0.23499473899999657
0.23499472999999657
0.23499472499999655
0.23499472899999654
0.23499473299999654
0.23499473299999657
0.23499473299999654
0.2349947369999965
0.2349947399999965
0.23499474399999656
0.23499474399999656
0.2349947469999965
0.23499475099999653
0.23499475499999653
0.23499475699999653
0.23499475099999653
0.2349947469999965
0.23499475099999653
0.23499475399999653
0.2349947569999965
0.23499475999999653
0.2349947639999965
0.2349947679999965
0.23499477199999652
0.23499477499999652
0.23499477499999652
0.2349947639999965
0.2349947599999965
0.2349947569999965
0.23499475999999653
0.23499476399999647
0.23499476799999647
0.2349947699999965
0.2349947739999965
0.23499477799999646
0.23499478099999646
0.23499478499999646
0.2349947849999965
0.23499478199999646
0.23499476199999644
0.23499470999999647
0.23499468299999648
0.23499466299999647
0.23499465199999647
0.23499465399999647
0.23499465799999647
0.23499466199999644
0.23499466499999644
0.23499466899999646
0.23499466899999646
0.23499467299999646
0.23499467699999643
0.23499468099999643
0.23499468499999646
0.23499468899999645
0.2349946929999964
0.23499469699999645
0.23499470099999645
0.23499470499999642
0.23499470699999642
0.23499471099999641
0.23499471499999644
0.2349947189999964
0.2349947229999964
0.2349947259999964
0.23499472299999644
0.23499471099999641
0.23499471199999641
0.2349947159999964
0.23499471799999638
0.23499472199999638
0.23499472599999638
0.23499472999999643
0.2349947339999964
0.2349947379999964
0.2349947419999964
0.2349947459999964
0.2349947499999964
0.2349947539999964
0.23499475599999636
0.23499474699999637
0.2349947419999964
0.23499473799999634
0.23499473499999635
0.23499472599999638
0.23499472599999638
0.23499472999999638
0.23499473399999635
0.23499473799999634
0.2349947419999964
0.2349947459999964
0.23499474299999634
0.23499473599999635
0.23499473799999634
0.23499474199999634
0.2349947459999963
0.2349947469999963
0.23499474699999634
0.23499474399999637
0.23499474299999634
0.23499472699999635
0.23499470199999636
0.23499468099999632
0.2349946599999963
0.23499462899999635
0.23499461099999633
0.23499459899999636
0.2349945889999963
0.23499456099999633
0.23499453699999634
0.2349945059999963
0.2349944619999963
0.23499440699999632
0.23499436399999632
0.23499431299999632
0.2349942839999963
0.2349942849999963
0.2349942889999963
0.23499429299999627
0.23499429699999627
0.2349943009999963
0.2349943049999963
0.2349943089999963
0.2349943119999963
0.2349943149999963
0.23499431799999626
0.23499432199999626
0.23499432499999626
0.2349943259999963
0.2349943299999963
0.23499433199999628
0.23499433599999628
0.23499433999999628
0.23499434399999625
0.23499434599999625
0.23499434999999624
0.23499435399999627
0.2349943579999963
0.23499436199999627
0.23499436599999626
0.23499436999999626
0.23499437399999626
0.23499437799999623
0.23499438199999623
0.23499438499999625
0.23499438599999625
0.23499438499999625
0.23499438599999625
0.23499438999999622
0.23499439399999625
0.23499439599999625
0.23499438599999622
0.2349943619999962
0.23499432699999626
0.23499430599999624
0.23499426599999623
0.23499423699999625
0.2349942029999962
0.2349941709999962
0.2349941629999962
0.23499416499999623
0.23499416899999623
0.23499417199999617
0.2349941749999962
0.23499417899999622
0.23499418299999622
0.2349941869999962
0.2349941909999962
0.2349941929999962
0.23499419299999622
0.23499417899999617
0.23499417899999617
0.23499418299999622
0.23499418399999622
0.23499418799999613
0.2349941889999962
0.2349941829999962
0.2349941779999962
0.23499416099999615
0.23499416399999615
0.2349941639999962
0.2349941669999962
0.23499417099999614
0.23499417199999612
0.23499417599999617
0.23499417699999617
0.23499417999999614
0.23499418399999614
0.23499417799999617
0.23499417799999617
0.23499418099999614
0.23499418499999616
0.23499418799999613
0.23499419099999613
0.23499419499999613
0.23499419899999613
0.23499420299999615
0.23499420699999615
0.23499420999999615
0.23499421399999612
0.23499421599999612
0.23499421199999615
0.23499420899999615
0.23499421299999615
0.23499421699999612
0.23499421999999612
0.2349942209999961
0.23499422499999612
0.2349942289999961
0.2349942329999961
0.2349942369999961
0.2349942409999961
0.2349942449999961
0.23499424899999613
0.2349942509999961
0.2349942549999961
0.2349942589999961
0.2349942629999961
0.23499426699999607
0.23499426899999612
0.2349942719999961
0.2349942759999961
0.2349942799999961
0.23499428399999608
0.23499428799999608
0.2349942919999961
0.23499429599999608
0.23499429999999608
0.23499430399999607
0.23499430799999607
0.23499431099999604
0.23499431299999604
0.23499431699999607
0.23499432099999606
0.23499432499999606
0.23499432799999603
0.23499432499999606
0.23499432699999606
0.23499433099999603
0.23499433499999603
0.23499433599999606
0.23499433999999605
0.23499434199999603
0.23499433299999603
0.23499432999999603
0.23499433299999603
0.23499433499999603
0.23499433899999603
0.23499434299999603
0.23499434699999602
0.23499435099999602
0.23499435199999602
0.23499435399999602
0.23499435399999602
0.23499435399999602
0.23499435299999602
0.23499434999999602
0.23499433999999603
0.234994322999996
0.234994309999996
0.234994283999996
0.234994255999996
0.23499424199999597
0.23499422699999598
0.23499423099999597
0.234994234999996
0.234994238999996
0.23499423799999597
0.234994241999996
0.234994244999996
0.23499424499999597
0.23499424899999596
0.234994252999996
0.234994246999996
0.23499423899999597
0.23499420799999599
0.23499418099999597
0.234994132999996
0.23499408199999597
0.23499402099999597
0.234993980999996
0.23499395199999598
0.23499392999999594
0.23499391899999594
0.23499391999999597
0.23499392399999597
0.23499392799999594
0.23499393199999594
0.23499393499999596
0.23499393199999594
0.23499392799999594
0.23499392399999594
0.23499391199999592
0.23499391199999595
0.23499391599999592
0.23499391999999591
0.23499392399999594
0.2349939279999959
0.2349939319999959
0.23499393599999593
0.2349939399999959
0.2349939439999959
0.2349939479999959
0.2349939519999959
0.23499395499999592
0.23499395899999592
0.2349939629999959
0.23499396699999592
0.2349939709999959
0.2349939729999959
0.2349939769999959
0.23499398099999588
0.2349939849999959
0.23499398899999588
0.23499399299999588
0.23499399699999587
0.2349940009999959
0.23499400399999587
0.23499400499999587
0.23499400399999587
0.23499400699999587
0.2349940089999959
0.23499401199999584
0.23499401399999584
0.23499401399999587
0.23499401799999586
0.23499402199999586
0.23499402599999586
0.23499402999999586
0.23499403299999586
0.23499403399999585
0.23499402699999586
0.23499401599999584
0.23499401299999584
0.23499401099999584
0.23499400999999584
0.23499401199999584
0.23499401599999584
0.23499401999999583
0.2349940239999958
0.23499402699999583
0.23499403099999583
0.2349940289999958
0.23499403299999586
0.23499403699999585
0.23499403999999582
0.23499404299999582
0.23499404699999582
0.23499405099999582
0.2349940549999958
0.2349940569999958
0.23499405999999579
0.2349940579999958
0.23499405099999582
0.2349940399999958
0.23499403899999577
0.2349940389999958
0.23499404299999582
0.2349940469999958
0.23499405099999582
0.2349940549999958
0.2349940589999958
0.23499406299999578
0.23499406699999575
0.23499407099999578
0.2349940749999958
0.2349940789999958
0.23499408299999577
0.23499408699999577
0.23499409099999577
0.23499409499999574
0.23499409899999577
0.23499410299999576
0.2349941059999958
0.23499410899999573
0.23499411299999576
0.23499411699999576
0.23499411799999576
0.23499412199999575
0.23499412599999572
0.23499412999999575
0.23499413399999577
0.23499413799999572
0.23499413899999574
0.23499413499999575
0.23499410699999576
0.23499407299999572
0.23499404999999574
0.23499402399999572
0.23499402299999572
0.23499402699999572
0.23499403099999575
0.23499403499999574
0.2349940389999957
0.2349940429999957
0.2349940459999957
0.23499403799999571
0.2349940149999957
0.2349940159999957
0.23499401999999572
0.23499402099999572
0.23499401999999572
0.2349940159999957
0.2349940189999957
0.2349940229999957
0.2349940269999957
0.2349940309999957
0.2349940349999957
0.2349940389999957
0.23499404199999566
0.23499404599999568
0.2349940479999957
0.2349940489999957
0.23499405299999568
0.23499405699999568
0.23499406099999567
0.23499406499999564
0.23499406899999567
0.23499407199999567
0.2349940759999957
0.2349940789999957
0.23499407099999567
0.23499405699999565
0.23499401699999564
0.23499398699999566
0.23499394999999568
0.23499393399999566
0.23499391799999567
0.23499391499999564
0.23499391299999564
0.2349938809999956
0.23499385899999564
0.23499386099999564
0.23499385799999564
0.23499385299999562
0.23499384999999562
0.23499385099999562
0.23499384799999565
0.23499385099999562
0.23499384999999562
0.23499385399999562
0.23499385799999561
0.2349938609999956
0.2349938649999956
0.23499386899999564
0.23499387299999563
0.23499387699999563
0.23499387499999563
0.2349938789999956
0.2349938829999956
0.2349938869999956
0.2349938909999956
0.2349938949999956
0.23499389699999557
0.23499389499999557
0.2349938979999956
0.2349939009999956
0.2349938929999956
0.23499388499999557
0.23499388599999557
0.23499388999999557
0.2349938919999956
0.2349938899999956
0.23499389399999557
0.23499389799999557
0.23499390199999556
0.23499390199999556
0.23499390299999556
0.23499390099999556
0.23499389899999557
0.23499390199999556
0.23499390599999553
0.23499390999999556
0.23499390799999553
0.23499390099999556
0.23499390399999556
0.23499390699999553
0.23499390299999556
0.23499390199999556
0.2349938929999955
0.23499386499999553
0.23499386099999556
0.23499385299999553
0.23499383999999554
0.23499383599999554
0.2349938389999955
0.2349938429999955
0.2349938469999955
0.2349938509999955
0.2349938499999955
0.23499384899999548
0.2349938479999955
0.23499384099999554
0.23499382899999552
0.23499382399999552
0.2349938089999955
0.2349937869999955
0.23499374899999548
0.23499369499999548
0.2349936499999955
0.2349936289999955
0.2349936169999955
0.2349936179999955
0.23499361999999546
0.2349936229999955
0.23499362699999551
0.23499362999999546
0.2349936329999955
0.23499363699999548
0.23499364099999548
0.23499364499999548
0.23499364899999547
0.23499364299999548
0.23499361399999547
0.23499360499999544
0.2349935899999955
0.23499355399999547
0.23499351399999546
0.23499350699999544
0.23499350199999544
0.23499350599999547
0.23499350999999546
0.23499351399999546
0.23499351799999546
0.23499352099999543
0.23499351999999543
0.23499352399999543
0.23499352699999543
0.23499352399999543
0.23499351499999546
0.23499349599999542
0.2349934529999954
0.23499342499999545
0.2349934219999954
0.2349934229999954
0.23499342299999543
0.23499342699999543
0.23499343099999542
0.2349934349999954
0.23499343699999542
0.23499343399999542
0.2349934339999954
0.2349934379999954
0.23499344199999542
0.23499343399999542
0.2349934179999954
0.23499340399999538
0.23499339399999541
0.2349933889999954
0.23499339199999536
0.23499339599999539
0.2349933999999954
0.2349934029999954
0.23499340499999538
0.23499340699999538
0.23499341099999538
0.23499341499999538
0.23499341699999537
0.23499342099999534
0.23499342499999537
0.2349934289999954
0.23499343299999537
0.23499343699999536
0.23499343999999536
0.23499344399999536
0.23499344799999533
0.23499345199999533
0.23499345599999538
0.23499345899999538
0.23499345799999535
0.23499346199999535
0.23499345999999538
0.23499345199999533
0.23499345099999533
0.23499345299999533
0.23499345699999533
0.23499346099999535
0.23499346399999535
0.23499346699999532
0.23499346799999535
0.23499346299999535
0.23499345299999533
0.23499345199999533
0.23499345599999533
0.23499345899999532
0.2349934629999953
0.2349934669999953
0.23499347099999532
0.23499347099999532
0.2349934699999953
0.23499347299999532
0.23499347699999532
0.23499347899999531
0.2349934809999953
0.23499348199999529
0.2349934859999953
0.2349934899999953
0.2349934939999953
0.23499349599999528
0.23499349899999528
0.23499349799999528
0.23499349899999528
0.23499350199999525
0.23499350299999525
0.2349935069999953
0.23499350999999527
0.23499349799999528
0.23499348799999525
0.2349934849999953
0.23499348099999526
0.23499347899999526
0.23499347499999526
0.23499346599999527
0.23499343999999525
0.23499339899999525
0.23499336099999524
0.23499333799999528
0.23499332699999526
0.23499333099999523
0.23499333499999525
0.23499333799999525
0.23499333599999522
0.23499333299999522
0.23499333599999522
0.23499333999999525
0.23499334399999522
0.2349933479999952
0.23499335199999524
0.23499335599999524
0.23499335699999524
0.2349933539999952
0.23499333799999522
0.23499333199999523
0.23499332799999523
0.23499332799999523
0.2349933319999952
0.23499333599999522
0.2349933389999952
0.23499334299999522
0.2349933459999952
0.2349933489999952
0.2349933529999952
0.23499335599999518
0.23499335999999518
0.2349933639999952
0.2349933679999952
0.2349933719999952
0.23499337399999518
0.23499337399999518
0.23499337399999518
0.23499337199999515
0.23499336199999515
0.2349933499999952
0.23499334499999516
0.23499334699999516
0.23499335099999516
0.2349933519999952
0.23499335599999518
0.23499335999999516
0.23499336099999515
0.23499336499999515
0.23499336899999515
0.23499337299999512
0.23499337599999515
0.23499337999999517
0.23499337999999514
0.23499337099999515
0.23499336399999515
0.23499336099999515
0.23499336299999515
0.23499336499999515
0.23499336899999515
0.23499337299999512
0.23499337499999512
0.23499337899999512
0.23499338299999514
0.23499338699999514
0.2349933909999951
0.2349933899999951
0.23499338299999512
0.23499338199999512
0.2349933859999951
0.23499338899999508
0.2349933889999951
0.23499338299999514
0.23499338699999509
0.23499338999999508
0.2349933939999951
0.23499339799999514
0.23499340199999505
0.2349934059999951
0.2349934049999951
0.23499339799999514
0.2349933669999951
0.23499332799999506
0.23499331099999513
0.23499330199999507
0.23499330499999507
0.23499330799999507
0.2349933119999951
0.23499331399999507
0.23499331799999507
0.23499332199999506
0.2349933259999951
0.23499332999999506
0.23499333399999506
0.23499333799999506
0.23499334199999505
0.23499334599999505
0.23499334999999505
0.23499335399999505
0.23499335799999505
0.23499335999999504
0.23499336299999504
0.23499336399999504
0.23499336799999507
0.23499336599999504
0.23499335299999505
0.23499331699999504
0.23499328099999503
0.23499326299999504
0.23499326699999504
0.234993270999995
0.23499327299999503
0.23499327599999503
0.23499327899999503
0.234993279999995
0.23499327999999503
0.23499328399999503
0.234993287999995
0.234993291999995
0.234993290999995
0.23499328399999503
0.23499326999999498
0.234993249999995
0.234993229999995
0.234993210999995
0.23499320899999498
0.23499320799999499
0.234993203999995
0.23499320799999499
0.23499321099999498
0.234993205999995
0.23499319799999502
0.23499319699999502
0.23499320099999496
0.23499320399999496
0.234993199999995
0.23499319799999496
0.23499320199999496
0.23499320599999496
0.23499320799999499
0.23499321199999496
0.23499321499999495
0.23499321599999495
0.23499321799999495
0.23499322099999495
0.23499322499999495
0.23499322899999492
0.23499323299999497
0.23499323699999497
0.23499323899999497
0.23499324099999494
0.23499324499999494
0.23499324899999496
0.23499325299999496
0.23499324999999494
0.23499324599999494
0.23499323699999494
0.23499322699999492
0.23499322199999495
0.23499321899999492
0.23499322099999495
0.23499322499999492
0.2349932279999949
0.23499323199999492
0.23499323399999492
0.23499323799999491
0.23499323799999491
0.23499324199999488
0.2349932459999949
0.23499324299999488
0.23499324099999488
0.2349932279999949
0.2349932229999949
0.23499322599999486
0.23499322999999486
0.2349932289999949
0.2349932229999949
0.23499321599999487
0.23499321299999484
0.2349932169999949
0.2349932209999949
0.2349932249999949
0.23499322799999486
0.23499323199999486
0.23499323599999486
0.23499323999999483
0.23499324399999486
0.23499324799999488
0.23499325199999488
0.23499325599999485
0.23499325999999487
0.23499326399999487
0.23499326499999484
0.23499326399999484
0.23499326799999481
0.23499327199999487
0.23499327599999484
0.23499327999999484
0.23499328299999483
0.23499328399999483
0.23499328799999483
0.23499329199999483
0.2349932959999948
0.23499329999999483
0.23499330299999485
0.2349933019999948
0.2349932859999948
0.2349932819999948
0.2349932819999948
0.2349932749999948
0.23499326699999484
0.23499324699999483
0.23499323199999483
0.2349932329999948
0.2349932339999948
0.2349932189999948
0.23499319599999477
0.2349931799999948
0.23499318299999478
0.2349931869999948
0.2349931899999948
0.2349931939999948
0.23499319699999477
0.2349931989999948
0.23499320299999477
0.23499320699999476
0.23499321099999476
0.2349932149999948
0.23499321799999479
0.23499322099999478
0.23499322499999475
0.23499322799999478
0.23499323199999475
0.23499323599999475
0.23499323999999475
0.23499324199999475
0.23499324099999477
0.23499324199999475
0.23499324599999474
0.23499324999999477
0.23499325399999474
0.23499325299999474
0.23499325499999474
0.23499325799999474
0.23499325899999474
0.23499326299999473
0.2349932669999947
0.23499327099999476
0.23499327499999476
0.23499327499999473
0.23499325899999474
0.23499323899999472
0.23499321799999476
0.2349932119999947
0.23499320699999474
0.2349932089999947
0.23499321299999473
0.2349932159999947
0.2349932179999947
0.23499322199999473
0.2349932259999947
0.2349932299999947

Avalanche_Distribution:
9
4
7
6
4
1
1
1
4
22
1
1
269
3
160
5
6
77
12
1
3
1228
2
194
75
14
2
26
6
101
2
4
5
160
2
1
3
9
2
10
21
1
14
1
1
1
132
1
3
6
5
1
6
631
13
2
1
91
10
8
1
1
391
4
3
1
1
12
2
53
16
4
3
1
24
2
19
14
1
1
89
526
4
1
2
4
44
21
4
3
2
10
2
1
47
27
538
2
1
203
17
8
16
2
1
9
14
14
4
231
4
4
36
71
1
1
4
3
2
127
3
1
3
6
1
4
19
37
42
3
3
2
2
3
2
2
1
45
1
3
20
1
2
5
1
53
1
50
9
5
23
2
40
52
1
18
1
6
2
11
1
1
28
1
69
18
1
16
2
5
2
20
9
1
11
17
21
5
29
27
1
1
3
1
1
3
37
80
2
52
6
1
6
6
1
184
1
1
76
1
137
1
1
1
1
6
6
1
1
25
5
2
4
25
45
1
39
11
38
11
6
4
4
209
3
2
25
1
44
12
64
13
123
3
1
1
1
25
2
31
2
1
1
1
1
2
104
3
1
234
3
2
43
35
1
88
4
12
1
2
250
1
551
28
8
1
6
4
40
1
1
1
1
21
5
9
1
1
3
1
2
1
3
39
4
2
8
11
1
41
20
1
3
160
9
1
5
9
128
1
3
24
17
7
1
5
1
1
2
1
6
1
1
5
36
21
5
219
1
1
4
3
9
10
5
2
24
163
4
184
1
3
1
10
1
1
15
348
3
2
4
8
9
2
3
31
138
21
2
1
10
3
20
2
1
1
7
1
1
1
26
1
3
130
14
11
47
5
3
1
4
1
20
2
1
1
34
1
1
1
1
163
1
4
2
27
2
56
20
3
542
1
2
4
2
2
4
8
273
2
28
3
44
5
3
4
14
1
2
1
17
4
2
1
2
1
2
10
3
23
2
4
9
163
5
5
381
1
43
1
2
1
9
3
6
1
47
1
1
1
6
2
2
42
1
1
3
143
43
17
1
5
1
196
71
24
9
6
1
6
8
1
26
2
8
4
3
13
18
105
5
284
3
1
1
179
6
131
6
2
10
1
74
2
1
2
2
1
6
25
2
2
29
1
10
4
3
2
1
8
4
1
231
15
52
1
1
1
1
57
3
1
2
1
37
2
2
21
1
14
1
128
2
2
2
4
125
3
1
7
124
27
15
2
1
3
2
1
2
2
60
1
2
4
39
1
33
1
8
1
3
104
3
70
1
3
2
1
10
7
4
94
1
2
