
Branching_global:
0.68
0.6799991569999997
0.6799985769999997
0.6799980109999995
0.6799969909999992
0.679996367999999
0.6799954849999987
0.6799951289999986
0.6799942169999983
0.6799933729999981

Autocorrelation:
-0.0025929408479004024
-0.0025929325129551003
-0.0025929267783796547
-0.0025929211822447325
-0.0025929110973865062
-0.002592904937744443
-0.0025928962075057104
-0.002592892687739983
-0.002592883670847242
-0.0025928753263117794

Average_Activity:
0.25
1.75
2.25
0.75
3.25
4.0
3.75
3.75
5.5
4.25
2.5
1.5
2.75
2.0
4.5
5.25
3.75
1.25
1.25
2.0
1.75
4.0
2.5
7.25
3.5
2.25
2.0
2.0
2.5
1.25
1.0
2.0
1.75
3.5
2.75
2.5
1.5
2.75
3.75
3.0
2.0
1.75
0.5
1.75
2.25
8.5
7.0
1.5
1.25
2.25
2.5
1.75
0.75
2.25
1.0
1.0
4.25
6.75
2.0
4.75
6.0
10.25
1.25
3.5
1.25
0.5
1.5
1.75
5.0
2.0
2.75
0.75
0.75
0.5
0.75
4.0
3.25
1.5
3.75
2.25
3.75
6.5
2.25
3.0
2.5
4.5
4.0
0.75
1.75
3.25
1.75
3.0
1.5
1.0
2.25
6.0
3.25
2.5
2.0
3.75
1.5
3.75
4.5
4.25
2.75
2.75
4.25
3.0
2.75
4.25
3.75
2.0
1.75
2.0
0.5
1.25
1.0
1.5
3.5
2.75
7.0
7.0
2.75
2.25
0.5
0.5
1.5
4.0
3.0
0.75
1.25
1.25
1.75
3.0
4.75
5.25
4.25
3.0
3.0
2.5
5.5
1.5
2.0
3.25
4.0
2.0
1.75
3.0
3.75
2.75
2.75
1.0
4.5
2.5
2.5
2.0
1.75
2.0
3.25
3.0
0.5
3.5
2.75
1.75
3.25
5.25
2.75
3.0
2.25
3.0
3.75
2.0
1.5
1.5
2.0
3.25
3.5
7.5
7.75
2.25
1.5
0.5
2.5
1.75
7.25
3.5
2.5
1.75
4.5
8.0
6.75
3.25
5.75
2.75
0.75
4.0
4.25
4.5
3.5
3.5
3.75
2.75
4.25
3.0
4.0
1.5
4.5
4.75
3.25
4.75
3.5
1.5
2.75
1.5
4.25
3.5
2.25
2.0
3.0
1.5
2.5
3.25
2.0
1.0
3.25
1.75
1.0
2.75
7.0
7.0
2.5
1.75
2.5
3.25
4.5
2.25
2.25
1.0
1.5
4.25
1.75
2.0
1.5
6.25
7.0
6.75
6.25
10.25
5.25
1.5

Average_Alpha:
0.17
0.16999999699999996
0.16999999199999993
0.16999999300000004
0.169999984
0.16999997199999994
0.16999996100000003
0.16999995000000007
0.169999932
0.16999991899999994
0.16999991299999995
0.16999991100000006
0.16999990399999998
0.16999989999999993
0.16999988600000002
0.16999986900000005
0.16999985799999995
0.16999985699999992
0.16999985599999995
0.169999852
0.16999984899999998
0.16999983699999993
0.169999831
0.169999806
0.16999979599999998
0.16999979099999993
0.1699997869999999
0.169999783
0.16999977699999994
0.16999977599999994
0.169999776
0.169999772
0.16999976899999994
0.1699997589999999
0.16999975199999992
0.16999974599999995
0.16999974399999992
0.16999973699999993
0.169999726
0.16999971799999997
0.1699997139999999
0.16999971099999991
0.16999971299999994
0.16999970999999994
0.16999970499999992
0.16999967499999988
0.16999965099999997
0.16999964899999992
0.16999964799999992
0.16999964299999987
0.1699996369999999
0.16999963399999996
0.1699996349999999
0.16999962999999987
0.1699996299999999
0.1699996299999999
0.16999961699999988
0.1699995939999999
0.1699995899999999
0.16999957499999988
0.16999955499999989
0.16999951799999988
0.1699995169999999
0.1699995069999999
0.16999950599999988
0.16999950799999988
0.16999950599999986
0.16999950299999989
0.16999948699999987
0.16999948299999987
0.1699994759999999
0.1699994769999999
0.16999947799999984
0.16999947999999984
0.16999948099999984
0.16999946899999988
0.16999945999999982
0.16999945799999985
0.16999944699999986
0.16999944199999986
0.16999943099999984
0.16999940899999982
0.16999940399999985
0.16999939599999986
0.16999938999999983
0.1699993759999998
0.16999936399999985
0.16999936499999985
0.16999936199999985
0.16999935299999983
0.16999934999999983
0.16999934199999983
0.16999933999999983
0.16999933999999983
0.16999933499999986
0.16999931499999982
0.16999930599999982
0.16999929999999983
0.1699992959999998
0.1699992849999998
0.16999928299999978
0.16999927199999978
0.16999925799999982
0.1699992449999998
0.16999923799999983
0.16999923099999978
0.1699992179999998
0.1699992099999998
0.1699992029999998
0.16999918999999977
0.1699991789999998
0.16999917499999978
0.16999917199999975
0.16999916799999976
0.16999916999999976
0.16999916899999976
0.16999916899999976
0.16999916699999978
0.1699991569999998
0.16999914999999977
0.16999912599999975
0.16999910199999976
0.16999909499999977
0.16999908999999977
0.16999909199999974
0.16999909399999977
0.1699990919999998
0.16999907999999975
0.16999907199999972
0.16999907299999972
0.16999907199999972
0.16999907099999975
0.1699990679999997
0.16999905999999976
0.16999904499999974
0.16999902799999972
0.16999901499999973
0.16999900699999973
0.1699989989999997
0.16999899299999974
0.16999897499999972
0.16999897299999972
0.1699989689999997
0.16999895999999973
0.1699989479999997
0.1699989439999997
0.1699989409999997
0.1699989329999997
0.1699989219999997
0.16999891499999967
0.1699989079999997
0.1699989079999997
0.1699988939999997
0.1699988879999997
0.16999888199999968
0.1699988779999997
0.1699988749999997
0.16999887099999966
0.1699988619999997
0.16999885399999964
0.16999885599999964
0.16999884599999968
0.16999883899999968
0.16999883599999965
0.16999882699999966
0.16999880999999964
0.16999880299999967
0.16999879499999965
0.16999878999999965
0.16999878199999965
0.16999877099999966
0.16999876699999963
0.16999876499999966
0.16999876299999966
0.16999875899999967
0.16999874999999964
0.16999873999999965
0.16999871399999966
0.16999868699999962
0.16999868199999962
0.16999867999999962
0.16999868199999962
0.16999867599999965
0.16999867299999963
0.16999864799999964
0.16999863799999962
0.16999863199999962
0.1699986289999996
0.16999861499999963
0.16999858699999962
0.16999856399999963
0.1699985549999996
0.16999853599999962
0.1699985289999996
0.1699985299999996
0.1699985179999996
0.16999850499999963
0.1699984909999996
0.16999848099999956
0.1699984709999996
0.1699984599999996
0.16999845299999958
0.16999843999999958
0.1699984319999996
0.1699984199999996
0.16999841799999957
0.1699984039999996
0.16999838899999958
0.16999837999999953
0.16999836499999957
0.16999835499999957
0.16999835299999955
0.16999834599999958
0.16999834399999958
0.16999833099999956
0.16999832099999954
0.16999831599999957
0.16999831199999957
0.16999830399999957
0.16999830199999957
0.16999829599999955
0.16999828699999955
0.16999828299999953
0.16999828299999953
0.16999827399999953
0.16999827099999953
0.1699982709999995
0.16999826399999954
0.16999823999999955
0.16999821599999954
0.1699982099999995
0.16999820699999948
0.16999820099999954
0.1699981919999995
0.1699981779999995
0.1699981729999995
0.1699981679999995
0.16999816799999953
0.1699981659999995
0.16999815299999949
0.1699981499999995
0.16999814599999952
0.16999814399999952
0.16999812299999947
0.16999809899999951
0.16999807599999953
0.1699980549999995
0.1699980179999995
0.1699980009999995
0.16999799899999948

Avalanche_Distribution:
1
19
108
81
3
13
116
1
58
1
53
1
2
83
33
10
5
143
20
15
39
3
5
3
31
134
3
44
2
48
101
107
1
9
105
2
2
5
31
8
5
109
37
95
89
1
28
111
6
112
1
14
57
131
154
110
62
36
22
5
133
14
27
3
185
10
