
Branching_global:
0.998686184000839
0.9986860920008387
0.9986852710008385
0.9986853890008384
0.9986844870008381
0.998684685000838
0.9986848130008377
0.9986843500008376
0.9986813810008373
0.9986808560008371
0.998677772000837
0.9986768450008366
0.9986745410008364
0.9986648240008362
0.998655557000836
0.9986535110008357
0.9986531490008356
0.9986515230008354
0.9986481930008352
0.998647402000835
0.9986403020008348
0.9986340710008346
0.9986302480008343
0.9986276250008341
0.9986143030008339
0.9986101010008337
0.9986093970008334
0.9986034670008332
0.9986021070008331
0.9986012150008328
0.9986013720008325
0.9985976890008323
0.998598948000832
0.998598195000832
0.9985952630008318
0.9985885720008316
0.9985873880008312
0.9985871810008311
0.9985874850008308
0.9985877990008306
0.9985872390008304
0.9985871100008303
0.99858725100083
0.9985865250008299
0.9985841950008296
0.9985773640008294
0.9985577180008292
0.9985512510008289
0.9985501050008285
0.9985486870008285
0.9985478750008283
0.9985471380008281
0.9985469790008278
0.9985476090008276
0.9985451980008274
0.9985329970008272
0.9985322970008269
0.9985264970008267
0.9985242460008265
0.9985246100008264
0.9985232190008262
0.9985110030008258
0.9985106980008256
0.9985110830008256
0.9985107870008253
0.9985065380008251
0.9985060940008249
0.9985048200008245
0.9985049780008244
0.9985004810008242
0.998501077000824
0.9985012300008238
0.9984956800008236
0.9984931980008235
0.9984929870008232
0.998490186000823
0.9984873550008228
0.9984833690008226
0.9984764220008223
0.998466925000822
0.9984637930008219
0.9984644990008217
0.9984521260008214
0.9984491310008213
0.998449465000821
0.9984483260008208
0.9984447430008206
0.9984448420008204
0.9984444280008201
0.9984447340008199
0.9984439350008198
0.9984432250008195
0.9984449550008194
0.998441974000819
0.9984423660008189
0.9984437110008186
0.9984422970008185
0.9984411400008183
0.998438379000818
0.9984397490008178

Autocorrelation:
-0.7606414815326499
-0.7605881862968129
-0.7601129145248163
-0.7601811874586062
-0.759659615547416
-0.759774045662867
-0.7598480390233345
-0.7595804593144547
-0.7578690631205809
-0.7575672432479866
-0.7557991063916513
-0.7552692444504072
-0.7539555162630198
-0.7484648195961674
-0.7433023403693625
-0.7421721268668097
-0.7419725150378186
-0.7410772378651761
-0.7392504586327514
-0.7388178520551065
-0.734957319525519
-0.7316023603895515
-0.7295590502150935
-0.7281636987331549
-0.7211583715471653
-0.7189766234833702
-0.7186123845835969
-0.7155588671787187
-0.714862218453029
-0.7144060344736721
-0.7144862847503424
-0.7126084592544293
-0.713249266194463
-0.7128658652408055
-0.7113769107925741
-0.7080021938499124
-0.7074083528821078
-0.7073046332421377
-0.7074569662652145
-0.7076143790990629
-0.7073336917183352
-0.7072690649061246
-0.7073397041146589
-0.7069761378706573
-0.7058118391484938
-0.7024203758411637
-0.6928455642527974
-0.6897505717271746
-0.6892049960592758
-0.6885311221064118
-0.6881458291954612
-0.6877964965298756
-0.6877211781540598
-0.68801970623298
-0.6868786426397542
-0.6811617424031996
-0.6808366334461873
-0.6781547563821626
-0.6771195889955183
-0.6772867675856504
-0.6766483508285628
-0.6710929015690507
-0.6709553633726023
-0.6711289864897365
-0.6709954916479326
-0.6690850410284951
-0.6688860352883894
-0.6683156704310597
-0.6683863536151926
-0.6663803883307027
-0.6666455526257457
-0.6667136573434309
-0.6642520552966985
-0.6631570771736891
-0.6630641571414274
-0.6618331154963483
-0.6605935214309978
-0.6588560389548122
-0.6558495974288138
-0.6517836811806297
-0.6504538126846262
-0.6507531114625463
-0.6455472885496665
-0.6442996574443953
-0.6444385534847316
-0.643965138767636
-0.6424804198290469
-0.6425213514174315
-0.6423502176176114
-0.6424766990336357
-0.642146546636251
-0.6418534540358642
-0.6425680776803006
-0.6413376831200855
-0.6414992104581838
-0.6420540491081776
-0.6414707724544546
-0.6409942957438319
-0.6398601111558443
-0.6404223884493265

Average_Activity:
0.0
0.0
0.75
1.5
6.0
7.25
8.25
2.5
0.0
0.0
0.0
0.0
0.0
0.0
0.75
0.25
0.75
1.25
1.25
0.25
0.0
0.0
0.25
0.0
0.0
0.0
0.0
0.25
0.25
0.5
0.25
0.0
0.25
0.25
0.0
3.75
3.0
4.75
3.75
6.75
9.0
7.75
6.5
12.75
8.75
5.0
1.0
1.0
0.0
0.0
0.0
0.0
0.0
0.0
0.25
0.25
3.0
2.25
1.75
1.25
0.5
0.5
0.25
0.5
0.0
0.0
0.0
0.5
1.75
0.5
2.0
0.5
0.0
0.75
0.5
0.0
0.0
0.0
0.0
0.0
0.25
1.25
1.25
1.25
0.25
0.75
3.0
0.5
2.0
6.25
5.0
6.25
11.25
14.0
10.5
6.25
4.0
6.25
1.75
0.0
0.25
1.0
0.0
1.0
3.75
2.25
2.0
1.5
0.0
0.0
1.0
0.0
0.0
0.0
0.0
0.0
0.75
1.25
1.25
0.0
0.0
0.25
0.0
0.0
0.0
0.25
0.0
0.0
0.0
0.25
0.25
0.75
0.5
0.75
0.5
0.5
0.0
0.5
0.25
0.0
0.0
0.0
0.0
3.0
5.0
1.75
0.25
0.25
1.0
1.75
0.0
0.0
0.0
0.25
1.5
3.5
4.25
6.0
2.0
3.25
4.75
2.25
0.75
0.0
0.0
0.0
0.0
2.75
0.75
0.25
0.0
0.0
1.5
2.25
2.5
7.5
5.75
11.5
9.0
7.0
0.75
0.0
0.0
0.0
0.25
2.75
6.0
5.25
7.25
15.75
19.5
23.25
22.25
25.0
21.5
10.75
3.5
0.0
0.25
1.5
4.75
7.75
7.25
2.25
4.75
8.5
6.75
5.25
1.5
2.0
1.5
0.0
0.0
0.0
0.0
0.25
0.0
0.0
1.25
1.0
1.0
0.25
5.0
3.5
3.0
1.0
0.75
0.0
1.75
6.5
9.25
12.25
6.75
6.25
9.25
9.25
6.75
4.25
4.75
4.75
5.0
7.5
11.5
9.25
12.25
13.5
14.25
24.5
19.5
13.0
15.25
10.0
6.0
3.75
8.25
6.5
9.0
10.75
9.5
5.75
0.25
0.0
0.0
0.25
0.25
0.0
0.25
0.0
0.0
0.0
0.0
0.75
2.75
7.0
2.75
1.0
1.0
0.0
0.5
2.25
1.25
0.25
0.0
4.0
12.25
19.25
20.5
25.25
11.25
2.75
3.25
1.25
4.75
6.25
5.75
6.75
4.75
4.0
7.25
14.0
18.5
16.75
14.25
30.5
26.25
31.5
38.25
42.0
32.25
38.75
31.75
30.5
32.0
20.75
19.25
14.25
17.0
17.0
20.25
31.25
30.25
20.25
20.75
21.0
10.75
7.25
13.75
15.75
19.25
23.75
31.25
41.25
29.75
20.75
17.0
26.25
20.5
20.25
33.75
40.25
37.25
32.0
20.75
15.25
19.0
18.0
18.25
18.25
25.25
20.0
23.25
13.25
9.5
17.25
28.75
29.25
16.0
8.25
4.75
2.0
2.5
5.25
5.75
7.5
1.5
0.0
0.0
0.25
0.0
0.0
0.0
0.0
0.0
0.0
0.0
0.0
0.0
0.0
0.75
0.0
0.5
0.25
0.0
0.5
0.0
0.25
2.25
5.75
9.25
4.0
0.25
0.0
0.0
0.0
0.0
0.0
1.0
3.0
5.75
4.0
6.5
3.75
2.0
2.5
3.0
0.0
1.0
10.0
14.5
12.25
14.0
14.25
8.5
4.0
4.25
9.75
16.5
17.25
7.5
1.25
0.25
0.5
0.0
0.0
0.25
1.75
2.5
2.75
3.75
8.5
5.75
4.5
3.0
3.5
1.5
7.5
15.5
16.75
13.0
12.0
10.75
9.25
15.25
13.75
10.75
16.25
16.25
9.5
12.25
14.25
4.5
2.25
1.5
2.5
1.0
3.75
5.5
0.5
4.0
3.5
3.0
0.0
0.5
0.0
0.25
1.0
1.5
2.75
12.25
8.5
2.25
1.5
1.25
2.5
3.0
10.0
20.25
22.5
29.75
40.75
49.5
47.75
41.25
37.0
29.0
29.25
30.75
22.75
14.75
9.5
5.5
4.25
1.0
5.0
3.5
2.25
5.0
3.25
5.75
12.75
14.5
18.25
21.0
23.75
33.25
41.0
44.25
46.5
45.75
40.5
28.25
14.5
16.5
12.5
8.25
4.0
2.25
2.75
0.0
0.0
0.25
0.0
0.25
0.25
0.0
2.0
7.0
12.75
14.0
13.5
22.5
15.5
11.0
10.0
7.75
9.5
4.25
4.5
1.0
0.75
2.25
3.25
6.5
2.75
2.25
3.0
4.5
5.5
12.75
22.5
32.5
35.75
23.5
23.0
18.0
13.75
6.0
4.0
1.0
0.0
0.25
0.25
0.0
0.25
0.0
4.5
6.25
1.75
3.25
6.0
8.75
5.75
12.5
10.0
9.0
8.75
8.5
16.0
21.0
18.5
11.5
11.0
18.0
27.0
35.0
32.25
33.75
48.0
56.0
51.25
55.0
49.75
57.0
35.75
27.0
37.25
37.75
35.25
42.5
31.0
33.0
30.0
30.0
33.5
45.0
36.5
33.5
27.0
16.25
17.25
15.5
13.75
6.75
4.25
1.5
0.5
0.0
0.75
0.0
0.25
0.0
0.0
0.0
0.0
0.25
0.25
0.0
0.0
0.0
0.5
0.0
1.5
1.25
0.0
0.0
0.0
0.5
0.0
0.0
1.25
6.5
3.75
1.25
0.5
0.0
1.75
1.5
4.0
5.0
11.5
21.5
23.5
19.25
19.5
25.75
23.25
28.25
18.75
15.75
14.5
6.25
11.0
14.0
22.75
18.75
16.5
14.75
7.75
14.0
17.75
11.0
17.5
18.0
9.25
8.5
9.0
9.75
7.75
6.0
4.5
2.0
4.25
3.75
3.0
2.0
1.25
0.25
0.0
0.0
0.5
1.0
0.25
0.25
0.0
0.75
2.75
2.5
6.75
14.25
13.5
11.25
10.25
7.5
6.5
8.5
8.25
10.75
4.75
3.5
8.0
4.75
6.75
4.5
0.5
0.0
1.0
2.25
0.0
0.5
0.75
1.5
0.5
0.25
0.5
0.0
0.0
0.0
0.0
0.0
0.0
0.0
0.0
0.0
0.25
0.0
0.25
0.25
0.0
0.25
0.0
0.0
0.0
0.0
0.0
0.0
0.0
0.75
0.0
0.0
0.25
0.0
1.75
0.5
0.25
1.0
0.75
0.25
3.0
0.0
2.25
7.25
13.5
25.75
30.25
21.0
14.0
8.5
11.75
10.0
7.0
11.25
13.25
12.75
12.75
6.75
4.25
2.0
0.0
0.0
0.0
1.25
1.75
0.0
0.0
0.75
2.25
0.25
0.0
0.0
0.0
0.0
0.0
0.0
0.25
0.0
0.0
0.0
0.0
0.0
0.0
0.0
0.25
2.75
2.75
0.0
0.0
0.0
1.75
3.25
1.25
0.5
0.0
0.25
0.25
3.75
2.5
0.25
0.25
0.5
0.0
0.25
0.0
1.25
7.25
6.75
7.5
2.25
1.75
1.75
0.0
1.5
3.0
4.75
4.0
5.25
7.25
5.25
2.25
2.25
2.5
2.5
5.0
15.25
21.75
19.0
16.0
18.25
12.5
18.0
17.75
17.5
18.0
24.75
15.25
13.5
15.75
23.5
25.5
12.75
6.25
9.0
14.0
9.0
11.75
24.75
21.75
14.0
15.0
19.5
17.25
18.75
22.0
23.25
18.5
15.75
11.0
9.5
16.5
17.0
10.75
13.0
17.5
16.5
9.0
1.75
0.0
0.5
0.25
0.25
4.75
3.0
4.0
4.25
1.25
1.25
1.25
0.0
0.0
0.0
0.0
0.5
0.75
2.0
3.5
1.75
0.0
0.0
0.0
0.0
0.0
1.5
1.0
0.0
0.0
0.5
0.0
0.0
0.25
0.0
0.0
0.0
0.5
0.75
0.0
0.0
0.0
0.0
0.0
0.0
0.25
0.0
0.0
0.0
0.0
0.0
0.0
0.75
0.75
1.0
3.5
4.25
7.0
4.75
3.0
4.5
6.0
5.25
1.25
0.0
0.0
0.25
0.0
0.0
0.0
0.75
1.25
0.25
0.25
1.5
2.5
2.5
2.75
0.5
0.0
0.0
0.0
0.5
0.0
0.0
0.0
0.0
0.0
0.0
0.0
1.0
1.0
3.25
8.0
11.0
9.0
9.0
6.0
4.25
0.25
0.0
0.0
0.25
0.0
0.0
0.0
0.0
0.0
0.5
2.0
1.25
0.25
0.25
0.25
2.5
5.0
9.5
4.25
1.75
0.25
0.25
0.0
0.0
0.0
0.0
0.0
0.0
1.75
0.5
0.0
0.0
1.0
0.25
0.25
2.5
0.5
0.75
0.0
0.0
0.0
0.0
0.0
0.0
0.0
1.5
0.5
0.0
0.0
0.0
0.0
2.5
0.25
0.0
0.0
0.0
0.0
0.25
0.75
3.75
8.75
4.0
4.25
2.5
0.0
0.0
0.0
0.25
1.0
0.0
0.0
0.0
0.0
0.0
0.0
0.25
0.0
0.0
0.25
0.25
0.75
0.0
0.25
0.75
4.5
7.0
10.25
6.25
4.0
0.75
0.0
0.0
0.25
1.0
1.75
2.0
5.75
5.25
11.25
15.5
25.25
21.25
18.0
17.0
18.0
9.5
1.25
0.0
1.0
3.0
7.25
6.75
5.75
7.75
7.75
4.25
0.5
0.0
2.0
7.5
13.75
17.25
13.5
15.0
15.0
11.75
14.75
8.0
9.25
9.25
8.75
6.5
4.25
9.5
13.5
13.5
17.75
30.5
32.75
35.0
44.5
50.5
65.0
53.25
60.25
54.5
45.75
43.5
47.5
46.5
45.5
46.75
51.0
51.25
44.5
38.75
55.0
61.25
65.0
62.0
61.0
43.75
42.0
50.0
57.5
45.0
36.25
31.75
22.0
14.75
22.0
35.0
39.25
39.0
27.25
30.25
25.75
29.0
19.25
12.0
13.0
6.0
5.75
4.5
2.25
5.0
6.0
7.75
12.75
16.75
14.25
15.25
8.0
2.0
0.0
0.0
3.0
3.25
2.75
2.0
1.75
1.75
0.0
0.5
1.25
0.0
0.0
0.25
0.25
0.5
3.0
10.5
12.5
10.25
7.5
6.0
1.0
0.25
1.0
0.0
0.0
3.5
1.5
2.0
3.75
5.75
12.25
17.5
10.25
8.75
9.75
7.5
7.5
11.25
5.0
2.25
4.0
4.5
1.75
1.25
0.75
1.25
2.25
0.25
0.0
0.0
1.0
4.0
5.25
3.25
6.75
8.5
4.25
3.0
3.0
2.0
0.75
0.0
0.0
0.75
0.75
0.0
0.0
0.25
0.0
0.0
0.0
0.0
0.0
0.0
0.0
0.0
1.25
2.25
4.75
8.25
6.5
2.75
0.25
0.0
0.0
0.0
1.0
2.25
3.0
1.75
3.5
3.75
7.5
6.0
7.0
7.5
6.5
5.5
1.25
0.0
0.0
0.0
0.0
0.0
0.0
0.0
0.0
0.25
0.0
0.0
1.25
1.0
0.0
0.0
0.25
0.0
0.0
0.0
0.0
0.0
1.75
3.0
6.25
0.75
0.5
0.5
0.0
0.0
0.0
0.0
0.5
0.25
0.0
0.0
0.5
2.25
2.0
1.0
1.5
2.25
5.5
6.0
3.25
6.75
9.75
5.0
3.25
3.75
9.5
8.75
6.0
3.0
0.0
0.0
0.0
0.0
0.75
0.0
0.0
0.0
0.0
1.0
5.0
6.75
2.5
7.0
8.5
8.75
19.75
29.25
30.25
33.25
41.0
56.0
43.5
40.75
41.75
52.5
56.75
61.0
67.75
63.5
39.25
27.5
23.25
26.25
17.25
12.5
11.25
2.0
0.0
0.75
0.25
0.0
0.0
0.0
0.5
0.75
0.0
0.0
0.0
0.0
0.0
0.0
2.25
4.25
10.5
14.5
25.5
24.5
10.25
6.0
4.0
5.75
10.75
8.25
5.75
3.5
3.75
3.5
3.75
7.5
13.25
10.75
20.25
29.25
36.75
34.0
25.25
25.25
23.0
23.75
18.5
7.0
6.25
10.0
9.5
10.75
16.75
16.5
15.25
9.5
9.5
2.75
4.0
2.75
0.5
0.0
0.0
0.0
0.0
0.0
1.5
3.75
2.5
0.5
0.0
0.0
0.25
0.25
0.75
4.0
10.25
15.5
16.0
13.25
18.0
12.75
12.25
10.75
7.0
2.75
3.25
5.0
2.25
0.25
0.0
0.0
0.0
0.0
0.75
0.75
0.0
0.0
0.0
0.0
0.25
0.0
0.25
0.25
0.0
0.0
0.0
0.0
0.0
0.5
0.25
0.0
0.0
1.5
1.25
1.25
0.0
0.5
0.0
0.0
0.0
0.0
0.0
0.0
3.0
7.75
5.25
6.5
7.0
7.25
8.5
13.25
11.0
12.5
15.75
11.75
18.5
23.0
21.5
17.5
25.5
29.75
51.75
49.75
46.75
44.75
40.25
47.0
56.5
41.75
41.5
38.25
39.0
28.75
36.25
39.0
24.25
6.5
2.0
0.0
0.0
0.0
0.0
0.75
0.0
0.0
0.0
0.0
0.25
2.75
4.5
5.0
6.0
5.75
11.0
13.0
4.75
2.5
1.5
1.25
1.25
0.0
0.0
0.5
1.0
0.0
0.0
0.5
0.25
1.25
0.0
0.0
0.0
0.0
0.0
0.0
0.25
0.0
0.25
0.0
0.25
1.0
0.0
0.0
0.0
0.0
0.0
0.0
0.75
3.0
12.5
8.75
8.75
10.25
6.25
2.0
0.0
2.0
0.25
0.0
1.0
0.5
0.0
0.0
0.5
0.0
0.0
0.5
0.5
0.0
0.0
0.0
0.0
0.0
0.0
0.5
0.0
0.0
0.0
0.25
0.0
0.0
0.5
0.0
0.5
4.5
10.75
27.0
33.5
28.5
21.75
15.75
14.75
26.5
29.0
21.25
22.5
20.25
12.5
8.25
5.5
0.75
2.5
3.75
2.0
0.0
0.0
0.0
0.0
1.0
0.5
0.25
0.75
0.0
0.25
1.5
2.5
0.0
0.25
0.0
0.0
0.0
0.0
0.25
0.0
0.0
0.25
1.5
1.75
4.75
9.75
9.5
4.25
4.5
5.25
3.25
0.0
0.0
0.0
0.0
0.0
0.0
0.0
1.25
2.0
2.5
1.5
7.5
6.5
1.0
2.75
2.0
1.5
2.0
0.5
0.0
0.0
0.0
0.0
0.0
1.0
3.5
11.0
13.75
11.75
6.25
2.75
2.5
0.5
3.25
0.25
0.25
0.0
0.0
0.0
0.0
0.0
0.0
0.0
0.0
0.0
0.0
0.0
0.0
0.0
0.0
2.0
10.0
16.25
22.0
32.5
34.5
29.25
14.0
17.25
19.25
17.0
7.75
7.75
9.25
6.25
4.5
3.5
3.5
1.75
0.0
0.0
0.5
0.0
0.0
0.0
0.0
0.0
0.0
0.0
0.75
2.25
1.25
6.75
8.0
4.75
0.0
0.25
3.0
0.25
0.0
0.0
0.0
0.0
3.25
10.5
3.75
2.75
0.0
0.25
0.0
0.25
1.75
4.5
3.75
5.0
2.75
1.25
2.0
1.75
0.0
0.0
0.0
0.0
0.0
0.75
3.5
2.5
5.25
11.25
13.0
15.5
14.25
13.25
10.25
11.5
12.25
6.75
8.0
12.25
22.75
20.75
23.0
12.5
13.75
19.5
18.0
12.25
17.75
7.5
9.5
13.25
16.0
15.5
14.25
11.0
10.0
17.75
14.25
8.75
8.5
5.25
3.25
0.75
1.25
2.5
2.5
2.0
2.75
2.25
1.75
5.75
12.0
19.5
8.75
0.0
0.0
0.0
0.5
2.75
5.25
4.5
2.75
3.25
3.25
0.5
0.0
0.0
0.0
0.0
0.0
0.0
0.0
0.5
3.75
7.5
7.75
6.75
11.0
11.0
12.0
11.25
7.75
5.5
2.75
1.0
0.0
0.0
0.0
0.0
0.5
2.75
4.75
7.5
9.5
15.0
20.25
18.0
16.5
5.0
7.25
3.75
5.5
7.75
7.75
12.75
13.75
10.75
8.5
9.75
0.5
0.0
0.75
1.75
0.5
0.0
0.0
0.0
0.25
0.0
0.25
0.0
0.25
4.75
6.5
14.75
13.75
25.5
28.25
29.0
29.25
25.0
24.5
12.0
8.25
4.25
8.0
13.5
20.75
21.5
9.25
5.25
4.5
6.75
2.0
2.0
3.5
4.5
3.5
4.5
5.25
7.75
7.75
8.75
13.5
21.25
27.0
25.5
21.75
22.75
19.25
7.0
8.75
7.5
6.5
10.0
10.5
11.0
13.75
19.5
14.75
17.75
19.0
19.25
25.5
24.75
28.75
30.0
26.75
23.75
37.25
48.75
37.5
31.5
29.25
39.0
54.0
50.75
29.25
35.0
41.75
49.75
57.0
45.25
29.5
26.0
17.5
4.0
2.5
0.75
0.75
0.5
0.0
0.0
0.0
0.25
1.0
2.75
10.75
18.25
24.0
29.75
31.0
23.25
28.0
15.75
6.75
1.0
0.0
0.0
0.0
0.0
1.0
0.0
0.0
1.75
4.75
1.75
1.5
1.25
0.0
0.0
1.25
0.0
0.0
0.0
0.0
0.0
0.0
0.25
0.0
1.5
1.25
0.0
1.0
2.25
2.25
2.75
9.25
8.75
3.75
5.25
8.0
8.75
8.75
10.5
19.5
31.0
39.5
44.75
54.25
36.0
28.25
39.25
35.75
25.25
33.25
35.25
32.75
32.5
25.25
14.75
16.0
13.5
13.0
16.75
20.5
16.0
13.25
15.0
9.5
11.0
7.25
7.5
10.5
11.75
15.25
24.75
22.25
25.75
23.0
18.0
16.0
10.75
7.0
4.25
1.5
0.0
0.25
1.25
1.25
4.0
7.5
12.0
9.25
7.25
5.5
2.25
0.75
0.5
0.5
0.0
0.0
0.0
0.0
0.75
0.25
0.25
0.0
1.25
0.0
0.0
0.0
0.0
0.25
0.0
1.5
1.0
0.25
1.75
0.5
0.0
0.0
0.0
0.75
3.75
7.25
11.5
9.5
12.0
12.5
9.0
11.0
4.75
4.5
5.25
2.75
0.25
0.0
0.25
0.0
0.0
0.0
0.0
0.0
0.0
0.5
3.25
2.0
3.75
5.0
4.5
1.75
2.5
3.75
4.0
10.5
12.0
13.75
15.25
21.5
22.75
20.75
11.0
12.0
9.75
8.75
11.25
5.5
7.0
8.0
5.75
3.5
0.5
0.0
0.0
0.0
0.25
0.5
0.0
0.0
0.0
0.0
0.0
0.0
0.0
0.5
0.25
0.25
0.0
0.0
1.75
3.5
5.75
5.75
10.25
2.75
0.0
0.25
0.0
0.0
0.0
4.75
5.75
8.0
4.5
0.25
1.5
2.0
0.5
1.25
2.25
0.75
0.0
0.0
0.0
0.25
0.0
0.0
0.5
0.5
3.75
4.0
2.75
2.0
0.0
0.0
0.0
0.0
0.0
0.0
0.0
0.5
0.0
0.0
0.0
0.0
0.0
0.75
2.5
2.25
4.5
10.0
13.25
1.5
0.75
4.25
4.75
4.5
4.0
2.25
0.5
0.0
0.0
0.25
2.0
1.5
2.25
2.0
0.75
0.0
0.0
0.5
0.5
0.5
0.75
0.0
1.0
3.25
5.75
3.5
4.25
2.25
3.5
2.25
3.5
8.25
12.25
7.75
6.0
3.75
2.0
0.0
0.25
0.25
0.0
0.5
1.5
2.25
0.5
0.0
0.0
0.0
0.5
0.25
0.0
0.0
0.0
0.0
0.0
0.25
0.0
0.0
0.0
0.0
0.0
0.5
0.5
0.0
0.0
0.0
0.0
0.0
0.75
0.0
0.0
1.75
3.0
4.0
4.5
1.0
0.0
0.0
0.0
0.0
0.0
0.0
0.0
1.75
1.5
2.75
0.0
0.5
0.25
1.5
1.75
2.75
3.75
7.5
7.5
7.25
0.75
0.25
0.75
0.75
0.0
0.0
0.0
0.0
1.0
1.75
3.25
2.5
0.0
0.0
0.0
0.75
0.5
0.25
0.25
2.0
0.75
0.0
1.5
5.25
5.0
0.75
1.75
3.0
3.75
0.75
0.0
0.0
0.0
0.0
0.5
1.5
0.0
0.5
0.0
0.5
1.75
1.25
2.0
3.0
0.75
0.25
0.0
0.0
0.5
0.0
0.25
0.5
0.0
0.0
0.0
1.5
6.5
5.75
7.0
9.5
11.5
12.0
11.25
10.75
15.75
15.0
3.5
0.25
0.0
0.0
0.0
0.0
0.25
2.25
3.0
4.5
4.25
1.25
0.25
0.0
0.0
0.25
1.0
1.25
0.25
0.0
0.0
0.0
0.0
0.0
0.0
0.0
0.0
0.0
0.5
0.0
0.0
0.0
0.25
2.5
8.25
10.0
6.25
6.5
13.25
20.25
19.75
25.25
22.5
15.5
13.75
9.5
0.5
0.0
1.0
0.25
0.0
0.0
1.0
0.75
0.0
0.75
0.0
0.0
0.25
1.5
1.0
1.0
0.0
0.25
0.0
0.0
2.25
6.75
7.25
2.75
0.0
0.0
0.25
0.0
0.0
0.25
0.0
0.0
0.0
0.0
1.25
0.5
1.0
2.0
4.25
2.5
0.0
0.0
1.0
0.75
1.75
1.5
4.0
9.5
6.5
7.75
4.75
7.75
6.5
7.25
3.0
0.0
0.0
0.0
2.5
0.75
0.0
0.0
0.0
0.0
0.25
1.25
3.0

Average_Alpha:
0.24967154600020974
0.24967155000020966
0.24967155100020977
0.24967154900020977
0.24967152900020972
0.24967150400020968
0.2496714750002098
0.24967146900020976
0.2496714730002097
0.24967147700020967
0.24967148100020978
0.24967148500020978
0.2496714890002097
0.2496714930002097
0.24967149400020974
0.24967149700020974
0.24967149800020969
0.24967149700020966
0.24967149600020977
0.24967149900020974
0.24967150300020965
0.24967150700020965
0.24967151000020973
0.2496715140002097
0.24967151800020965
0.24967152200020964
0.24967152600020973
0.24967152900020972
0.24967153200020964
0.24967153400020964
0.24967153700020975
0.24967154100020972
0.24967154400020966
0.2496715470002096
0.2496715510002097
0.2496715400002097
0.24967153200020964
0.24967151700020962
0.2496715060002097
0.24967148300020967
0.24967145100020963
0.2496714240002096
0.2496714020002097
0.24967135500020968
0.2496713240002096
0.24967130800020965
0.2496713080002097
0.24967130800020965
0.2496713120002096
0.24967131600020964
0.24967132000020967
0.24967132400020964
0.2496713280002096
0.24967133200020958
0.24967133500020966
0.24967133800020963
0.24967133000020955
0.2496713250002096
0.24967132200020964
0.2496713210002096
0.24967132300020958
0.24967132500020958
0.24967132800020966
0.24967133000020963
0.24967133400020955
0.24967133800020958
0.24967134200020966
0.24967134400020963
0.24967134100020957
0.24967134300020957
0.24967133900020963
0.24967134100020963
0.24967134500020954
0.24967134600020954
0.24967134800020963
0.2496713520002096
0.24967135600020954
0.24967136000020956
0.24967136400020962
0.2496713680002096
0.24967137100020956
0.24967137000020959
0.24967136900020961
0.2496713680002096
0.24967137100020953
0.24967137200020956
0.2496713640002096
0.24967136600020956
0.2496713620002095
0.24967134100020955
0.24967132500020958
0.24967130400020954
0.2496712630002095
0.24967121100020956
0.24967117300020958
0.24967115200020956
0.2496711400002095
0.2496711190002095
0.24967111600020953
0.24967112000020955
0.2496711230002095
0.24967112300020952
0.24967112700020958
0.24967112700020955
0.24967111600020947
0.24967111100020953
0.24967110700020953
0.24967110500020953
0.2496711090002095
0.24967111300020953
0.24967111300020953
0.2496711170002095
0.2496711210002095
0.2496711250002095
0.24967112900020955
0.2496711330002095
0.24967113400020946
0.24967113300020946
0.24967113200020952
0.24967113600020951
0.24967114000020948
0.24967114300020946
0.2496711470002095
0.24967115100020948
0.24967115500020945
0.24967115800020945
0.2496711620002095
0.2496711660002095
0.24967117000020944
0.24967117300020944
0.2496711760002095
0.24967117700020947
0.2496711790002094
0.24967118000020946
0.2496711820002095
0.24967118400020946
0.2496711880002094
0.24967119000020943
0.24967119300020946
0.24967119700020945
0.2496712010002094
0.24967120500020942
0.24967120900020945
0.24967120100020945
0.24967118500020938
0.2496711820002094
0.24967118500020946
0.24967118800020943
0.24967118800020938
0.2496711850002094
0.24967118900020946
0.24967119300020943
0.2496711970002094
0.24967120000020937
0.24967119800020945
0.2496711880002094
0.24967117500020936
0.24967115500020942
0.24967115100020942
0.2496711420002094
0.24967112700020938
0.24967112200020938
0.24967112300020944
0.24967112700020938
0.24967113100020935
0.2496711350002094
0.24967113900020943
0.24967113200020938
0.24967113300020935
0.24967113600020938
0.24967114000020943
0.24967114400020934
0.24967114200020935
0.2496711370002094
0.2496711310002094
0.24967110500020936
0.24967108600020935
0.24967104400020934
0.24967101200020939
0.24967098800020934
0.24967098900020934
0.24967099300020937
0.24967099700020942
0.24967100100020934
0.24967100400020933
0.24967099700020937
0.24967097700020935
0.24967096000020933
0.24967093500020932
0.24967087600020935
0.24967080200020933
0.24967071300020935
0.2496706280002093
0.24967053200020933
0.24967045000020935
0.2496704110002093
0.2496704010002093
0.24967040500020934
0.24967040800020934
0.24967040600020932
0.2496703910002093
0.2496703640002093
0.24967033900020935
0.2496703340002093
0.24967031900020928
0.24967028900020932
0.24967026600020933
0.24967024900020932
0.24967024700020926
0.24967024300020932
0.24967024100020932
0.2496702450002093
0.24967024900020926
0.2496702530002093
0.24967025700020928
0.24967026000020928
0.24967026400020928
0.24967026800020928
0.24967026700020933
0.24967026700020928
0.24967026700020928
0.24967027000020928
0.24967025400020929
0.24967024400020926
0.24967023600020927
0.24967023600020927
0.2496702370002093
0.24967024100020924
0.2496702380002092
0.24967021600020928
0.24967018300020924
0.24967013800020926
0.24967011500020925
0.24967009400020926
0.24967006100020928
0.24967002800020924
0.24967000500020925
0.24966999200020926
0.24966997700020924
0.24966996200020924
0.24966994600020923
0.24966992000020924
0.24966987800020923
0.2496698450002092
0.2496698000002092
0.24966975000020925
0.24966969700020922
0.24966960300020924
0.2496695290002092
0.2496694810002092
0.24966942400020922
0.2496693880002092
0.2496693680002092
0.2496693570002092
0.24966932800020922
0.2496693060002092
0.24966927400020922
0.2496692350002092
0.24966920100020923
0.24966918200020916
0.2496691850002092
0.2496691890002092
0.24966919300020918
0.24966919600020918
0.24966919900020917
0.24966920300020923
0.24966920600020923
0.24966921000020914
0.24966921400020917
0.2496692180002092
0.2496692220002092
0.24966922300020913
0.24966921600020917
0.2496691920002092
0.24966918500020915
0.24966918500020915
0.24966918500020915
0.24966918900020918
0.24966919100020918
0.24966918600020915
0.24966918500020915
0.24966918800020915
0.24966919200020915
0.2496691800002091
0.2496691350002091
0.24966906200020916
0.24966898400020915
0.24966888700020912
0.24966884600020914
0.24966883900020911
0.24966883000020915
0.24966882900020912
0.24966881400020913
0.2496687930002091
0.24966877400020912
0.2496687510002091
0.24966873600020908
0.24966872400020912
0.24966869900020913
0.2496686470002091
0.24966857700020909
0.24966851400020912
0.24966846100020912
0.2496683430002091
0.2496682420002091
0.2496681200002091
0.2496679710002091
0.24966780700020907
0.24966768200020908
0.24966753100020914
0.2496674080002091
0.24966729000020904
0.24966716600020908
0.24966708700020912
0.24966701400020908
0.24966696100020908
0.24966689700020908
0.24966683300020906
0.24966675600020907
0.24966663500020905
0.24966651800020906
0.2496664410002091
0.24966636200020906
0.24966628200020904
0.24966624300020906
0.24966621800020908
0.24966616700020905
0.24966610800020905
0.24966603500020904
0.24966594400020906
0.24966582300020904
0.24966566200020904
0.24966554700020904
0.24966546800020906
0.24966540400020903
0.249665303000209
0.24966522500020905
0.249665148000209
0.24966501700020902
0.24966486000020902
0.249664715000209
0.24966459100020902
0.249664512000209
0.24966445500020898
0.249664383000209
0.249664315000209
0.249664246000209
0.249664177000209
0.24966408000020904
0.24966400400020902
0.24966391500020899
0.24966386600020896
0.24966383200020903
0.24966376700020898
0.24966365600020896
0.249663543000209
0.249663483000209
0.24966345400020898
0.24966343900020896
0.249663435000209
0.24966342900020902
0.24966341200020895
0.24966339300020896
0.24966336700020894
0.24966336500020894
0.24966336900020894
0.24966337300020894
0.24966337600020896
0.24966338000020896
0.24966338400020896
0.24966338800020896
0.24966339200020896
0.24966339600020895
0.24966340000020898
0.24966340400020892
0.24966340800020895
0.24966341200020895
0.24966341600020894
0.24966341700020894
0.24966342100020894
0.2496634230002089
0.24966342600020894
0.2496634300002089
0.24966343200020893
0.24966343600020896
0.24966343900020893
0.24966343400020893
0.24966341500020894
0.24966338200020893
0.2496633700002089
0.2496633730002089
0.2496633770002089
0.2496633810002089
0.2496633850002089
0.2496633890002089
0.24966339300020887
0.2496633930002089
0.2496633850002089
0.2496633660002089
0.24966335400020892
0.24966333200020893
0.24966332100020888
0.24966331700020886
0.24966331100020886
0.2496633030002089
0.24966330700020886
0.24966330700020886
0.24966327100020888
0.24966321700020888
0.24966317200020888
0.2496631200002089
0.24966306700020888
0.24966303700020887
0.24966302500020884
0.24966301200020888
0.24966297700020884
0.24966291500020887
0.24966285000020882
0.24966282400020884
0.24966282300020884
0.24966282600020884
0.24966282800020884
0.24966283200020883
0.24966283600020886
0.24966283900020886
0.24966283600020883
0.24966283000020884
0.24966282300020884
0.24966281200020882
0.24966278200020883
0.24966276300020881
0.2496627490002088
0.24966274100020883
0.24966273100020883
0.2496627290002088
0.24966270300020882
0.24966264500020882
0.24966258200020883
0.2496625340002088
0.2496624900002088
0.2496624510002088
0.24966241800020877
0.24966236100020878
0.2496623100002088
0.24966227100020882
0.2496622100002088
0.24966214900020878
0.24966211500020882
0.24966207000020882
0.2496620170002088
0.24966200300020877
0.24966199800020877
0.24966199600020877
0.24966199000020878
0.24966199000020878
0.24966197900020876
0.24966196100020877
0.24966196300020874
0.24966195100020877
0.24966194100020878
0.24966193300020875
0.24966193700020875
0.24966193900020875
0.24966194300020875
0.24966194600020872
0.24966194600020872
0.24966194400020875
0.24966193700020875
0.24966189200020877
0.24966186200020873
0.24966185700020876
0.24966185500020874
0.24966185400020874
0.24966184800020874
0.24966184000020872
0.2496618040002087
0.24966172700020875
0.24966164100020874
0.24966152600020872
0.24966136700020874
0.2496611730002087
0.2496609860002087
0.2496608250002087
0.24966068100020875
0.24966056900020875
0.24966045600020872
0.2496603370002087
0.24966025000020872
0.24966019500020872
0.24966016100020869
0.24966014300020867
0.2496601300002087
0.2496601300002087
0.24966011400020865
0.2496601040002087
0.2496600990002087
0.24966008300020867
0.24966007400020868
0.2496600550002087
0.24966000800020868
0.24965995400020868
0.24965988500020864
0.24965980500020868
0.24965971400020867
0.24965958500020866
0.24965942500020868
0.24965925200020866
0.24965907000020868
0.24965889100020866
0.24965873300020866
0.24965862400020863
0.24965857000020866
0.24965850800020867
0.24965846200020866
0.24965843300020862
0.24965842100020866
0.24965841600020863
0.2496584090002086
0.24965841300020863
0.24965841700020863
0.24965842000020866
0.24965842400020863
0.24965842700020863
0.24965843000020865
0.24965843400020865
0.24965843000020863
0.24965840600020864
0.24965835900020864
0.2496583070002086
0.2496582570002086
0.24965817100020862
0.24965811300020863
0.24965807300020862
0.24965803700020858
0.2496580100002086
0.2496579760002086
0.24965796300020862
0.2496579490002086
0.24965794900020863
0.24965795000020863
0.24965794500020858
0.24965793600020858
0.2496579140002086
0.24965790700020857
0.24965790200020857
0.24965789400020857
0.24965788000020858
0.2496578620002086
0.24965781500020856
0.24965772900020855
0.24965760300020856
0.24965746400020855
0.24965737400020857
0.24965728600020856
0.24965721800020857
0.24965716700020857
0.24965714700020855
0.24965713500020853
0.24965713500020853
0.24965713900020856
0.24965714200020853
0.24965714500020855
0.24965714900020852
0.24965715200020855
0.24965715600020855
0.24965714200020853
0.2496571210002085
0.24965711800020854
0.24965710900020852
0.24965708900020855
0.24965705800020851
0.24965703900020852
0.24965699300020852
0.2496569570002085
0.24965692500020853
0.2496568940002085
0.24965686400020848
0.24965680400020854
0.2496567240002085
0.2496566540002085
0.2496566120002085
0.2496565720002085
0.24965650400020847
0.24965640000020853
0.2496562640002085
0.2496561390002085
0.24965600800020848
0.24965582000020847
0.24965560000020848
0.2496553990002085
0.2496551830002085
0.24965498800020847
0.24965476400020847
0.2496546250002085
0.2496545210002085
0.24965437600020846
0.24965422900020848
0.24965409200020847
0.24965392600020847
0.24965380600020848
0.24965367800020846
0.24965356200020847
0.24965344600020847
0.24965331600020846
0.24965314000020844
0.24965299800020846
0.24965286800020844
0.24965276400020844
0.24965270300020842
0.24965263800020845
0.24965258000020846
0.2496525290002084
0.24965250600020844
0.24965249300020845
0.24965249100020845
0.24965249300020845
0.24965249700020842
0.24965249800020842
0.24965250200020841
0.2496525050002084
0.24965250900020838
0.24965251300020844
0.24965251700020843
0.2496525210002084
0.2496525240002084
0.2496525270002084
0.2496525310002084
0.2496525350002084
0.24965253900020837
0.24965254100020842
0.24965254500020842
0.2496525430002084
0.2496525420002084
0.2496525460002084
0.2496525500002084
0.24965255400020836
0.24965255600020836
0.24965256000020838
0.24965256400020838
0.24965256300020838
0.24965254100020837
0.24965253000020837
0.24965252900020837
0.24965253100020837
0.24965253500020837
0.2496525320002084
0.24965253000020834
0.24965251800020838
0.24965250200020836
0.24965246000020835
0.2496523780002084
0.24965228800020836
0.24965221500020834
0.24965214100020836
0.24965204200020835
0.24965195300020832
0.24965184400020834
0.24965177300020835
0.24965171400020836
0.24965166000020833
0.24965163900020831
0.2496515990002083
0.24965154700020833
0.24965146000020833
0.24965138900020833
0.2496513270002083
0.2496512720002083
0.24965124500020833
0.2496511930002083
0.2496511260002083
0.2496510860002083
0.2496510200002083
0.24965095200020831
0.24965091900020828
0.2496508890002083
0.2496508570002083
0.2496508220002083
0.2496507950002083
0.2496507750002083
0.2496507610002083
0.2496507570002083
0.2496507440002083
0.2496507330002083
0.2496507250002083
0.24965072100020827
0.24965072000020824
0.24965072300020827
0.2496507270002083
0.2496507310002083
0.24965073300020826
0.24965073300020826
0.24965073600020826
0.24965073900020826
0.24965074300020826
0.24965074400020829
0.24965073700020823
0.24965073100020826
0.24965070800020825
0.24965065500020825
0.24965060500020825
0.24965056400020824
0.24965052700020826
0.24965050100020825
0.24965047900020823
0.24965044900020825
0.24965042000020823
0.24965038100020823
0.24965036600020823
0.24965035600020824
0.24965032800020823
0.24965031300020823
0.24965029000020822
0.2496502760002082
0.24965027800020823
0.24965028200020822
0.2496502820002082
0.2496502770002082
0.24965028100020822
0.24965028300020822
0.24965028400020822
0.24965028200020822
0.24965028400020822
0.24965028700020822
0.24965028900020816
0.2496502930002082
0.2496502970002082
0.24965030100020819
0.24965030500020816
0.24965030900020818
0.2496503130002082
0.24965031700020818
0.24965032100020818
0.24965032500020817
0.24965032800020817
0.24965033200020814
0.24965033500020814
0.2496503380002082
0.2496503420002082
0.24965034500020816
0.24965034900020816
0.24965035300020816
0.24965035700020818
0.24965036100020815
0.24965036500020815
0.24965036900020815
0.24965037300020815
0.24965037400020812
0.24965037800020812
0.24965038200020814
0.24965038500020814
0.2496503890002081
0.24965038600020814
0.2496503880002081
0.2496503910002081
0.2496503910002081
0.2496503920002081
0.2496503950002081
0.24965038700020814
0.2496503910002081
0.24965038600020814
0.24965036100020813
0.24965031100020812
0.24965021200020812
0.24965009500020813
0.2496500150002081
0.2496499630002081
0.2496499330002081
0.24964989000020807
0.2496498540002081
0.2496498300002081
0.2496497890002081
0.24964974000020812
0.2496496930002081
0.24964964600020806
0.2496496230002081
0.24964961000020808
0.2496496060002081
0.2496496100002081
0.24964961400020808
0.24964961800020807
0.24964961700020807
0.24964961400020808
0.24964961800020807
0.24964962200020807
0.24964962300020807
0.24964961800020807
0.24964962100020807
0.24964962500020807
0.24964962900020807
0.24964963300020804
0.24964963700020806
0.2496496410002081
0.24964964500020806
0.24964964800020803
0.24964965200020806
0.24964965600020805
0.24964966000020805
0.24964966400020802
0.24964966800020805
0.24964967200020804
0.24964967600020804
0.24964967900020804
0.24964967200020802
0.24964966500020802
0.24964966900020805
0.24964967300020802
0.24964967700020801
0.24964967400020802
0.24964966500020802
0.24964966400020802
0.24964966600020802
0.24964967000020802
0.249649673000208
0.249649676000208
0.249649665000208
0.24964965900020797
0.249649662000208
0.249649665000208
0.249649667000208
0.24964967100020796
0.249649674000208
0.249649678000208
0.249649677000208
0.24964965200020797
0.24964962900020798
0.249649603000208
0.24964959800020797
0.24964959500020797
0.24964959200020798
0.249649596000208
0.24964959400020797
0.24964958600020792
0.24964957100020796
0.24964955900020797
0.24964954200020797
0.24964951700020796
0.24964950000020794
0.24964949500020797
0.24964949000020795
0.24964948400020792
0.24964947800020793
0.24964946200020796
0.24964940500020794
0.24964932200020798
0.24964925000020793
0.24964919000020794
0.24964912100020795
0.24964907500020794
0.24964900700020792
0.2496489400002079
0.24964887400020794
0.24964880600020792
0.2496487110002079
0.24964865400020791
0.24964860400020794
0.24964854500020792
0.2496484550002079
0.2496483570002079
0.2496483100002079
0.2496482890002079
0.24964825700020793
0.24964820500020787
0.24964817300020792
0.2496481300002079
0.2496480350002079
0.24964795200020787
0.2496479000002079
0.2496478440002079
0.2496477700002079
0.24964770500020786
0.2496476340002079
0.2496475500002079
0.2496474610002079
0.24964739100020786
0.2496473320002079
0.24964729200020788
0.24964725800020784
0.24964719600020788
0.24964713200020788
0.24964709300020785
0.24964704500020787
0.24964697900020785
0.24964691700020786
0.24964688500020787
0.24964688200020782
0.24964688600020782
0.24964688800020787
0.24964689100020787
0.24964689400020784
0.24964687900020782
0.24964687100020785
0.24964685900020783
0.24964684600020784
0.24964684500020784
0.24964684400020784
0.24964684300020784
0.24964684700020784
0.2496468510002078
0.24964685500020783
0.24964685900020783
0.24964686100020783
0.24964686200020783
0.24964685800020783
0.2496468480002078
0.2496468450002078
0.24964684900020778
0.24964685300020778
0.24964685700020783
0.2496468610002078
0.24964686500020777
0.24964686300020777
0.24964686300020777
0.24964686700020777
0.2496468710002078
0.2496468730002078
0.24964687700020777
0.2496468810002078
0.2496468840002078
0.2496468880002078
0.2496468920002078
0.24964689600020776
0.24964689800020778
0.24964689900020778
0.24964690300020778
0.24964690700020775
0.24964691100020775
0.24964691500020775
0.24964691900020777
0.24964692300020777
0.24964692600020777
0.24964693000020777
0.24964693400020774
0.24964693800020774
0.24964694200020776
0.24964694600020776
0.24964695000020773
0.24964695100020773
0.24964695200020773
0.24964695200020773
0.24964694200020773
0.24964692900020774
0.24964690500020773
0.24964689000020776
0.24964688200020774
0.24964686800020772
0.24964684800020773
0.24964683100020774
0.24964683000020774
0.2496468340002077
0.2496468380002077
0.2496468410002077
0.2496468450002077
0.24964684900020773
0.24964685300020772
0.2496468540002077
0.24964685300020772
0.24964685600020772
0.24964685900020772
0.2496468570002077
0.24964685100020767
0.2496468450002077
0.2496468380002077
0.2496468400002077
0.2496468440002077
0.24964684800020767
0.24964685200020767
0.24964685400020767
0.24964685800020767
0.24964686200020766
0.2496468660002077
0.2496468700002077
0.24964687400020769
0.24964687800020766
0.24964688200020768
0.24964688200020765
0.24964688200020768
0.24964687300020766
0.24964684500020767
0.24964680500020764
0.24964677300020766
0.24964674100020764
0.24964672100020766
0.24964670800020763
0.24964671100020763
0.2496467150002077
0.2496467190002076
0.24964672200020765
0.24964672600020765
0.24964673000020765
0.24964673400020762
0.24964673800020765
0.24964674200020764
0.24964674400020764
0.24964674000020762
0.24964673900020762
0.24964674200020762
0.24964674500020761
0.24964674800020759
0.24964674200020762
0.2496467260002076
0.24964669200020762
0.2496466790002076
0.2496466760002076
0.2496466790002076
0.24964668200020762
0.24964668600020762
0.2496466900002076
0.2496466940002076
0.2496466980002076
0.2496467020002076
0.24964670600020758
0.24964670300020758
0.24964670500020758
0.24964670900020758
0.24964671300020758
0.24964671300020758
0.24964671600020757
0.24964671900020755
0.24964671300020758
0.24964671500020758
0.24964671600020757
0.24964672000020754
0.24964672400020754
0.24964672800020757
0.24964673200020754
0.24964673600020754
0.24964674000020756
0.24964674400020756
0.24964674200020756
0.24964674400020756
0.24964674800020756
0.24964675200020756
0.24964675600020755
0.24964676000020752
0.24964675400020753
0.24964675700020753
0.24964676100020752
0.24964676500020755
0.24964676900020755
0.24964677300020754
0.24964677600020752
0.24964677700020751
0.24964676600020752
0.2496467350002075
0.24964672300020752
0.24964671000020752
0.2496467040002075
0.2496467080002075
0.24964671200020752
0.2496467160002075
0.24964671900020752
0.2496467190002075
0.2496467230002075
0.2496467270002075
0.24964673100020748
0.24964673500020748
0.2496467390002075
0.2496467430002075
0.24964674600020748
0.24964675000020747
0.24964675400020747
0.24964675700020747
0.24964676000020747
0.24964676100020747
0.24964676500020747
0.2496467680002075
0.2496467690002075
0.24964675500020747
0.24964673100020746
0.24964669400020745
0.24964667300020743
0.24964666100020746
0.24964666200020746
0.24964666600020746
0.24964667000020746
0.24964667300020743
0.24964667300020743
0.24964667000020746
0.24964666600020743
0.24964664700020744
0.24964663000020743
0.24964658900020742
0.24964653100020742
0.24964643400020742
0.24964635300020743
0.24964628500020744
0.24964622100020745
0.24964615300020743
0.24964611900020742
0.2496461180002074
0.24964612200020742
0.24964612200020742
0.24964611400020742
0.2496460890002074
0.24964606600020742
0.24964604700020743
0.2496460200002074
0.2496459930002074
0.24964598000020743
0.2496459820002074
0.24964598600020738
0.24964598200020738
0.24964595600020736
0.2496459050002074
0.2496458400002074
0.2496457900002074
0.24964573400020737
0.24964567800020737
0.2496456350002074
0.24964558000020737
0.24964555200020738
0.24964551900020737
0.24964548600020736
0.24964545500020735
0.24964543300020736
0.24964542000020737
0.24964538600020733
0.24964533600020739
0.24964528600020736
0.24964521900020736
0.24964510100020734
0.24964497400020735
0.24964483800020737
0.24964466400020735
0.24964446600020734
0.24964421000020734
0.24964400100020737
0.24964376400020735
0.24964355000020733
0.24964337100020734
0.24964320100020734
0.24964301500020733
0.24964283300020734
0.24964265500020733
0.2496424720002073
0.2496422720002073
0.2496420710002073
0.24964189700020734
0.24964174600020733
0.2496415300002073
0.2496412890002073
0.2496410330002073
0.24964078900020728
0.2496405490002073
0.24964037800020727
0.2496402140002073
0.2496400180002073
0.2496397920002073
0.2496396160002073
0.24963947500020728
0.2496393520002073
0.24963926800020728
0.2496392130002073
0.24963912900020727
0.24963899300020728
0.24963884000020728
0.24963868800020728
0.24963858300020728
0.24963846600020725
0.24963836700020728
0.24963825500020725
0.2496381820002073
0.24963813800020726
0.24963809000020726
0.24963807000020724
0.24963805100020725
0.24963803700020726
0.24963803200020726
0.24963801600020724
0.24963799600020725
0.2496379690002072
0.24963792200020726
0.24963785900020724
0.24963780600020727
0.24963774900020724
0.24963772100020723
0.2496377170002072
0.24963772100020723
0.24963772500020723
0.2496377170002072
0.24963770800020724
0.2496377010002072
0.24963769700020721
0.24963769400020722
0.24963769100020722
0.24963769500020724
0.2496376970002072
0.2496376960002072
0.24963770000020719
0.2496377040002072
0.2496377070002072
0.2496377100002072
0.2496377120002072
0.24963770400020718
0.2496376660002072
0.2496376200002072
0.2496375830002072
0.24963755700020718
0.2496375370002072
0.24963753700020722
0.24963754000020716
0.2496375400002072
0.24963754400020718
0.24963754800020718
0.24963753800020716
0.24963753600020716
0.24963753200020716
0.2496375210002072
0.24963750200020718
0.24963745700020717
0.24963739100020718
0.24963735400020715
0.24963732300020713
0.24963728800020715
0.24963726200020717
0.24963723600020715
0.24963719500020715
0.24963717900020715
0.24963717400020716
0.24963716200020714
0.24963714800020714
0.24963714500020714
0.24963714400020712
0.24963714500020712
0.24963714400020712
0.24963713900020712
0.24963714200020712
0.24963714600020712
0.2496371500002071
0.24963715000020714
0.24963713800020712
0.24963712100020713
0.2496371120002071
0.24963708900020715
0.2496370590002071
0.24963704600020709
0.2496370380002071
0.2496370300002071
0.2496370260002071
0.2496370270002071
0.2496370310002071
0.24963703500020712
0.2496370360002071
0.24963703700020706
0.2496370410002071
0.2496370450002071
0.24963704800020708
0.24963705200020705
0.24963705600020708
0.2496370600002071
0.24963706400020708
0.24963706800020707
0.24963707200020707
0.24963707600020707
0.24963708000020704
0.24963707900020704
0.24963707400020707
0.24963705900020708
0.24963703000020707
0.24963700800020702
0.24963700100020705
0.24963700400020708
0.24963700800020705
0.24963701200020705
0.24963701600020705
0.24963701600020705
0.24963701100020705
0.24963700300020703
0.24963700000020703
0.24963699000020706
0.249636979000207
0.24963695300020702
0.24963693300020703
0.24963690900020702
0.24963688300020703
0.24963686100020704
0.24963684300020703
0.24963684200020703
0.24963684600020702
0.249636850000207
0.249636854000207
0.24963685800020702
0.24963686200020702
0.24963686600020701
0.249636870000207
0.249636874000207
0.24963687700020698
0.24963688100020698
0.249636885000207
0.249636884000207
0.249636884000207
0.249636888000207
0.24963689200020694
0.24963689500020697
0.24963689900020697
0.249636903000207
0.24963690700020696
0.24963691100020696
0.249636915000207
0.24963691200020696
0.249636904000207
0.24963688300020698
0.24963688400020698
0.24963688600020695
0.24963688800020697
0.24963689200020694
0.24963689600020694
0.24963690000020697
0.24963690400020694
0.2496369060002069
0.24963690900020694
0.24963691300020696
0.24963691700020696
0.24963691900020696
0.24963691400020696
0.24963691000020694
0.2496369100002069
0.2496369080002069
0.24963690300020694
0.24963688500020692
0.2496368650002069
0.24963685600020694
0.24963683300020695
0.2496367980002069
0.24963678200020692
0.24963677300020692
0.24963676200020687
0.24963672800020692
0.24963669700020688
0.2496366770002069
0.2496366690002069
0.2496366730002069
0.24963667700020692
0.24963668100020692
0.24963668500020691
0.2496366860002069
0.24963669000020688
0.24963669400020688
0.24963669800020688
0.24963670200020688
0.2496367020002069
0.24963668600020691
0.24963666300020687
0.24963665700020687
0.24963663300020686
0.2496366030002069
0.24963657200020686
0.24963649700020688
0.24963638400020688
0.24963626700020689
0.24963613800020687
0.24963597800020687
0.24963575800020688
0.24963558800020683
0.24963542900020685
0.24963526600020686
0.24963506000020683
0.24963483700020686
0.24963459700020685
0.24963433000020682
0.24963408000020684
0.2496339270002068
0.2496338210002068
0.24963373200020683
0.24963363100020683
0.24963356600020684
0.24963352000020683
0.24963347900020683
0.24963347500020683
0.24963347900020683
0.24963348000020683
0.2496334830002068
0.2496334870002068
0.2496334910002068
0.2496334950002068
0.24963349700020682
0.24963349800020682
0.24963350200020681
0.2496335060002068
0.2496335100002068
0.24963351400020678
0.2496335180002068
0.24963352200020678
0.24963351700020678
0.24963350400020679
0.2496334660002068
0.24963341200020675
0.24963331400020677
0.2496332200002068
0.24963318300020676
0.2496331630002068
0.2496331510002068
0.2496331320002068
0.24963309300020678
0.24963306400020677
0.24963304500020675
0.24963303500020675
0.24963302400020676
0.24963301400020674
0.24963300300020677
0.24963297700020676
0.24963292800020676
0.24963288900020675
0.24963281200020673
0.24963269900020674
0.24963255600020673
0.24963242400020674
0.2496323270002067
0.24963223000020673
0.24963214200020672
0.24963205100020672
0.24963198100020673
0.24963195700020668
0.2496319360002067
0.2496319000002067
0.24963186600020673
0.24963182700020672
0.2496317640002067
0.2496317020002067
0.24963164500020674
0.2496316110002067
0.24963157700020672
0.2496315700002067
0.2496315580002067
0.2496315510002067
0.2496315530002067
0.2496315570002067
0.2496315610002067
0.2496315650002067
0.2496315690002067
0.2496315730002067
0.2496315710002067
0.24963156000020667
0.24963155400020667
0.24963155600020667
0.24963156000020667
0.24963156400020664
0.24963156700020667
0.24963157000020667
0.2496315710002067
0.24963155900020667
0.24963152200020663
0.24963146400020667
0.24963140400020667
0.24963135500020667
0.24963128700020668
0.24963124000020664
0.24963119500020664
0.24963115600020666
0.24963113200020665
0.24963112500020662
0.24963111600020665
0.24963110000020663
0.24963109500020664
0.24963109800020664
0.24963110200020666
0.2496311060002066
0.2496311100002066
0.24963111400020663
0.24963111500020663
0.24963111600020663
0.24963112000020662
0.24963112400020662
0.24963112800020662
0.24963113200020662
0.2496311350002066
0.2496311390002066
0.24963114200020664
0.2496311450002066
0.2496311490002066
0.2496311530002066
0.2496311570002066
0.24963116100020663
0.2496311650002066
0.2496311670002066
0.2496311700002066
0.2496311740002066
0.24963117800020657
0.24963117600020657
0.2496311750002066
0.2496311740002066
0.24963117800020657
0.24963118000020657
0.2496311840002066
0.2496311880002066
0.24963119200020656
0.24963119600020656
0.24963120000020655
0.24963120400020655
0.24963119600020656
0.24963116900020657
0.24963115200020655
0.24963113000020656
0.24963110600020655
0.24963108100020653
0.24963105100020655
0.24963100200020655
0.2496309620002065
0.24963091600020657
0.24963085700020657
0.24963081400020656
0.24963074400020654
0.24963065600020654
0.24963057400020652
0.24963050800020653
0.24963041000020655
0.24963029500020656
0.24963009200020653
0.24962989700020652
0.24962971400020653
0.24962953900020654
0.2496293820002065
0.24962919800020655
0.2496289760002065
0.2496288130002065
0.2496286510002065
0.24962850200020648
0.2496283500002065
0.2496282390002065
0.24962809800020647
0.2496279460002065
0.24962785300020648
0.24962783100020647
0.24962782700020647
0.24962783100020647
0.2496278350002065
0.24962783900020652
0.2496278430002065
0.2496278440002065
0.2496278480002065
0.24962785200020648
0.24962785600020646
0.24962786000020645
0.24962786300020648
0.24962785600020646
0.24962784200020646
0.24962782600020644
0.24962780600020648
0.24962778700020644
0.24962774700020646
0.24962769900020645
0.24962768400020643
0.24962767800020647
0.24962767600020647
0.24962767500020644
0.24962767400020644
0.24962767800020647
0.2496276820002064
0.24962768400020643
0.24962768400020643
0.24962768800020643
0.24962769200020643
0.24962769400020643
0.2496276970002064
0.2496276960002064
0.2496277000002064
0.24962770400020642
0.24962770800020642
0.24962771200020642
0.24962771600020642
0.24962772000020642
0.24962772300020644
0.2496277270002064
0.2496277300002064
0.2496277340002064
0.2496277370002064
0.24962773700020643
0.24962774100020638
0.2496277450002064
0.2496277490002064
0.24962775300020637
0.24962775700020637
0.24962776100020637
0.2496277620002064
0.24962775400020637
0.2496277080002064
0.24962767700020635
0.24962764600020637
0.24962760900020634
0.24962758800020637
0.24962758400020635
0.24962758800020637
0.24962758400020635
0.24962758700020635
0.24962759100020637
0.24962759100020634
0.24962759300020634
0.24962759700020637
0.24962760100020634
0.24962760300020634
0.24962760700020636
0.24962761100020633
0.24962761300020633
0.24962761500020633
0.24962761900020633
0.2496276230002063
0.24962762700020635
0.24962763100020635
0.24962763500020635
0.24962763900020632
0.24962764100020632
0.24962764500020632
0.24962764900020634
0.2496276530002063
0.2496276560002063
0.24962766000020634
0.24962766400020633
0.2496276660002063
0.2496276700002063
0.2496276720002063
0.2496276580002063
0.24962761900020633
0.2496275150002063
0.2496273850002063
0.2496272750002063
0.2496271920002063
0.2496271330002063
0.24962707800020628
0.2496269760002063
0.24962686400020628
0.24962678300020627
0.24962669700020626
0.2496266200002063
0.2496265740002063
0.24962654500020628
0.24962652700020627
0.24962652800020624
0.24962652200020624
0.24962651100020627
0.24962650700020625
0.24962651100020625
0.24962651500020624
0.24962651900020627
0.24962652300020624
0.24962652300020624
0.24962652500020624
0.24962652800020624
0.24962652900020624
0.24962653300020626
0.24962653600020623
0.2496265340002062
0.24962652800020624
0.24962653200020624
0.24962653500020623
0.24962653900020623
0.24962654300020623
0.24962654700020626
0.2496265510002062
0.24962655400020622
0.24962655800020622
0.24962656200020622
0.2496265650002062
0.24962656300020622
0.24962656000020622
0.24962654500020623
0.2496265100002062
0.2496264760002062
0.2496264630002062
0.2496264490002062
0.2496264320002062
0.2496264230002062
0.2496264270002062
0.2496264310002062
0.24962643500020618
0.24962643900020617
0.2496264430002062
0.24962644700020623
0.24962645100020617
0.24962645000020617
0.2496264460002062
0.24962644000020617
0.24962643800020617
0.2496264120002062
0.24962639000020614
0.2496263900002062
0.24962638300020615
0.24962637900020615
0.24962637700020615
0.24962637300020618
0.24962637500020618
0.24962637900020615
0.24962638300020615
0.24962638700020615
0.24962639100020612
0.24962639500020614
0.24962639500020614
0.24962638500020615
0.24962634500020614
0.24962629400020614
0.24962625100020613
0.24962623000020615
0.24962622300020615
0.24962621700020612
0.2496262190002061
0.24962621000020613
0.24962621300020613
0.24962621600020612
0.2496262200002061
0.24962622400020612
0.24962622800020615
0.2496262320002061
0.24962623600020611
0.2496262400002061
0.2496262440002061
0.24962624800020608
0.2496262520002061
0.2496262560002061
0.24962626000020613
0.2496262640002061
0.2496262680002061
0.2496262720002061
0.2496262680002061
0.2496262320002061
0.2496261710002061
0.2496260870002061
0.24962596100020606
0.24962582700020608
0.24962571400020608
0.24962566200020606
0.2496255970002061
0.24962552400020607
0.24962546000020608
0.24962543300020604
0.24962540600020608
0.24962537300020604
0.24962535200020608
0.24962533800020606
0.24962532800020606
0.24962531800020604
0.24962531500020607
0.24962531900020604
0.24962532300020604
0.24962532500020604
0.249625329000206
0.24962533300020603
0.24962533700020603
0.24962534100020603
0.24962534500020603
0.24962534900020603
0.24962535300020605
0.24962535400020602
0.24962534900020603
0.24962534800020603
0.24962532500020604
0.249625297000206
0.24962528200020603
0.249625286000206
0.249625289000206
0.249625281000206
0.24962528400020603
0.249625288000206
0.249625292000206
0.249625296000206
0.24962530000020597
0.249625291000206
0.249625253000206
0.24962524200020603
0.24962523500020598
0.24962523900020597
0.24962524200020597
0.249625246000206
0.249625249000206
0.24962524600020597
0.24962523200020598
0.24962522100020598
0.24962520500020596
0.24962519800020597
0.24962519700020597
0.24962519300020597
0.24962519000020597
0.24962519400020597
0.24962519800020597
0.24962520200020594
0.24962520600020593
0.24962521000020596
0.24962521100020593
0.24962520100020594
0.24962519500020597
0.24962517800020595
0.24962513700020594
0.24962508900020594
0.24962503100020592
0.24962497800020594
0.24962492900020591
0.24962489200020593
0.24962485000020593
0.24962480500020592
0.24962478200020594
0.24962475400020595
0.24962470900020595
0.24962462200020594
0.24962454300020592
0.24962445500020589
0.2496244090002059
0.2496243580002059
0.2496242840002059
0.24962421600020593
0.2496241710002059
0.24962410400020588
0.2496240780002059
0.2496240440002059
0.24962399500020593
0.2496239350002059
0.24962387700020588
0.2496238240002059
0.24962378400020588
0.2496237480002059
0.24962368100020588
0.24962362800020588
0.24962359700020587
0.24962356700020585
0.24962355000020586
0.24962354100020587
0.24962354200020587
0.24962354100020587
0.24962353500020584
0.24962352900020585
0.24962352500020585
0.24962351800020588
0.24962351300020585
0.24962351000020586
0.24962349100020584
0.24962344700020586
0.24962337300020584
0.24962334200020586
0.24962334600020583
0.24962335000020586
0.24962335400020583
0.24962335600020583
0.24962334900020586
0.24962333200020584
0.24962331800020582
0.24962331100020582
0.24962330200020583
0.24962329300020583
0.2496232950002058
0.24962329900020583
0.24962330300020583
0.24962330700020582
0.24962331100020582
0.24962331500020582
0.24962331900020582
0.2496233230002058
0.2496233250002058
0.24962331400020582
0.2496232880002058
0.2496232610002058
0.24962323800020578
0.2496231980002058
0.2496231580002058
0.2496231140002058
0.24962307300020578
0.2496230460002058
0.24962302800020578
0.2496230210002058
0.24962302100020578
0.24962302500020578
0.24962302900020575
0.2496230330002058
0.24962303700020577
0.24962303900020577
0.24962303200020577
0.24962301700020578
0.24962299100020577
0.24962295700020576
0.24962290100020576
0.24962282400020575
0.24962275600020575
0.24962269400020573
0.24962267800020574
0.24962265300020572
0.24962264200020576
0.24962262400020574
0.24962259700020575
0.24962257000020574
0.2496225230002057
0.24962247200020574
0.24962243300020573
0.24962240300020574
0.24962236800020574
0.24962237000020573
0.24962237400020573
0.24962237500020573
0.2496223720002057
0.24962237400020573
0.2496223780002057
0.24962238200020573
0.24962238600020573
0.24962238900020572
0.2496223930002057
0.2496223960002057
0.24962240000020572
0.24962240300020574
0.24962238800020572
0.24962236600020568
0.24962231100020568
0.2496222600002057
0.24962216200020573
0.2496220530002057
0.2496219410002057
0.2496218280002057
0.24962173200020568
0.24962163800020568
0.24962159400020567
0.24962156500020566
0.24962155200020567
0.24962152400020568
0.24962147400020568
0.24962139500020566
0.24962131300020565
0.24962128000020567
0.24962126300020565
0.24962124900020566
0.24962122600020564
0.24962122200020564
0.24962121800020565
0.24962120800020565
0.24962119400020566
0.24962118400020566
0.24962117000020567
0.24962115300020565
0.24962112600020567
0.24962109900020563
0.24962106800020564
0.24962101800020564
0.24962093700020563
0.2496208330002056
0.24962073500020562
0.24962065200020564
0.2496205650002056
0.2496204920002056
0.24962046800020563
0.24962043700020564
0.2496204110002056
0.24962038900020558
0.24962035300020563
0.2496203150002056
0.2496202750002056
0.24962022400020561
0.2496201500002056
0.2496200950002056
0.2496200280002056
0.24961995600020562
0.24961988300020557
0.24961978500020557
0.2496196900002056
0.2496195790002056
0.2496194630002056
0.24961936000020557
0.2496192690002056
0.24961912400020558
0.24961893300020557
0.2496187870002056
0.24961866500020558
0.24961855200020558
0.24961840000020555
0.24961818800020558
0.24961798900020557
0.24961787600020557
0.24961774000020556
0.24961757700020556
0.24961738200020556
0.24961715800020556
0.24961698100020555
0.24961686700020552
0.24961676700020555
0.24961670100020555
0.24961668900020556
0.24961668300020554
0.24961668400020556
0.24961668500020553
0.24961668700020556
0.24961669100020553
0.24961669500020553
0.24961669900020553
0.24961670200020553
0.24961670200020553
0.2496166950002055
0.24961665600020552
0.24961658700020553
0.24961649500020552
0.2496163800002055
0.2496162600002055
0.2496161710002055
0.24961606300020547
0.2496160040002055
0.2496159810002055
0.24961598100020552
0.2496159850002055
0.2496159890002055
0.24961599300020548
0.24961599700020548
0.24961599700020548
0.24961600100020548
0.24961600500020545
0.24961600200020548
0.24961598700020549
0.24961598400020546
0.24961598200020546
0.24961598100020546
0.24961598500020546
0.24961598900020548
0.24961598800020549
0.24961599200020546
0.24961599600020545
0.24961600000020548
0.24961600400020548
0.24961600800020545
0.24961601200020544
0.24961601500020544
0.24961601900020544
0.24961601700020547
0.24961601600020544
0.2496160200002054
0.2496160200002054
0.24961601500020544
0.24961601000020545
0.24961600300020542
0.24961597000020544
0.2496159390002054
0.24961592800020543
0.24961591100020541
0.24961588300020543
0.24961585200020542
0.2496158210002054
0.24961578300020543
0.2496157090002054
0.2496155890002054
0.24961543500020542
0.2496152600002054
0.24961504700020537
0.2496149070002054
0.24961479800020542
0.2496146450002054
0.2496145060002054
0.2496144090002054
0.24961428000020539
0.2496141430002054
0.24961401600020539
0.24961389000020537
0.2496137930002054
0.2496137380002054
0.24961367800020537
0.24961362800020537
0.24961358000020537
0.24961351700020537
0.24961343900020538
0.24961337900020536
0.24961333000020536
0.24961327400020536
0.24961324000020538
0.24961320000020534
0.24961317500020536
0.24961314900020534
0.24961311100020536
0.24961306800020533
0.24961301100020536
0.24961291600020535
0.24961283100020534
0.24961273200020534
0.24961264400020536
0.24961257600020534
0.24961251600020534
0.24961247700020534
0.24961245300020535
0.24961244000020533
0.24961243800020533
0.24961244200020533
0.24961244500020532
0.24961244400020532
0.24961244300020533
0.24961243100020533
0.24961240500020532
0.2496123610002053
0.2496123280002053
0.24961230300020532
0.2496122850002053
0.24961228000020533
0.24961228100020533
0.2496122830002053
0.2496122850002053
0.2496122890002053
0.2496122930002053
0.2496122970002053
0.2496123010002053
0.2496123020002053
0.2496123050002053
0.24961230800020529
0.24961231200020526
0.24961231100020528
0.24961231500020528
0.24961231900020528
0.24961232300020528
0.24961232700020525
0.24961233000020525
0.24961233400020524
0.24961233200020524
0.24961233200020527
0.24961233500020527
0.24961233200020524
0.24961233400020524
0.24961233800020527
0.24961234200020524
0.24961234600020524
0.24961234700020524
0.24961233600020524
0.24961231100020523
0.24961226900020522
0.24961223500020527
0.24961219100020526
0.24961214500020523
0.24961211300020522
0.24961207300020521
0.24961205800020525
0.24961204400020523
0.2496120270002052
0.24961202000020524
0.2496120230002052
0.2496120270002052
0.2496120300002052
0.2496120340002052
0.2496120380002052
0.2496120420002052
0.24961204600020523
0.2496120500002052
0.2496120540002052
0.2496120560002052
0.2496120470002052
0.24961204300020517
0.2496120320002052
0.2496120160002052
0.2496120020002052
0.24961199900020517
0.2496119930002052
0.24961198200020518
0.24961197000020519
0.24961193200020518
0.24961188800020517
0.24961183700020514
0.24961178000020515
0.24961169800020516
0.24961161100020518
0.24961153200020517
0.24961149200020516
0.24961144800020515
0.24961141300020517
0.24961138200020516
0.24961134100020513
0.24961132300020514
0.24961129900020515
0.24961127100020516
0.24961125200020512
0.24961124200020515
0.24961124400020515
0.24961124800020515
0.24961125200020512
0.24961125600020515
0.24961125900020514
0.24961126100020514
0.2496112650002051
0.2496112690002051
0.24961127300020514
0.24961127700020516
0.2496112810002051
0.2496112850002051
0.2496112890002051
0.24961129100020515
0.24961129400020513
0.24961129700020507
0.24961130100020512
0.24961130500020512
0.24961130200020512
0.24961129200020507
0.2496112730002051
0.24961125400020512
0.2496112170002051
0.24961121000020509
0.2496112140002051
0.2496112170002051
0.24961122100020508
0.24961122500020508
0.2496112290002051
0.24961121400020508
0.24961119500020507
0.24961116700020505
0.2496111530002051
0.2496111560002051
0.24961115400020506
0.24961115000020506
0.2496111520002051
0.2496111510002051
0.24961114600020506
0.24961114700020506
0.24961115100020506
0.24961115500020506
0.24961115900020506
0.24961116200020508
0.24961116600020505
0.24961117000020505
0.24961117200020505
0.24961117400020505
0.249611163000205
0.24961115100020503
0.24961114400020504
0.249611140000205
0.249611144000205
0.24961114800020504
0.24961115200020503
0.24961115600020503
0.24961116000020503
0.249611164000205
0.249611168000205
0.24961117000020502
0.24961117400020505
0.24961117800020502
0.24961118200020502
0.24961118600020502
0.24961119000020499
0.24961119100020498
0.24961118500020502
0.24961118000020502
0.249611166000205
0.24961113000020502
0.249611081000205
0.249611079000205
0.249611080000205
0.24961106700020497
0.249611052000205
0.24961103800020498
0.24961102600020496
0.24961102100020496
0.24961102300020496
0.249611027000205
0.24961103100020496
0.24961103400020496
0.249611030000205
0.24961102800020496
0.24961102300020496
0.24961101900020496
0.24961102000020496
0.24961102400020496
0.24961102800020496
0.24961103000020496
0.24961103200020493
0.24961103400020493
0.24961103500020493
0.24961103900020493
0.24961103900020493
0.24961103000020496
0.24961101100020494
0.24961100100020495
0.24961098800020495
0.24961098300020496
0.24961097300020493
0.24961096800020494
0.24961095800020494
0.24961092900020493
0.24961088400020492
0.24961085700020494
0.24961083700020492
0.24961082600020493
0.2496108220002049
0.24961082600020493
0.24961082900020493
0.2496108320002049
0.2496108360002049
0.24961083800020492
0.2496108360002049
0.24961083100020487
0.24961083300020487
0.2496108370002049
0.24961084100020492
0.24961084500020492
0.2496108470002049
0.2496108500002049
0.24961085400020488
0.24961085800020488
0.24961086200020488
0.2496108660002049
0.24961087000020488
0.2496108730002049
0.24961087700020487
0.24961088100020487
0.2496108850002049
0.24961088900020487
0.24961089300020486
0.24961089500020486
0.24961089700020483
0.2496109010002049
0.24961090500020486
0.24961090900020486
0.24961091300020485
0.24961091700020482
0.24961091800020482
0.24961092200020485
0.24961092600020487
0.24961092300020485
0.24961091500020485
0.24961090300020483
0.24961088900020484
0.2496108890002048
0.24961089300020484
0.24961089700020483
0.24961090100020483
0.2496109050002048
0.2496109090002048
0.24961091300020483
0.24961091700020482
0.2496109140002048
0.24961091200020483
0.2496109050002048
0.2496109090002048
0.2496109110002048
0.2496109140002048
0.2496109120002048
0.2496109090002048
0.24961090200020478
0.24961089100020478
0.2496108650002048
0.2496108390002048
0.24961081400020482
0.2496108150002048
0.2496108180002048
0.24961081900020476
0.24961082000020476
0.2496108240002048
0.2496108280002048
0.24961083200020476
0.24961083600020476
0.24961083600020476
0.24961083300020476
0.2496108240002048
0.24961081800020476
0.24961082200020476
0.24961082600020476
0.24961083000020476
0.24961083100020476
0.24961083300020476
0.24961083600020476
0.24961083900020475
0.24961083500020476
0.24961083600020476
0.24961084000020475
0.24961083800020475
0.24961082100020474
0.24961080500020472
0.24961080600020472
0.24961080300020472
0.24961079500020475
0.24961078400020476
0.24961078500020475
0.24961078900020475
0.24961079300020472
0.24961079700020475
0.24961080100020472
0.24961080300020472
0.24961080100020472
0.24961080500020472
0.24961080700020472
0.2496108110002047
0.2496108130002047
0.2496108100002047
0.24961080900020471
0.2496108050002047
0.2496107970002047
0.24961079800020472
0.2496108010002047
0.2496108050002047
0.2496108090002047
0.24961081100020469
0.24961081500020468
0.24961081800020468
0.24961082000020468
0.24961082400020468
0.24961082800020468
0.24961083200020465
0.24961083000020468
0.24961080800020466
0.24961078900020464
0.24961076500020465
0.24961073100020464
0.24961068900020467
0.24961064500020466
0.24961060400020466
0.24961056500020465
0.24961050600020465
0.24961045000020465
0.24961044000020466
0.24961044300020466
0.24961044700020465
0.24961045100020465
0.24961045500020465
0.24961045900020462
0.24961046200020462
0.2496104570002046
0.24961044900020463
0.24961043500020463
0.2496104220002046
0.2496104210002046
0.2496104240002046
0.2496104280002046
0.24961043200020464
0.2496104350002046
0.2496104350002046
0.2496104340002046
0.2496104370002046
0.24961044100020463
0.2496104450002046
0.2496104490002046
0.24961045300020462
0.24961045700020457
0.2496104610002046
0.24961046500020462
0.24961046900020462
0.24961047300020459
0.24961047500020458
0.24961047900020458
0.24961048300020458
0.24961048700020458
0.24961049000020458
0.24961048400020455
0.24961045500020457
0.24961041900020456
0.24961039800020454
0.24961037600020455
0.24961032700020455
0.2496102500002046
0.24961017500020455
0.24961007800020457
0.24960999200020456
0.24960993400020456
0.24960988300020454
0.24960984900020455
0.24960985100020455
0.24960985500020452
0.24960985500020455
0.24960985800020452
0.24960986200020455
0.24960986600020454
0.24960986600020454
0.24960986700020454
0.24960987100020451
0.2496098720002045
0.24960987600020454
0.24960988000020454
0.24960988300020454
0.2496098810002045
0.24960988100020454
0.24960988100020454
0.2496098850002045
0.24960988800020448
0.2496098920002045
0.2496098960002045
0.24960989100020453
0.2496098680002045
0.2496098430002045
0.2496098360002045
0.2496098400002045
0.24960984400020447
0.2496098470002045
0.2496098510002045
0.2496098550002045
0.24960985800020447
0.2496098620002045
0.2496098660002045
0.24960987000020446
0.24960987400020446
0.24960987300020446
0.24960987500020446
0.24960987500020448
0.24960987100020446
0.24960985800020444
0.24960985200020447
0.24960985600020447
0.24960986000020446
0.24960986000020446
0.24960986100020446
0.24960985800020447
0.24960985600020444
0.24960984400020444
0.24960981000020444
0.24960978800020445
0.24960976100020443
0.24960974600020444
0.24960971900020446
0.24960969700020444
0.24960967200020445
0.24960966400020446
0.24960966800020443
0.24960967200020442
0.24960967600020442
0.24960967000020443
0.24960967100020442
0.24960967500020445
0.24960967900020442
0.24960968300020442
0.24960968700020442
0.24960969000020441
0.24960968900020442
0.24960968100020442

Avalanche_Distribution:
105
4
14
1
1
1
1
2
2
289
6
1
34
4
3
9
12
5
6
11
17
292
2
5
42
4
7
6
1
1
1
1
5
3
4
3
40
1
11
114
14
1
191
652
94
122
1
13
47
7
1188
2
1
1
55
5
17
6065
90
1
3
2
1
2
87
126
540
2
1
968
40
43
2
1
123
3626
1
1
1
541
894
1
1
1
4867
3
1
2
2
11
2
51
2
1979
1
2
4
1
1
545
13
3
10
1
2
1
2
1
3
1
9
8
13
857
12
13
1
23
27
1
27
1
2
1
114
2933
1
2
1
80
1
1
32
10
2
1
2
3
1
6
162
1
8
1
1
38
1
1
1
211
1
15
2
94
1
9
1
4
13
3
8
11
1
1
95
1
4
1
1
4
1
134
611
1
175
1
8573
58
7
1
1
1
203
2
4
20
455
8
15
167
6
1
103
1
226
1
9
1
46
2
3
2
1
320
3
3343
4
5
2141
33
1
1
535
1
6
1
2
2
1
6
10
2
3517
3
233
5
1
5
2
1
5
1
1
5
209
9
6
2
4
2
1
2
1211
36
6
4
1
16
1
1
7
172
108
14
2
210
15
1
1
1033
2
95
14
81
1
1
91
1824
244
91
354
751
12
1
1
1270
4758
1
2
2
5
765
4
44
5
1
11
3794
205
4
3
1
1
5
1
10
10
379
1
922
1
1
1
2
2
119
1
92
1
15
18
1
3
51
2
139
2
82
35
2
2
5
277
1
1
19
2
1
1
4
3
57
24
3
131
1
6
34
4
1
1
12
50
37
2
6
2
37
1
1
1
3
441
61
1
1
4
6
1
2
696
4
1
7
3
15
1
76
1
1
6
40
4
244
13
18
