
Branching_global:
1.040000004
1.040000404000011
1.0400008040000217
1.0400012040000328
1.0400016040000433
1.0400020010000548
1.0400023970000651
1.0400027980000763
1.040003201000087
1.0400036000000983
1.0400039990001086
1.0400044010001197
1.0400048020001305
1.040005201000142
1.0400056000001523
1.0400060030001637
1.040006395000174
1.0400068000001852
1.040007196000196
1.0400075970002072
1.0400079960002175
1.040008394000229
1.0400087940002396
1.0400091950002506
1.0400095920002614
1.0400099900002724
1.0400103940002832
1.0400107920002943
1.040011196000305
1.0400115960003158
1.0400119970003265
1.0400123910003376
1.0400127740003484
1.0400131880003596
1.0400135770003702
1.0400139890003817
1.0400143820003918
1.040014788000403
1.0400151910004138
1.040015571000425
1.0400157530004355
1.0400161720004468
1.0400165690004575
1.0400169420004686
1.0400173620004793
1.0400177800004904
1.0400181720005006
1.0400185680005123
1.0400189290005228
1.040019388000534
1.0400197900005443
1.0400201890005556
1.0400205840005665
1.0400209630005774
1.0400213400005882
1.0400217700005991
1.0400221770006102
1.040022559000621
1.0400229590006316
1.0400233810006427
1.0400237710006535
1.0400241600006646
1.0400245600006754
1.0400249720006864
1.040025395000697
1.040025772000708
1.0400260590007187
1.04002646200073
1.0400268760007407
1.0400272560007515
1.0400276370007624
1.0400280440007736
1.0400284370007842
1.0400289040007953
1.0400292840008059
1.0400296220008172
1.0400301090008277
1.0400304470008388
1.0400308570008494
1.0400312580008606
1.0400316210008713
1.0400320760008823
1.040032468000893
1.0400328660009044
1.0400332470009148
1.040033660000926
1.0400340920009365
1.0400344350009478
1.0400348250009583
1.0400352580009697
1.04003551400098
1.0400359110009914
1.040036324001002
1.040036681001013
1.040037121001024
1.040037464001035
1.0400378870010454
1.0400382890010567
1.0400387170010674
1.0400390610010786

Autocorrelation:
0.02549672919070817
0.025496479161202387
0.025496229136696743
0.02549597911719053
0.0254957291026843
0.025495480968229442
0.025495233463705094
0.025494982839115988
0.025494730969590908
0.025494481605009858
0.025494232245403065
0.02549398101594141
0.02549373041645849
0.02549348107183353
0.025493231732182372
0.02549297989793301
0.02549273494243893
0.02549248186846173
0.025492234423304404
0.025491983858830385
0.025491734549039642
0.025491485869038197
0.02549123594437337
0.02549098539991217
0.025490737359594288
0.02549048869943004
0.02549023629567915
0.025489987645482045
0.025489735251848535
0.02548948536218241
0.025489234852806637
0.025488988721302012
0.025488749466134653
0.02548849085081754
0.025488247857243223
0.02548799050159068
0.025487745019219885
0.025487491421629847
0.025487239703002266
0.025487002355093404
0.025486888679530254
0.025486626979836485
0.02548637902599379
0.02548614606628547
0.025485883757603328
0.02548562270347602
0.025485377892119986
0.025485130587557178
0.02548490514498496
0.02548461850781011
0.02548436747150133
0.025484118313583593
0.025483871658382798
0.025483634998854934
0.025483399592636416
0.025483131097589186
0.025482876969218655
0.025482638455400188
0.025482388707590297
0.02548212522906168
0.025481881734886767
0.025481638869782084
0.025481389141949293
0.025481131927499293
0.02548086785118217
0.025480632497086743
0.025480453331289604
0.025480201754386925
0.025479943315896
0.025479706106526504
0.02547946827744289
0.025479214223554092
0.025478968913522106
0.025478677419059906
0.025478440233722466
0.025478229267388977
0.025477925307371134
0.02547771434973238
0.025477458459154487
0.02547720819075602
0.02547698164288771
0.025476697683732032
0.025476453047172595
0.02547620467107656
0.025475966908636138
0.025475709181758087
0.025475439603885545
0.0254752255681881
0.025474982208440664
0.02547471202227484
0.025474552284470667
0.025474304570121818
0.025474046877536842
0.025473824130601612
0.025473549602029882
0.02547333559871279
0.02547307168713622
0.025472820882719266
0.02547255386265662
0.0254723392525366

Average_Activity:
0.0
0.0
0.0
0.0
0.0
0.0
0.0
0.0
0.0
0.0
0.0
0.0
0.0
0.0
0.0
0.0
0.0
0.0
0.0
0.0
0.0
0.0
0.0
0.0
0.0
0.0
0.0
0.0
0.0
0.0
0.0
0.0
0.0
0.0
0.0
0.0
0.0
0.0
0.0
0.0
0.0
0.0
0.0
0.0
0.0
0.0
0.0
0.0
0.0
0.0
0.0
0.0
0.0
0.0
0.0
0.0
0.0
0.0
0.0
0.0
0.0
0.0
0.0
0.0
0.0
0.0
0.0
0.0
0.0
0.0
0.0
0.0
0.0
0.0
0.0
0.0
0.0
0.0
0.0
0.0
0.0
0.0
0.0
0.0
0.0
0.0
0.0
0.0
0.0
0.0
0.0
0.0
0.0
0.0
0.0
0.0
0.0
0.0
0.0
0.0
0.0
0.0
0.0
0.0
0.0
0.0
0.0
0.0
0.0
0.0
0.0
0.0
0.0
0.0
0.0
0.0
0.0
0.0
0.0
0.0
0.25
0.0
0.0
0.0
0.0
0.0
0.0
0.0
0.0
0.0
0.0
0.0
0.0
0.0
0.0
0.0
0.0
0.0
0.0
0.0
0.0
0.0
0.0
0.0
0.0
0.0
0.0
0.0
0.0
0.0
0.0
0.0
0.0
0.0
0.0
0.0
0.0
0.0
0.0
0.0
0.0
0.0
0.0
0.0
0.0
0.0
0.0
0.0
0.0
0.0
0.0
0.0
0.0
0.0
0.0
0.0
0.0
0.0
0.0
0.0
0.0
0.0
0.0
0.0
0.0
0.0
0.0
0.0
0.0
0.0
0.0
0.0
0.0
0.0
0.0
0.0
0.0
0.0
0.0
0.0
0.0
0.0
0.0
0.0
0.0
0.0
0.0
0.0
0.0
0.0
0.0
0.0
0.0
0.0
0.0
0.0
0.0
0.0
0.0
0.0
0.0
0.0
0.0
0.0
0.0
0.0
0.0
0.0
0.0
0.0
0.0
0.0
0.0
0.0
0.0
0.0
0.0
0.0
0.0
0.0
0.0
0.0
0.0
0.0
0.0
0.0
0.0
0.0
0.0
0.0
0.0
0.0
0.0
0.0
0.0
0.0
0.0
0.0
0.0
0.0
0.0
0.0
0.0
0.0
0.0
0.0
0.0
0.0
0.0
0.0
0.0
0.0
0.0
0.0
0.0
0.0
0.0
0.0
0.0
0.0
0.0
0.0
0.0
0.0
0.0
0.0
0.0
0.0
0.0
0.0
0.0
0.0
0.0
0.0
0.0
0.0
0.0
0.0
0.0
0.0
0.0
0.0
0.0
0.0
0.0
0.0
0.0
0.0
0.0
0.0
0.0
0.0
0.0
0.0
0.0
0.0
0.0
0.0
0.0
0.0
0.0
0.0
0.0
0.0
0.0
0.0
0.0
0.0
0.0
0.0
0.0
0.0
0.0
0.0
0.0
0.0
0.0
0.0
0.0
0.0
0.0
0.0
0.0
0.0
0.0
0.0
0.0
0.0
0.0
0.0
0.0
0.0
0.0
0.0
0.0
0.0
0.0
0.0
0.0
0.0
0.0
0.0
0.0
0.0
0.0
0.0
0.0
0.0
0.0
0.0
0.0
0.0
0.0
0.0
0.0
0.0
0.0
0.0
0.0
0.0
0.0
0.0
0.0
0.0
0.0
0.0
0.0
0.0
0.0
0.0
0.0
0.0
0.0
0.0
0.0
0.0
0.0
0.0
0.0
0.0
0.0
0.0
0.0
0.0
0.0
0.0
0.0
0.0
0.0
0.0
0.0
0.0
0.0
0.0
0.0
0.0
0.0
0.0
0.0
0.0
0.0
0.0
0.0
0.0
0.0
0.0
0.0
0.0
0.0
0.0
0.0
0.0
0.0
0.0
0.0
0.0
0.0
0.0
0.0
0.0
0.0
0.0
0.0
0.0
0.0
0.25
0.0
0.0
0.0
0.0
0.0
0.0
0.0
0.0
0.0
0.0
0.0
0.0
0.0
0.0
0.0
0.0
0.0
0.0
0.0
0.0
0.0
0.0
0.0
0.0
0.0
0.0
0.0
0.0
0.0
0.0
0.0
0.0
0.0
0.0
0.0
0.0
0.0
0.0
0.0
0.0
0.0
0.0
0.0
0.0
0.0
0.0
0.0
0.0
0.0
0.0
0.0
0.0
0.0
0.0
0.0
0.0
0.0
0.0
0.0
0.25
0.0
0.0
0.0
0.0
0.0
0.0
0.0
0.0
0.0
0.0
0.0
0.0
0.0
0.0
0.0
0.0
0.0
0.0
0.0
0.0
0.0
0.0
0.0
0.0
0.0
0.0
0.0
0.0
0.0
0.0
0.0
0.0
0.0
0.0
0.0
0.0
0.0
0.0
0.0
0.0
0.0
0.0
0.0
0.0
0.0
0.0
0.0
0.0
0.0
0.0
0.0
0.0
0.0
0.0
0.0
0.0
0.0
0.0
0.0
0.0
0.0
0.0
0.0
0.0
0.0
0.0
0.0
0.0
0.0
0.0
0.0
0.0
0.0
0.0
0.0
0.0
0.0
0.0
0.0
0.0
0.0
0.0
0.0
0.0
0.0
0.0
0.0
0.0
0.0
0.0
0.0
0.0
0.0
0.0
0.0
0.0
0.0
0.0
0.0
0.0
0.0
0.0
0.0
0.0
0.0
0.0
0.0
0.0
0.0
0.0
0.0
0.0
0.0
0.0
0.0
0.0
0.0
0.0
0.0
0.0
0.0
0.0
0.0
0.0
0.0
0.0
0.0
0.0
0.0
0.0
0.0
0.0
0.0
0.0
0.0
0.0
0.0
0.0
0.0
0.0
0.0
0.0
0.0
0.0
0.0
0.0
0.0
0.0
0.0
0.0
0.0
0.0
0.0
0.0
0.0
0.0
0.0
0.0
0.0
0.0
0.0
0.0
0.0
0.0
0.0
0.0
0.0
0.0
0.0
0.0
0.0
0.0
0.0
0.0
0.0
0.0
0.0
0.0
0.0
0.0
0.0
0.0
0.0
0.0
0.0
0.0
0.0
0.0
0.0
0.0
0.0
0.0
0.0
0.0
0.0
0.0
0.0
0.0
0.0
0.0
0.0
0.0
0.0
0.0
0.0
0.0
0.0
0.0
0.0
0.0
0.0
0.0
0.0
0.0
0.0
0.0
0.0
0.0
0.0
0.0
0.0
0.0
0.0
0.0
0.0
0.0
0.0
0.0
0.0
0.0
0.0
0.0
0.0
0.0
0.0
0.0
0.0
0.0
0.0
0.0
0.0
0.0
0.0
0.0
0.0
0.0
0.0
0.5
0.0
0.0
0.0
0.0
0.0
0.0
0.0
0.0
0.0
0.0
0.0
0.0
0.0
0.0
0.0
0.0
0.0
0.0
0.0
0.0
0.0
0.0
0.0
0.0
0.0
0.0
0.0
0.0
0.0
0.0
0.0
0.0
0.0
0.0
0.0
0.0
0.0
0.0
0.0
0.0
0.0
0.0
0.0
0.0
0.0
0.0
0.0
0.0
0.0
0.0
0.0
0.0
0.0
0.0
0.0
0.0
0.0
0.0
0.0
0.0
0.0
0.0
0.0
0.0
0.0
0.0
0.0
0.0
0.0
0.0
0.0
0.0
0.0
0.0
0.0
0.0
0.0
0.0
0.0
0.0
0.0
0.0
0.0
0.0
0.0
0.0
0.0
0.0
0.0
0.0
0.0
0.0
0.0
0.0
0.0
0.0
0.0
0.0
0.0
0.0
0.0
0.0
0.0
0.0
0.0
0.0
0.0
0.0
0.0
0.0
0.0
0.0
0.0
0.0
0.0
0.0
0.0
0.0
0.0
0.0
0.0
0.0
0.0
0.0
0.0
0.0
0.0
0.0
0.0
0.0
0.0
0.0
0.0
0.0
0.0
0.0
0.0
0.0
0.0
0.0
0.0
0.0
0.0
0.0
0.0
0.0
0.0
0.0
0.0
0.0
0.0
0.0
0.0
0.0
0.0
0.0
0.0
0.0
0.0
0.0
0.0
0.0
0.0
0.0
0.0
0.0
0.0
0.0
0.0
0.0
0.0
0.0
0.0
0.0
0.0
0.0
0.0
0.0
0.0
0.0
0.0
0.0
0.0
0.0
0.0
0.0
0.0
0.0
0.0
0.0
0.0
0.0
0.0
0.0
0.0
0.0
0.0
0.0
0.0
0.0
0.0
0.0
0.0
0.0
0.0
0.0
0.0
0.0
0.0
0.0
0.0
0.0
0.0
0.0
0.0
0.0
0.0
0.0
0.0
0.0
0.0
0.5
3.25
5.25
3.0
1.5
0.0
0.0
0.0
0.0
0.0
0.0
0.0
0.0
0.0
0.0
0.0
0.0
0.0
0.0
0.0
0.0
0.0
0.0
0.0
0.0
0.0
0.0
0.0
0.0
0.0
0.0
0.0
0.0
0.0
0.0
0.0
0.0
0.0
0.0
0.0
0.0
0.0
0.0
0.0
0.0
0.0
0.0
0.0
0.0
0.0
0.0
0.0
0.0
0.0
0.0
0.0
0.0
0.0
0.0
0.0
0.0
0.0
0.0
0.0
0.0
0.0
0.0
0.0
0.0
0.0
0.0
0.0
0.0
0.0
0.0
0.0
0.0
0.0
0.0
0.0
0.0
0.0
0.0
0.0
0.0
0.0
0.0
0.0
0.0
0.0
0.0
0.0
0.0
0.0
0.0
0.0
0.0
0.0
0.0
0.0
0.0
0.0
0.0
0.0
0.0
0.0
0.0
0.0
0.0
0.0
0.0
0.0
0.0
0.0
0.0
0.0
0.0
0.0
0.0
0.0
0.0
0.0
0.0
0.0
0.0
0.0
0.0
0.0
0.0
0.0
0.0
0.0
0.0
0.0
0.0
0.0
0.0
0.0
0.0
0.0
0.0
0.0
0.0
0.0
0.0
0.0
0.0
0.0
0.0
0.0
0.0
0.0
0.0
0.0
0.0
0.0
0.0
0.0
0.0
0.0
0.0
0.0
0.0
0.0
0.0
0.0
0.0
0.0
0.0
0.0
0.0
0.0
0.0
0.0
0.0
0.0
0.0
0.0
0.0
0.0
0.0
0.0
0.0
0.0
0.0
0.0
0.0
0.0
0.0
0.0
0.0
0.0
0.0
0.0
0.0
0.0
0.0
0.0
0.0
0.0
0.0
0.0
0.0
0.0
0.0
0.0
0.0
0.0
0.0
0.0
0.0
0.0
0.0
0.0
0.0
0.0
0.0
0.0
0.0
0.0
0.0
0.0
0.0
0.0
0.0
0.0
0.0
0.0
0.0
0.0
0.0
0.0
0.0
0.0
0.0
0.0
0.0
0.0
0.0
0.0
0.0
0.0
0.0
0.0
0.0
0.0
0.0
0.0
0.0
0.0
0.0
0.0
0.0
0.0
0.0
0.0
0.0
0.0
0.0
0.0
0.0
0.0
0.0
0.0
0.0
0.0
0.0
0.0
0.0
0.0
0.0
0.0
0.0
0.0
0.0
0.0
0.0
0.0
0.0
0.0
0.0
0.0
0.0
0.0
0.0
0.0
0.0
0.0
0.0
0.0
0.0
0.0
0.0
0.0
0.0
0.0
0.0
0.0
0.0
0.0
0.0
0.0
0.0
0.0
0.0
0.0
0.0
0.0
0.0
0.0
0.0
0.0
0.0
0.0
0.0
0.0
0.0
0.0
0.0
0.0
0.0
0.0
0.0
0.0
0.0
0.0
0.0
0.0
0.0
0.0
0.0
0.0
0.0
0.0
0.0
0.0
0.0
0.0
0.0
0.0
0.0
0.0
0.0
0.0
0.0
0.0
0.0
0.0
0.0
0.0
0.0
0.0
0.0
0.0
0.0
0.0
0.0
0.0
0.0
0.0
0.0
0.0
0.0
0.0
0.0
0.0
0.0
0.0
0.0
0.0
0.0
0.0
0.0
0.0
0.0
0.0
0.0
0.0
0.0
0.0
0.0
0.0
0.0
0.0
0.0
0.0
0.0
0.0
0.0
0.0
0.0
0.0
0.0
0.0
0.0
0.0
0.0
0.0
0.0
0.0
0.0
0.0
0.0
0.0
0.0
0.0
0.0
0.0
0.0
0.0
0.0
0.0
0.0
0.0
0.0
0.0
0.0
0.0
0.0
0.0
0.0
0.0
0.0
0.0
0.0
0.0
0.0
0.0
0.0
0.0
0.0
0.0
0.0
0.0
0.0
0.0
0.0
0.0
0.0
0.0
0.0
0.0
0.0
0.0
0.0
0.0
0.0
0.0
0.0
0.0
0.0
0.0
0.0
0.0
0.0
0.0
0.0
0.0
0.0
0.0
0.0
0.0
0.0
0.0
0.0
0.0
0.0
0.0
0.0
0.0
0.0
0.0
0.0
0.0
0.0
0.0
0.0
0.0
0.0
0.0
0.0
0.0
0.0
0.0
0.0
0.0
0.0
0.0
0.0
0.0
0.0
0.0
0.0
0.0
0.0
0.0
0.0
0.0
0.0
0.0
0.0
0.0
0.0
0.0
0.0
0.0
0.0
0.0
0.0
0.0
0.0
0.0
0.0
0.0
0.0
0.0
0.0
0.0
0.0
0.0
0.0
0.0
0.0
0.0
0.0
0.0
0.0
0.0
0.0
0.0
0.0
0.0
0.0
0.0
0.0
0.0
0.0
0.0
0.0
0.0
0.0
0.0
0.0
0.0
0.0
0.0
0.0
0.0
0.0
0.0
0.0
0.0
0.0
0.0
0.0
0.0
0.0
0.0
0.0
0.0
0.0
0.0
0.0
0.0
0.0
0.0
0.0
0.0
0.0
0.0
0.0
0.0
0.0
0.0
0.0
0.0
0.0
0.0
0.0
0.0
0.0
0.0
0.0
0.0
0.0
0.0
0.0
0.0
0.0
0.0
0.0
0.0
0.0
0.0
0.0
0.0
0.0
0.0
0.0
0.0
0.0
0.0
0.0
0.0
0.0
0.0
0.0
0.0
0.0
0.0
0.0
0.0
0.0
0.0
0.0
0.0
0.0
0.0
0.0
0.0
0.0
0.0
0.0
0.0
0.0
0.0
0.0
0.0
0.0
0.0
0.0
0.0
0.0
0.0
0.0
0.0
0.0
0.0
0.0
0.0
0.0
0.0
0.0
0.0
0.0
0.0
0.0
0.0
0.0
0.0
0.0
0.0
0.0
0.0
0.0
0.0
0.0
0.0
0.0
0.0
0.0
0.0
0.0
0.0
0.0
0.0
0.0
0.0
0.0
0.0
0.5
3.25
3.25
0.0
0.0
0.0
0.0
0.0
0.0
0.0
0.0
0.0
0.0
0.0
0.0
0.0
0.0
0.0
0.0
0.0
0.0
0.0
0.0
0.0
0.0
0.0
0.0
0.0
0.0
0.0
0.0
0.0
0.0
0.0
0.0
0.0
0.0
0.0
0.0
0.0
0.0
0.0
0.0
0.0
0.0
0.0
0.0
0.0
0.0
0.0
0.0
0.0
0.0
0.0
0.0
0.0
0.0
0.0
0.0
0.0
0.0
0.0
0.0
0.0
0.0
0.0
0.0
0.0
0.0
0.0
0.0
0.0
0.0
0.0
0.0
0.0
0.0
0.0
0.0
0.0
0.0
0.0
0.0
0.0
0.0
0.0
0.0
0.0
0.0
0.0
0.0
0.0
0.0
0.0
0.0
0.0
0.0
0.0
0.0
0.0
0.0
0.0
0.0
0.0
0.0
0.0
0.0
0.0
0.0
0.0
0.0
0.0
0.0
0.0
0.0
0.0
0.0
0.0
0.0
0.0
0.0
0.0
0.0
0.0
0.0
0.0
0.0
0.0
0.0
0.0
0.0
0.0
0.0
0.0
0.0
0.0
0.0
0.0
0.0
0.0
0.0
0.0
0.0
0.0
0.0
0.0
0.0
0.0
0.0
0.0
0.0
0.0
0.0
0.0
0.0
0.0
0.0
0.0
0.0
0.0
0.0
0.0
0.0
0.0
0.0
0.0
0.0
0.0
0.0
0.0
0.0
0.0
0.0
0.0
0.0
0.0
0.0
0.0
0.0
0.0
0.0
0.0
0.0
0.0
0.0
0.0
0.0
0.0
0.0
0.0
0.0
0.0
0.0
0.0
0.0
0.0
0.0
0.0
0.0
0.0
0.0
0.0
0.0
0.0
0.0
0.0
0.0
0.0
0.0
0.0
0.0
0.0
0.0
0.0
0.0
0.0
0.0
0.0
0.0
0.0
0.0
0.0
0.0
0.0
0.0
0.0
0.0
0.0
0.0
0.0
0.0
0.0
0.0
0.0
0.0
0.0
0.0
0.0
0.0
0.0
0.0
0.0
0.0
0.0
0.0
0.0
0.0
0.0
0.0
0.0
0.0
0.0
0.0
0.0
0.0
0.0
0.0
0.0
0.0
0.0
0.0
0.0
0.0
0.0
0.0
0.0
0.0
0.0
0.0
0.0
0.0
0.0
0.0
0.0
0.0
0.0
0.0
0.0
0.0
0.0
0.0
0.0
0.0
0.0
0.0
0.0
0.0
0.0
0.0
0.0
0.0
0.0
0.0
0.0
0.0
0.0
0.0
0.0
0.0
0.0
0.0
0.0
0.0
0.0
0.0
0.0
0.0
0.0
0.0
0.0
0.0
0.0
0.0
0.0
0.0
0.0
0.0
0.0
0.0
0.0
0.0
0.0
0.0
0.0
0.0
0.0
0.0
0.0
0.0
0.0
0.0
0.0
0.0
0.0
0.0
0.0
0.0
0.0
0.0
0.0
0.0
0.0
0.0
0.0
0.0
0.0
0.0
0.0
0.0
0.0
0.0
0.0
0.0
0.0
0.0
0.0
0.0
0.0
0.0
0.0
0.0
0.0
0.0
0.0
0.0
0.0
0.0
0.0
0.0
0.0
0.0
0.0
0.0
0.0
0.0
0.0
0.0
0.0
0.0
0.0
0.0
0.0
0.0
0.0
0.0
0.0
0.0
0.0
0.0
0.0
0.0
0.0
0.0
0.0
0.0
0.0
0.0
0.0
0.0
0.0
0.0
0.0
0.0
0.0
0.0
0.0
0.0
0.0
0.0
0.0
0.0
0.0
0.0
0.0
0.0
0.0
0.0
0.0
0.0
0.0
0.0
0.0
0.0
0.0
0.0
0.0
0.0
0.0
0.0
0.0
0.0
0.0
0.0
0.0
0.0
0.0
0.0
0.0
0.0
0.0
0.0
0.0
0.0
0.0
0.0
0.0
0.0
0.0
0.0
0.0
0.0
0.0
0.0
0.0
0.0
0.0
0.0
0.0
0.0
0.0
0.0
0.0
0.0
0.0
0.0
0.0
0.0
0.0
0.0
0.0
0.0
0.0
0.0
0.0
0.25
0.25
0.0
0.0
0.0
0.0
0.0
0.0
0.0
0.0
0.0
0.0
0.0
0.0
0.0
0.0
0.0
0.0
0.0
0.0
0.0
0.0
0.0
0.0
0.0
0.0
0.0
0.0
0.0
0.0
0.0
0.0
0.0
0.0
0.0
0.0
0.0
0.0
0.0
0.0
0.0
0.0
0.0
0.0
0.0
0.0
0.0
0.0
0.0
0.0
0.0
0.0
0.0
0.0
0.0
0.0
0.0
0.0
0.0
0.0
0.0
0.0
0.0
0.0
0.0
0.0
0.0
0.0
0.0
0.0
0.0
0.0
0.0
0.0
0.0
0.0
0.0
0.0
0.0
0.0
0.0
0.0
0.0
0.0
0.0
0.0
0.0
0.0
0.0
0.0
0.0
0.0
0.0
0.0
0.0
0.0
0.0
0.0
0.0
0.0
0.0
0.0
0.0
0.0
0.0
0.0
0.0
0.0
1.0
3.5
3.0
1.5
0.25
0.0
0.0
0.0
0.0
0.0
0.0
0.0
0.0
0.0
0.0
0.0
0.0
0.0
0.0
0.0
0.0
0.0
0.0
0.0
0.0
0.0
0.0
0.0
0.0
0.0
0.0
0.0
0.0
0.0
0.0
0.0
0.0
0.0
0.0
0.0
0.0
0.0
0.0
0.0
0.0
0.0
0.0
0.0
0.0
0.0
0.0
0.0
0.0
0.0
0.0
0.0
0.0
0.0
0.0
0.0
0.0
0.0
0.0
0.0
0.0
0.0
0.0
0.0
0.0
0.0
0.0
0.0
0.0
0.0
0.0
0.0
0.0
0.0
0.0
0.0
0.0
0.0
0.0
0.0
0.0
0.0
0.0
0.0
0.0
0.0
0.0
0.0
0.0
0.0
0.0
0.0
0.0
0.0
0.0
0.0
0.0
0.0
0.0
0.0
0.0
0.0
0.0
0.0
0.0
0.0
0.0
0.0
0.0
0.0
0.0
0.0
0.0
0.0
0.0
0.0
0.0
0.0
0.0
0.0
0.0
0.0
0.0
0.0
0.0
0.0
0.0
0.0
0.0
0.0
0.0
0.0
0.25
0.0
0.0
0.0
0.0
0.0
0.0
0.0
0.0
0.0
0.0
0.0
0.0
0.0
0.0
0.0
0.0
0.0
0.0
0.0
0.0
0.0
0.0
0.0
0.0
0.0
0.0
0.0
0.0
0.0
0.0
0.0
0.0
0.0
0.0
0.0
0.0
0.0
0.0
0.0
0.0
0.0
0.0
0.0
0.0
0.0
0.0
0.0
0.0
0.0
0.0
0.0
0.0
0.0
0.0
0.0
0.0
0.0
0.0
0.0
0.0
0.75
0.0
0.0
0.0
0.0
0.0
0.0
0.0
0.0
0.0
0.0
0.0
0.0
0.0
0.0
0.0
0.0
0.0
0.0
0.0
0.0
0.0
0.0
0.0
0.0
0.0
0.0
0.0
0.0
0.0
0.0
0.0
0.0
0.0
0.0
0.0
0.0
0.0
0.0
0.0
0.0
0.0
0.0
0.0
0.0
0.0
0.0
0.0
0.0
0.0
0.0
0.0
0.0
0.0
0.0
0.0
0.0
0.0
0.0
0.0
0.0
0.0
0.0
0.0
0.0
0.0
0.0
0.0
0.0
0.0
0.0
0.0
0.0
0.0
0.0
0.0

Average_Alpha:
0.260000001
0.26000000500000015
0.2600000090000002
0.26000001300000036
0.2600000170000004
0.26000002100000064
0.26000002500000063
0.26000002900000085
0.26000003300000085
0.260000037000001
0.260000041000001
0.26000004500000123
0.26000004900000123
0.26000005300000145
0.26000005700000145
0.26000006100000167
0.2600000650000018
0.2600000690000019
0.260000073000002
0.2600000770000021
0.26000008100000216
0.2600000850000023
0.2600000890000024
0.26000009300000254
0.2600000970000026
0.26000010100000276
0.2600001050000028
0.26000010900000303
0.26000011300000303
0.26000011700000325
0.2600001210000032
0.2600001250000034
0.2600001290000034
0.26000013300000363
0.26000013700000363
0.26000014100000385
0.26000014500000385
0.26000014900000407
0.2600001530000042
0.2600001570000043
0.2600001610000044
0.26000016500000445
0.26000016900000456
0.2600001730000047
0.2600001770000048
0.26000018100000494
0.260000185000005
0.26000018900000516
0.2600001930000052
0.2600001970000054
0.2600002010000054
0.2600002050000056
0.2600002090000056
0.2600002130000058
0.26000021700000586
0.260000221000006
0.2600002250000061
0.26000022900000624
0.2600002330000063
0.2600002370000065
0.2600002410000065
0.26000024500000674
0.2600002490000067
0.2600002530000069
0.26000025700000695
0.2600002610000071
0.26000026500000717
0.26000026900000733
0.2600002730000074
0.2600002770000076
0.2600002810000076
0.2600002850000078
0.2600002890000078
0.260000293000008
0.260000297000008
0.2600003010000082
0.2600003050000082
0.2600003090000084
0.2600003130000084
0.26000031700000864
0.26000032100000875
0.26000032500000886
0.26000032900000897
0.2600003330000091
0.26000033700000913
0.2600003410000093
0.26000034500000935
0.2600003490000095
0.26000035300000957
0.26000035700000973
0.2600003610000098
0.26000036500001
0.26000036900001
0.2600003730000102
0.26000037700001016
0.2600003810000104
0.2600003850000104
0.2600003890000106
0.2600003930000106
0.2600003970000108
0.2600004010000108
0.26000040500001104
0.26000040900001115
0.26000041300001125
0.26000041700001136
0.2600004210000114
0.2600004250000115
0.2600004290000117
0.26000043300001174
0.2600004370000119
0.26000044100001196
0.2600004450000121
0.2600004490000122
0.26000045300001234
0.2600004570000124
0.26000046100001256
0.26000046500001256
0.2600004690000128
0.26000047300001283
0.260000477000013
0.2600004800000131
0.26000048400001324
0.26000048800001324
0.26000049200001346
0.26000049600001346
0.2600005000000137
0.2600005040000137
0.2600005080000139
0.2600005120000139
0.2600005160000141
0.26000052000001417
0.26000052400001433
0.26000052800001433
0.2600005320000145
0.26000053600001455
0.26000054000001477
0.26000054400001477
0.260000548000015
0.260000552000015
0.2600005560000152
0.2600005600000152
0.2600005640000154
0.26000056800001536
0.2600005720000156
0.26000057600001564
0.2600005800000158
0.2600005840000159
0.260000588000016
0.26000059200001613
0.26000059600001624
0.26000060000001635
0.2600006040000165
0.26000060800001656
0.26000061200001673
0.2600006160000167
0.26000062000001695
0.26000062400001694
0.26000062800001716
0.26000063200001716
0.2600006360000174
0.2600006400000174
0.2600006440000176
0.2600006480000176
0.2600006520000178
0.26000065600001776
0.260000660000018
0.2600006640000181
0.2600006680000182
0.2600006720000183
0.2600006760000184
0.2600006800000185
0.2600006840000187
0.26000068800001874
0.2600006920000189
0.26000069600001896
0.26000070000001907
0.2600007040000191
0.2600007080000193
0.26000071200001934
0.2600007160000195
0.26000072000001956
0.2600007240000198
0.26000072800001983
0.26000073200002
0.26000073600002005
0.2600007400000202
0.2600007440000202
0.26000074800002043
0.26000075200002043
0.26000075600002065
0.26000076000002065
0.26000076400002087
0.26000076800002087
0.2600007720000211
0.26000077600002114
0.2600007800000213
0.2600007840000213
0.26000078800002147
0.2600007920000215
0.26000079600002174
0.26000080000002174
0.26000080400002196
0.26000080800002195
0.2600008120000222
0.2600008160000222
0.2600008200000224
0.26000082400002233
0.26000082800002255
0.2600008320000226
0.2600008360000228
0.2600008400000229
0.260000844000023
0.2600008480000231
0.2600008520000232
0.2600008560000233
0.2600008600000235
0.26000086400002353
0.2600008680000237
0.2600008720000237
0.2600008760000239
0.2600008800000239
0.26000088400002414
0.26000088800002413
0.26000089200002435
0.26000089600002435
0.26000090000002457
0.26000090400002457
0.2600009080000248
0.26000091200002473
0.26000091600002495
0.26000092000002506
0.26000092400002517
0.2600009280000253
0.2600009320000254
0.2600009360000255
0.26000094000002566
0.2600009440000257
0.2600009480000259
0.26000095200002593
0.26000095600002604
0.2600009600000261
0.26000096400002626
0.2600009680000263
0.2600009720000265
0.26000097600002653
0.26000098000002675
0.2600009840000268
0.26000098800002697
0.260000992000027
0.2600009960000272
0.2600010000000272
0.2600010040000274
0.2600010080000274
0.2600010120000276
0.2600010160000276
0.26000102000002784
0.26000102400002784
0.26000102800002806
0.2600010320000281
0.2600010360000283
0.26000104000002827
0.26000104400002844
0.2600010480000285
0.2600010520000287
0.2600010560000287
0.2600010600000289
0.2600010640000289
0.26000106800002915
0.26000107200002914
0.26000107600002936
0.2600010800000293
0.2600010840000295
0.2600010880000296
0.26000109200002974
0.26000109600002985
0.26000110000002996
0.26000110400003007
0.2600011080000302
0.2600011120000303
0.26000111600003045
0.2600011200000305
0.26000112400003067
0.26000112800003067
0.2600011320000309
0.2600011360000309
0.2600011400000311
0.2600011440000311
0.2600011480000313
0.2600011520000313
0.26000115600003154
0.26000116000003154
0.26000116400003176
0.2600011680000317
0.2600011720000319
0.26000117600003203
0.26000118000003214
0.26000118400003225
0.26000118800003236
0.26000119200003247
0.26000119600003263
0.2600012000000327
0.26000120400003285
0.2600012080000329
0.260001212000033
0.26000121600003306
0.26000122000003323
0.2600012240000333
0.26000122800003345
0.2600012320000335
0.2600012360000337
0.2600012400000338
0.26000124400003394
0.260001248000034
0.26000125200003416
0.26000125600003415
0.2600012600000344
0.26000126400003437
0.2600012680000346
0.2600012720000346
0.2600012760000348
0.2600012800000348
0.260001284000035
0.2600012880000351
0.26000129200003524
0.26000129600003524
0.2600013000000354
0.26000130400003546
0.2600013080000357
0.2600013120000357
0.2600013160000359
0.2600013200000359
0.2600013240000361
0.2600013280000361
0.26000133200003633
0.2600013360000363
0.2600013400000365
0.26000134400003655
0.2600013480000367
0.2600013520000368
0.26000135600003693
0.26000136000003704
0.26000136400003715
0.26000136800003726
0.2600013720000374
0.2600013760000375
0.26000138000003764
0.26000138400003764
0.26000138800003786
0.26000139200003786
0.2600013960000381
0.2600014000000381
0.2600014040000383
0.2600014080000383
0.2600014120000385
0.2600014160000385
0.26000142000003873
0.2600014240000387
0.2600014280000389
0.260001432000039
0.2600014360000391
0.2600014400000392
0.26000144400003933
0.26000144800003944
0.2600014520000396
0.26000145600003965
0.2600014600000398
0.2600014640000399
0.26000146800004
0.26000147200004003
0.2600014760000402
0.26000148000004025
0.2600014840000404
0.26000148800004047
0.2600014920000407
0.26000149600004074
0.2600015000000409
0.26000150400004096
0.2600015080000411
0.2600015120000411
0.26000151600004134
0.26000152000004134
0.26000152400004156
0.26000152800004156
0.2600015320000418
0.2600015360000418
0.260001540000042
0.26000154400004205
0.2600015480000422
0.2600015520000422
0.2600015560000424
0.26000156000004243
0.26000156400004265
0.26000156800004265
0.26000157200004287
0.26000157600004287
0.2600015800000431
0.2600015840000431
0.2600015880000433
0.26000159200004325
0.26000159600004347
0.2600016000000435
0.2600016040000437
0.2600016080000438
0.2600016120000439
0.260001616000044
0.2600016200000441
0.26000162400004423
0.2600016280000444
0.26000163200004445
0.2600016360000446
0.2600016400000446
0.26000164400004483
0.2600016480000448
0.26000165200004505
0.26000165600004504
0.26000166000004526
0.26000166400004526
0.2600016680000455
0.2600016720000455
0.2600016760000457
0.26000168000004564
0.26000168400004586
0.26000168800004597
0.2600016920000461
0.2600016960000462
0.2600017000000463
0.2600017040000464
0.26000170800004657
0.2600017120000466
0.2600017160000468
0.26000172000004684
0.26000172400004695
0.260001728000047
0.26000173200004717
0.2600017360000472
0.2600017400000474
0.26000174400004744
0.26000174800004766
0.2600017520000477
0.2600017560000479
0.26000176000004793
0.2600017640000481
0.2600017680000481
0.2600017720000483
0.2600017760000483
0.26000177900004856
0.26000178300004856
0.2600017870000487
0.2600017910000487
0.26000179500004894
0.260001799000049
0.26000180300004916
0.2600018070000492
0.2600018110000494
0.26000181500004943
0.2600018190000496
0.26000182300004965
0.26000182700004987
0.2600018310000498
0.26000183500005003
0.26000183900005003
0.26000184300005025
0.26000184700005025
0.26000185100005047
0.2600018550000505
0.2600018590000507
0.2600018630000508
0.2600018670000509
0.260001871000051
0.26000187500005106
0.2600018790000512
0.2600018830000513
0.2600018870000514
0.26000189100005155
0.2600018950000516
0.26000189900005183
0.2600019030000518
0.26000190700005205
0.26000191100005204
0.2600019150000522
0.2600019190000522
0.2600019230000524
0.2600019270000524
0.26000193100005264
0.26000193500005264
0.26000193900005286
0.26000194300005297
0.2600019470000531
0.2600019510000532
0.2600019550000533
0.26000195900005335
0.2600019630000535
0.26000196700005357
0.26000197100005373
0.2600019750000538
0.26000197900005395
0.260001983000054
0.26000198700005417
0.2600019910000542
0.2600019950000544
0.2600019990000544
0.2600020030000546
0.26000200700005466
0.2600020110000548
0.2600020150000549
0.26000201800005507
0.26000202200005507
0.26000202600005523
0.2600020300000553
0.26000203400005545
0.2600020380000555
0.26000204200005567
0.2600020460000557
0.2600020500000559
0.260002054000056
0.2600020580000561
0.2600020620000562
0.2600020660000563
0.2600020700000564
0.26000207400005654
0.2600020780000566
0.2600020820000568
0.2600020860000568
0.26000209000005703
0.260002094000057
0.26000209800005725
0.26000210200005724
0.26000210600005746
0.26000211000005746
0.2600021140000576
0.26000211800005774
0.26000212200005784
0.26000212600005795
0.26000213000005806
0.26000213400005817
0.2600021380000583
0.2600021420000584
0.2600021460000585
0.26000215000005855
0.26000215400005877
0.26000215800005877
0.260002162000059
0.260002166000059
0.2600021700000592
0.2600021740000592
0.2600021780000594
0.2600021820000594
0.26000218600005964
0.26000219000005964
0.2600021940000598
0.2600021980000599
0.26000220200006
0.26000220600006013
0.26000221000006024
0.26000221400006035
0.2600022180000605
0.26000222200006057
0.26000222600006073
0.2600022300000608
0.26000223400006095
0.26000223800006095
0.2600022420000611
0.26000224600006117
0.26000225000006133
0.2600022540000614
0.26000225800006155
0.26000226200006166
0.26000226600006177
0.2600022700000619
0.26000227400006204
0.26000227800006204
0.2600022820000622
0.26000228600006225
0.2600022900000624
0.2600022940000625
0.26000229800006264
0.2600023020000627
0.26000230600006285
0.26000231000006296
0.2600023140000631
0.2600023180000632
0.2600023220000633
0.26000232600006334
0.2600023300000635
0.26000233400006356
0.2600023380000638
0.2600023420000638
0.260002346000064
0.260002350000064
0.2600023540000642
0.2600023580000642
0.26000236200006444
0.26000236600006443
0.2600023700000646
0.2600023740000647
0.2600023780000648
0.2600023820000649
0.26000238600006503
0.26000239000006514
0.26000239400006525
0.26000239800006536
0.26000240200006547
0.2600024060000655
0.26000241000006574
0.26000241400006574
0.26000241800006596
0.26000242200006596
0.2600024260000662
0.2600024300000662
0.2600024340000664
0.2600024380000664
0.2600024420000666
0.2600024460000666
0.2600024500000668
0.2600024540000669
0.260002458000067
0.2600024620000671
0.2600024660000672
0.2600024700000673
0.2600024740000675
0.26000247800006754
0.2600024820000677
0.26000248600006776
0.2600024900000679
0.2600024940000679
0.2600024980000681
0.26000250200006814
0.2600025060000683
0.26000251000006835
0.2600025140000685
0.2600025180000686
0.26000252200006874
0.26000252600006885
0.260002530000069
0.260002534000069
0.26000253800006917
0.2600025420000692
0.2600025460000694
0.26000255000006944
0.2600025540000696
0.26000255800006966
0.2600025620000698
0.26000256600006993
0.26000257000007004
0.26000257400007015
0.26000257800007026
0.2600025820000703
0.2600025860000705
0.26000259000007053
0.26000259400007075
0.26000259800007075
0.26000260200007097
0.26000260600007097
0.2600026100000712
0.2600026140000712
0.2600026180000714
0.2600026220000714
0.26000262600007157
0.2600026300000717
0.2600026340000718
0.2600026380000719
0.260002642000072
0.2600026460000721
0.2600026500000722
0.26000265400007233
0.26000265800007244
0.2600026620000725
0.2600026660000727
0.2600026700000727
0.26000267400007293
0.26000267800007293
0.26000268200007315
0.26000268600007315
0.26000269000007337
0.26000269400007336
0.2600026980000736
0.2600027020000736
0.26000270600007375
0.26000271000007386
0.26000271400007396
0.2600027180000741
0.2600027220000742
0.2600027260000743
0.26000273000007446
0.2600027340000745
0.2600027380000747
0.2600027420000747
0.2600027460000749
0.2600027500000749
0.26000275400007505
0.2600027580000751
0.26000276200007527
0.2600027660000753
0.2600027700000755
0.2600027740000756
0.2600027780000757
0.2600027820000758
0.260002786000076
0.260002790000076
0.26000279400007614
0.2600027980000762
0.26000280200007636
0.2600028060000764
0.2600028100000766
0.26000281400007663
0.2600028180000768
0.2600028220000769
0.260002826000077
0.2600028300000771
0.26000283400007723
0.2600028380000773
0.26000284200007745
0.2600028460000775
0.2600028500000777
0.2600028540000777
0.26000285800007794
0.26000286200007794
0.26000286600007816
0.26000287000007816
0.2600028740000784
0.2600028780000784
0.26000288200007854
0.26000288600007865
0.26000289000007876
0.26000289400007887
0.260002898000079
0.2600029020000791
0.2600029060000792
0.2600029100000793
0.2600029140000794
0.26000291800007946
0.2600029220000797
0.2600029260000797
0.2600029300000799
0.2600029340000799
0.2600029380000801
0.2600029420000801
0.26000294600008034
0.26000295000008034
0.26000295400008056
0.26000295800008055
0.2600029620000807
0.2600029660000808
0.26000297000008094
0.26000297400008104
0.26000297800008115
0.26000298200008126
0.2600029860000814
0.2600029900000815
0.26000299400008164
0.2600029980000817
0.26000300200008186
0.26000300600008186
0.260003008000082
0.2600030120000821
0.26000301600008224
0.2600030200000823
0.26000302400008246
0.26000302800008257
0.2600030320000827
0.2600030360000828
0.2600030400000829
0.260003044000083
0.2600030480000831
0.26000305200008317
0.26000305600008333
0.2600030600000834
0.26000306400008355
0.2600030680000836
0.26000307200008377
0.2600030760000839
0.260003080000084
0.2600030840000841
0.26000308800008426
0.26000309200008426
0.2600030960000844
0.2600031000000845
0.26000310400008464
0.2600031080000847
0.2600031120000849
0.2600031160000849
0.26000312000008513
0.26000312400008513
0.26000312800008535
0.26000313200008535
0.2600031360000855
0.2600031400000856
0.26000314400008573
0.26000314800008584
0.26000315200008595
0.26000315600008606
0.26000316000008616
0.2600031640000863
0.2600031680000864
0.2600031720000865
0.2600031760000866
0.26000318000008665
0.2600031840000868
0.26000318800008687
0.2600031920000871
0.2600031960000871
0.2600032000000873
0.2600032040000873
0.2600032080000875
0.2600032120000875
0.26000321600008774
0.2600032200000878
0.2600032240000879
0.260003228000088
0.2600032320000881
0.26000323600008823
0.26000324000008834
0.26000324400008845
0.26000324800008856
0.26000325200008867
0.26000325600008883
0.26000326000008883
0.260003264000089
0.26000326800008905
0.2600032720000892
0.26000327600008927
0.26000328000008943
0.26000328400008954
0.26000328800008965
0.26000329200008976
0.26000329600008987
0.26000330000009
0.2600033040000901
0.26000330800009014
0.2600033120000903
0.26000331600009036
0.2600033200000905
0.2600033240000906
0.26000332800009074
0.26000333200009085
0.26000333600009096
0.26000334000009107
0.26000334400009123
0.26000334800009123
0.2600033520000914
0.26000335600009145
0.2600033600000916
0.26000336400009166
0.2600033680000919
0.2600033720000919
0.2600033760000921
0.2600033800000921
0.2600033840000923
0.2600033880000923
0.2600033920000925
0.2600033960000926
0.2600034000000927
0.2600034040000928
0.2600034080000929
0.260003412000093
0.26000341600009313
0.26000342000009324
0.26000342400009335
0.26000342800009346
0.26000343200009357
0.2600034360000936
0.2600034400000938
0.26000344400009384
0.26000344800009406
0.26000345200009406
0.2600034560000943
0.2600034600000943
0.2600034640000945
0.2600034680000945
0.2600034720000947
0.26000347600009477
0.2600034800000949
0.260003484000095
0.2600034880000951
0.2600034920000952
0.2600034960000953
0.2600035000000954
0.26000350400009553
0.26000350800009564
0.2600035120000958
0.2600035160000958
0.26000352000009597
0.260003524000096
0.2600035280000962
0.26000353200009624
0.2600035360000964
0.2600035400000965
0.2600035440000966
0.26000354800009673
0.26000355200009684
0.26000355600009695
0.26000356000009706
0.2600035640000971
0.2600035680000973
0.2600035720000973
0.2600035760000975
0.26000358000009754
0.2600035840000977
0.2600035880000978
0.2600035920000979
0.26000359600009804
0.2600036000000982
0.2600036040000982
0.26000360800009836
0.2600036120000984
0.2600036160000986
0.26000362000009863
0.26000362400009885
0.26000362800009885
0.26000363200009907
0.26000363600009907
0.2600036400000993
0.2600036440000993
0.26000364800009945
0.26000365200009956
0.26000365600009967
0.2600036600000998
0.2600036640000999
0.2600036680001
0.2600036720001001
0.2600036760001002
0.2600036800001003
0.26000368400010043
0.26000368800010054
0.2600036920001006
0.26000369600010076
0.2600037000001008
0.26000370400010103
0.26000370800010103
0.26000371200010125
0.26000371600010125
0.26000372000010147
0.26000372400010147
0.2600037280001017
0.26000373200010174
0.26000373600010185
0.26000374000010196
0.26000374400010207
0.2600037480001022
0.2600037520001023
0.2600037560001024
0.2600037600001025
0.2600037640001026
0.2600037680001028
0.2600037720001028
0.26000377600010294
0.260003780000103
0.26000378400010316
0.2600037880001032
0.2600037920001034
0.2600037960001035
0.2600038000001036
0.2600038040001037
0.2600038080001038
0.2600038120001039
0.260003816000104
0.2600038200001041
0.26000382400010424
0.2600038280001043
0.26000383200010446
0.2600038360001045
0.2600038400001047
0.2600038440001048
0.2600038480001049
0.260003852000105
0.26000385600010517
0.26000386000010517
0.26000386400010533
0.2600038680001054
0.26000387200010555
0.2600038760001056
0.2600038800001058
0.2600038840001058
0.26000388800010604
0.26000389200010604
0.26000389400010626
0.26000388500010624
0.26000386800010644
0.2600038600001065
0.26000385800010667
0.26000386200010667
0.2600038660001069
0.2600038700001069
0.2600038740001071
0.2600038780001072
0.2600038820001073
0.2600038860001074
0.2600038900001075
0.2600038940001076
0.2600038980001077
0.2600039020001078
0.26000390600010803
0.26000391000010803
0.26000391400010825
0.26000391800010825
0.26000392200010847
0.2600039260001084
0.26000393000010863
0.2600039340001086
0.26000393800010885
0.2600039420001089
0.26000394600010907
0.2600039500001091
0.2600039540001093
0.2600039580001094
0.2600039620001095
0.2600039660001096
0.2600039700001097
0.26000397400010977
0.26000397800010994
0.26000398200011
0.26000398600011015
0.2600039900001102
0.26000399400011037
0.2600039980001104
0.2600040020001106
0.2600040060001107
0.2600040100001108
0.26000401400011086
0.260004018000111
0.2600040220001111
0.26000402600011124
0.2600040300001113
0.26000403400011146
0.2600040380001115
0.2600040420001117
0.26000404600011173
0.2600040500001119
0.2600040540001119
0.26000405800011206
0.2600040620001121
0.2600040660001123
0.2600040700001124
0.26000407400011255
0.2600040780001126
0.2600040820001128
0.2600040860001128
0.26000409000011304
0.26000409400011304
0.2600040980001132
0.2600041020001132
0.2600041060001134
0.2600041100001134
0.26000411400011364
0.26000411800011364
0.26000412200011386
0.26000412600011386
0.2600041300001141
0.2600041340001142
0.2600041380001143
0.26000414200011435
0.26000414600011446
0.26000415000011456
0.2600041540001147
0.2600041580001148
0.260004162000115
0.260004166000115
0.2600041700001152
0.2600041740001152
0.26000417800011544
0.2600041820001154
0.2600041860001156
0.2600041900001156
0.2600041940001158
0.26000419800011587
0.26000420200011604
0.2600042060001161
0.26000421000011625
0.26000421400011636
0.26000421800011647
0.2600042220001166
0.2600042260001167
0.26000423000011674
0.2600042340001169
0.26000423800011696
0.2600042420001171
0.2600042460001172
0.26000425000011734
0.2600042540001174
0.26000425800011756
0.26000426200011767
0.2600042660001178
0.26000427000011783
0.260004274000118
0.26000427800011805
0.2600042820001182
0.26000428600011827
0.26000429000011843
0.2600042940001185
0.26000429800011865
0.2600043020001187
0.26000430600011887
0.26000431000011887
0.26000431400011903
0.2600043180001191
0.26000432200011925
0.26000432600011936
0.2600043300001195
0.2600043340001196
0.2600043380001198
0.2600043420001198
0.26000434600012
0.26000435000012
0.2600043540001202
0.2600043580001202
0.2600043620001204
0.2600043660001204
0.2600043700001206
0.2600043740001206
0.26000437800012083
0.2600043820001208
0.26000438600012105
0.26000439000012115
0.26000439400012126
0.2600043980001213
0.2600044020001214
0.26000440600012154
0.26000441000012164
0.26000441400012175
0.260004418000122
0.26000442200012197
0.2600044260001222
0.2600044300001222
0.2600044340001224
0.26000443800012235
0.26000444200012257
0.26000444600012257
0.2600044500001228
0.26000445400012284
0.260004458000123
0.26000446200012306
0.2600044660001232
0.26000447000012333
0.26000447400012344
0.26000447800012355
0.26000448200012366
0.2600044860001237
0.2600044900001239
0.26000449400012393
0.2600044980001241
0.26000450200012415
0.2600045060001243
0.26000451000012437
0.26000451400012453
0.26000451800012464
0.26000452200012475
0.2600045260001248
0.26000453000012497
0.260004534000125
0.2600045380001252
0.26000454200012524
0.2600045460001254
0.26000455000012546
0.2600045540001256
0.2600045580001257
0.26000456200012584
0.26000456600012584
0.260004570000126
0.26000457400012605
0.2600045780001262
0.2600045820001263
0.2600045860001265
0.26000459000012655
0.26000459400012677
0.26000459800012676
0.260004602000127
0.260004606000127
0.26000461000012715
0.26000461400012714
0.26000461800012736
0.26000462200012736
0.2600046260001276
0.2600046300001276
0.2600046340001278
0.2600046380001278
0.260004642000128
0.2600046460001281
0.26000465000012823
0.2600046540001283
0.2600046580001284
0.2600046620001285
0.2600046660001286
0.2600046700001287
0.26000467400012894
0.26000467800012894
0.26000468200012916
0.26000468600012916
0.2600046900001294
0.2600046940001293
0.26000469800012954
0.26000470200012954
0.26000470600012976
0.2600047100001298
0.26000471400013
0.26000471800013003
0.2600047220001302
0.2600047260001303
0.2600047300001304
0.2600047340001305
0.26000473800013063
0.2600047420001307
0.26000474600013085
0.2600047500001309
0.26000475400013107
0.2600047580001311
0.2600047620001313
0.26000476600013134
0.2600047700001315
0.2600047740001316
0.2600047780001317
0.2600047820001318
0.26000478600013194
0.260004790000132
0.26000479400013216
0.2600047980001322
0.2600048020001324
0.2600048060001324
0.2600048100001326
0.26000481400013264
0.2600048180001328
0.2600048220001328
0.26000482600013297
0.260004830000133
0.2600048340001332
0.2600048380001333
0.26000484200013346
0.2600048460001335
0.26000485000013374
0.26000485400013373
0.26000485800013395
0.26000486200013395
0.2600048660001341
0.2600048700001341
0.26000487400013433
0.26000487800013433
0.26000488200013455
0.26000488600013455
0.26000489000013477
0.26000489400013477
0.260004898000135
0.2600049020001351
0.2600049060001352
0.26000491000013526
0.26000491400013537
0.2600049180001355
0.2600049220001356
0.2600049260001357
0.2600049300001359
0.2600049340001359
0.26000493800013613
0.26000494200013613
0.26000494600013635
0.2600049500001363
0.2600049540001365
0.2600049580001365
0.26000496200013673
0.2600049660001368
0.26000497000013695
0.260004974000137
0.26000497800013717
0.2600049820001373
0.2600049860001374
0.2600049900001375
0.2600049940001376
0.26000499800013765
0.2600050020001378
0.2600050060001379
0.26000501000013804
0.2600050140001381
0.26000501800013825
0.2600050220001383
0.2600050260001385
0.2600050300001386
0.2600050340001387
0.26000503800013874
0.2600050420001389
0.26000504600013896
0.2600050500001391
0.2600050540001392
0.26000505800013934
0.2600050620001394
0.26000506600013956
0.2600050700001396
0.2600050740001398
0.2600050780001398
0.26000508200013994
0.26000508600014
0.26000509000014016
0.26000509400014027
0.26000509800014043
0.2600051020001405
0.2600051060001407
0.2600051100001407
0.2600051140001409
0.2600051180001409
0.2600051220001411
0.2600051260001411
0.2600051300001413
0.2600051340001413
0.2600051380001415
0.2600051420001415
0.26000514600014174
0.26000515000014174
0.26000515400014196
0.26000515800014207
0.2600051620001422
0.26000516600014223
0.26000517000014234
0.26000517400014245
0.26000517800014256
0.26000518200014267
0.2600051860001429
0.2600051900001429
0.2600051940001431
0.2600051980001431
0.2600052020001433
0.26000520600014326
0.2600052100001435
0.2600052140001435
0.2600052180001437
0.26000522200014375
0.2600052260001439
0.26000523000014397
0.26000523400014414
0.26000523800014425
0.26000524200014435
0.26000524600014446
0.26000525000014457
0.2600052540001446
0.2600052580001448
0.26000526200014484
0.260005266000145
0.26000527000014506
0.2600052740001452
0.2600052780001453
0.26000528200014544
0.26000528600014555
0.26000529000014566
0.2600052940001457
0.2600052980001459
0.26000530200014593
0.2600053060001461
0.26000531000014615
0.2600053140001463
0.26000531800014637
0.26000532200014653
0.2600053260001466
0.26000533000014675
0.26000533400014675
0.2600053380001469
0.26000534200014697
0.26000534600014713
0.26000535000014724
0.2600053540001474
0.26000535800014746
0.2600053620001477
0.2600053660001477
0.2600053700001479
0.2600053740001479
0.26000537800014806
0.26000538200014806
0.2600053860001483
0.2600053900001483
0.2600053940001485
0.2600053980001485
0.2600054020001487
0.2600054060001487
0.26000541000014893
0.26000541400014904
0.26000541800014915
0.2600054220001492
0.2600054260001493
0.2600054300001494
0.2600054340001495
0.26000543800014964
0.26000544200014986
0.26000544600014985
0.2600054500001501
0.26000545400015007
0.2600054580001503
0.26000546200015023
0.26000546600015045
0.26000547000015045
0.26000547400015067
0.2600054780001507
0.2600054820001509
0.26000548600015094
0.2600054900001511
0.2600054940001512
0.2600054980001513
0.26000550200015143
0.26000550600015154
0.2600055100001516
0.26000551400015176
0.2600055180001518
0.260005522000152
0.26000552600015203
0.2600055300001522
0.26000553400015225
0.2600055380001524
0.2600055420001525
0.26000554600015263
0.2600055500001527
0.26000555400015285
0.2600055580001529
0.26000556200015307
0.2600055660001531
0.2600055700001533
0.26000557400015334
0.2600055780001535
0.26000558200015356
0.2600055860001537
0.2600055900001537
0.2600055940001539
0.26000559800015394
0.2600056020001541
0.2600056060001542
0.2600056100001544
0.26000561400015443
0.26000561800015465
0.26000562200015465
0.26000562600015487
0.26000563000015486
0.26000563400015503
0.260005638000155
0.26000564200015525
0.26000564600015524
0.26000565000015546
0.26000565400015546
0.2600056580001557
0.2600056620001557
0.2600056660001559
0.260005670000156
0.2600056740001561
0.26000567800015617
0.2600056820001563
0.2600056860001564
0.2600056900001565
0.2600056940001566
0.2600056980001568
0.2600057020001568
0.26000570600015704
0.26000571000015704
0.26000571400015726
0.2600057180001572
0.2600057220001574
0.2600057260001574
0.26000573000015764
0.2600057340001577
0.26000573800015786
0.2600057420001579
0.2600057460001581
0.2600057500001582
0.2600057540001583
0.2600057580001584
0.2600057620001585
0.26000576600015857
0.26000577000015873
0.2600057740001588
0.26000577800015895
0.260005782000159
0.26000578600015917
0.2600057900001592
0.2600057940001594
0.2600057980001595
0.2600058020001596
0.26000580600015966
0.2600058100001598
0.2600058140001599
0.26000581800016004
0.2600058220001601
0.26000582600016026
0.2600058300001603
0.2600058340001605
0.2600058380001605
0.2600058420001607
0.2600058460001607
0.26000585000016085
0.2600058540001609
0.26000585800016107
0.2600058620001612
0.26000586600016135
0.2600058700001614
0.2600058740001616
0.2600058780001616
0.26000588200016184
0.26000588600016183
0.260005890000162
0.260005894000162
0.2600058980001622
0.2600059020001622
0.26000590600016243
0.26000591000016243
0.26000591400016265
0.26000591800016265
0.26000592200016287
0.260005926000163
0.2600059300001631
0.26000593400016314
0.26000593800016325
0.26000594200016336
0.26000594600016347
0.2600059500001636
0.2600059540001638
0.2600059580001638
0.260005962000164
0.260005966000164
0.26000597000016423
0.2600059740001642
0.2600059780001644
0.2600059820001644
0.2600059860001646
0.26000599000016467
0.26000599400016483
0.2600059980001649
0.26000600200016505
0.26000600600016516
0.26000601000016527
0.2600060140001654
0.2600060180001655
0.26000602200016554
0.2600060260001657
0.26000603000016576
0.2600060340001659
0.260006038000166
0.26000604200016614
0.2600060460001662
0.26000605000016636
0.26000605400016646
0.2600060580001666
0.2600060620001666
0.2600060660001668
0.26000607000016684
0.260006074000167
0.26000607800016706
0.2600060820001672
0.2600060860001673
0.26000609000016744
0.2600060940001675
0.26000609800016766
0.26000610200016766
0.2600061060001678
0.2600061100001679
0.26000611400016804
0.26000611800016815
0.2600061220001683
0.26000612600016837
0.2600061300001686
0.2600061340001686
0.2600061380001688
0.2600061420001688
0.26000614600016897
0.26000615000016897
0.2600061540001692
0.2600061580001692
0.2600061620001694
0.2600061660001694
0.2600061700001696
0.2600061740001696
0.26000617800016984
0.26000618200016995
0.26000618600017006
0.2600061900001701
0.2600061940001702
0.26000619800017033
0.26000620200017044
0.26000620600017055
0.26000621000017077
0.26000621400017077
0.260006218000171
0.260006222000171
0.2600062260001712
0.26000623000017115
0.26000623400017137
0.26000623800017136
0.2600062420001716
0.26000624600017164
0.2600062500001718
0.26000625400017185
0.260006258000172
0.26000626200017213
0.26000626600017224
0.26000627000017235
0.26000627400017245
0.2600062780001725
0.2600062820001727
0.2600062860001727
0.2600062900001729
0.26000629400017294
0.2600062980001731
0.26000630200017316
0.2600063060001733
0.26000631000017344
0.26000631400017354
0.2600063180001736
0.26000632200017376
0.2600063260001738
0.260006330000174
0.26000633400017403
0.2600063380001742
0.26000634200017425
0.2600063460001744
0.26000635000017447
0.26000635400017463
0.26000635800017463
0.2600063620001748
0.26000636600017485
0.260006370000175
0.2600063740001751
0.2600063780001753
0.26000638200017534
0.26000638600017556
0.26000639000017556
0.2600063940001758
0.2600063980001758
0.26000640200017594
0.26000640600017594
0.26000641000017616
0.26000641400017616
0.2600064180001764
0.2600064220001764
0.2600064260001766
0.2600064300001766
0.2600064340001768
0.2600064380001769
0.26000644200017703
0.2600064460001771
0.2600064500001772
0.2600064540001773
0.2600064580001774
0.2600064620001775
0.26000646600017774
0.26000647000017774
0.26000647400017796
0.26000647800017795
0.2600064820001782
0.2600064860001781
0.26000649000017834
0.26000649400017833
0.26000649800017855
0.2600065020001786
0.26000650600017877
0.2600065100001788
0.260006514000179
0.2600065180001791
0.2600065200001792
0.26000651100017924
0.26000650200017944
0.26000650600017944
0.26000651000017966
0.2600065140001797
0.2600065180001799
0.26000652200017993
0.26000652600018015
0.26000653000018015
0.26000653400018037
0.26000653800018036
0.2600065420001806
0.2600065460001805
0.26000655000018075
0.26000655400018075
0.26000655800018097
0.26000656200018096
0.2600065660001812
0.26000657000018124
0.2600065740001814
0.26000657800018145
0.2600065820001817
0.2600065860001816
0.26000659000018184
0.26000659400018183
0.26000659800018205
0.26000660200018205
0.26000660600018227
0.26000661000018227
0.2600066140001825
0.2600066180001825
0.2600066220001827
0.26000662600018265
0.26000663000018287
0.2600066340001829
0.2600066380001831
0.2600066420001832
0.26000664600018336
0.2600066500001834
0.26000665400018363
0.26000665800018363
0.26000666200018385
0.26000666600018385
0.26000667000018407
0.260006674000184
0.26000667800018423
0.26000668200018423
0.26000668600018445
0.26000669000018445
0.26000669400018467
0.26000669800018467
0.2600067020001849
0.26000670600018494
0.2600067100001851
0.2600067140001851
0.2600067180001853
0.2600067220001853
0.26000672600018554
0.2600067300001856
0.26000673400018576
0.2600067380001858
0.26000674200018603
0.26000674600018603
0.26000675000018625
0.26000675400018625
0.2600067580001864
0.2600067620001864
0.26000676600018663
0.2600067700001867
0.26000677400018685
0.2600067780001869
0.2600067820001871
0.2600067860001871
0.26000679000018734
0.26000679400018734
0.26000679800018756
0.2600068020001875
0.2600068060001877
0.2600068100001877
0.26000681400018794
0.26000681800018793
0.26000682200018815
0.2600068260001882
0.26000683000018837
0.2600068340001884
0.26000683800018864
0.2600068420001886
0.2600068460001888
0.2600068500001888
0.260006854000189
0.260006858000189
0.26000686200018924
0.26000686600018924
0.26000687000018946
0.26000687400018946
0.2600068780001897
0.2600068820001896
0.26000688600018984
0.2600068900001899
0.26000689400019006
0.26000689800019017
0.26000690200019033
0.2600069060001904
0.2600069100001906
0.2600069140001906
0.2600069180001908
0.2600069220001908
0.26000692600019104
0.260006930000191
0.2600069340001912
0.2600069380001912
0.2600069420001914
0.2600069460001914
0.26000695000019164
0.26000695400019164
0.26000695800019186
0.2600069620001919
0.2600069660001921
0.2600069700001921
0.2600069740001923
0.2600069780001923
0.2600069820001925
0.26000698600019256
0.26000699000019273
0.2600069940001928
0.260006998000193
0.260007002000193
0.2600070060001932
0.2600070100001932
0.2600070140001934
0.2600070180001934
0.2600070220001936
0.26000702600019365
0.2600070300001938
0.26000703400019387
0.2600070380001941
0.2600070420001941
0.2600070460001943
0.2600070500001943
0.2600070540001945
0.26000705800019447
0.2600070620001947
0.2600070660001947
0.2600070700001949
0.2600070740001949
0.2600070780001951
0.2600070820001952
0.26000708600019534
0.2600070900001954
0.2600070940001956
0.26000709800019556
0.2600071020001958
0.2600071060001958
0.260007110000196
0.260007114000196
0.2600071180001962
0.2600071220001962
0.26000712600019643
0.26000713000019643
0.26000713400019665
0.2600071380001966
0.2600071420001968
0.26000714600019686
0.26000715000019703
0.26000715400019714
0.2600071580001973
0.26000716200019736
0.2600071660001976
0.2600071700001976
0.2600071740001978
0.2600071780001978
0.260007182000198
0.26000718600019795
0.2600071900001982
0.26000719400019817
0.2600071980001984
0.2600072020001984
0.2600072060001986
0.2600072100001986
0.2600072140001988
0.2600072180001989
0.26000722200019905
0.26000722600019904
0.26000723000019926
0.26000723400019926
0.2600072380001995
0.26000724200019953
0.2600072460001997
0.26000725000019975
0.26000725400019997
0.26000725800019997
0.2600072620002002
0.2600072660002002
0.26000727000020035
0.26000727400020035
0.26000727800020057
0.2600072820002006
0.2600072860002008
0.26000729000020084
0.26000729400020106
0.26000729800020106
0.2600073020002013
0.2600073060002013
0.2600073100002015
0.26000731400020144
0.26000731800020166
0.26000732200020166
0.2600073260002019
0.2600073300002019
0.2600073340002021
0.26000733800020215
0.2600073420002023
0.26000734600020237
0.2600073500002026
0.26000735400020253
0.26000735800020275
0.26000736200020275
0.26000736600020297
0.26000737000020296
0.2600073740002032
0.2600073780002032
0.2600073820002034
0.2600073860002034
0.2600073900002036
0.26000739400020356
0.2600073980002038
0.26000740200020384
0.260007406000204
0.2600074100002041
0.2600074140002043
0.2600074180002043
0.26000742200020455
0.26000742600020454
0.26000743000020476
0.26000743400020476
0.260007438000205
0.2600074420002049
0.26000744600020514
0.26000745000020514
0.26000745400020536
0.26000745800020536
0.2600074620002056
0.2600074660002056
0.2600074700002058
0.26000747400020585
0.260007478000206
0.260007482000206
0.26000748600020623
0.26000749000020623
0.26000749400020645
0.2600074980002065
0.26000750200020667
0.2600075060002067
0.26000751000020694
0.26000751400020694
0.26000751800020716
0.26000752200020716
0.2600075260002073
0.2600075300002073
0.26000753400020754
0.2600075380002076
0.26000754200020776
0.2600075460002078
0.26000755000020803
0.26000755400020803
0.26000755800020825
0.26000756200020825
0.26000756600020847
0.2600075700002084
0.26000757400020863
0.26000757800020863
0.26000758200020885
0.26000758600020885
0.26000759000020907
0.2600075940002091
0.2600075980002093
0.26000760200020934
0.26000760600020956
0.2600076100002095
0.2600076140002097
0.2600076180002097
0.26000762200020994
0.26000762600020993
0.26000763000021015
0.26000763400021015
0.2600076380002104
0.26000764200021037
0.2600076460002106
0.26000765000021053
0.26000765400021075
0.2600076580002108
0.26000766200021097
0.2600076660002111
0.26000767000021124
0.2600076740002113
0.2600076780002115
0.2600076820002115
0.26000768600021174
0.26000769000021173
0.26000769400021195
0.2600076980002119
0.2600077020002121
0.2600077060002121
0.26000771000021233
0.26000771400021233
0.26000771800021255
0.26000772200021255
0.26000772600021277
0.2600077300002128
0.260007734000213
0.260007738000213
0.2600077420002132
0.2600077460002132
0.2600077500002134
0.2600077540002135
0.26000775800021364
0.2600077620002137
0.2600077660002139
0.2600077700002139
0.26000777400021413
0.26000777800021413
0.2600077820002143
0.2600077860002143
0.2600077900002145
0.26000779400021456
0.26000779800021473
0.2600078020002148
0.260007806000215
0.260007810000215
0.2600078140002152
0.2600078180002152
0.26000782200021544
0.2600078260002154
0.2600078300002156
0.2600078340002156
0.2600078380002158
0.2600078420002158
0.26000784600021604
0.2600078500002161
0.26000785400021625
0.2600078580002163
0.2600078620002165
0.26000786600021647
0.2600078700002167
0.2600078740002167
0.2600078780002169
0.2600078820002169
0.2600078860002171
0.2600078900002171
0.26000789400021734
0.26000789800021734
0.26000790200021756
0.2600079060002175
0.2600079100002177
0.2600079140002178
0.26000791800021794
0.26000792200021805
0.2600079260002182
0.26000793000021827
0.2600079340002185
0.2600079380002185
0.2600079420002187
0.2600079460002187
0.2600079500002189
0.26000795400021887
0.2600079580002191
0.2600079620002191
0.2600079660002193
0.2600079700002193
0.2600079740002195
0.2600079780002195
0.26000798200021974
0.2600079860002198
0.26000799000021996
0.26000799400021996
0.2600079980002202
0.2600080020002202
0.2600080060002204
0.26000801000022045
0.2600080140002206
0.26000801800022066
0.2600080220002209
0.2600080260002209
0.2600080300002211
0.2600080340002211
0.26000803800022126
0.26000804200022126
0.2600080460002215
0.26000805000022154
0.2600080540002217
0.26000805800022175
0.260008062000222
0.26000806600022197
0.2600080700002222
0.2600080740002222
0.2600080780002224
0.26000808200022235
0.26000808600022257
0.26000809000022257
0.2600080940002228
0.2600080980002228
0.260008102000223
0.26000810600022306
0.2600081100002232
0.2600081140002233
0.2600081180002235
0.26000812200022344
0.26000812600022366
0.26000813000022366
0.2600081340002239
0.2600081380002239
0.2600081420002241
0.2600081460002241
0.2600081500002243
0.2600081540002243
0.26000815800022453
0.2600081620002245
0.2600081660002247
0.26000817000022475
0.2600081740002249
0.260008178000225
0.2600081820002252
0.26000818600022524
0.26000819000022546
0.26000819400022546
0.2600081980002257
0.2600082020002257
0.2600082060002259
0.26000821000022584
0.26000821400022606
0.26000821800022605
0.2600082220002263
0.2600082260002263
0.2600082300002265
0.2600082340002265
0.2600082380002267
0.26000824200022676
0.26000824600022693
0.2600082500002269
0.26000825400022715
0.26000825800022714
0.26000826200022736
0.2600082660002274
0.2600082700002276
0.26000827400022763
0.26000827800022785
0.26000828200022785
0.2600082860002281
0.26000829000022807
0.26000829400022824
0.26000829800022823
0.26000830200022845
0.2600083060002285
0.26000831000022867
0.2600083140002287
0.26000831800022894
0.26000832200022894
0.26000832600022916
0.26000833000022916
0.2600083340002294
0.2600083380002293
0.26000834200022954
0.26000834600022954
0.26000835000022976
0.26000835400022976
0.26000835800023
0.26000836200023003
0.2600083660002302
0.26000837000023025
0.26000837400023047
0.2600083780002304
0.26000838200023063
0.26000838600023063
0.2600083890002309
0.26000839200023085
0.26000839600023107
0.26000840000023107
0.2600084040002313
0.2600084080002313
0.2600084120002315
0.2600084160002315
0.2600084200002317
0.2600084240002317
0.2600084280002319
0.260008432000232
0.26000843600023216
0.2600084400002322
0.26000844400023243
0.26000844800023243
0.26000845200023265
0.26000845600023265
0.26000846000023287
0.2600084640002328
0.26000846800023303
0.260008472000233
0.26000847600023325
0.26000848000023324
0.26000848400023346
0.26000848800023346
0.2600084920002337
0.26000849600023374
0.2600085000002339
0.26000850400023395
0.2600085080002341
0.2600085120002341
0.26000851600023434
0.2600085200002344
0.26000852400023455
0.2600085280002346
0.26000853200023477
0.2600085360002348
0.260008540000235
0.26000854400023504
0.26000854800023526
0.2600085520002352
0.2600085560002354
0.2600085600002355
0.26000856400023564
0.2600085680002357
0.26000857200023586
0.2600085760002359
0.2600085800002361
0.26000858400023613
0.26000858800023635
0.2600085920002363
0.2600085960002365
0.2600086000002365
0.26000860400023673
0.26000860800023673
0.26000861200023695
0.260008616000237
0.26000862000023717
0.2600086240002372
0.26000862800023744
0.26000863200023744
0.2600086360002376
0.2600086400002376
0.2600086440002378
0.2600086480002378
0.26000865200023804
0.26000865600023804
0.26000866000023826
0.26000866400023825
0.2600086680002385
0.26000867200023847
0.2600086760002387
0.2600086800002387
0.26000868400023885
0.26000868800023896
0.2600086920002391
0.2600086960002392
0.2600087000002394
0.2600087040002394
0.2600087080002396
0.2600087120002396
0.26000871600023984
0.2600087200002398
0.26000872400024
0.26000872800024
0.2600087320002402
0.2600087360002402
0.26000874000024043
0.26000874400024043
0.26000874800024065
0.2600087520002407
0.26000875600024087
0.2600087600002409
0.2600087640002411
0.2600087680002411
0.2600087720002413
0.26000877600024136
0.2600087800002415
0.2600087840002416
0.26000878800024174
0.2600087920002418
0.26000879600024196
0.260008800000242
0.26000880400024223
0.2600088080002422
0.2600088120002424
0.26000881600024245
0.26000881600024256
0.2600088060002427
0.2600087980002428
0.26000879600024285
0.2600087990002431
0.26000880300024304
0.26000880700024326
0.2600088110002433
0.2600088150002435
0.26000881900024353
0.2600088230002437
0.26000882700024375
0.2600088310002439
0.26000883500024397
0.26000883900024413
0.2600088430002442
0.2600088470002443
0.26000885100024435
0.26000885500024457
0.26000885900024456
0.2600088630002448
0.2600088670002448
0.260008871000245
0.26000887500024505
0.2600088790002452
0.26000888300024527
0.2600088870002454
0.26000889100024543
0.2600088950002456
0.2600088990002457
0.2600089030002458
0.2600089070002459
0.26000891100024603
0.26000891500024614
0.2600089190002463
0.26000892300024636
0.2600089270002466
0.2600089310002465
0.26000893500024674
0.26000893900024674
0.26000894300024696
0.26000894700024696
0.2600089510002472
0.2600089550002472
0.2600089590002474
0.2600089630002474
0.2600089670002476
0.26000897100024767
0.2600089750002478
0.26000897900024783
0.260008983000248
0.26000898700024805
0.26000899100024827
0.2600089950002483
0.2600089990002485
0.26000900300024854
0.2600090070002487
0.26000901100024876
0.260009015000249
0.2600090190002489
0.26000902300024914
0.26000902700024914
0.26000903100024936
0.2600090350002494
0.2600090390002496
0.26000904300024963
0.2600090470002498
0.26000905100024985
0.26000905500025007
0.26000905900025
0.26000906300025023
0.2600090670002503
0.26000907100025045
0.2600090750002505
0.26000907900025066
0.2600090830002507
0.2600090870002509
0.26000909100025094
0.2600090950002511
0.26000909900025115
0.26000910300025126
0.2600091070002513
0.26000911100025154
0.26000911500025153
0.26000911900025175
0.26000912300025175
0.26000912700025197
0.260009131000252
0.2600091350002522
0.26000913900025224
0.26000914300025235
0.2600091470002524
0.26000915100025257
0.2600091550002527
0.2600091590002528
0.2600091630002529
0.260009167000253
0.2600091710002531
0.2600091750002533
0.26000917900025333
0.26000918300025355
0.2600091870002535
0.2600091910002537
0.2600091950002537
0.26000919900025393
0.26000920300025393
0.26000920700025415
0.26000921100025415
0.26000921500025437
0.26000921900025437
0.2600092230002546
0.26000922700025464
0.26000923100025475
0.2600092350002548
0.26000923900025497
0.260009243000255
0.26000924700025524
0.2600092510002553
0.26000925500025546
0.2600092590002555
0.2600092630002557
0.26000926700025573
0.26000927100025595
0.2600092750002559
0.2600092790002561
0.2600092830002561
0.26000928700025633
0.2600092910002564
0.26000929500025655
0.2600092990002566
0.26000930300025676
0.2600093070002568
0.26000931100025704
0.260009315000257
0.2600093190002572
0.26000932300025725
0.26000932600025745
0.26000933000025744
0.26000933400025766
0.26000933800025766
0.2600093420002578
0.2600093460002579
0.26000935000025804
0.2600093540002581
0.26000935800025826
0.2600093620002583
0.26000936600025853
0.26000937000025853
0.26000937400025875
0.2600093780002587
0.2600093820002589
0.2600093860002589
0.26000939000025913
0.26000939400025913
0.26000939800025935
0.2600094020002594
0.26000940600025957
0.2600094100002597
0.2600094140002598
0.2600094180002599
0.26000942200025995
0.26000942600026006
0.2600094300002602
0.2600094340002603
0.2600094380002605
0.2600094420002605
0.2600094460002607
0.2600094500002607
0.26000945400026093
0.26000945800026093
0.26000946200026115
0.2600094660002611
0.2600094700002613
0.2600094740002613
0.26000947800026153
0.2600094820002616
0.26000948600026175
0.2600094900002618
0.26000949400026196
0.260009498000262
0.26000950200026224
0.26000950600026224
0.2600095100002624
0.26000951400026245
0.2600095180002626
0.26000952200026267
0.2600095260002629
0.2600095300002629
0.2600095340002631
0.2600095380002631
0.2600095420002633
0.2600095460002634
0.2600095500002635
0.26000955400026354
0.2600095580002637
0.26000956200026376
0.260009566000264
0.260009567000264
0.2600095710002642
0.26000957500026417
0.26000957900026433
0.2600095830002644
0.2600095870002646
0.26000959100026466
0.2600095950002648
0.2600095990002649
0.26000960300026504
0.2600096070002651
0.26000961100026526
0.26000961500026526
0.2600096190002655
0.2600096230002655
0.2600096270002657
0.2600096310002657
0.2600096350002659
0.2600096390002659
0.26000964300026613
0.26000964700026613
0.26000965100026635
0.2600096550002664
0.2600096590002665
0.26000966300026657
0.26000966700026673
0.26000967100026684
0.26000967500026695
0.26000967900026706
0.26000968300026717
0.2600096870002673
0.2600096910002675
0.2600096950002675
0.2600096990002677
0.26000970300026766
0.2600097070002679
0.2600097110002679
0.2600097150002681
0.2600097190002681
0.2600097230002683
0.2600097270002683
0.26000973100026853
0.2600097350002686
0.26000973900026875
0.26000974300026874
0.2600097470002689
0.26000975100026896
0.2600097550002692
0.2600097590002692
0.2600097630002694
0.2600097670002694
0.2600097710002696
0.26000977500026967
0.26000977900026984
0.2600097830002699
0.26000978700027
0.26000979100027005
0.2600097950002702
0.26000979900027027
0.26000980300027043
0.26000980700027054
0.2600098110002707
0.26000981500027076
0.2600098190002709
0.260009823000271
0.26000982700027114
0.26000983100027114
0.2600098350002713
0.26000983900027136
0.2600098430002716
0.26000984700027163
0.2600098510002718
0.26000985500027185
0.260009859000272
0.26000986300027207
0.26000986700027223

Avalanche_Distribution:
1
1
1
2
54
28
2
37
1
3
