
Branching_global:
1.00004
1.0038600000000037
1.0069700000000081
1.0106300000000117
1.013500000000016
1.00325000000002
0.9940500000000241
0.980160000000028
0.9715300000000319
0.968890000000036

Autocorrelation:
25.000499996641732
0.2595670364653382
0.14397144413733554
0.0945724960775504
0.07457295660342587
0.30819203729628514
-0.16756672957741672
-0.049901555863088184
-0.03462228576489703
-0.0316413715042012

Average_Activity:
0.0
0.0
0.0
0.0
0.0
0.0
0.0
0.0
0.0
0.0
0.0
0.0
0.0
0.0
0.25
0.25
0.25
0.0
0.0
0.0
0.0
0.0
0.0
0.25
0.0
0.0
0.0
0.0
0.0
0.0
0.0
0.0
0.0
0.0
0.0
0.0
0.0
0.0
0.0
0.0
0.0
0.0
0.0
0.0
1.0
2.25
2.0
0.0
0.0
0.0
0.0
0.0
0.0
0.0
0.0
0.0
0.0
0.0
0.25
0.0
0.0
0.0
0.0
0.0
0.0
0.0
0.0
0.0
0.25
0.25
0.25
0.5
0.0
0.0
0.0
0.0
0.0
0.0
0.0
0.25
1.5
0.0
0.0
0.0
0.5
1.25
0.0
0.0
0.0
0.0
0.0
0.0
0.0
0.25
0.5
0.0
0.0
0.0
0.0
1.5
2.0
2.75
0.5
0.0
0.0
0.0
0.0
0.0
0.5
0.0
0.0
0.0
0.0
0.25
3.25
4.25
7.0
12.0
17.25
7.75
7.25
5.5
9.0
5.5
1.75
0.75
0.0
0.0
0.0
0.25
0.25
0.0
0.0
0.5
3.25
6.75
5.25
6.5
6.75
6.0
4.75
4.75
7.0
10.0
4.25
2.75
4.0
8.5
7.0
2.0
0.25
4.25
5.5
5.0
7.75
4.25
2.0
1.75
2.25
0.75
1.75
2.0
5.25
11.25
10.5
10.75
14.75
4.25
3.25
1.25
1.0
0.0
0.0
0.0
0.0
0.0
0.0
0.0
1.0
1.25
4.0
5.25
5.0
5.25
6.25
4.0
3.25
6.5
5.25
2.0
5.25
10.5
11.0
7.5
2.75
0.25
0.0
0.0
0.0
0.5
1.25
3.5
7.25
6.5
4.25
3.5
6.5
2.5
1.0
0.0
0.0
0.0
0.0
0.0
0.0
0.0
0.0
0.0
0.0
0.0
0.0
0.0
0.0
0.0
0.0
0.0
0.25
2.0
3.5
3.5
5.0
3.75
0.0
0.0
0.0
0.0
2.0
4.0
4.0
5.75
13.25
9.25
6.0
1.25
0.25
0.25
0.25
0.0
0.0
0.0

Average_Alpha:
0.25001
0.25005
0.2500900000000001
0.2501300000000001
0.25017000000000017
0.25021000000000015
0.2502500000000003
0.25029000000000023
0.25033000000000033
0.2503700000000003
0.2504100000000004
0.2504500000000004
0.25049000000000055
0.2505300000000005
0.25056000000000056
0.25059000000000053
0.2506200000000007
0.25066000000000066
0.2507000000000007
0.2507400000000007
0.25078000000000084
0.25082000000000076
0.2508600000000009
0.2508900000000009
0.250930000000001
0.2509700000000009
0.25101000000000107
0.25105000000000105
0.25109000000000115
0.25113000000000113
0.2511700000000012
0.2512100000000012
0.2512500000000013
0.2512900000000013
0.2513300000000014
0.2513700000000013
0.25141000000000147
0.2514500000000014
0.25149000000000155
0.25153000000000153
0.2515700000000016
0.2516100000000016
0.2516500000000017
0.2516900000000017
0.25169000000000175
0.25164000000000175
0.2516000000000018
0.2516400000000018
0.2516800000000019
0.2517200000000019
0.25176000000000204
0.251800000000002
0.25184000000000206
0.2518800000000021
0.2519200000000022
0.2519600000000021
0.2520000000000022
0.25204000000000226
0.25207000000000235
0.25211000000000233
0.2521500000000024
0.2521900000000024
0.2522300000000025
0.2522700000000025
0.2523100000000026
0.2523500000000026
0.25239000000000267
0.2524300000000026
0.2524600000000027
0.2524900000000027
0.2525200000000028
0.25254000000000276
0.2525800000000029
0.25262000000000284
0.252660000000003
0.2527000000000029
0.2527400000000031
0.25278000000000306
0.25282000000000315
0.25285000000000313
0.2528300000000032
0.2528700000000032
0.2529100000000033
0.2529500000000033
0.25297000000000336
0.25296000000000335
0.25300000000000344
0.25304000000000343
0.2530800000000036
0.2531200000000035
0.2531600000000036
0.2532000000000036
0.2532400000000037
0.25327000000000366
0.2532900000000038
0.2533300000000038
0.25337000000000387
0.25341000000000385
0.25345000000000395
0.2534300000000039
0.253390000000004
0.253320000000004
0.2533400000000041
0.2533800000000041
0.25342000000000414
0.2534600000000042
0.2535000000000043
0.2535400000000042
0.25356000000000434
0.2536000000000043
0.2536400000000044
0.2536800000000044
0.2537200000000045
0.25375000000000447
0.2536600000000046
0.2535300000000046
0.2532900000000047
0.2528500000000046
0.25220000000000475
0.2519300000000047
0.2516800000000048
0.25150000000000483
0.2511800000000049
0.2510000000000049
0.25097000000000497
0.250980000000005
0.251020000000005
0.25106000000000506
0.2511000000000051
0.2511300000000051
0.2511600000000052
0.2512000000000052
0.2512400000000053
0.2512600000000053
0.25117000000000533
0.2509400000000054
0.25077000000000543
0.2505500000000055
0.2503200000000055
0.25012000000000556
0.2499700000000056
0.24982000000000562
0.24958000000000566
0.24922000000000571
0.24909000000000578
0.2490200000000058
0.24890000000000584
0.24860000000000587
0.24836000000000594
0.24832000000000595
0.24835000000000598
0.24822000000000602
0.24804000000000603
0.2478800000000061
0.24761000000000616
0.2474800000000062
0.24744000000000624
0.2474100000000063
0.24736000000000632
0.2473700000000063
0.2473400000000064
0.24730000000000643
0.24713000000000648
0.24672000000000652
0.24634000000000655
0.24595000000000658
0.24540000000000664
0.24527000000000668
0.24518000000000673
0.24517000000000674
0.24517000000000677
0.24521000000000684
0.24525000000000688
0.2452900000000069
0.24533000000000696
0.24537000000000697
0.24541000000000704
0.2454500000000071
0.2454500000000071
0.24544000000000712
0.24532000000000717
0.2451500000000072
0.24499000000000729
0.2448200000000073
0.24461000000000735
0.24449000000000737
0.24440000000000742
0.24418000000000745
0.24401000000000753
0.24397000000000754
0.2438000000000076
0.24342000000000763
0.24302000000000765
0.24276000000000772
0.24269000000000773
0.24272000000000776
0.24276000000000783
0.24280000000000784
0.2428400000000079
0.24286000000000793
0.24285000000000798
0.24275000000000801
0.24250000000000807
0.2422800000000081
0.24215000000000816
0.2420500000000082
0.24183000000000823
0.24177000000000828
0.24177000000000828
0.24181000000000835
0.2418500000000084
0.24189000000000843
0.24193000000000847
0.24197000000000848
0.24201000000000855
0.24205000000000856
0.2420900000000086
0.24213000000000864
0.2421700000000087
0.24221000000000872
0.2422500000000088
0.24229000000000883
0.24233000000000884
0.24237000000000888
0.24241000000000895
0.24245000000000896
0.242480000000009
0.24244000000000906
0.2423400000000091
0.24224000000000917
0.2420800000000092
0.2419700000000092
0.24201000000000925
0.24205000000000929
0.24209000000000933
0.24213000000000937
0.2420900000000094
0.24197000000000946
0.2418500000000095
0.24166000000000953
0.24117000000000957
0.24084000000000963
0.24064000000000965
0.24063000000000973
0.24066000000000976
0.24069000000000979
0.24072000000000984
0.24076000000000986
0.2408000000000099
0.24084000000000994

Avalanche_Distribution:
2
1
1
21
1
2
3
7
7
3
27
2
326
2
360
133
261
5
344
1
2
145
72
182
2
1
