
Branching_global:
1.000000004
1.0000004040000108
1.000000804000022
1.0000011790000327
1.0000015870000436
1.0000019810000542
1.0000023320000653
1.0000026560000757
1.0000030450000863
1.0000034030000964

Autocorrelation:
249999.99369269525
2475.2479587138187
1243.7815606601082
848.1768971609409
630.1202054352366
504.79604398301115
428.816954549141
376.5065133720543
328.4077156512191
293.85885194736534

Average_Activity:
0.0
0.0
0.0
0.0
0.0
0.0
0.0
0.0
0.0
0.0
0.0
0.0
0.0
0.0
0.0
0.0
0.0
0.0
0.0
0.0
0.0
0.0
0.0
0.0
0.0
0.0
0.0
0.0
0.0
0.0
0.0
0.0
0.0
0.0
0.0
0.0
0.0
0.0
0.0
0.0
0.0
0.0
0.0
0.0
0.0
0.0
0.0
0.0
0.0
0.0
0.0
0.0
0.0
0.0
0.0
0.0
0.0
0.0
0.0
0.0
0.0
0.0
0.0
0.0
0.0
0.0
0.0
0.0
0.0
0.0
0.0
0.0
0.0
0.0
0.25
1.0
0.0
0.0
0.0
0.0
0.0
0.0
0.0
0.0
0.0
0.0
0.0
0.0
0.0
0.0
0.0
0.0
0.0
0.0
0.0
0.0
0.0
0.0
0.0
0.0
0.0
0.0
0.0
0.0
0.0
0.0
0.0
0.0
0.0
0.0
0.0
0.0
0.0
0.0
0.0
0.0
0.0
0.0
0.0
0.0
0.0
0.0
0.0
0.0
0.0
0.0
0.0
0.0
0.0
0.0
0.25
1.5
0.25
0.0
0.0
0.0
0.0
0.0
0.0
0.0
0.0
0.0
0.0
0.0
0.0
0.0
0.0
0.0
0.0
0.0
0.75
0.0
0.0
0.0
0.0
0.0
0.0
0.0
0.0
0.0
0.0
0.0
0.5
3.25
1.5
1.25
0.0
0.0
0.0
0.0
0.0
0.0
0.0
0.0
0.0
0.0
0.0
0.0
0.0
0.0
0.0
0.0
0.0
0.0
0.0
0.0
0.0
0.0
0.0
0.0
0.0
0.0
0.0
0.0
0.0
0.0
0.0
0.0
0.0
0.0
0.0
0.0
0.0
0.0
0.0
0.0
0.0
0.0
0.0
0.25
0.25
0.0
0.0
0.0
0.0
0.0
0.5
0.0
0.0
0.0
0.0
0.0
0.0
0.0
0.0
0.0
0.0
0.0
0.0
0.0
0.0
0.0
0.0
0.0
0.0
0.0
0.0
0.0
0.0
0.0
0.0
0.0
0.0
0.0
0.0
0.0
0.0
0.0
0.0
0.0

Average_Alpha:
0.250000001
0.2500000050000001
0.25000000900000025
0.2500000130000003
0.25000001700000046
0.2500000210000005
0.2500000250000007
0.25000002900000073
0.2500000330000009
0.25000003700000095
0.25000004100000117
0.2500000450000011
0.25000004900000133
0.2500000530000014
0.25000005700000155
0.2500000610000016
0.25000006500000177
0.2500000690000018
0.250000073000002
0.25000007700000204
0.25000008100000226
0.2500000850000022
0.2500000890000024
0.2500000930000025
0.25000009700000264
0.2500001010000027
0.25000010500000286
0.2500001090000029
0.2500001130000031
0.25000011700000313
0.2500001210000033
0.25000012500000335
0.2500001290000035
0.25000013300000357
0.25000013700000373
0.2500001410000038
0.25000014500000395
0.250000149000004
0.25000015300000417
0.2500001570000042
0.2500001610000044
0.25000016500000444
0.25000016900000466
0.2500001730000046
0.2500001770000048
0.2500001810000049
0.25000018500000504
0.2500001890000051
0.25000019300000526
0.2500001970000053
0.2500002010000055
0.2500002050000055
0.25000020900000575
0.2500002130000057
0.2500002170000059
0.25000022100000596
0.2500002250000061
0.2500002290000062
0.25000023300000634
0.2500002370000064
0.25000024100000656
0.2500002450000066
0.2500002490000068
0.25000025300000683
0.250000257000007
0.25000026100000705
0.2500002650000072
0.25000026900000727
0.25000027300000743
0.2500002770000075
0.25000028100000765
0.2500002850000077
0.25000028900000787
0.2500002930000079
0.25000029600000806
0.2500002960000081
0.2500003000000083
0.25000030400000833
0.2500003080000085
0.2500003120000086
0.25000031600000877
0.2500003200000088
0.25000032400000893
0.250000328000009
0.25000033200000915
0.2500003360000092
0.2500003400000094
0.2500003440000094
0.2500003480000096
0.25000035200000964
0.2500003560000098
0.2500003600000099
0.2500003640000101
0.2500003680000101
0.25000037200001024
0.2500003760000103
0.25000038000001046
0.2500003840000105
0.2500003880000107
0.25000039200001073
0.2500003960000109
0.25000040000001095
0.25000040400001117
0.25000040800001117
0.25000041200001133
0.2500004160000114
0.25000042000001155
0.2500004240000116
0.25000042800001177
0.2500004320000118
0.250000436000012
0.25000044000001204
0.25000044400001226
0.25000044800001225
0.2500004520000124
0.25000045600001247
0.25000046000001264
0.2500004640000127
0.25000046800001285
0.2500004720000129
0.25000047600001307
0.2500004800000131
0.2500004840000133
0.25000048800001334
0.2500004920000135
0.25000049600001356
0.2500005000000137
0.2500005040000138
0.25000050800001394
0.250000512000014
0.25000051500001413
0.2500005130000142
0.2500005160000144
0.2500005200000144
0.2500005240000146
0.25000052800001465
0.2500005320000148
0.2500005360000149
0.25000054000001504
0.25000054400001503
0.25000054800001525
0.2500005520000153
0.2500005560000155
0.25000056000001547
0.2500005640000157
0.25000056800001574
0.2500005720000159
0.25000057600001596
0.2500005800000161
0.2500005840000161
0.2500005850000163
0.25000058900001637
0.25000059300001654
0.2500005970000166
0.25000060100001675
0.25000060500001675
0.2500006090000169
0.25000061300001697
0.2500006170000172
0.2500006210000172
0.2500006250000174
0.2500006290000174
0.2500006310000176
0.2500006220000176
0.2500006200000178
0.25000061900001785
0.250000623000018
0.25000062700001807
0.25000063100001824
0.2500006350000183
0.25000063900001845
0.25000064300001845
0.25000064700001867
0.25000065100001867
0.2500006550000189
0.2500006590000189
0.25000066300001905
0.2500006670000191
0.25000067100001927
0.2500006750000193
0.2500006790000195
0.25000068300001954
0.2500006870000197
0.25000069100001976
0.2500006950000199
0.2500006990000199
0.2500007030000201
0.25000070700002014
0.25000071100002036
0.25000071500002036
0.2500007190000206
0.2500007230000205
0.25000072700002074
0.2500007310000208
0.25000073500002096
0.250000739000021
0.2500007430000211
0.2500007470000212
0.25000075100002134
0.2500007550000214
0.25000075900002156
0.2500007630000216
0.2500007670000218
0.2500007710000218
0.250000775000022
0.25000077900002204
0.2500007830000222
0.2500007870000222
0.25000079100002237
0.25000079400002245
0.2500007970000226
0.25000080100002264
0.2500008050000228
0.25000080900002286
0.250000813000023
0.2500008170000231
0.25000081900002324
0.2500008230000233
0.25000082700002346
0.25000083100002346
0.2500008350000237
0.2500008390000237
0.2500008430000239
0.2500008470000239
0.2500008510000241
0.2500008550000241
0.2500008590000243
0.25000086300002433
0.2500008670000245
0.2500008710000245
0.25000087500002466
0.2500008790000247
0.2500008830000249
0.25000088700002493
0.2500008910000251
0.2500008950000251
0.2500008990000253
0.25000090300002537
0.25000090700002553
0.2500009110000255
0.25000091500002575
0.25000091900002575
0.25000092300002597
0.25000092700002596
0.2500009310000261
0.2500009350000262
0.25000093900002635
0.2500009430000264
0.25000094700002656
0.2500009510000266

Avalanche_Distribution:
5
8
3
26
2
2
