
Branching_global:
1.000000004
1.0000003310000107
1.0000006910000216
1.000000838000032
0.9999914420000362
0.9999904210000367
0.9999908820000369
0.9999911410000375
0.9999913540000374
0.9999918310000377
0.9999920560000384
0.9999926630000402
0.9999907570000424
0.9999836050000422
0.9999841510000427
0.9999842440000423
0.999984508000042
0.9999847000000432
0.9999853830000424
0.9999856750000425
0.9999859950000435
0.9999863580000435
0.999986736000044
0.9999870890000447
0.9999872530000455
0.9999878610000467
0.9999882340000479
0.9999884970000483
0.9999890120000486
0.9999895900000507
0.9999876540000503
0.9999871490000505
0.9999851480000513
0.9999853320000537
0.9999855120000525
0.999986176000056
0.9999857380000555
0.9999861740000534
0.9999862030000553
0.9999868890000577
0.9999867910000558
0.9999872920000584
0.9999877480000612
0.9999882290000612
0.9999884510000635
0.9999885720000639
0.9999879860000678
0.9999875510000658
0.9999882300000711
0.999988373000071
0.9999885090000723
0.9999887820000731
0.9999891630000736
0.9999873290000785
0.9999862160000801
0.9999864370000806
0.9999863230000772
0.999987243000081
0.9999877600000845
0.9999880780000872
0.9999882200000834
0.999988785000088
0.9999890990000915
0.9999894890000913
0.999990011000094
0.9999900070000941
0.9999901810000987
0.9999900620001011
0.9999908450001023
0.9999908880001035
0.999991008000103
0.9999915870001085
0.9999922250001149
0.9999922920001137
0.9999930560001221
0.9999930880001184
0.9999935710001236
0.9999943220001276
0.999994611000138
0.9999945420001302
0.9999952690001446
0.9999953090001404
0.999995530000142
0.9999959730001505
0.9999961870001507
0.9999966250001578
0.9999972990001657
0.9999974280001657
0.9999975540001694
0.9999982760001754
0.9999986100001838
0.9999989110001898
0.9999996890002001
0.9999995560001983
0.9999968160002017
0.9999971560002091
0.9999976480002102
0.9999979110002195
0.9999982470002236
0.9999985560002282

Autocorrelation:
249999.99369269525
3021.1484382835124
1447.1784575595964
1193.3178768191895
-116.8492317391941
-104.39453119521997
-109.67267438521917
-112.87905798918597
-115.65992150296185
-122.41350472701538
-125.88066878469121
-136.29498936537607
-108.18948210279355
-60.9937057062576
-63.09496360475239
-63.467385419005545
-64.54894504854867
-65.35897730765453
-68.41299133749894
-69.80752812932083
-71.4025705525438
-73.30253497845852
-75.39153884943987
-77.45283463335056
-78.44933161206764
-82.37860897370113
-84.99015137327757
-86.93334370948224
-91.00787317222631
-96.06097981395763
-80.99739438370516
-77.81445633913911
-67.3304994235301
-68.17512064644113
-69.02213967454011
-72.33746325492588
-70.11589348451791
-72.32699919332248
-72.4790248234211
-76.27133314683857
-75.70545837778326
-78.69008896632556
-81.61882786330382
-84.95404975708513
-86.58708381571081
-87.5038757067689
-83.23572487341968
-80.32723759089528
-84.96126771692404
-86.00620904779143
-87.02412851631334
-89.141950214689
-92.27596090049548
-78.9198698350366
-72.54738202221637
-73.7295011743638
-73.114949705841
-78.38783631239153
-81.69884696816969
-83.87804448067327
-84.88914406323592
-89.16579583941068
-91.73420400711026
-95.13792723616318
-100.10962207440885
-100.06954997586486
-101.84286592801698
-100.62336900429769
-109.22943021996822
-109.74489193933036
-111.2094656857789
-118.86316491012646
-128.616865243548
-129.73484182045652
-144.00871912180074
-144.67542840433245
-155.54468886755944
-176.11785548995863
-185.56268901490023
-183.2168000815439
-211.3713094602335
-213.17366967316022
-223.71315363701925
-248.32332353576123
-262.2601974874903
-296.29581015355666
-370.2327696516334
-388.8020133791271
-408.83027239084345
-580.0459627377678
-719.4240555363081
-918.2733055763292
-3215.43565230647
-2252.2527581444833
-314.06987165801416
-351.6169660779127
-425.16960602152477
-478.69749189935965
-570.4502287644628
-692.5203850859325

Average_Activity:
0.0
0.0
0.0
0.0
0.0
0.0
0.0
0.0
0.0
0.0
0.0
0.0
0.0
0.0
0.0
0.5
0.0
0.0
0.0
0.0
0.0
0.0
0.0
1.75
2.0
0.0
0.0
0.25
1.5
1.25
0.0
0.0
0.0
0.0
0.0
0.0
0.0
0.0
0.0
0.0
0.0
0.0
0.0
0.0
0.0
0.0
0.0
0.0
0.0
0.0
0.0
0.0
0.0
0.0
0.0
0.0
0.0
0.0
0.0
0.0
0.0
0.0
0.0
0.0
0.0
0.0
0.0
0.0
0.0
0.0
0.0
0.0
2.0
5.25
7.25
2.0
0.0
3.75
7.5
14.75
22.0
30.25
23.5
29.25
42.0
48.0
51.75
39.5
29.75
26.25
24.5
27.0
25.0
27.25
18.75
21.5
21.0
19.25
21.75
20.25
14.25
20.5
18.0
16.5
20.0
9.75
5.75
7.75
3.0
0.0
0.0
0.0
0.0
0.0
0.0
0.0
0.0
0.25
0.0
0.0
0.0
0.0
0.0
0.0
0.0
0.0
0.0
0.0
0.0
0.0
0.0
0.0
0.0
0.0
0.0
0.0
0.0
0.0
0.0
0.0
0.0
0.0
0.0
0.0
0.0
0.0
0.0
0.0
0.0
0.0
0.0
0.0
0.0
0.0
0.0
0.0
0.5
0.0
0.0
0.0
0.0
0.0
0.0
0.0
0.0
0.0
0.0
0.0
0.0
0.0
0.0
0.0
0.0
0.0
0.0
0.0
0.0
0.0
0.0
0.0
0.0
0.0
0.0
0.0
0.0
0.0
0.0
0.0
0.0
0.0
0.0
0.0
0.0
0.0
0.0
0.0
0.5
0.5
0.25
0.0
0.0
0.0
0.0
0.0
0.25
0.0
0.0
0.0
0.0
0.0
0.0
0.0
0.0
0.0
0.0
0.0
0.0
0.0
0.0
0.0
0.0
0.0
0.0
0.25
0.0
0.0
0.0
0.0
0.25
0.75
0.0
0.0
0.0
0.0
0.0
0.0
0.0
0.0
0.0
0.0
0.0
0.0
0.0
0.0
0.0
0.0
0.0
0.0
0.0
0.0
0.0
0.0
0.0
0.0
0.0
0.0
0.0
0.0
0.0
0.0
0.0
0.0
0.0
0.0
0.0
0.0
0.0
0.0
0.0
0.0
0.0
0.0
0.0
0.0
0.0
0.0
0.0
0.0
0.0
0.0
0.0
0.0
0.0
0.0
0.0
0.0
0.25
1.75
4.25
7.0
2.0
1.75
2.25
6.75
13.75
6.25
6.0
13.5
24.75
26.75
29.5
48.75
61.5
50.0
55.0
40.75
32.25
35.5
36.75
34.5
22.5
19.0
17.25
8.75
5.25
0.5
0.0
0.0
0.0
0.0
0.0
0.0
0.0
0.0
0.0
0.0
0.0
0.0
0.0
0.0
1.0
0.25
0.0
0.0
0.0
0.0
0.0
0.0
0.0
0.0
0.0
0.0
0.0
0.0
0.0
0.0
0.0
0.0
0.0
0.0
0.0
0.0
0.0
0.0
0.0
0.0
0.0
0.0
0.0
0.0
0.0
0.0
0.0
0.0
0.0
0.0
0.0
0.0
0.0
0.0
0.0
0.0
0.0
0.0
0.0
0.0
0.0
0.0
0.0
0.25
0.0
0.0
0.0
0.0
0.75
2.25
0.75
3.25
5.0
0.75
0.0
0.0
0.0
0.5
0.0
0.0
0.0
0.0
0.0
0.0
0.0
0.0
0.0
0.0
0.0
0.0
0.0
0.0
0.0
0.0
0.0
0.0
0.0
0.0
0.0
0.0
0.0
0.0
0.25
2.0
0.5
0.0
0.0
0.0
0.0
0.0
0.0
0.25
0.0
0.0
0.0
0.0
0.0
0.0
0.0
0.0
0.0
0.0
0.0
0.0
0.0
0.0
0.0
0.0
0.0
0.0
0.0
0.0
0.0
0.0
0.0
0.0
0.0
0.0
0.0
0.0
1.25
0.0
0.0
0.0
0.0
0.0
0.0
0.0
0.0
0.0
0.0
0.0
0.0
0.0
0.0
0.0
0.0
0.0
0.0
0.0
0.0
0.5
1.5
4.75
3.25
2.0
0.25
0.0
0.0
0.0
0.0
0.0
0.0
0.0
0.0
0.0
0.0
0.0
0.0
0.0
0.0
0.0
0.0
0.0
0.0
0.0
0.0
0.0
0.0
0.0
0.0
0.0
0.0
0.0
0.0
0.0
0.0
0.0
0.0
0.0
0.0
0.0
0.0
0.0
0.0
0.0
0.0
0.0
0.0
0.0
0.0
0.0
0.0
0.0
0.0
0.0
0.0
0.0
0.0
0.0
0.0
0.0
0.0
0.0
0.0
0.0
0.0
0.0
0.0
0.0
0.0
0.0
0.0
0.0
0.0
0.0
0.0
0.0
0.0
0.0
0.0
0.0
0.0
0.0
0.0
0.0
0.0
0.0
0.0
0.0
0.0
0.0
0.0
0.0
0.0
0.0
0.0
0.0
0.0
0.0
0.0
0.0
0.0
0.0
0.0
0.0
0.0
0.0
0.0
0.0
0.0
0.0
0.0
0.0
0.0
0.0
0.0
0.0
0.0
0.0
0.0
0.0
0.0
0.0
0.0
0.0
0.0
0.0
0.0
0.0
0.0
0.0
0.0
0.25
0.0
0.0
0.0
0.0
0.0
0.0
0.0
0.25
0.0
0.0
0.0
0.0
0.0
0.0
0.0
0.0
0.0
0.0
0.0
0.0
0.0
0.0
0.0
0.0
0.0
0.0
0.0
0.0
0.0
0.0
0.0
0.0
0.75
2.75
3.25
1.0
0.0
0.0
0.0
0.0
0.0
0.0
0.0
0.0
0.0
0.0
0.0
0.0
0.0
0.0
0.0
0.0
0.0
0.0
0.5
0.0
0.0
0.0
0.0
0.0
0.0
0.0
0.0
0.0
0.0
0.0
0.0
0.0
0.0
0.0
0.0
0.0
0.0
0.0
0.0
0.0
0.0
0.0
0.0
0.0
0.0
0.0
0.0
0.0
0.0
0.0
0.0
0.0
0.0
0.0
0.0
0.0
0.0
0.25
0.25
0.0
0.0
0.0
0.0
0.5
0.0
0.0
0.0
0.0
0.0
0.0
0.0
0.0
0.0
0.0
0.0
0.0
0.0
0.0
0.0
0.0
0.25
0.5
0.0
0.0
0.0
0.0
0.0
0.0
0.0
0.0
0.0
0.0
0.0
0.0
0.0
0.75
4.0
7.75
4.0
4.75
12.5
15.25
18.5
31.5
25.5
19.75
21.75
20.0
9.5
0.25
0.0
0.0
0.0
0.0
0.0
0.0
0.0
0.0
0.0
0.0
0.0
0.0
0.0
0.0
0.0
0.0
0.0
0.0
0.0
0.0
0.0
0.0
0.0
0.0
0.0
0.0
0.0
2.5
5.75
1.5
2.75
2.75
5.5
9.25
9.5
10.0
7.0
10.0
14.75
14.75
18.0
14.0
11.0
2.0
0.25
0.0
0.0
0.0
0.0
0.0
0.25
3.5
5.0
1.0
0.0
0.25
0.0
0.0
0.0
1.25
2.5
1.0
4.0
1.25
0.0
0.0
0.0
0.0
0.0
0.0
0.0
0.0
0.0
0.0
0.0
0.0
0.0
0.0
0.0
0.0
0.0
0.0
0.0
0.0
0.0
0.0
0.0
0.0
0.0
0.0
0.0
0.0
0.0
0.0
0.0
0.75
0.0
0.0
0.0
0.0
0.0
0.0
0.0
0.0
0.0
0.0
0.0
0.0
0.0
0.0
0.0
0.0
0.0
0.0
0.0
0.0
0.0
0.0
0.0
0.0
0.0
0.0
0.0
0.0
0.0
0.25
2.75
9.0
5.0
3.75
4.0
0.5
0.0
0.0
0.0
0.0
0.0
0.0
0.0
0.0
1.5
4.5
12.5
6.25
0.75
0.0
0.0
0.0
0.0
0.0
0.0
0.0
0.0
0.0
0.0
0.0
0.0
0.0
0.0
0.0
0.0
0.0
0.0
0.0
0.0
0.0
0.0
0.0
0.0
0.0
0.0
0.0
0.0
0.0
0.0
0.0
0.0
0.0
0.0
0.0
0.0
0.0
0.0
0.25
0.0
0.0
0.0
0.0
0.0
0.0
0.0
0.0
0.0
0.0
0.25
0.0
0.0
0.0
0.0
0.0
0.0
0.0
0.0
0.0
0.0
0.0
0.0
0.0
0.0
0.0
0.0
0.0
0.0
0.0
0.0
0.0
0.0
0.0
0.0
0.0
0.75
2.5
4.75
2.5
2.75
1.25
0.0
0.0
0.0
0.0
0.0
0.0
0.0
0.0
0.0
0.75
2.5
0.25
0.0
0.0
0.0
0.0
0.0
0.0
0.0
0.0
0.0
0.0
0.0
0.0
0.0
0.0
0.0
0.0
0.0
0.0
0.0
0.0
0.0
0.0
0.0
0.0
0.0
0.0
0.0
0.0
0.0
0.0
0.0
0.25
0.0
0.0
0.0
0.0
0.0
0.0
0.0
0.0
0.0
0.5
0.25
0.0
0.0
0.0
0.0
0.0
0.0
0.0
0.0
0.0
0.0
0.0
0.0
0.0
0.0
0.0
0.0
0.0
0.0
0.0
0.0
0.0
0.25
0.25
0.0
0.0
0.0
0.0
0.0
0.0
0.0
0.0
0.0
0.0
0.0
0.0
0.0
0.0
0.0
0.0
0.0
0.0
1.0
1.75
0.0
0.0
0.0
0.0
0.0
0.0
0.0
0.0
0.0
0.0
0.0
0.0
0.0
0.0
0.0
0.0
0.0
0.0
0.0
0.0
0.0
0.0
0.0
0.0
0.0
0.0
0.0
0.0
0.0
0.0
0.0
0.0
0.0
0.0
0.0
0.0
0.0
0.0
0.0
0.0
0.0
0.0
0.0
0.0
0.0
0.0
0.0
0.0
0.0
0.0
0.0
0.0
0.0
0.0
0.0
0.0
0.0
0.0
0.5
0.25
0.0
0.0
0.0
0.0
0.5
4.0
12.0
17.25
24.75
15.5
7.0
11.0
8.25
8.25
5.75
0.75
0.0
0.0
0.0
0.0
0.25
0.25
0.0
0.0
0.0
0.0
0.0
0.0
0.0
0.0
0.0
0.0
0.0
0.0
0.0
0.0
0.0
0.0
0.0
0.0
0.0
0.0
0.0
0.0
0.0
0.0
0.0
0.0
0.0
0.0
0.0
0.0
0.0
0.0
0.0
0.0
0.0
0.0
0.0
0.0
0.0
0.0
0.0
0.0
0.0
0.0
0.0
0.0
0.0
0.0
1.5
4.0
7.0
5.0
5.25
2.5
0.0
0.0
0.0
0.0
0.0
0.0
0.0
0.0
0.0
0.0
0.0
0.0
0.0
0.0
0.0
0.0
0.0
0.25
2.25
2.25
0.0
0.0
0.0
0.0
0.0
0.0
0.0
0.0
0.0
0.0
0.0
0.0
0.0
0.0
0.0
0.0
0.0
0.0
0.0
0.0
0.0
0.0
0.0
0.5
0.0
0.0
0.0
0.0
0.0
0.0
0.0
0.0
0.0
0.0
0.0
0.0
0.0
0.0
0.0
0.0
0.0
0.0
0.0
0.0
0.0
0.0
0.0
0.0
0.0
0.0
0.0
0.0
0.0
0.0
0.0
0.0
0.0
0.0
0.0
0.0
0.0
0.0
0.0
0.0
0.0
0.0
0.0
0.0
0.0
0.0
0.0
0.75
0.0
0.0
0.0
0.0
0.0
0.0
0.0
0.0
0.0
3.0
6.25
12.5
20.25
26.5
22.0
24.25
21.25
23.25
20.25
8.5
2.0
1.5
1.75
2.5
3.5
4.25
4.0
5.0
8.0
13.25
14.25
5.25
1.75
0.0
0.0
0.0
0.0
0.0
0.0
0.0
0.0
0.0
0.0
0.0
0.0
0.25
0.0
0.0
0.0
0.0
0.0
0.0
0.0
0.0
0.0
0.0
0.0
0.0
0.0
0.0
0.0
0.0
0.0
0.0
0.0
0.0
0.0
0.0
0.0
0.0
0.0
0.0
0.0
0.0
0.0
0.0
0.0
0.0
0.0
0.0
0.0
0.0
0.0
0.0
0.0
0.0
0.0
0.0
0.0
0.0
0.0
0.0
0.0
0.0
0.0
0.0
0.0
0.0
0.0
0.0
0.0
0.0
0.0
0.0
0.0
0.0
0.0
0.0
0.0
0.0
0.0
0.0
0.0
0.0
0.0
0.5
0.0
0.0
0.0
0.0
0.0
0.0
0.0
0.0
0.0
0.0
0.0
0.0
0.0
0.0
0.0
0.0
0.0
0.0
0.0
0.0
0.0
0.0
0.0
0.0
0.0
0.0
0.0
0.0
0.0
0.0
0.0
0.0
0.0
0.0
0.0
0.0
0.0
0.0
0.0
0.0
0.0
0.0
0.0
0.0
0.0
0.0
0.0
0.0
0.0
0.0
0.0
0.0
0.0
0.0
0.0
0.0
0.0
0.0
0.0
0.0
0.0
0.0
0.0
0.0
0.0
0.0
0.0
0.0
0.0
0.0
0.0
0.0
0.0
0.0
0.0
1.0
0.0
0.0
0.0
0.0
0.0
0.0
0.0
0.0
0.0
0.0
0.0
0.0
0.25
1.0
0.0
0.0
0.25
0.0
0.0
0.0
0.0
0.0
0.0
0.0
0.0
0.0
0.0
0.0
0.0
0.0
0.0
0.0
0.0
0.0
0.0
0.0
0.0
0.0
0.0
0.0
0.0
0.0
0.0
0.0
0.0
0.0
0.5
0.0
0.0
0.0
0.0
0.0
0.0
0.0
0.0
0.0
0.0
0.0
0.0
0.0
0.0
0.0
0.0
0.0
0.0
0.0
0.0
0.0
0.0
0.0
0.0
0.0
0.0
0.0
0.0
0.25
1.75
2.5
0.25
0.0
0.0
0.0
0.0
0.0
0.0
0.0
0.0
0.0
0.0
0.0
0.0
0.0
0.0
0.0
0.0
0.0
0.0
0.0
0.0
0.0
0.0
0.0
0.0
0.0
0.0
0.0
0.0
0.0
0.0
0.0
0.0
0.0
0.0
0.5
2.0
1.0
0.0
0.0
0.0
0.0
0.0
0.0
0.0
0.0
0.0
0.75
1.25
4.75
10.75
7.75
4.5
3.25
1.75
0.0
0.0
0.0
0.0
0.0
0.0
0.0
0.0
0.0
0.0
0.0
0.0
0.0
0.0
0.0
0.0
0.0
0.0
0.25
1.5
1.25
3.5
0.75
0.0
0.0
0.0
0.0
0.0
0.0
0.0
0.0
0.0
0.0
0.0
0.25
0.0
0.0
0.0
0.0
0.0
0.0
0.0
0.0
0.0
0.0
0.0
0.0
0.0
0.0
0.0
0.0
0.0
0.0
0.0
0.0
0.0
0.0
0.0
0.0
0.0
0.0
0.0
0.0
0.0
0.0
0.0
0.0
0.0
0.0
0.0
0.25
3.0
2.0
0.25
0.0
0.0
0.0
0.0
0.25
0.0
0.0
0.0
0.0
0.0
0.0
0.0
0.0
0.0
0.0
1.0
0.25
0.0
0.0
0.0
0.0
0.0
0.0
0.0
0.0
0.0
0.0
0.0
0.0
0.0
0.0
0.0
0.0
0.0
0.0
0.0
0.0
0.0
0.0
0.0
0.0
0.0
0.0
0.0
0.0
0.0
0.0
0.0
0.0
0.0
0.0
0.0
0.0
0.0
0.0
0.0
0.0
0.0
0.0
0.0
0.0
0.0
0.0
0.0
0.0
1.75
1.5
0.0
0.0
0.0
0.0
0.0
0.0
0.0
0.0
0.0
0.0
0.0
0.0
0.0
0.0
0.0
0.0
0.0
0.0
0.0
0.75
1.0
0.0
0.0
0.0
0.0
0.0
0.0
0.0
0.0
0.0
0.0
0.0
0.0
0.0
0.0
1.0
2.75
0.0
0.0
0.0
0.0
0.0
0.0
0.0
0.0
0.0
0.0
0.0
0.0
0.0
0.0
0.0
0.25
0.0
0.0
0.0
0.0
0.0
0.0
0.0
0.0
0.0
0.0
0.0
0.0
0.0
0.0
0.0
0.0
0.0
0.0
0.0
0.0
0.0
0.0
0.0
0.0
0.0
0.0
0.0
0.0
0.0
0.0
0.0
0.0
0.0
0.0
0.0
0.0
0.0
0.0
0.0
0.0
0.0
0.0
0.0
0.0
0.0
0.0
0.0
0.0
0.0
0.0
0.0
0.0
0.0
0.0
0.0
0.0
0.0
0.0
0.0
0.0
0.0
0.0
0.0
0.0
0.0
0.0
0.0
0.0
0.0
0.0
0.0
0.0
0.0
0.0
0.0
0.0
0.0
0.0
0.0
0.0
0.0
0.0
0.0
0.0
0.0
0.0
0.0
0.0
0.0
0.0
0.0
0.0
0.0
0.0
0.0
0.0
0.0
0.0
0.0
0.0
0.0
0.0
0.0
0.0
0.0
0.0
0.0
0.0
0.0
0.0
0.0
0.0
0.0
0.0
0.0
0.0
0.0
0.0
0.0
0.0
0.0
0.0
0.0
0.0
0.0
0.0
0.0
0.0
0.0
0.0
0.0
0.0
0.0
0.0
0.0
0.0
0.0
0.0
0.0
0.0
0.0
0.0
0.0
1.25
7.0
4.0
0.75
0.0
0.0
0.0
0.0
0.0
0.0
0.0
0.0
0.0
0.0
0.0
0.0
0.0
0.0
1.5
0.75
0.0
0.0
0.0
0.0
0.0
0.0
0.0
0.0
0.0
0.0
0.0
0.0
0.0
0.0
0.0
0.0
0.0
0.0
0.0
0.0
0.0
0.0
0.0
0.0
0.0
1.25
0.0
0.0
0.0
0.0
0.0
0.0
0.75
3.0
0.25
0.0
0.0
0.0
0.0
0.0
0.0
0.0
0.0
0.0
0.0
0.0
0.0
0.0
0.0
0.0
0.0
0.0
0.5
2.0
1.25
1.75
0.5
0.0
0.0
0.0
0.0
0.25
1.75
0.0
0.0
0.0
0.25
0.0
0.0
0.0
0.0
0.0
0.0
0.0
0.0
0.0
0.0
0.0
0.0
0.0
0.0
0.0
0.0
0.0
0.0
0.0
0.0
0.0
0.0
0.0
0.0
0.0
0.0
0.0
0.0
0.0
0.0
0.0
0.0
0.0
0.0
0.0
0.0
0.0
0.0
0.0
0.0
0.0
0.0
0.25
0.0
0.0
0.0
0.0
0.0
0.0
0.0
0.0
0.0
0.0
0.0
0.0
0.0
0.5
1.5
0.0
0.0
0.25
0.0
0.0
0.0
0.0
0.0
0.0
0.0
0.0
0.0
0.0
0.0
0.0
0.0
0.0
0.0
0.0
0.0
0.0
0.0
0.0
0.0
0.0
0.0
0.0
0.0
0.0
0.0
0.0
0.0
0.0
0.0
0.0
0.0
0.0
0.0
0.0
0.25
0.0
0.0
0.25
0.0
0.0
0.0
0.0
0.0
0.0
0.0
0.0
0.0
0.0
0.0
0.0
0.0
0.0
0.0
0.25
0.0
0.0
0.0
0.0
0.0
0.0
0.0
0.0
0.0
0.0
0.0
0.25
0.0
0.0
0.0
0.0
0.0
0.0
0.0
0.0
0.0
0.0
0.0
0.0
0.0
0.0
0.0
0.0
0.0
0.0
0.0
0.0
0.25
0.0
0.0
0.0
0.0
0.0
0.0
0.0
0.0
0.0
0.0
0.0
0.0
0.0
0.0
0.0
0.0
0.0
0.25
0.0
0.0
0.0
0.0
0.0
0.0
0.0
0.0
0.0
0.0
0.25
0.25
0.0
0.0
0.0
0.0
0.0
0.0
0.0
0.0
1.0
0.0
0.0
0.0
0.0
0.0
0.0
0.0
0.0
0.0
0.0
0.0
0.0
0.0
0.0
0.0
0.0
0.0
0.0
0.0
0.0
0.0
0.0
0.0
0.0
0.0
0.0
0.5
0.25
0.0
0.0
0.0
0.0
0.0
0.0
0.0
0.0
0.0
0.0
0.0
0.0
0.0
0.0
0.0
0.0
0.0
0.0
0.0
0.0
0.0
0.0
0.0
0.0
0.0
0.0
0.0
0.0
0.0
0.0
0.0
0.0
0.0
0.0
0.0
0.0
0.75
0.5
0.0
0.0
0.0
0.0
0.0
0.0
0.0
0.0
0.0
0.0
0.5
4.25
6.5
6.75
13.0
20.25
32.25
26.75
20.0
21.0
11.0
10.75
3.25
5.25
3.25
1.25
3.75
4.5
0.0
0.75
0.0
0.0
0.0
0.0
0.0
0.0
0.0
0.0
0.0
0.0
0.0
0.0
0.0
3.25
6.5
6.0
6.25
3.5
0.25
0.0
0.0
0.0
0.0
0.0
0.0
0.0
0.0
0.0
0.0
0.0
0.0
0.0
0.0
0.0
0.0
0.0
0.0
0.0
0.0
0.75
0.75
0.0
0.0
0.0
0.0
0.0
0.0
0.0
0.0
0.0
0.0
0.0
0.0
0.0
0.0
0.0
0.0
0.0
0.0
0.25
0.0
0.0
0.0
0.0
0.0
0.0
0.0
0.0
0.0
0.0
0.0
0.0
0.0
0.0
0.0
0.0
0.0
1.25
0.0
0.0
0.0
0.0
0.0
0.0
0.0
0.0
0.0
0.0
0.0
0.0
0.0
0.0
0.0
0.0
0.0
0.0
0.0
0.0
0.0
0.0
0.0
0.0
0.0
0.0
0.0
0.0
0.0
0.0
0.0
0.0
0.0
0.0
0.0
0.0
0.0
0.0
0.0
0.0
0.0
0.0
0.0
0.0
0.0
0.25
1.75
0.0
0.0
0.0
0.0
0.0
0.0
0.0
0.0
0.0
0.0
0.75
0.0
0.0
0.0
0.0
0.0
0.0
0.0
0.0
0.0
0.0
0.0
0.0
0.0
0.0
0.0
0.0
0.0
0.0
0.0
0.0
0.0
0.0

Average_Alpha:
0.250000001
0.2500000050000001
0.25000000900000025
0.2500000130000003
0.25000001700000046
0.2500000210000005
0.2500000250000007
0.25000002900000073
0.2500000330000009
0.25000003700000095
0.25000004100000117
0.2500000450000011
0.25000004900000133
0.2500000530000014
0.25000005700000155
0.2500000590000016
0.25000006300000177
0.2500000670000018
0.250000071000002
0.25000007500000204
0.2500000790000022
0.25000008300000226
0.2500000870000024
0.2500000840000025
0.2500000800000026
0.2500000840000027
0.25000008800000284
0.2500000910000029
0.2500000890000031
0.2500000880000031
0.2500000920000033
0.25000009600000334
0.2500001000000035
0.2500001040000035
0.2500001080000037
0.25000011200000377
0.25000011600000394
0.25000012000000393
0.2500001240000041
0.25000012800000415
0.2500001320000043
0.25000013600000437
0.2500001400000046
0.2500001440000046
0.25000014800000475
0.2500001520000048
0.25000015600000497
0.250000160000005
0.2500001640000052
0.2500001680000052
0.2500001720000054
0.2500001760000054
0.2500001800000056
0.2500001840000056
0.25000018800000584
0.25000019200000584
0.25000019600000606
0.25000020000000606
0.2500002040000063
0.2500002080000063
0.25000021200000644
0.2500002160000065
0.25000022000000666
0.2500002240000067
0.2500002280000069
0.25000023200000693
0.2500002360000071
0.25000024000000715
0.2500002440000073
0.25000024800000736
0.25000025200000753
0.2500002560000076
0.2500002520000077
0.2500002350000078
0.250000210000008
0.250000206000008
0.25000021000000816
0.25000019900000814
0.2500001730000083
0.2500001180000084
0.2500000340000085
0.24999991700000854
0.24999982700000867
0.24999971400000864
0.24999955000000876
0.24999936200000877
0.24999915900000882
0.24999900500000885
0.24999889000000888
0.24999878900000888
0.24999869500000893
0.24999859100000893
0.24999849500000898
0.24999839000000895
0.249998319000009
0.249998237000009
0.249998157000009
0.24999808400000897
0.24999800100000902
0.24999792400000903
0.24999787100000903
0.24999779300000904
0.24999772500000905
0.24999766300000903
0.24999758700000904
0.2499975520000091
0.24999753300000907
0.24999750600000906
0.24999749800000903
0.2499975020000091
0.24999750600000908
0.24999751000000908
0.2499975140000091
0.24999751800000908
0.2499975220000091
0.2499975260000091
0.24999753000000913
0.24999753300000913
0.24999753700000912
0.2499975410000091
0.24999754500000912
0.24999754900000912
0.24999755300000912
0.2499975570000091
0.2499975610000091
0.24999756500000914
0.24999756900000916
0.24999757300000913
0.24999757700000913
0.24999758100000916
0.24999758500000913
0.24999758900000915
0.24999759300000915
0.24999759700000918
0.24999760100000917
0.24999760500000917
0.24999760900000917
0.24999761300000917
0.24999761700000916
0.24999762100000916
0.24999762500000922
0.24999762900000916
0.24999763300000918
0.2499976370000092
0.2499976410000092
0.2499976450000092
0.2499976490000092
0.24999765300000923
0.2499976570000092
0.2499976610000092
0.24999766500000925
0.24999766900000925
0.24999767300000922
0.24999767700000922
0.24999768100000924
0.24999768500000927
0.24999768700000924
0.24999769100000924
0.24999769500000923
0.24999769900000926
0.24999770300000926
0.24999770700000928
0.24999771100000928
0.24999771500000925
0.24999771900000928
0.24999772300000928
0.2499977270000093
0.24999773100000927
0.2499977350000093
0.2499977390000093
0.2499977430000093
0.2499977470000093
0.24999775100000932
0.24999775500000931
0.24999775900000928
0.2499977630000093
0.24999776700000934
0.24999777100000933
0.2499977750000093
0.24999777900000933
0.24999778300000935
0.24999778700000935
0.24999779100000935
0.24999779500000935
0.24999779900000937
0.24999780300000934
0.24999780700000934
0.24999781100000937
0.2499978150000094
0.24999781900000936
0.24999782300000936
0.24999782700000936
0.24999783100000939
0.24999783500000938
0.24999783900000938
0.2499978430000094
0.24999784500000943
0.2499978470000094
0.2499978500000094
0.2499978540000094
0.24999785800000943
0.2499978620000094
0.24999786600000942
0.24999787000000942
0.24999787300000942
0.24999787700000942
0.24999788100000944
0.24999788500000944
0.24999788900000944
0.24999789300000944
0.24999789700000946
0.24999790100000946
0.24999790500000943
0.24999790900000943
0.24999791300000948
0.24999791700000948
0.24999792100000945
0.24999792500000947
0.24999792900000947
0.24999793300000947
0.24999793700000947
0.24999794100000947
0.24999794500000952
0.2499979480000095
0.2499979520000095
0.2499979560000095
0.2499979600000095
0.24999796400000948
0.2499979670000095
0.2499979680000095
0.24999797200000953
0.2499979760000095
0.24999798000000953
0.24999798400000953
0.24999798800000952
0.24999799200000955
0.24999799600000955
0.24999800000000955
0.24999800400000954
0.24999800800000951
0.24999801200000957
0.24999801600000957
0.24999802000000954
0.24999802400000956
0.2499980280000096
0.24999803200000958
0.24999803600000958
0.24999804000000958
0.2499980440000096
0.24999804800000958
0.24999805200000957
0.24999805600000963
0.24999806000000963
0.24999806400000965
0.24999806800000968
0.2499980720000097
0.24999807600000973
0.24999808000000973
0.24999808400000978
0.24999808800000978
0.24999809200000983
0.2499980960000098
0.24999810000000983
0.24999810400000985
0.2499981080000099
0.24999811200000988
0.24999811600000993
0.24999812000000993
0.24999812400000995
0.24999812800000995
0.24999813200001
0.24999813600001
0.24999814000001003
0.24999814400001005
0.24999814800001008
0.2499981520000101
0.2499981560000101
0.24999816000001013
0.24999816400001015
0.2499981680000102
0.24999817200001018
0.2499981760000102
0.24999818000001023
0.24999818400001025
0.24999818800001025
0.2499981920000103
0.2499981950000103
0.2499981920000103
0.24999817900001034
0.24999815500001038
0.24999815100001038
0.2499981480000104
0.24999814300001044
0.24999812000001043
0.24999806900001045
0.2499980480000105
0.2499980280000105
0.2499979780000105
0.24999788300001052
0.24999778000001055
0.24999766600001055
0.24999747500001057
0.24999723300001056
0.24999703700001058
0.24999682100001058
0.24999666200001058
0.2499965370000106
0.24999639900001064
0.2499962560000106
0.2499961220000106
0.2499960360000106
0.2499959640000106
0.24999589900001057
0.2499958680000106
0.2499958510000106
0.2499958530000106
0.2499958570000106
0.24999586100001062
0.24999586500001061
0.2499958690000106
0.24999587300001058
0.2499958770000106
0.24999588100001058
0.2499958850000106
0.2499958890000106
0.2499958930000106
0.2499958970000106
0.2499959010000106
0.2499959050000106
0.24999590900001062
0.24999590900001062
0.24999591200001062
0.2499959160000106
0.2499959200000106
0.2499959240000106
0.2499959280000106
0.24999593200001058
0.2499959360000106
0.2499959400000106
0.2499959440000106
0.2499959480000106
0.24999595200001062
0.24999595600001062
0.2499959600000106
0.2499959640000106
0.24999596800001062
0.2499959720000106
0.2499959760000106
0.2499959800000106
0.24999598400001063
0.24999598800001058
0.2499959920000106
0.2499959960000106
0.2499960000000106
0.2499960040000106
0.24999600800001062
0.24999601200001062
0.2499960160000106
0.24999602000001062
0.2499960240000106
0.24999602800001058
0.2499960320000106
0.2499960360000106
0.24999604000001063
0.2499960440000106
0.2499960480000106
0.2499960520000106
0.24999605600001057
0.2499960600000106
0.24999606400001062
0.24999606800001062
0.24999607200001062
0.24999607600001061
0.24999608000001064
0.24999608400001064
0.2499960880000106
0.2499960920000106
0.24999609600001063
0.2499961000000106
0.24999610300001063
0.24999610700001063
0.24999611100001062
0.24999611500001062
0.24999611900001062
0.24999612000001062
0.2499961150000106
0.2499961160000106
0.24999610700001063
0.2499960910000106
0.2499960920000106
0.2499960960000106
0.24999610000001063
0.2499961040000106
0.24999610600001063
0.24999611000001062
0.2499961140000106
0.24999611800001062
0.24999612200001062
0.24999612600001064
0.2499961300000106
0.2499961340000106
0.24999613800001064
0.24999614200001063
0.24999614600001063
0.24999615000001063
0.24999615400001063
0.24999615800001063
0.2499961620000106
0.24999616600001062
0.24999617000001065
0.24999617400001062
0.24999617800001062
0.2499961820000106
0.2499961860000106
0.24999619000001064
0.2499961940000106
0.24999619800001063
0.2499962020000106
0.24999620500001063
0.2499962010000106
0.24999620300001063
0.24999620700001063
0.24999621100001065
0.2499962150000106
0.2499962190000106
0.24999622300001065
0.24999622700001065
0.2499962300000106
0.24999623400001061
0.24999623800001064
0.24999624200001064
0.2499962460000106
0.2499962500000106
0.24999625400001066
0.24999625800001063
0.24999626200001063
0.24999626600001063
0.24999627000001062
0.24999627400001062
0.24999627800001062
0.24999628200001064
0.24999628600001061
0.2499962900000106
0.24999629400001064
0.24999629800001064
0.24999630200001063
0.24999630600001063
0.24999631000001063
0.2499963140000106
0.24999631800001063
0.24999632200001062
0.24999632600001065
0.24999633000001062
0.24999633400001062
0.24999633800001062
0.2499963420000106
0.2499963410000106
0.24999634500001064
0.24999634900001064
0.24999635300001063
0.2499963570000106
0.2499963610000106
0.24999636500001066
0.24999636900001065
0.24999637300001062
0.24999637700001062
0.24999638100001065
0.24999638500001065
0.24999638900001062
0.24999639300001064
0.24999639700001064
0.2499964010000106
0.24999640500001064
0.24999640900001063
0.24999641300001066
0.24999641700001063
0.24999642100001063
0.24999642300001063
0.24999642100001063
0.2499964060000106
0.24999639700001064
0.24999639300001064
0.24999639600001064
0.2499964000000106
0.2499964040000106
0.24999640800001066
0.24999641200001066
0.24999641600001063
0.24999642000001063
0.24999642400001063
0.24999642800001065
0.24999643200001062
0.24999643600001062
0.24999644000001064
0.24999644400001064
0.24999644800001064
0.24999645200001064
0.24999645600001064
0.24999646000001063
0.24999646400001063
0.24999646800001063
0.24999647200001068
0.24999647600001065
0.24999648000001065
0.2499964840000107
0.24999648800001067
0.24999649200001067
0.2499964960000107
0.24999650000001072
0.2499965040000107
0.24999650800001072
0.24999651200001072
0.24999651600001072
0.24999652000001074
0.24999652400001074
0.24999652800001074
0.24999653200001076
0.2499965360000108
0.2499965400000108
0.24999654400001078
0.2499965480000108
0.2499965520000108
0.2499965560000108
0.24999656000001078
0.24999656400001083
0.24999656800001083
0.24999657200001085
0.24999657600001085
0.24999658000001085
0.24999658400001087
0.2499965880000109
0.24999659200001087
0.24999659600001087
0.2499966000000109
0.2499966040000109
0.2499966080000109
0.24999661200001094
0.2499966160000109
0.2499966200000109
0.24999662400001094
0.24999662800001096
0.24999663200001096
0.24999663600001096
0.24999664000001098
0.24999664400001098
0.24999664800001095
0.249996652000011
0.249996656000011
0.249996660000011
0.24999666400001103
0.24999666800001102
0.24999667200001102
0.24999667600001108
0.24999668000001105
0.24999668400001107
0.24999668800001107
0.24999669200001107
0.24999669600001106
0.24999670000001106
0.24999670400001112
0.2499967080000111
0.2499967120000111
0.24999671600001114
0.24999672000001114
0.2499967240000111
0.24999672800001116
0.24999673200001116
0.24999673600001113
0.24999674000001118
0.24999674400001118
0.2499967480000112
0.24999675200001117
0.2499967560000112
0.2499967600000112
0.24999676400001122
0.24999676800001122
0.24999677200001122
0.24999677600001124
0.24999678000001122
0.24999678400001124
0.24999678800001124
0.2499967920000113
0.24999679600001126
0.2499968000000113
0.2499968040000113
0.2499968080000113
0.24999681200001128
0.24999681600001133
0.24999682000001133
0.2499968240000113
0.24999682800001136
0.24999683200001135
0.24999683600001135
0.24999684000001135
0.24999684400001138
0.24999684800001137
0.2499968520000114
0.24999685600001137
0.2499968600000114
0.2499968640000114
0.24999686800001142
0.24999687200001142
0.24999687600001144
0.24999688000001147
0.24999688400001144
0.24999688800001144
0.24999689200001146
0.2499968960000115
0.24999690000001146
0.24999690300001146
0.2499969070000115
0.2499969110000115
0.2499969150000115
0.24999691900001153
0.24999692300001153
0.24999692700001153
0.24999693100001152
0.24999693400001155
0.24999693800001158
0.24999694200001155
0.24999694600001157
0.2499969500000116
0.2499969540000116
0.2499969580000116
0.2499969620000116
0.2499969660000116
0.24999697000001164
0.2499969740000116
0.2499969780000116
0.24999698200001166
0.24999698600001163
0.24999699000001163
0.24999699400001169
0.24999699800001168
0.24999700200001168
0.2499970060000117
0.2499970100000117
0.24999701400001167
0.2499970180000117
0.24999702200001173
0.24999702600001172
0.24999703000001172
0.24999703100001172
0.24999702400001175
0.24999701500001173
0.24999701500001176
0.24999701900001176
0.24999702300001178
0.24999702700001178
0.24999703100001178
0.2499970350000118
0.2499970390000118
0.24999704300001183
0.24999704700001182
0.24999705100001182
0.24999705500001185
0.24999705900001182
0.24999706300001184
0.24999706700001184
0.2499970710000119
0.24999707500001186
0.24999707900001186
0.2499970830000119
0.2499970870000119
0.24999708900001189
0.2499970930000119
0.24999709700001194
0.24999710100001193
0.24999710500001193
0.24999710900001193
0.24999711300001196
0.24999711700001195
0.24999712100001195
0.24999712500001198
0.24999712900001198
0.249997133000012
0.249997137000012
0.249997141000012
0.24999714500001205
0.24999714900001202
0.24999715300001202
0.24999715700001204
0.24999716100001207
0.24999716500001204
0.24999716900001206
0.24999717300001206
0.24999717700001206
0.2499971810000121
0.24999718500001208
0.2499971890000121
0.2499971930000121
0.2499971970000121
0.24999720100001213
0.24999720500001213
0.24999720900001215
0.24999721300001215
0.24999721700001215
0.24999722100001212
0.24999722500001217
0.24999722900001217
0.24999723300001217
0.2499972370000122
0.2499972410000122
0.2499972440000122
0.24999724700001222
0.2499972510000122
0.24999725500001221
0.24999725900001224
0.24999726300001224
0.24999726500001224
0.24999726900001226
0.2499972730000123
0.24999727700001229
0.24999728100001228
0.2499972850000123
0.2499972890000123
0.2499972930000123
0.2499972970000123
0.24999730100001233
0.24999730500001233
0.2499973090000123
0.24999731300001235
0.24999731700001235
0.24999732100001237
0.24999732500001237
0.24999732900001237
0.24999733200001237
0.2499973340000124
0.2499973380000124
0.2499973420000124
0.24999734600001242
0.2499973500000124
0.2499973540000124
0.24999735800001244
0.2499973620000124
0.24999736600001246
0.24999737000001243
0.24999737400001246
0.24999737800001248
0.24999738200001245
0.24999738600001248
0.2499973870000125
0.24999737500001248
0.2499973480000125
0.24999733600001253
0.2499973210000125
0.2499972750000125
0.24999721800001254
0.24999714800001255
0.24999702600001253
0.24999692800001252
0.24999685300001254
0.24999677000001255
0.2499966940000126
0.24999666000001258
0.24999666300001264
0.24999666700001263
0.2499966710000126
0.24999667500001266
0.24999667900001266
0.24999668300001265
0.24999668700001268
0.24999669100001268
0.2499966950000127
0.2499966990000127
0.24999670300001273
0.24999670700001272
0.24999671100001275
0.24999671500001275
0.24999671900001275
0.24999672300001277
0.24999672700001277
0.2499967310000128
0.2499967350000128
0.2499967390000128
0.24999674300001282
0.24999674700001281
0.24999675100001287
0.24999675500001287
0.24999675900001286
0.2499967630000129
0.2499967670000129
0.24999677100001294
0.24999676500001294
0.24999674600001293
0.24999674400001293
0.24999673700001296
0.24999673000001296
0.24999671200001297
0.249996679000013
0.24999664500001298
0.249996609000013
0.249996585000013
0.24999654900001303
0.249996494000013
0.24999643900001303
0.24999637100001307
0.24999631900001304
0.24999627900001303
0.24999627500001306
0.2499962780000131
0.2499962820000131
0.24999628600001308
0.24999629000001308
0.2499962940000131
0.2499962980000131
0.24999630100001308
0.24999629100001314
0.24999627500001312
0.24999627500001312
0.24999627900001314
0.24999628200001314
0.24999628600001317
0.24999629000001314
0.24999629400001316
0.24999629300001316
0.2499962870000132
0.2499962870000132
0.2499962750000132
0.2499962740000132
0.2499962780000132
0.2499962820000132
0.24999628600001325
0.24999629000001322
0.24999629400001322
0.24999629800001325
0.24999630200001324
0.24999630600001324
0.24999631000001327
0.24999631400001326
0.24999631800001326
0.24999632200001326
0.24999632600001326
0.2499963300000133
0.24999633400001328
0.24999633800001328
0.2499963420000133
0.24999634600001333
0.2499963500000133
0.24999635400001333
0.24999635800001335
0.24999636200001332
0.24999636600001335
0.24999637000001335
0.24999637400001334
0.24999637800001337
0.24999638200001337
0.2499963860000134
0.2499963900000134
0.24999639400001336
0.24999639800001341
0.24999639900001341
0.2499964030000134
0.24999640700001338
0.2499964110000134
0.24999641500001343
0.24999641900001343
0.24999642300001343
0.24999642700001345
0.24999643100001345
0.24999643500001342
0.24999643900001348
0.24999644300001347
0.24999644700001347
0.24999645100001347
0.2499964550000135
0.2499964590000135
0.2499964630000135
0.24999646700001352
0.24999647100001351
0.2499964750000135
0.24999647900001348
0.24999648300001354
0.24999648700001353
0.24999649100001353
0.24999649500001356
0.24999649900001356
0.24999650300001355
0.24999650700001358
0.24999651100001358
0.24999651500001357
0.2499965180000136
0.24999651100001358
0.2499964790000136
0.2499964630000136
0.2499964520000136
0.2499964400000136
0.2499964420000136
0.2499964460000136
0.24999645000001364
0.2499964540000136
0.24999645800001363
0.24999646200001366
0.24999646600001363
0.24999647000001365
0.24999647400001365
0.24999647200001365
0.24999645800001366
0.24999641200001366
0.24999639100001367
0.2499963920000137
0.2499963960000137
0.2499964000000137
0.2499964040000137
0.24999640800001371
0.2499964120000137
0.2499964160000137
0.24999642000001374
0.2499964240000137
0.24999642800001373
0.24999643200001373
0.24999643600001376
0.24999644000001375
0.24999644400001375
0.24999644800001375
0.24999645200001377
0.24999645600001377
0.24999646000001377
0.24999646400001377
0.2499964680000138
0.2499964720000138
0.2499964760000138
0.2499964800000138
0.24999648400001379
0.2499964880000138
0.2499964920000138
0.2499964960000138
0.2499965000000138
0.24999650400001383
0.24999650800001386
0.24999651200001383
0.24999651600001382
0.24999652000001385
0.24999652400001385
0.24999652800001387
0.24999653200001387
0.24999653600001387
0.24999654000001387
0.24999654400001387
0.2499965470000139
0.2499965510000139
0.24999655500001391
0.2499965590000139
0.2499965630000139
0.2499965670000139
0.2499965710000139
0.2499965750000139
0.24999657900001393
0.2499965830000139
0.24999658700001393
0.24999659000001395
0.24999659400001395
0.24999659800001392
0.24999660200001395
0.24999660600001397
0.24999661000001397
0.24999661400001397
0.24999661800001396
0.249996622000014
0.249996626000014
0.24999663000001396
0.249996634000014
0.249996638000014
0.24999664200001398
0.249996646000014
0.24999665000001403
0.24999665400001403
0.24999665800001403
0.24999666200001402
0.24999666600001405
0.24999667000001405
0.24999667400001402
0.24999667800001404
0.24999668200001404
0.24999668600001404
0.24999669000001404
0.24999669100001407
0.2499966850000141
0.2499966700000141
0.2499966640000141
0.24999665700001408
0.24999665600001408
0.2499966600000141
0.2499966640000141
0.24999666800001413
0.24999667200001413
0.2499966760000141
0.24999668000001413
0.24999668400001415
0.24999668800001412
0.24999669200001415
0.24999669300001415
0.24999668700001412
0.24999669000001418
0.24999669400001415
0.24999669800001417
0.24999670200001417
0.24999670600001417
0.24999671000001417
0.24999671400001422
0.2499967180000142
0.24999672200001422
0.24999672600001424
0.2499967300000142
0.24999673400001426
0.24999673800001426
0.2499967420000143
0.24999674600001429
0.2499967500000143
0.24999675400001434
0.24999675800001436
0.24999676200001436
0.2499967660000144
0.2499967700000144
0.2499967740000144
0.24999677800001444
0.24999678200001443
0.2499967860000145
0.24999679000001446
0.2499967940000145
0.2499967980000145
0.24999680200001456
0.24999680600001453
0.24999681000001456
0.24999681400001458
0.24999681700001458
0.24999682100001458
0.2499968250000146
0.24999682900001466
0.24999683300001468
0.24999683700001465
0.24999684100001468
0.2499968450000147
0.24999684900001473
0.2499968530000147
0.24999685500001473
0.24999685800001478
0.2499968620000148
0.24999686600001478
0.2499968700000148
0.24999687400001483
0.24999687800001485
0.24999688200001485
0.24999688600001488
0.2499968900000149
0.24999689400001493
0.24999689800001493
0.24999690200001493
0.24999690600001498
0.24999691000001498
0.249996914000015
0.249996918000015
0.24999692200001505
0.24999692600001502
0.24999693000001508
0.24999693400001508
0.2499969380000151
0.2499969420000151
0.24999694500001512
0.24999694800001515
0.24999695200001515
0.24999695600001515
0.24999696000001517
0.2499969640000152
0.24999696800001522
0.24999697200001525
0.24999697600001525
0.24999698000001525
0.2499969840000153
0.24999698800001527
0.24999699200001532
0.24999699600001532
0.24999700000001537
0.24999700400001537
0.24999700800001534
0.2499970120000154
0.24999701600001545
0.24999702000001545
0.24999702000001545
0.24999701700001545
0.24999702100001547
0.2499970250000155
0.2499970290000155
0.24999703300001552
0.24999703700001555
0.24999704100001557
0.2499970450000156
0.24999704900001557
0.24999705300001562
0.24999705700001562
0.24999706100001565
0.24999706500001564
0.2499970690000157
0.2499970730000157
0.24999707700001567
0.24999708100001572
0.24999708500001575
0.24999708900001577
0.24999709300001577
0.2499970970000158
0.2499971010000158
0.24999710500001585
0.24999710900001582
0.24999711300001584
0.24999711700001587
0.24999712100001592
0.2499971250000159
0.2499971290000159
0.24999713300001594
0.2499971370000159
0.24999714100001597
0.249997145000016
0.24999714900001602
0.249997153000016
0.24999715700001604
0.24999716100001604
0.24999716500001606
0.24999716900001606
0.2499971730000161
0.2499971770000161
0.24999718100001614
0.24999718500001614
0.24999718900001613
0.2499971930000162
0.24999719700001616
0.2499972010000162
0.2499972050000162
0.24999720900001624
0.24999721300001623
0.2499972170000163
0.24999722100001628
0.2499972250000163
0.2499972290000163
0.24999723300001633
0.24999723700001633
0.24999724100001636
0.24999724500001638
0.2499972490000164
0.24999725100001638
0.24999725400001643
0.24999725800001643
0.24999726200001646
0.24999726600001645
0.24999727000001648
0.24999727200001653
0.2499972600000165
0.2499972160000165
0.24999715100001654
0.24999705600001657
0.24999699800001657
0.24999697400001658
0.2499969340000166
0.24999690500001662
0.24999687600001663
0.24999685700001664
0.24999685800001667
0.24999686200001664
0.24999686600001667
0.24999687000001666
0.24999687400001672
0.2499968770000167
0.24999688000001674
0.24999688400001674
0.24999688800001674
0.24999689200001676
0.24999689600001676
0.24999690000001676
0.24999690400001676
0.24999690800001678
0.2499969120000168
0.24999691600001683
0.2499969200000168
0.24999692400001683
0.24999692800001685
0.24999693200001685
0.24999693600001688
0.24999694000001688
0.24999694400001693
0.24999694800001693
0.2499969520000169
0.24999695600001695
0.24999696000001695
0.24999696400001695
0.24999696800001697
0.24999697200001697
0.24999697600001702
0.249996980000017
0.249996984000017
0.24999698800001702
0.24999699200001704
0.249996996000017
0.24999700000001707
0.24999700400001706
0.2499970080000171
0.2499970120000171
0.24999701600001709
0.24999702000001714
0.2499970240000171
0.2499970280000171
0.24999703200001716
0.24999703600001716
0.24999704000001716
0.24999704400001718
0.2499970480000172
0.24999705200001723
0.2499970560000172
0.24999706000001723
0.24999706400001726
0.24999706800001723
0.24999707200001728
0.24999707000001728
0.24999705800001726
0.2499970340000173
0.2499970180000173
0.24999700100001732
0.24999699500001735
0.24999699900001732
0.24999700300001737
0.24999700700001737
0.2499970110000174
0.24999701500001736
0.2499970190000174
0.24999702300001742
0.24999702700001739
0.24999703100001744
0.24999703500001744
0.2499970390000175
0.24999704300001746
0.24999704700001746
0.2499970510000175
0.2499970550000175
0.2499970590000175
0.2499970630000175
0.24999706600001753
0.24999706100001753
0.24999705600001756
0.24999706000001756
0.2499970640000176
0.24999706800001759
0.24999707200001758
0.2499970760000176
0.24999708000001764
0.24999708400001763
0.24999708800001763
0.24999709200001763
0.24999709600001765
0.24999710000001768
0.24999710400001768
0.24999710800001768
0.2499971120000177
0.24999711600001773
0.24999712000001773
0.24999712400001775
0.24999712800001778
0.24999713200001777
0.24999713600001783
0.24999714000001783
0.24999714400001785
0.24999714800001788
0.24999715000001788
0.2499971540000179
0.24999715800001793
0.24999716200001795
0.24999716600001795
0.249997170000018
0.249997174000018
0.24999717800001803
0.24999718200001803
0.24999718600001808
0.24999719000001813
0.2499971940000181
0.24999719800001813
0.24999720200001815
0.24999720600001818
0.24999721000001818
0.24999721400001823
0.24999721800001823
0.24999722200001828
0.24999722600001825
0.2499972300000183
0.2499972340000183
0.24999723800001833
0.24999724200001833
0.24999724600001838
0.2499972500000184
0.2499972540000184
0.24999725800001843
0.24999726200001846
0.24999726600001848
0.24999727000001848
0.24999727400001853
0.24999727800001853
0.24999728200001856
0.24999728600001855
0.2499972900000186
0.2499972940000186
0.24999729800001866
0.24999730200001863
0.24999730600001868
0.24999731000001868
0.24999731400001868
0.24999731800001873
0.24999732200001873
0.24999732600001878
0.24999733000001878
0.2499973340000188
0.24999733800001883
0.24999733900001886
0.24999734300001888
0.24999734700001888
0.2499973510000189
0.24999735500001893
0.24999735900001896
0.24999736300001899
0.24999736700001898
0.249997371000019
0.249997375000019
0.24999736700001904
0.24999734600001908
0.2499973000000191
0.24999722300001911
0.2499971210000191
0.24999703700001913
0.24999694400001915
0.24999686300001916
0.24999677400001918
0.2499966970000192
0.24999666700001918
0.24999666300001921
0.24999666100001924
0.24999665800001925
0.24999665200001925
0.24999664200001928
0.2499966290000193
0.24999661700001932
0.24999660100001933
0.24999657300001935
0.24999652400001934
0.24999647100001934
0.24999645400001935
0.24999645100001935
0.24999645500001935
0.2499964590000194
0.24999646300001938
0.24999646700001943
0.24999647100001943
0.24999647500001942
0.24999647900001945
0.24999648300001945
0.24999648700001947
0.24999649100001947
0.2499964950000195
0.2499964990000195
0.24999650200001952
0.24999650600001955
0.24999651000001955
0.24999651400001954
0.24999651800001954
0.2499965220000196
0.24999652600001956
0.24999653000001962
0.24999653400001962
0.24999653800001959
0.24999654200001964
0.24999654600001964
0.24999655000001966
0.24999655400001966
0.24999655800001966
0.2499965620000197
0.2499965660000197
0.2499965700000197
0.24999657400001973
0.24999657800001973
0.24999658200001973
0.24999658600001975
0.24999659000001978
0.2499965940000198
0.24999659800001978
0.24999660200001977
0.24999660600001983
0.24999661000001983
0.24999661400001982
0.24999661800001985
0.24999662200001987
0.2499966260000199
0.24999663000001987
0.2499966340000199
0.24999663800001992
0.2499966420000199
0.24999664600001995
0.24999665000001994
0.24999665400002
0.24999665800001997
0.24999666200001996
0.24999666600002
0.24999667000002002
0.24999667400001999
0.24999667800002004
0.24999668200002004
0.24999668600002004
0.24999669000002006
0.24999669400002006
0.24999669800002008
0.24999670200002008
0.2499967060000201
0.24999671000002013
0.24999671400002013
0.24999671800002016
0.24999672200002016
0.24999672600002015
0.2499967300000202
0.24999673400002018
0.24999673800002017
0.24999674200002023
0.2499967460000202
0.24999675000002025
0.24999675400002025
0.24999675800002025
0.24999676200002025
0.24999676600002027
0.2499967700000203
0.24999677400002032
0.2499967780000203
0.24999678000002035
0.24999678400002034
0.24999678800002034
0.24999679200002034
0.24999679600002037
0.24999680000002036
0.24999680400002042
0.2499968080000204
0.24999681200002044
0.24999681600002044
0.24999682000002044
0.24999682400002043
0.24999682800002046
0.24999683200002049
0.24999683600002048
0.24999684000002048
0.24999684400002053
0.24999684800002053
0.2499968520000205
0.24999685600002056
0.24999686000002055
0.24999686400002055
0.24999686800002058
0.24999687200002058
0.24999687600002063
0.2499968800000206
0.2499968840000206
0.24999688800002062
0.24999689200002068
0.24999689600002065
0.24999690000002067
0.24999690400002067
0.24999690800002067
0.2499969120000207
0.24999691600002072
0.24999692000002074
0.24999692400002071
0.24999692800002074
0.24999693200002077
0.24999693600002076
0.2499969400000208
0.2499969440000208
0.2499969480000208
0.24999695200002084
0.2499969560000208
0.24999696000002083
0.24999696400002086
0.24999696800002083
0.24999697200002088
0.24999697600002088
0.2499969800000209
0.24999698400002088
0.2499969880000209
0.2499969920000209
0.24999699600002095
0.24999700000002092
0.24999700400002098
0.24999700800002098
0.24999701200002097
0.249997016000021
0.24999702000002103
0.24999702400002102
0.24999702800002102
0.24999703200002102
0.24999703600002107
0.24999704000002107
0.24999704400002104
0.2499970480000211
0.2499970520000211
0.24999705600002115
0.24999706000002112
0.2499970640000211
0.24999706800002117
0.24999707200002114
0.24999707600002116
0.2499970800000212
0.2499970800000212
0.2499970840000212
0.2499970880000212
0.2499970920000212
0.24999709600002126
0.24999710000002132
0.2499971040000213
0.24999710800002134
0.24999711200002137
0.2499971160000214
0.2499971200000214
0.24999712400002141
0.24999712800002147
0.2499971310000215
0.2499971310000215
0.24999713500002152
0.24999713900002155
0.24999714200002157
0.2499971460000216
0.2499971500000216
0.24999715400002162
0.24999715800002167
0.24999716200002167
0.2499971660000217
0.24999717000002172
0.24999717400002175
0.24999717800002175
0.24999718200002177
0.2499971860000218
0.24999719000002185
0.24999719400002188
0.24999719800002185
0.2499972020000219
0.24999720600002195
0.24999721000002192
0.24999721400002192
0.249997218000022
0.24999722200002203
0.24999722600002203
0.24999723000002205
0.24999723400002208
0.24999723800002213
0.2499972420000221
0.24999724600002213
0.24999725000002218
0.24999725400002218
0.2499972580000222
0.2499972600000222
0.24999726400002226
0.2499972680000223
0.24999727200002228
0.2499972760000223
0.24999728000002236
0.24999728400002239
0.2499972880000224
0.2499972920000224
0.24999729600002243
0.24999730000002246
0.24999730400002249
0.24999730800002248
0.24999731200002254
0.24999731600002256
0.24999732000002256
0.24999732400002259
0.24999732800002264
0.24999733200002267
0.24999733600002266
0.2499973400000227
0.24999734400002271
0.2499973480000227
0.24999735200002277
0.24999735600002276
0.24999736000002282
0.24999736400002281
0.24999736800002284
0.24999737200002284
0.2499973750000229
0.24999737200002292
0.24999736600002292
0.24999736900002295
0.249997373000023
0.249997377000023
0.249997381000023
0.24999738500002303
0.24999738900002308
0.24999739300002308
0.2499973970000231
0.24999740100002313
0.24999740500002315
0.2499974090000232
0.24999741300002318
0.2499974170000232
0.24999742100002326
0.24999742500002328
0.24999742900002325
0.2499974330000233
0.24999743700002336
0.24999744100002336
0.24999744500002338
0.24999744900002338
0.24999745300002343
0.24999745700002343
0.24999746100002346
0.24999746500002348
0.24999746900002354
0.24999747300002353
0.24999747700002353
0.24999748100002359
0.2499974850000236
0.2499974890000236
0.24999749300002364
0.24999749700002366
0.24999750100002371
0.24999750500002368
0.2499975070000237
0.24999750300002377
0.2499975030000238
0.2499975070000238
0.2499975110000238
0.24999751500002385
0.2499975190000239
0.24999752300002387
0.24999752700002392
0.24999753100002392
0.24999753500002395
0.24999753900002397
0.249997540000024
0.249997539000024
0.24999752400002404
0.24999748500002406
0.2499974580000241
0.24999744400002408
0.2499974350000241
0.24999743200002417
0.24999743600002416
0.2499974400000242
0.2499974440000242
0.24999744800002424
0.2499974520000242
0.24999745600002427
0.24999746000002432
0.24999746400002432
0.24999746800002431
0.24999747200002437
0.2499974760000244
0.2499974800000244
0.24999748400002442
0.24999748800002441
0.24999749200002447
0.2499974960000245
0.2499975000000245
0.24999750400002455
0.24999750700002454
0.24999750500002454
0.24999750400002457
0.2499974940000246
0.24999749500002463
0.24999749900002466
0.24999750300002466
0.24999750700002465
0.2499975110000247
0.24999751500002476
0.24999751900002473
0.24999752300002479
0.24999752700002478
0.2499975310000248
0.24999753500002483
0.24999753900002486
0.24999754200002489
0.24999754600002488
0.24999755000002488
0.24999755400002494
0.249997558000025
0.24999756200002496
0.249997566000025
0.249997570000025
0.24999757400002506
0.24999757800002506
0.2499975820000251
0.2499975860000251
0.24999759000002514
0.24999759400002514
0.24999759800002516
0.2499976020000252
0.2499976060000252
0.2499976100000252
0.24999761400002524
0.2499976180000253
0.24999762200002526
0.2499976260000253
0.2499976300000253
0.24999763400002536
0.24999763800002536
0.2499976420000254
0.24999764600002541
0.24999765000002544
0.24999765400002544
0.24999765800002546
0.2499976620000255
0.24999766600002551
0.24999767000002554
0.24999767400002554
0.2499976780000256
0.2499976820000256
0.24999768500002562
0.24999767700002565
0.24999767300002565
0.2499976760000257
0.24999768000002573
0.24999768400002573
0.24999768800002573
0.24999769200002578
0.24999769500002578
0.2499976990000258
0.2499977030000258
0.24999770700002585
0.24999771100002588
0.2499977150000259
0.24999771900002593
0.24999772300002593
0.24999772700002595
0.24999773100002595
0.24999773500002598
0.249997735000026
0.24999773800002603
0.24999774200002606
0.2499977460000261
0.24999775000002608
0.2499977540000261
0.24999775800002613
0.24999776200002616
0.24999776600002618
0.2499977700000262
0.24999777400002623
0.24999777800002623
0.24999778200002626
0.24999778600002628
0.24999779000002628
0.2499977940000263
0.24999779800002636
0.24999780200002636
0.24999780600002638
0.24999781000002638
0.24999781400002644
0.24999781800002643
0.24999782200002646
0.24999782600002649
0.2499978300000265
0.24999783400002654
0.24999783800002653
0.24999784200002653
0.24999784600002659
0.24999785000002664
0.24999785400002666
0.24999785800002666
0.24999786200002672
0.24999786600002677
0.24999787000002677
0.2499978740000268
0.24999787800002685
0.2499978820000269
0.24999788600002687
0.24999789000002692
0.24999789400002698
0.24999789800002703
0.249997902000027
0.24999790600002705
0.2499979100000271
0.24999791400002713
0.24999791800002713
0.24999792200002718
0.2499979260000272
0.24999793000002726
0.24999792700002726
0.24999792500002732
0.24999792900002735
0.24999793300002737
0.2499979370000274
0.24999794100002742
0.24999794500002748
0.2499979490000275
0.24999795300002753
0.24999795700002755
0.24999796100002758
0.24999796500002763
0.24999796900002766
0.24999797300002768
0.24999797700002774
0.2499979810000278
0.24999798500002776
0.24999798900002781
0.24999799300002784
0.24999799700002784
0.2499980010000279
0.24999800200002792
0.24999800200002795
0.249998006000028
0.24999801000002803
0.24999801400002802
0.24999801800002808
0.24999802200002813
0.24999802600002813
0.24999803000002815
0.2499980340000282
0.24999803800002826
0.2499980420000283
0.24999804600002828
0.24999805000002834
0.24999805400002836
0.24999805800002842
0.24999805800002842
0.24999805100002845
0.2499980550000285
0.24999805900002853
0.24999806300002853
0.24999806700002858
0.24999807100002863
0.24999807500002863
0.24999807900002866
0.2499980830000287
0.2499980870000287
0.24999809100002876
0.24999809500002879
0.2499980990000288
0.24999810300002887
0.2499981070000289
0.24999811100002892
0.24999811400002894
0.249998118000029
0.24999812200002902
0.24999812600002902
0.24999813000002907
0.24999813400002913
0.24999813800002915
0.24999814200002915
0.24999814600002918
0.24999815000002923
0.24999815400002928
0.24999815800002925
0.2499981620000293
0.24999816600002936
0.24999817000002938
0.24999817400002938
0.24999817800002944
0.24999818200002946
0.2499981860000295
0.2499981900000295
0.24999819400002957
0.2499981980000296
0.24999820200002962
0.24999820600002964
0.24999821000002967
0.24999821400002972
0.24999821800002975
0.24999822200002977
0.2499982260000298
0.24999823000002985
0.24999823400002988
0.2499982380000299
0.2499982420000299
0.24999824600002996
0.24999825000002998
0.24999825400002998
0.24999825800003003
0.24999826200003009
0.24999826600003014
0.24999827000003014
0.24999827400003016
0.24999827800003022
0.24999828200003027
0.24999828600003024
0.2499982900000303
0.24999829400003035
0.24999829800003034
0.24999830200003037
0.24999830600003042
0.24999831000003045
0.24999831400003047
0.2499983180000305
0.24999832200003053
0.24999832600003058
0.2499983300000306
0.24999833400003063
0.24999833800003066
0.2499983420000307
0.24999834600003074
0.24999835000003076
0.24999835400003076
0.2499983580000308
0.24999836200003084
0.2499983660000309
0.2499983700000309
0.24999837400003094
0.24999837800003097
0.249998382000031
0.24999838600003102
0.24999839000003107
0.2499983940000311
0.24999839800003112
0.24999840200003115
0.2499984060000312
0.2499984100000312
0.24999841400003123
0.24999841800003128
0.2499984220000313
0.24999842600003133
0.24999843000003136
0.2499984340000314
0.24999843800003146
0.24999844200003143
0.2499984460000315
0.24999845000003154
0.24999845400003154
0.24999845800003156
0.24999846200003162
0.24999846600003162
0.24999847000003167
0.2499984740000317
0.24999847800003175
0.24999848200003175
0.2499984860000318
0.24999849000003183
0.24999849400003188
0.24999849800003188
0.24999850200003193
0.24999850600003196
0.24999851000003198
0.249998514000032
0.24999851800003206
0.24999852200003206
0.24999852600003208
0.2499985300000321
0.2499985340000322
0.2499985380000322
0.24999854200003221
0.24999854600003227
0.24999855000003232
0.2499985540000323
0.24999855800003234
0.2499985620000324
0.24999856600003242
0.24999857000003242
0.24999857400003248
0.2499985780000325
0.24999858200003255
0.24999858600003255
0.2499985900000326
0.24999859400003263
0.24999859800003266
0.24999860200003268
0.2499986060000327
0.24999861000003276
0.2499986140000328
0.2499986180000328
0.24999862200003284
0.24999862600003286
0.24999863000003292
0.24999863400003292
0.24999863800003294
0.249998642000033
0.24999864600003302
0.24999865000003305
0.24999865400003307
0.24999865800003312
0.24999866200003315
0.24999866600003318
0.2499986700000332
0.24999867400003326
0.24999867800003328
0.24999868200003328
0.24999868600003333
0.24999868500003336
0.2499986610000334
0.2499986490000334
0.2499986500000335
0.24999865400003346
0.2499986580000335
0.24999866200003354
0.24999866600003356
0.2499986700000336
0.24999867400003364
0.24999867800003364
0.2499986820000337
0.24999868600003372
0.24999869000003377
0.24999869400003377
0.24999869800003383
0.24999870200003382
0.24999870600003385
0.2499987040000339
0.24999870500003393
0.24999870900003396
0.24999871300003398
0.249998717000034
0.24999872100003404
0.2499987250000341
0.24999872900003411
0.24999873300003414
0.24999873700003417
0.2499987410000342
0.24999874500003424
0.24999874900003424
0.2499987530000343
0.24999875700003435
0.2499987610000344
0.24999876500003443
0.24999876900003448
0.24999877300003454
0.2499987770000346
0.24999878100003461
0.24999878500003467
0.24999878900003472
0.24999879300003477
0.2499987970000348
0.24999880100003485
0.2499988050000349
0.24999880400003496
0.249998808000035
0.24999881200003504
0.24999881600003507
0.24999882000003512
0.24999882400003517
0.24999882800003523
0.24999882900003526
0.24999882100003532
0.24999882400003534
0.2499988280000354
0.24999883200003545
0.24999883600003547
0.24999884000003553
0.2499988440000356
0.2499988480000356
0.2499988520000357
0.24999885600003569
0.24999886000003577
0.24999886400003585
0.24999886800003587
0.24999887200003587
0.24999887600003595
0.24999888000003598
0.249998884000036
0.24999888800003606
0.2499988920000361
0.24999889400003616
0.24999889000003622
0.24999888900003625
0.24999888600003628
0.24999888800003633
0.2499988920000364
0.24999889600003644
0.2499989000000365
0.24999890400003652
0.24999890700003657
0.24999890400003658
0.24999890800003663
0.24999891200003668
0.24999891600003674
0.2499989190000368
0.24999892300003684
0.2499989270000369
0.24999893100003692
0.24999893500003698
0.249998939000037
0.24999894300003705
0.2499989470000371
0.24999895100003716
0.2499989550000372
0.24999895900003724
0.2499989630000373
0.24999896700003735
0.24999897100003737
0.24999897500003743
0.24999897900003748
0.24999898300003753
0.2499989870000376
0.2499989910000376
0.24999899500003767
0.24999899900003766
0.24999900300003775
0.24999900700003777
0.24999901100003782
0.24999901500003788
0.24999901900003793
0.24999902300003796
0.249999027000038
0.24999903100003804
0.2499990350000381
0.24999903900003811
0.24999904300003817
0.24999904700003822
0.24999905100003827
0.2499990550000383
0.24999905900003835
0.2499990630000384
0.24999906700003846
0.2499990710000385
0.24999907500003854
0.2499990790000386
0.24999908300003865
0.24999908700003867
0.24999909000003873
0.24999909400003875
0.2499990980000388
0.24999910200003883
0.24999910600003888
0.24999911000003894
0.249999114000039
0.24999911800003904
0.24999912200003907
0.24999912600003912
0.24999913000003918
0.2499991340000392
0.24999913800003926
0.24999914200003928
0.24999914400003934
0.24999914200003936
0.24999914600003945
0.2499991500000395
0.24999915300003953
0.24999915700003955
0.24999916100003958
0.24999916500003966
0.2499991690000397
0.2499991730000397
0.24999917700003976
0.24999918100003982
0.24999918500003987
0.2499991890000399
0.24999919300003995
0.24999919700004
0.24999920100004006
0.24999920500004008
0.24999920900004013
0.2499992130000402
0.24999921700004024
0.24999922100004027
0.24999922500004032
0.24999922900004037
0.24999923300004043
0.24999923700004043
0.2499992410000405
0.24999924500004053
0.2499992490000406
0.24999925300004067
0.2499992570000407
0.2499992610000407
0.2499992650000408
0.2499992690000408
0.24999927300004085
0.24999927700004088
0.24999928100004096
0.24999928500004098
0.249999289000041
0.24999929300004106
0.24999929700004114
0.24999930000004117
0.2499993040000412
0.24999930800004125
0.2499993110000413
0.24999931500004136
0.2499993190000414
0.24999932300004143
0.24999932700004146
0.2499993310000415
0.24999933500004157
0.2499993390000416
0.24999934300004165
0.2499993470000417
0.24999935100004175
0.24999935500004178
0.24999935900004183
0.24999936300004189
0.24999936700004194
0.24999937100004194
0.249999374000042
0.24999937800004204
0.2499993820000421
0.24999938600004212
0.24999939000004218
0.24999939400004223
0.24999939800004228
0.24999940200004234
0.24999940600004236
0.24999941000004242
0.24999941400004247
0.24999941800004252
0.24999942100004255
0.24999942500004257
0.24999942900004263
0.24999943300004268
0.24999943700004273
0.24999944100004276
0.2499994450000428
0.24999944900004287
0.2499994530000429
0.24999945700004295
0.249999461000043
0.24999946500004303
0.24999946900004305
0.2499994730000431
0.24999947700004316
0.2499994810000432
0.24999948500004326
0.2499994890000433
0.24999949300004334
0.2499994970000434
0.24999950100004345
0.24999950400004348
0.24999950800004353
0.24999951200004358
0.2499995160000436
0.24999952000004363
0.2499995240000437
0.24999952800004377
0.2499995320000438
0.24999953600004382
0.24999954000004387
0.24999954400004393
0.24999954800004398
0.249999552000044
0.24999955600004406
0.2499995600000441
0.24999956400004414
0.24999956800004416
0.24999957200004422
0.24999957500004427
0.24999957900004433
0.24999958300004438
0.2499995870000444
0.24999959100004446
0.2499995950000445
0.24999959900004456
0.2499996030000446
0.24999960700004464
0.2499996110000447
0.24999961500004475
0.2499996180000448
0.2499996210000448
0.24999962500004486
0.24999962900004488
0.24999963300004496
0.249999637000045
0.24999964100004504
0.2499996450000451
0.24999964900004515
0.24999965300004517
0.2499996530000452
0.24999965700004526
0.2499996610000453
0.24999966500004536
0.2499996690000454
0.2499996730000454
0.2499996770000455
0.24999968100004555
0.24999968500004563
0.24999968900004566
0.24999969300004574
0.2499996970000458
0.24999970100004584
0.2499997050000459
0.24999970900004598
0.24999971300004603
0.24999971700004608
0.2499997210000461
0.2499997250000462
0.24999972900004624
0.2499997330000463
0.24999973700004638
0.2499997410000464
0.24999974500004649
0.24999974900004657
0.24999975300004662
0.24999975700004665
0.2499997590000467
0.24999976200004675
0.24999976600004684
0.24999977000004692
0.24999977400004691
0.249999778000047
0.24999978200004705
0.24999978600004713
0.2499997900000472
0.24999979400004724
0.2499997980000473
0.24999980200004737
0.2499998060000474
0.24999981000004745
0.2499998140000475
0.24999981800004759
0.24999982200004767
0.2499998260000477
0.24999983000004775
0.24999983400004783
0.24999983800004788
0.24999984200004793
0.24999984600004796
0.24999985000004807
0.2499998540000481
0.24999985800004818
0.2499998620000482
0.24999986600004828
0.24999987000004834
0.24999987400004842
0.24999987800004841
0.2499998820000485
0.24999988600004855
0.24999989000004863
0.24999989400004868
0.24999989800004874
0.2499999020000488
0.24999990600004884
0.2499999070000489
0.24999990900004898
0.24999991300004903
0.2499999170000491
0.24999992100004914
0.24999992500004922
0.24999992900004925
0.2499999330000493
0.24999993700004938
0.24999994100004944
0.2499999450000495
0.24999994900004954
0.2499999510000496
0.24999993800004966
0.2499999160000497
0.24999989300004974
0.24999984500004982
0.24999976800004986
0.24999964300004995
0.24999954000004998
0.24999946400005008
0.2499993840000501
0.24999934400005014
0.2499993050000502
0.24999929600005025
0.2499992790000503
0.24999927000005037
0.2499992690000504
0.2499992580000504
0.24999924400005047
0.24999924800005055
0.2499992490000506
0.24999925300005066
0.2499992570000507
0.24999926100005074
0.2499992650000508
0.24999926900005084
0.2499992730000509
0.24999927700005095
0.24999928100005095
0.24999928500005103
0.24999928900005106
0.24999929300005114
0.24999929700005116
0.24999930100005122
0.24999929200005128
0.24999927000005132
0.24999925000005135
0.2499992290000514
0.24999921900005145
0.24999922200005154
0.2499992260000516
0.24999923000005161
0.24999923400005167
0.24999923800005172
0.24999924200005177
0.2499992460000518
0.24999925000005185
0.2499992540000519
0.24999925800005196
0.24999926200005199
0.24999926600005207
0.2499992700000521
0.24999927400005215
0.2499992780000522
0.24999928200005223
0.24999928600005228
0.24999929000005233
0.24999929400005239
0.2499992980000524
0.24999930200005246
0.24999930300005252
0.24999930400005257
0.24999930800005263
0.24999931200005268
0.2499993160000527
0.24999932000005276
0.24999932400005284
0.24999932800005287
0.24999933200005292
0.24999933600005297
0.24999934000005303
0.24999934400005305
0.2499993480000531
0.24999935200005313
0.24999935600005324
0.24999936000005324
0.2499993640000533
0.24999936800005337
0.2499993720000534
0.24999937600005345
0.2499993790000535
0.24999938300005353
0.24999938700005359
0.24999939100005364
0.2499993950000537
0.24999939900005372
0.2499994030000538
0.24999940700005385
0.2499994110000539
0.24999941500005393
0.24999941900005399
0.24999942300005404
0.2499994270000541
0.24999943100005412
0.24999943500005417
0.24999943900005422
0.24999944300005428
0.24999944700005433
0.2499994460000544
0.2499994500000544
0.24999945400005447
0.24999945800005452
0.24999946200005455
0.24999946600005457
0.24999947000005465
0.2499994740000547
0.24999947800005476
0.24999948200005478
0.24999948600005484
0.2499994900000549
0.24999949400005494
0.249999498000055
0.24999950200005502
0.24999950600005508
0.24999951000005513
0.24999951400005518
0.2499995180000552
0.24999952200005526
0.24999952600005534
0.24999953000005537
0.2499995340000554
0.24999953800005545
0.24999954200005553
0.24999954600005558
0.2499995500000556
0.24999955400005566
0.24999955800005572
0.2499995620000558
0.2499995660000558
0.24999957000005588
0.24999957400005593
0.24999957800005596
0.24999958200005598
0.24999958600005606
0.24999959000005612
0.24999959400005614
0.2499995980000562
0.24999960200005622
0.2499996060000563
0.24999961000005635
0.24999961400005638
0.24999961800005643
0.2499996220000565
0.24999962600005654
0.2499996290000566
0.24999962600005665
0.2499996300000567
0.2499996340000567
0.24999963800005678
0.2499996420000568
0.2499996460000569
0.24999965000005694
0.24999965400005694
0.249999658000057
0.24999966200005708
0.24999966600005713
0.24999966700005716
0.24999967100005718
0.24999967500005724
0.2499996790000573
0.24999968300005734
0.24999968700005737
0.24999969100005745
0.2499996950000575
0.24999969900005756
0.24999970300005758
0.24999970700005764
0.2499997110000577
0.24999971500005774
0.24999971900005777
0.24999972300005782
0.24999972700005788
0.24999973100005793
0.24999973500005795
0.249999739000058
0.24999974300005806
0.24999974700005811
0.24999975100005817
0.24999975500005822

Avalanche_Distribution:
2
15
1
11
66
2840
1
2
2
1
2
1
1
4
2458
1
5
1
14
37
2
11
1
5
49
1
1
31
2
1
1
2
3
783
565
39
1
40
3
101
102
1
1
58
14
1
3
1
1
11
3
460
2
101
19
2
3
1020
1
2
4
5
1
2
1
18
14
139
29
1
22
1
5
13
7
15
1
49
3
9
5
16
24
8
1
1
8
1
1
1
1
1
1
1
2
4
3
5
777
3
103
6
1
5
8
3
