
Branching_global:
1.00004
1.0038700000000038
1.006610000000008
1.0105900000000116
0.9988100000000161
0.98088000000002
0.9832500000000238
0.982730000000028
0.9861300000000319
0.9873400000000361
0.98980000000004
0.928370000000044
0.8904600000000479
0.8589500000000518
0.8392400000000558
0.8250300000000598
0.8123900000000638
0.8027500000000678
0.7909000000000718
0.7806700000000758
0.7711000000000797
0.7743300000000837
0.7797900000000876
0.7806000000000916
0.7809900000000956
0.7862000000000996
0.7923500000001036
0.7916800000001074
0.7915500000001116
0.7950500000001155

Autocorrelation:
25.000499996641732
0.25889761093879493
0.15178538138787417
0.0949278284683502
-0.839836035239417
-0.051799646477584664
-0.05920008488845336
-0.057402427828538716
-0.071596889432574
-0.07848787981622661
-0.09753836132345016
-0.01345443784748283
-0.008619419342514771
-0.006577019007666587
-0.0057058554402414545
-0.005199247386608788
-0.004812904160909617
-0.00455141387689238
-0.004262870025818434
-0.0040387272971389
-0.003847082884959967
-0.003909959273476577
-0.004020413629026215
-0.004037265181147418
-0.00404542308941712
-0.0041572424406590945
-0.004296417294735547
-0.0042808584000690675
-0.004277851037024828
-0.004360143050822241

Average_Activity:
0.0
0.0
0.0
0.0
0.0
0.0
0.0
0.0
0.0
0.0
0.0
0.0
0.0
0.0
1.25
0.0
0.0
0.0
0.0
0.0
0.0
0.0
0.0
0.0
0.0
0.0
0.0
0.25
0.0
0.0
0.0
0.0
0.0
0.0
0.0
0.0
1.0
0.25
0.0
0.0
0.0
0.0
0.0
0.0
0.0
0.0
0.0
0.25
0.25
4.0
1.0
0.0
0.0
0.0
0.0
0.0
0.0
0.0
0.0
0.0
0.0
0.0
0.0
0.0
0.0
0.0
0.0
0.0
0.0
0.0
0.0
0.0
0.0
0.0
0.0
1.25
5.25
9.5
6.25
8.75
6.25
7.25
14.0
14.25
8.0
3.75
4.75
0.0
0.0
0.0
0.0
0.25
0.25
0.0
0.0
0.5
1.75
0.5
0.5
3.25
2.0
5.25
13.75
19.0
12.25
17.0
20.75
15.0
9.0
11.25
3.0
6.0
6.0
4.0
1.0
0.0
0.0
0.0
0.0
0.0
0.0
0.0
0.0
0.0
0.0
0.0
0.0
0.0
0.0
0.0
0.0
0.25
0.0
0.0
0.0
0.0
0.0
0.0
0.0
0.5
0.0
0.0
0.0
0.0
0.0
0.25
2.75
1.75
2.5
0.5
1.25
3.0
1.25
0.0
0.25
1.25
0.0
0.0
0.0
0.0
0.0
0.0
0.0
1.5
1.5
1.75
5.25
1.25
0.0
0.0
0.0
0.0
0.0
1.0
3.5
1.0
0.0
0.0
0.0
0.0
0.5
0.0
0.0
0.0
0.0
0.0
0.0
0.0
0.0
0.0
0.0
0.0
0.75
3.25
2.5
0.0
0.0
0.0
0.0
0.0
0.0
0.0
0.0
0.0
0.0
0.0
0.0
0.0
1.0
0.25
1.0
1.5
4.25
1.0
0.0
1.5
2.0
3.0
0.5
0.0
0.0
0.0
0.75
0.25
0.25
0.0
0.0
0.0
0.0
0.0
0.0
0.0
0.0
0.0
0.25
0.0
0.0
0.0
0.0
0.0
0.0
0.0
0.0
0.0
0.0
0.0
0.0
0.0
0.0
0.5
0.5
7.75
20.0
21.0
27.5
27.75
38.0
32.0
34.25
35.5
27.25
25.25
14.0
8.0
8.0
13.5
7.5
9.0
8.75
4.75
6.75
5.25
5.0
3.25
12.25
18.5
12.0
4.25
4.75
11.25
15.0
15.5
19.0
14.25
8.5
4.25
4.5
3.0
8.75
8.25
6.5
13.0
7.75
10.5
8.25
7.75
8.25
8.75
15.75
18.75
12.5
5.5
3.5
6.0
6.75
9.75
10.5
15.0
8.75
5.25
10.5
6.0
2.5
5.25
14.75
15.25
8.5
18.75
8.75
4.0
7.75
12.0
10.5
11.5
14.0
4.5
7.5
5.5
2.75
4.25
7.75
9.75
11.0
10.25
12.75
9.25
3.25
3.5
2.25
1.75
3.5
5.75
6.5
9.5
9.5
7.0
5.5
2.25
3.5
4.0
3.0
2.25
2.25
8.0
9.75
3.25
4.25
4.5
2.75
4.5
3.75
4.0
8.75
6.75
6.0
4.5
7.25
9.5
8.75
5.25
2.5
3.0
1.25
5.0
2.5
1.25
4.25
1.75
2.0
7.75
10.25
11.75
5.5
5.25
1.5
2.0
2.75
2.25
7.0
5.75
4.0
1.5
3.25
2.0
2.0
2.25
3.5
1.75
3.25
4.75
3.0
1.75
2.0
5.75
4.25
4.0
9.0
7.0
4.25
1.5
1.0
1.5
4.5
4.75
4.25
5.5
6.25
1.75
1.0
1.0
2.25
3.5
4.25
1.0
4.5
2.75
4.5
3.25
1.5
3.5
1.5
3.75
5.75
9.0
7.25
1.5
3.5
8.75
7.5
3.25
0.75
1.25
0.75
3.0
3.25
6.0
4.75
6.75
0.75
0.5
2.5
1.75
1.0
5.0
2.25
4.25
1.75
0.75
3.25
5.75
3.5
5.5
2.5
1.0
1.25
1.5
3.0
4.5
6.5
7.0
3.0
1.5
3.0
1.5
3.0
0.0
0.5
0.5
0.5
1.75
1.0
1.25
5.5
4.25
2.5
4.75
1.5
3.5
4.25
3.5
2.25
3.75
2.0
3.25
3.5
11.5
6.0
0.25
2.75
2.75
5.5
4.5
2.0
0.0
0.0
0.0
0.0
0.0
0.0
0.0
1.0
0.25
1.25
0.0
0.0
0.0
0.0
0.75
0.25
0.0
2.5
0.0
0.0
0.0
0.0
0.0
0.0
0.0
0.0
0.0
0.0
0.0
0.0
0.0
0.0
0.0
0.75
0.0
0.0
0.0
0.0
0.0
0.0
0.25
0.5
0.0
0.25
0.0
0.0
0.0
0.0
0.0
0.0
0.0
0.0
0.0
0.25
0.0
0.0
0.5
2.0
1.25
0.5
0.0
0.0
1.0
2.25
3.25
1.75
0.75
0.25
0.0
0.0
1.5
4.0
1.0
0.0
0.0
0.0
0.0
0.0
0.0
0.0
0.0
0.0
0.0
0.0
0.0
0.0
0.0
0.0
0.0
0.0
0.0
0.0
0.0
0.5
0.0
0.75
0.0
0.75
1.0
0.75
0.0
0.0
0.0
0.0
0.0
0.25
0.0
0.0
0.0
0.0
0.0
1.0
0.0
0.25
0.0
0.0
0.0
0.0
0.0
0.0
0.0
1.0
0.0
0.0
0.0
0.0
0.0
0.0
0.0
0.0
0.0
0.0
0.0
0.0
0.0
0.0
0.25
0.0
0.0
0.25
1.0
0.75
0.0
0.0
0.0
0.0
0.0
0.0
0.0
0.0
0.0
0.5
0.0
0.0
0.0
0.0
0.0
0.0
0.0
0.25
0.0
0.25
1.5
4.5
3.5
0.75
0.5
0.25
0.5
0.0
0.0
0.0
0.5
0.0
0.0
0.0
0.0
0.0
1.25
0.0
0.0
0.0
0.75
0.0
0.0
0.0
0.0
0.75
0.25
0.25
0.5
0.75
0.5
2.0
3.5
6.75
2.25
1.0
0.0
0.0
0.0
0.0
0.0
0.0
0.0
0.0
0.0
0.0
0.0
0.0
0.0
0.0
0.0
2.0
0.25
0.0
0.0
0.25
0.0
0.0
0.0
0.0
0.75
0.0
0.0
0.0
0.0
0.0
0.25
4.0
0.5
0.0
0.0
0.0
0.0
0.0
0.0
0.0
0.0
0.0
0.0
0.0
0.0
0.0
0.0
0.0
0.75

Average_Alpha:
0.25001
0.25005
0.2500900000000001
0.2501300000000001
0.25017000000000017
0.25021000000000015
0.2502500000000003
0.25029000000000023
0.25033000000000033
0.2503700000000003
0.2504100000000004
0.2504500000000004
0.25049000000000055
0.2505300000000005
0.2505200000000006
0.25056000000000056
0.25060000000000066
0.25064000000000064
0.25068000000000074
0.2507200000000007
0.2507600000000008
0.2508000000000008
0.2508400000000009
0.2508800000000009
0.250920000000001
0.25096000000000096
0.25100000000000106
0.25103000000000103
0.2510700000000011
0.2511100000000011
0.2511500000000012
0.2511900000000012
0.2512300000000013
0.25127000000000127
0.25131000000000137
0.25135000000000135
0.25135000000000146
0.25138000000000144
0.25142000000000153
0.2514600000000015
0.2515000000000016
0.2515400000000016
0.2515800000000017
0.2516200000000017
0.25166000000000177
0.25170000000000176
0.25174000000000185
0.2517700000000019
0.25180000000000197
0.2516800000000019
0.25168000000000207
0.25172000000000194
0.25176000000000215
0.2518000000000021
0.2518400000000022
0.25188000000000216
0.25192000000000225
0.25196000000000224
0.25200000000000233
0.2520400000000023
0.2520800000000024
0.2521200000000024
0.25216000000000255
0.2522000000000025
0.2522400000000026
0.25228000000000256
0.25232000000000265
0.25236000000000264
0.2524000000000028
0.2524400000000027
0.2524800000000028
0.2525200000000028
0.2525600000000029
0.2526000000000029
0.252640000000003
0.25263000000000296
0.25246000000000307
0.252120000000003
0.25191000000000313
0.25160000000000315
0.2513900000000032
0.25114000000000325
0.2506200000000033
0.25009000000000325
0.2498100000000034
0.24970000000000336
0.24955000000000346
0.24959000000000345
0.24963000000000352
0.2496700000000035
0.24971000000000362
0.2497400000000036
0.2497700000000037
0.2498100000000037
0.24985000000000376
0.24987000000000376
0.24984000000000384
0.24986000000000383
0.2498800000000039
0.24979000000000393
0.249750000000004
0.24958000000000402
0.2490700000000041
0.2483500000000041
0.24790000000000417
0.24726000000000417
0.24647000000000424
0.24591000000000426
0.24559000000000433
0.24518000000000437
0.2451000000000044
0.24490000000000442
0.24470000000000447
0.24458000000000452
0.24458000000000457
0.24462000000000458
0.24466000000000462
0.2447000000000047
0.24474000000000473
0.24478000000000474
0.24482000000000478
0.24486000000000482
0.2449000000000049
0.24494000000000488
0.24498000000000497
0.24502000000000498
0.24506000000000502
0.24510000000000506
0.2451400000000051
0.24518000000000512
0.2452200000000052
0.24525000000000524
0.24529000000000528
0.2453300000000053
0.24537000000000536
0.24541000000000537
0.24545000000000544
0.24549000000000545
0.24553000000000552
0.24555000000000554
0.2455900000000056
0.24563000000000562
0.24567000000000566
0.2457100000000057
0.24575000000000574
0.24578000000000577
0.24571000000000584
0.24568000000000587
0.24562000000000592
0.24564000000000594
0.24563000000000598
0.245550000000006
0.2455400000000061
0.2455800000000061
0.24561000000000616
0.24560000000000617
0.24564000000000624
0.24568000000000625
0.24572000000000632
0.24576000000000633
0.24580000000000637
0.2458400000000064
0.24588000000000648
0.2458600000000065
0.24584000000000658
0.24581000000000658
0.24564000000000663
0.24563000000000665
0.24567000000000672
0.24571000000000676
0.24575000000000677
0.24579000000000684
0.24583000000000685
0.2458300000000069
0.24573000000000694
0.24573000000000697
0.24577000000000704
0.24581000000000705
0.24585000000000712
0.24589000000000716
0.24591000000000718
0.24595000000000722
0.2459900000000073
0.2460300000000073
0.24607000000000737
0.2461100000000074
0.24615000000000742
0.24619000000000743
0.2462300000000075
0.24627000000000754
0.24631000000000758
0.24635000000000762
0.24636000000000768
0.2462700000000077
0.24621000000000773
0.2462500000000078
0.2462900000000078
0.24633000000000788
0.24637000000000792
0.24641000000000793
0.246450000000008
0.24649000000000804
0.24653000000000805
0.2465700000000081
0.24661000000000816
0.2466500000000082
0.24669000000000824
0.24673000000000825
0.24673000000000828
0.24676000000000833
0.24676000000000836
0.24674000000000842
0.2466100000000085
0.2466100000000085
0.24665000000000856
0.2466300000000086
0.2465900000000086
0.2465100000000087
0.24653000000000871
0.24657000000000875
0.24661000000000877
0.2466500000000088
0.24666000000000887
0.24669000000000893
0.24672000000000896
0.24676000000000897
0.24680000000000904
0.24684000000000908
0.2468800000000091
0.24692000000000913
0.2469600000000092
0.2470000000000092
0.24704000000000925
0.24708000000000932
0.24711000000000932
0.2471500000000094
0.24719000000000943
0.24723000000000944
0.24727000000000954
0.24731000000000955
0.2473500000000096
0.24739000000000966
0.24743000000000967
0.24747000000000968
0.24751000000000975
0.2475500000000098
0.2475900000000098
0.2476300000000099
0.2476700000000099
0.24769000000000996
0.24771000000001
0.24744000000001
0.24668000000001006
0.24588000000001012
0.24482000000001014
0.24375000000001018
0.24227000000001023
0.24103000000001026
0.2397000000000103
0.23832000000001033
0.2372700000000104
0.23630000000001042
0.23578000000001045
0.2355000000000105
0.23522000000001053
0.23472000000001056
0.2344600000000106
0.23414000000001067
0.2338300000000107
0.2336800000000107
0.2334500000000108
0.23328000000001084
0.23312000000001087
0.2330300000000109
0.23258000000001092
0.23188000000001097
0.23144000000001103
0.23131000000001106
0.2311600000000111
0.23075000000001114
0.23019000000001116
0.22961000000001122
0.22889000000001125
0.22836000000001128
0.22806000000001134
0.22793000000001137
0.2277900000000114
0.22771000000001146
0.22740000000001148
0.22711000000001152
0.22689000000001158
0.22641000000001163
0.22614000000001164
0.2257600000000117
0.22547000000001174
0.22520000000001175
0.2249100000000118
0.22460000000001185
0.2240100000000119
0.22330000000001196
0.22284000000001197
0.22266000000001201
0.22256000000001205
0.22236000000001208
0.22213000000001215
0.22178000000001216
0.2214000000000122
0.22084000000001222
0.2205300000000123
0.22036000000001235
0.21998000000001236
0.2197800000000124
0.21972000000001246
0.21955000000001249
0.21900000000001255
0.21843000000001256
0.21813000000001262
0.21742000000001263
0.21711000000001268
0.21699000000001273
0.21672000000001276
0.2162800000000128
0.21590000000001283
0.21548000000001288
0.21496000000001292
0.21482000000001295
0.21456000000001302
0.214380000000013
0.21431000000001307
0.2141800000000131
0.21391000000001315
0.21356000000001318
0.21316000000001323
0.2127900000000133
0.21232000000001333
0.21199000000001333
0.21190000000001338
0.21180000000001342
0.21175000000001348
0.2117200000000135
0.2116200000000136
0.21143000000001358
0.21121000000001364
0.21087000000001369
0.21053000000001373
0.21029000000001374
0.21011000000001379
0.21006000000001382
0.20996000000001389
0.20984000000001393
0.20976000000001396
0.209710000000014
0.209660000000014
0.20938000000001405
0.20903000000001412
0.20894000000001414
0.2088100000000142
0.20867000000001423
0.2086000000000143
0.2084600000000143
0.20835000000001436
0.2082300000000144
0.20792000000001445
0.20769000000001445
0.2074900000000145
0.20735000000001455
0.2071000000000146
0.20676000000001465
0.20645000000001465
0.2062800000000147
0.20622000000001475
0.2061400000000148
0.20613000000001483
0.20597000000001486
0.20591000000001491
0.20590000000001496
0.205770000000015
0.20574000000001502
0.20570000000001507
0.20543000000001513
0.20506000000001517
0.20463000000001516
0.20445000000001526
0.20428000000001525
0.20426000000001532
0.20422000000001536
0.2041500000000154
0.20410000000001544
0.20386000000001547
0.20367000000001553
0.20355000000001555
0.20353000000001562
0.20344000000001564
0.20340000000001562
0.2033600000000157
0.20331000000001576
0.2032100000000158
0.20318000000001585
0.2030900000000159
0.2029400000000159
0.20286000000001592
0.202830000000016
0.20279000000001604
0.20260000000001605
0.2024700000000161
0.20235000000001616
0.20203000000001617
0.20179000000001623
0.20166000000001624
0.2016400000000163
0.20164000000001636
0.20162000000001637
0.20148000000001645
0.20133000000001647
0.20120000000001648
0.20102000000001655
0.20081000000001661
0.20078000000001664
0.2007800000000167
0.20078000000001672
0.20073000000001676
0.2006300000000168
0.20050000000001683
0.2005000000000169
0.20036000000001689
0.20029000000001695
0.20015000000001698
0.20006000000001706
0.20004000000001707
0.1999400000000171
0.19992000000001714
0.19981000000001717
0.19962000000001723
0.19930000000001727
0.19905000000001732
0.19903000000001733
0.19893000000001737
0.19862000000001742
0.19836000000001747
0.1982700000000175
0.19828000000001753
0.19827000000001757
0.19828000000001766
0.19820000000001767
0.1981100000000177
0.19791000000001777
0.19776000000001778
0.19753000000001783
0.19754000000001787
0.1975600000000179
0.19750000000001797
0.197470000000018
0.19747000000001805
0.19731000000001805
0.19726000000001812
0.19713000000001812
0.1971000000000182
0.19711000000001822
0.19702000000001826
0.1968300000000183
0.19673000000001836
0.19655000000001838
0.19649000000001843
0.19649000000001848
0.1964800000000185
0.19646000000001856
0.1963800000000186
0.1962400000000186
0.19602000000001862
0.1957800000000187
0.19570000000001875
0.19568000000001876
0.19560000000001881
0.19558000000001885
0.19550000000001894
0.19554000000001895
0.195560000000019
0.19558000000001902
0.19560000000001906
0.1955700000000191
0.19557000000001915
0.19556000000001916
0.1953800000000192
0.19525000000001927
0.19519000000001926
0.19504000000001934
0.19502000000001937
0.1949200000000194
0.19479000000001945
0.1946900000000195
0.19464000000001955
0.19453000000001958
0.19449000000001962
0.19440000000001964
0.19430000000001968
0.19388000000001973
0.19368000000001975
0.1937100000000198
0.19364000000001982
0.1935700000000199
0.19339000000001993
0.19325000000001996
0.19321000000001998
0.19325000000002007
0.19329000000002008
0.1933300000000201
0.1933700000000202
0.1934100000000202
0.19345000000002022
0.19349000000002028
0.1934900000000203
0.19352000000002037
0.1935100000000204
0.19355000000002046
0.1935900000000205
0.1936300000000205
0.19367000000002058
0.19368000000002059
0.19371000000002064
0.19375000000002068
0.19369000000002073
0.19373000000002077
0.1937700000000208
0.19381000000002083
0.1938500000000209
0.1938900000000209
0.19393000000002095
0.19397000000002101
0.19401000000002105
0.1940500000000211
0.19409000000002113
0.19413000000002115
0.1941700000000212
0.19421000000002123
0.19425000000002127
0.1942900000000213
0.19430000000002134
0.1943400000000214
0.19438000000002142
0.19442000000002146
0.19446000000002153
0.19450000000002154
0.19454000000002158
0.19457000000002161
0.1945900000000217
0.1946300000000217
0.19466000000002173
0.1947000000000218
0.19474000000002184
0.19478000000002185
0.19482000000002192
0.19486000000002196
0.19490000000002197
0.19494000000002204
0.19498000000002208
0.1950200000000221
0.19505000000002215
0.1950900000000222
0.19513000000002223
0.19515000000002225
0.19511000000002232
0.19510000000002237
0.19512000000002241
0.19516000000002243
0.19520000000002247
0.1952000000000225
0.19515000000002256
0.19506000000002258
0.19503000000002266
0.19504000000002264
0.1950700000000227
0.19511000000002274
0.19515000000002278
0.1951300000000228
0.19501000000002286
0.1950100000000229
0.19505000000002293
0.19509000000002297
0.195130000000023
0.19517000000002305
0.19521000000002312
0.19525000000002313
0.1952900000000232
0.19533000000002324
0.19537000000002325
0.1954100000000233
0.19545000000002333
0.19549000000002337
0.19553000000002338
0.19557000000002348
0.1956100000000235
0.19565000000002353
0.1956900000000236
0.1957300000000236
0.19577000000002365
0.19581000000002372
0.19583000000002374
0.19587000000002378
0.1958800000000238
0.19592000000002385
0.1959300000000239
0.19593000000002395
0.19594000000002396
0.195980000000024
0.19602000000002404
0.19606000000002408
0.19610000000002412
0.19614000000002416
0.19617000000002421
0.19621000000002425
0.19625000000002427
0.19629000000002433
0.19633000000002437
0.1963700000000244
0.19637000000002444
0.19641000000002445
0.19644000000002448
0.19648000000002458
0.1965200000000246
0.19656000000002463
0.1966000000000247
0.1966400000000247
0.19668000000002475
0.19672000000002482
0.19672000000002485
0.1967600000000249
0.1968000000000249
0.19684000000002497
0.196880000000025
0.19692000000002502
0.1969600000000251
0.19700000000002513
0.19704000000002514
0.1970800000000252
0.19712000000002525
0.19716000000002526
0.19720000000002527
0.19724000000002537
0.19728000000002538
0.19731000000002544
0.19735000000002548
0.19739000000002552
0.19742000000002555
0.1974200000000256
0.19743000000002564
0.19747000000002565
0.19751000000002572
0.19755000000002576
0.19759000000002577
0.19763000000002584
0.19767000000002588
0.1977100000000259
0.19775000000002596
0.197790000000026
0.19781000000002605
0.19785000000002606
0.1978900000000261
0.19793000000002617
0.1979700000000262
0.1980100000000262
0.19805000000002626
0.1980900000000263
0.19812000000002633
0.19816000000002637
0.1981900000000264
0.19817000000002644
0.19803000000002652
0.19793000000002656
0.1979400000000266
0.19796000000002661
0.19799000000002667
0.19801000000002672
0.19805000000002673
0.19809000000002677
0.1981300000000268
0.19815000000002686
0.1981900000000269
0.19823000000002697
0.19827000000002698
0.198310000000027
0.19835000000002706
0.19834000000002708
0.19838000000002712
0.19842000000002719
0.1984600000000272
0.19847000000002726
0.1985100000000273
0.19855000000002734
0.19859000000002738
0.1986300000000274
0.19864000000002743
0.1986700000000275
0.19870000000002752
0.19872000000002757
0.1987300000000276
0.19875000000002765
0.1987100000000277
0.19861000000002776
0.19838000000002778
0.19833000000002782
0.19833000000002787
0.19837000000002789
0.19841000000002793
0.19845000000002797
0.19849000000002803
0.19853000000002805
0.19857000000002809
0.19861000000002813
0.19865000000002817
0.1986900000000282
0.19873000000002827
0.19877000000002829
0.19881000000002833
0.19885000000002837
0.1988900000000284
0.19893000000002842
0.1988900000000285
0.19892000000002852
0.19896000000002856
0.1990000000000286
0.19903000000002866
0.19907000000002867
0.1991100000000287
0.19915000000002878
0.19919000000002882
0.19920000000002885
0.1992400000000289
0.1992800000000289
0.19932000000002897
0.19936000000002901
0.19940000000002905
0.19943000000002908
0.19931000000002913
0.19933000000002915
0.1993700000000292
0.19941000000002923
0.19945000000002927
0.1994900000000293
0.19953000000002935
0.19957000000002942
0.19961000000002946
0.19965000000002947
0.1996900000000295
0.19973000000002958
0.1997700000000296
0.19981000000002963
0.1998500000000297
0.1998900000000297
0.19993000000002975
0.1999400000000298

Avalanche_Distribution:
5
1
5
1
21
357
2
11
596
1
2
30
23
6
45
22
2
26
5
31
27
1
3
1
1
1
2
4197
482
299
27
244
115
4
46
87
108
93
3
5
2
99
12
11
55
83
8
121
18
4
1
1
11
78
176
70
4
6
4
10
3
3
1
1
1
16
36
1
26
2
3
10
1
4
1
4
1
8
2
1
42
1
2
2
2
5
3
1
3
1
5
64
9
1
2
1
19
3
