
Branching_global:
1.020000004
1.0200003670000113
1.0200005830000218
1.020000974000033
1.0200013630000435
1.0200002190000546
1.0199814830000649
1.0199691300000755
1.019965522000086
1.019965769000097
1.019965740000108
1.0199658200001187
1.0199666550001298
1.0199671340001408
1.0199673890001515
1.0199674790001623
1.0199678990001733
1.019961900000184
1.0199622050001949
1.0199624030002057
1.0199627480002167
1.0199633620002275
1.0199636990002383
1.0199642900002495
1.0199645250002602
1.0199648650002713
1.019965308000282
1.0199658160002927
1.0199659040003037
1.0199661070003148
1.0199664370003254
1.0199671120003364
1.0199675340003473
1.0199680340003583
1.0199681660003692
1.01996867900038
1.019968096000391
1.0199653140004017
1.0199663000004124
1.0199661050004236
1.0199664000004343
1.0199668130004451
1.0199670840004562
1.019967275000467
1.0199675940004778
1.019968172000489
1.0199686430004997
1.0199689400005107
1.0199694710005216
1.0199703900005324

Autocorrelation:
0.05049833979151939
0.05049743227866848
0.05049689228664448
0.05049591483076638
0.05049494241258652
0.050497802279810815
0.050544686704122134
0.05057564661746008
0.050584696456610435
0.0505840768095342
0.05058414956079458
0.05058394886807138
0.050581854234013894
0.05058065272060307
0.050580013107527536
0.05057978736561892
0.050578733930382855
0.05059378470169874
0.050593019275000026
0.05059252238755538
0.05059165662239509
0.05059011588539326
0.05058927027685308
0.05058778739432686
0.05058719777844555
0.05058634474174981
0.05058523332871092
0.05058395890223157
0.05058373814200667
0.05058322889576436
0.050582401079161836
0.050580707903180255
0.05057964941278439
0.05057839533515563
0.05057806426911984
0.05057677766775479
0.05057823983382769
0.050585218275751145
0.050582744744927334
0.05058323391264487
0.05058249389332469
0.05058145790302172
0.05058077813605093
0.05058029904937434
0.05057949891982908
0.050578049220468616
0.050576867953110845
0.05057612310615198
0.050574791465310964
0.05057248696612147

Average_Activity:
0.0
0.0
0.0
0.0
0.0
0.0
0.0
0.0
0.0
0.0
0.0
0.0
0.0
0.0
0.0
0.0
0.0
0.0
0.0
0.0
0.0
0.0
0.0
0.0
0.25
1.75
5.75
5.5
0.25
0.0
0.0
0.0
0.0
0.0
0.0
0.0
0.0
0.0
0.0
0.0
0.0
0.0
0.0
0.0
0.0
0.0
0.0
0.0
0.0
0.0
0.0
0.0
0.0
0.0
0.0
0.0
0.0
0.0
0.0
0.0
0.0
0.0
0.0
0.0
0.0
0.0
0.0
0.0
0.0
0.0
0.75
0.0
0.0
0.0
0.0
0.0
0.0
0.0
0.0
0.0
0.0
0.0
0.0
0.0
0.0
0.0
0.0
0.0
0.0
0.0
0.0
0.0
0.0
0.0
0.0
0.0
0.0
0.0
0.0
0.0
0.0
0.0
0.0
0.0
0.0
0.0
0.0
0.0
0.0
0.0
0.0
0.25
1.25
0.25
0.0
0.0
0.0
1.5
4.0
3.5
6.75
13.5
13.25
20.5
21.5
10.5
12.25
21.25
46.0
49.5
49.0
51.25
56.5
65.25
60.75
63.75
55.0
44.5
50.25
63.25
64.0
66.75
64.0
46.25
40.5
29.75
22.5
42.25
34.0
49.5
52.5
45.75
57.75
61.0
34.75
29.25
22.25
18.75
23.5
28.25
29.75
28.25
27.25
18.75
16.5
17.75
24.25
38.75
41.5
29.25
21.5
21.75
28.5
45.75
34.75
38.5
28.25
20.25
25.25
39.75
29.5
33.75
27.0
29.0
17.5
9.5
6.75
2.5
0.75
0.0
0.0
0.0
0.0
0.0
0.0
0.0
0.0
0.0
0.0
0.0
0.0
0.0
0.5
3.5
3.0
0.5
0.0
0.0
0.0
0.0
0.0
0.0
0.0
0.0
0.0
0.0
0.0
0.0
0.0
0.0
0.0
0.0
0.0
0.0
0.0
0.0
0.0
0.0
0.0
0.0
0.0
0.75
4.5
7.25
4.0
4.75
0.75
0.0
0.0
0.0
0.0
0.0
0.0
0.0
0.0
0.0
0.0
0.0
0.25
0.0
0.0
0.0
0.0
0.0
0.0
0.0
0.0
0.0
0.0
0.0
0.0
0.0
0.0
0.0
0.0
0.0
0.0
0.0
0.0
0.0
0.0
0.0
0.0
0.0
0.0
0.0
0.0
0.0
0.0
0.0
0.0
0.0
0.0
0.0
1.25
0.75
0.0
0.0
0.0
0.0
0.0
0.0
0.0
0.25
0.0
0.0
0.0
0.0
0.0
0.0
0.25
1.25
0.25
0.0
0.0
0.0
0.0
0.0
0.0
0.0
0.0
0.0
0.0
0.0
0.0
0.0
0.0
0.0
0.0
0.0
0.0
0.0
0.0
0.0
0.0
0.0
0.0
0.0
0.0
0.0
0.0
0.0
0.0
0.0
0.0
0.0
0.0
0.0
0.0
0.0
0.0
0.0
0.0
0.0
0.0
0.0
0.0
0.0
0.0
0.0
0.0
0.0
0.0
0.0
0.0
0.0
0.0
0.0
0.0
0.0
0.0
0.0
0.0
0.0
0.0
0.0
0.0
0.0
0.0
0.0
0.0
1.75
3.5
4.0
0.75
0.0
0.0
0.0
0.0
0.0
0.0
0.0
0.0
0.0
0.0
0.0
0.25
0.0
0.0
0.0
0.0
0.0
0.0
0.0
0.0
0.0
0.0
0.0
0.0
0.0
1.75
1.75
4.0
10.5
12.75
13.0
20.5
27.5
33.5
26.5
29.5
34.0
26.75
18.0
14.75
19.25
17.0
13.5
10.5
14.5
18.25
16.0
11.0
2.5
0.25
0.0
0.0
0.0
0.0
0.0
0.0
0.0
0.0
0.0
0.0
0.0
0.0
2.75
2.75
3.75
2.5
0.75
0.0
0.0
0.0
0.0
0.0
0.0
0.0
0.0
0.0
0.0
0.0
0.0
0.0
0.0
0.0
0.0
0.0
0.25
1.0
0.0
0.0
0.0
0.0
0.0
0.0
0.0
0.0
0.0
0.0
0.0
0.0
0.0
0.0
0.0
0.25
0.0
0.0
0.0
0.0
0.0
0.0
0.0
0.0
0.0
0.0
0.0
0.0
0.0
0.0
0.0
0.0
0.0
0.0
0.0
0.0
0.0
0.0
0.0
0.0
0.0
0.0
0.0
0.0
0.0
0.0
0.0
0.0
0.0
0.0
0.0
0.0
0.0
0.0
0.0
0.0
0.0
0.0
0.0
0.0
0.0
0.0
0.0
0.0
0.0
0.0
0.0
0.0
0.0
0.0
0.0
0.0
0.0
0.0
0.0
0.0
0.0
0.0
0.0
0.0
0.0
0.0
0.0
0.0
0.0
0.0
0.0
0.0
0.0
0.0
0.0
0.0
0.0
0.0
0.0
0.0
0.0
0.0
0.0
0.0
0.0
0.0
0.0
0.0
0.0
0.0
0.0
0.0
0.0
0.0
0.0
0.0
0.25
0.0
0.0
0.0
0.0
0.0
0.0
0.0
0.0
0.0
0.0
0.0
0.0
0.0
0.0
0.0
0.0
0.0
0.0
0.0
0.0
0.0
0.0
0.25
0.0
0.0
0.0
0.0
0.0
0.0
0.0
0.0
0.0
0.0
0.0
0.0
0.0
0.0
0.0
0.0
0.0
0.0
0.0
0.0
0.0
0.0
0.0
0.0
0.0
0.0
0.0
0.0
0.0
0.25
0.0
0.5
0.5
0.0
0.0
0.0
0.0
0.0
0.0
0.0
0.0
0.0
0.0
0.0
0.0
0.0
0.0
0.0
0.0
0.0
0.0
0.0
0.0
0.0
0.0
0.0
0.0
0.0
0.0
0.0
0.0
0.0
0.0
0.0
0.0
0.0
0.0
0.0
0.0
0.0
0.0
0.0
0.0
0.0
0.0
0.0
0.0
1.5
0.0
0.0
0.0
0.0
0.0
0.0
0.0
0.0
0.0
0.25
0.75
0.0
0.0
0.0
0.0
0.0
0.0
0.0
0.0
0.0
0.0
0.0
0.5
2.0
1.25
0.0
0.0
0.0
0.0
0.0
0.0
0.0
0.0
0.0
0.0
0.0
0.0
0.0
0.0
0.0
0.0
0.0
0.0
0.0
0.0
0.0
0.0
0.0
0.0
0.0
0.0
0.0
0.0
0.0
0.0
0.0
0.0
0.0
0.0
0.0
0.0
0.0
0.0
0.0
0.0
0.0
0.0
0.0
0.0
0.0
0.0
0.0
0.0
0.0
0.0
0.0
0.0
0.0
0.0
0.0
0.0
0.0
0.0
0.0
0.0
0.0
0.0
0.0
0.0
0.0
0.0
0.0
0.0
0.0
0.0
0.0
0.0
0.0
0.0
0.0
0.0
0.0
0.0
0.0
0.0
0.0
0.0
0.0
0.0
0.0
0.0
0.0
0.0
0.0
0.0
0.0
0.0
0.0
0.0
0.0
0.0
0.0
0.0
0.0
0.0
0.0
0.0
0.0
0.0
0.0
0.0
0.0
0.0
0.0
0.0
0.0
0.0
0.0
0.0
0.0
0.0
0.0
0.0
0.0
0.0
0.0
0.0
0.0
0.0
0.0
0.0
0.0
0.25
0.0
0.0
0.0
0.0
0.0
0.0
0.0
0.0
0.0
0.0
0.0
0.0
0.0
0.0
0.0
0.0
0.0
0.0
0.0
0.0
0.0
0.0
0.0
0.0
0.0
0.0
0.0
0.0
0.0
0.0
0.0
0.0
0.0
0.0
0.0
0.25
2.25
6.0
7.75
4.0
1.25
0.0
0.0
0.0
0.25
0.25
0.0
0.0
0.0
0.0
0.0
0.0
0.0
0.0
0.0
0.0
0.0
0.0
0.0
0.0
0.0
0.0
0.0
0.0
0.0
0.0
0.0
0.0
0.0
0.0
0.0
0.0
0.0
0.0
0.0
0.0
0.0
0.75
1.75
2.25
4.25
7.0
10.0
14.5
25.0
26.75
22.25
21.75
15.5
8.75
4.25
3.75
8.0
8.75
8.5
8.0
9.25
9.75
7.25
1.5
1.5
0.0
0.0
0.0
0.0
0.0
0.0
0.0
0.0
0.0
0.0
0.0
0.5
0.0
0.0
0.0
0.0
0.0
0.0
0.0
0.0
0.0
0.0
0.0
0.0
0.0
0.0
0.0
0.0
0.0
0.0
0.0
0.0
0.0
0.0
0.0
0.0
0.0
0.0
0.0
0.0
0.0
0.0
0.0
0.0
0.0
0.0
0.0
0.75
0.25
0.25
1.75
1.25
2.5
2.0
0.0
0.0
0.0
0.5
0.0
0.0
0.0
0.0
0.0
0.0
0.0
0.5
0.0
0.0
0.0
0.0
0.0
0.0
0.0
0.0
0.0
0.75
0.25
0.0
0.0
0.0
0.0
0.0
0.0
0.0
0.25
0.25
0.0
0.0
0.0
0.0
0.0
0.0
0.0
0.0
0.0
0.0
0.0
0.0
0.0
0.0
0.0
0.0
0.0
0.0
0.0
0.0
0.0
0.0
0.0
0.0
0.0
0.0
0.0
0.0
0.0
0.0
0.0
0.0
0.0
0.0
0.0
0.0
0.0
0.0
0.0
0.0
0.75
1.0
0.75
0.0
0.0
0.0
0.0
0.0
0.0
0.0
0.0
0.0
0.0
0.0
0.0
0.0
0.0
0.0
0.0
0.0
0.0
0.0
0.0
0.0
0.0
0.0
0.0
0.0
0.0
0.0
0.0
0.0
0.0
0.0
0.0
0.0
0.0
0.0
0.0
0.0
0.0
0.0
0.0
0.0
0.75
0.0
0.0
0.0
0.0
0.0
0.0
0.0
0.0
0.0
0.0
0.0
0.0
0.0
0.0
0.0
0.0
0.0
0.0
0.0
0.0
0.0
0.0
0.0
0.0
0.0
0.0
0.0
0.0
0.0
0.0
0.0
0.0
0.0
0.0
0.0
0.0
0.0
0.0
0.0
0.0
0.0
0.0
0.0
0.0
0.0
0.0
0.0
0.0
0.0
0.0
0.0
0.0
0.0
0.0
0.0
0.0
0.0
0.0
0.0
0.0
0.0
0.0
0.0
0.0
0.0
0.0
0.0
0.75
1.0
0.0
0.0
0.0
0.25
0.0
0.0
0.0
0.0
0.0
0.0
0.0
0.0
0.0
0.0
0.0
0.0
0.0
0.0
0.0
0.0
0.0
0.0
0.0
0.0
0.0
0.0
0.0
0.0
0.0
0.0
0.0
0.0
0.0
0.0
0.0
0.0
0.0
0.0
0.0
0.0
0.0
0.0
0.0
0.0
0.0
0.0
0.0
0.0
0.0
0.0
0.0
0.0
0.0
0.0
0.0
0.0
0.0
0.0
0.0
0.0
0.0
0.0
0.0
0.0
0.0
0.0
0.0
0.0
0.25
0.0
0.0
0.0
0.0
0.0
0.0
0.0
0.0
0.0
0.0
0.0
0.0

Average_Alpha:
0.255000001
0.2550000050000002
0.25500000900000025
0.2550000130000004
0.25500001700000047
0.25500002100000063
0.2550000250000007
0.25500002900000085
0.2550000330000009
0.25500003700000107
0.25500004100000107
0.2550000450000013
0.25500004900000134
0.2550000530000015
0.25500005700000156
0.2550000610000017
0.2550000650000018
0.25500006900000194
0.255000073000002
0.25500007700000216
0.2550000810000022
0.2550000850000024
0.25500008900000243
0.2550000930000026
0.2550000960000026
0.2550000930000028
0.25500007400000285
0.25500005600000303
0.2550000590000031
0.2550000630000033
0.25500006700000327
0.25500007100000344
0.2550000750000035
0.2550000790000037
0.2550000830000037
0.2550000870000039
0.2550000910000039
0.25500009500000415
0.25500009900000414
0.25500010300000436
0.25500010700000436
0.2550001110000045
0.2550001150000046
0.2550001190000048
0.2550001230000048
0.255000127000005
0.255000131000005
0.2550001350000052
0.25500013900000523
0.2550001430000054
0.2550001470000055
0.25500015100000567
0.25500015500000567
0.25500015900000583
0.25500016300000594
0.2550001670000061
0.25500017100000616
0.25500017500000627
0.2550001790000064
0.25500018300000654
0.2550001870000066
0.25500019100000676
0.25500019500000676
0.2550001990000069
0.255000203000007
0.2550002070000072
0.2550002110000072
0.2550002150000074
0.2550002190000074
0.25500022300000763
0.25500022400000766
0.2550002280000078
0.2550002320000079
0.25500023600000804
0.25500024000000804
0.25500024400000826
0.2550002480000083
0.2550002520000085
0.25500025600000853
0.2550002600000087
0.25500026400000875
0.2550002680000089
0.25500027200000897
0.25500027600000913
0.2550002800000092
0.25500028400000935
0.2550002880000094
0.25500029200000957
0.2550002960000096
0.2550003000000098
0.25500030400000984
0.25500030800001
0.25500031200001005
0.2550003160000102
0.25500032000001027
0.25500032400001044
0.2550003280000105
0.25500033200001065
0.2550003360000107
0.2550003400000109
0.2550003440000109
0.2550003480000111
0.25500035200001114
0.2550003560000113
0.25500036000001136
0.2550003640000115
0.2550003680000115
0.25500037200001174
0.2550003760000118
0.25500038000001196
0.255000384000012
0.2550003870000122
0.25500038600001224
0.25500038900001243
0.2550003930000124
0.25500039700001265
0.25500040100001264
0.25500039900001287
0.2550003870000129
0.25500037700001305
0.2550003540000131
0.2550003040000132
0.2550002550000133
0.25500017700001343
0.25500009500001347
0.2550000570000137
0.2550000120000137
0.2549999310000139
0.25499975100001393
0.2549995570000141
0.25499936500001413
0.25499916400001427
0.25499894200001433
0.25499868500001444
0.25499844600001453
0.2549981950000147
0.25499797900001475
0.2549978050000149
0.254997608000015
0.2549973590000151
0.2549971070000152
0.2549968440000153
0.2549965920000154
0.2549964110000155
0.25499625300001555
0.2549961380000157
0.2549960520000158
0.2549958870000159
0.254995755000016
0.25499556100001614
0.25499535500001624
0.2549951760000163
0.2549949490000164
0.25499470900001653
0.2549945740000167
0.2549944610000167
0.25499437600001684
0.25499430500001696
0.25499421500001707
0.2549941060000172
0.2549939910000173
0.2549938820000174
0.25499377700001746
0.2549937060000176
0.25499364400001767
0.2549935770000178
0.2549934840000179
0.254993333000018
0.2549931710000181
0.2549930580000182
0.25499297600001836
0.25499289300001843
0.25499278300001854
0.25499260400001866
0.2549924690000187
0.25499231900001884
0.254992210000019
0.2549921330000191
0.25499203600001913
0.2549918810000193
0.25499176700001935
0.25499163600001945
0.2549915320000196
0.2549914200000197
0.25499135400001977
0.25499132000001995
0.25499129700002
0.25499129100002016
0.25499129200002024
0.25499129600002035
0.25499130000002046
0.2549913040000205
0.2549913080000207
0.2549913120000208
0.2549913160000209
0.254991320000021
0.2549913240000211
0.2549913280000212
0.25499133200002133
0.25499133600002144
0.25499134000002155
0.2549913440000216
0.2549913460000217
0.2549913360000219
0.25499132800002194
0.2549913300000221
0.25499133400002216
0.2549913380000223
0.25499134200002244
0.25499134600002255
0.25499135000002265
0.25499135400002276
0.2549913580000228
0.2549913620000229
0.25499136600002303
0.25499137000002314
0.2549913740000233
0.25499137800002336
0.2549913820000235
0.2549913860000236
0.25499139000002374
0.25499139400002385
0.25499139800002396
0.254991402000024
0.2549914060000241
0.2549914100000243
0.25499141400002434
0.2549914180000245
0.25499142200002456
0.2549914260000247
0.25499143000002483
0.2549914310000249
0.25499141700002503
0.25499139200002513
0.25499138000002525
0.2549913650000254
0.2549913660000255
0.2549913700000256
0.2549913740000257
0.2549913780000258
0.2549913820000259
0.254991386000026
0.25499139000002613
0.25499139400002624
0.25499139800002635
0.2549914020000264
0.25499140600002657
0.2549914100000266
0.25499141300002676
0.25499141700002687
0.25499142100002703
0.2549914250000271
0.2549914290000272
0.2549914330000273
0.2549914370000274
0.2549914410000275
0.25499144500002763
0.25499144900002774
0.2549914530000279
0.25499145700002795
0.2549914610000281
0.2549914650000282
0.2549914690000283
0.2549914730000284
0.2549914770000285
0.2549914810000286
0.2549914850000287
0.2549914890000288
0.254991493000029
0.2549914970000291
0.2549915010000292
0.2549915050000293
0.25499150900002937
0.2549915130000295
0.2549915170000296
0.2549915210000297
0.25499152500002986
0.2549915290000299
0.25499153300003
0.25499153700003013
0.25499154100003024
0.25499154500003035
0.2549915490000305
0.25499155300003057
0.2549915520000307
0.2549915530000308
0.2549915570000309
0.254991561000031
0.2549915650000311
0.2549915690000312
0.25499157300003134
0.25499157700003144
0.25499158100003155
0.25499158400003163
0.25499158800003174
0.25499159200003185
0.25499159600003196
0.25499160000003207
0.2549916040000322
0.25499160800003234
0.2549916110000324
0.2549916100000325
0.25499161300003265
0.25499161700003276
0.25499162100003286
0.254991625000033
0.2549916290000331
0.2549916330000332
0.2549916370000333
0.2549916410000334
0.2549916450000335
0.2549916490000336
0.25499165300003374
0.25499165700003384
0.25499166100003395
0.25499166500003406
0.25499166900003417
0.2549916730000343
0.2549916770000344
0.2549916810000345
0.25499168500003466
0.2549916890000347
0.2549916930000348
0.25499169700003493
0.25499170100003504
0.25499170500003515
0.25499170900003526
0.25499171300003537
0.2549917170000355
0.2549917210000356
0.2549917250000357
0.2549917290000358
0.2549917330000359
0.254991737000036
0.25499174100003613
0.25499174500003624
0.25499174900003635
0.25499175300003646
0.25499175700003657
0.2549917610000367
0.2549917650000368
0.2549917690000369
0.254991773000037
0.2549917770000371
0.2549917810000372
0.25499178500003733
0.25499178900003744
0.25499179300003755
0.25499179700003766
0.25499180100003777
0.2549918050000379
0.254991809000038
0.25499181300003815
0.2549918170000382
0.2549918210000383
0.2549918250000384
0.25499182900003853
0.25499183300003864
0.25499183700003875
0.25499184100003885
0.25499184500003896
0.2549918490000391
0.2549918530000392
0.2549918570000393
0.2549918610000394
0.2549918650000395
0.2549918690000396
0.2549918730000397
0.25499187700003983
0.25499188100003994
0.25499188500004005
0.25499188200004014
0.2549918720000403
0.2549918600000403
0.2549918610000405
0.2549918650000406
0.2549918690000407
0.25499187300004084
0.2549918770000409
0.254991881000041
0.2549918850000411
0.2549918890000412
0.2549918930000413
0.2549918970000415
0.2549919010000416
0.2549919050000417
0.2549919080000418
0.2549919120000419
0.254991916000042
0.2549919200000421
0.2549919240000422
0.25499192800004233
0.25499193200004244
0.25499193600004255
0.25499194000004266
0.25499194400004277
0.2549919480000429
0.254991952000043
0.2549919560000431
0.2549919600000432
0.25499195700004335
0.2549919540000434
0.2549919420000435
0.2549919040000437
0.25499185700004373
0.25499180900004387
0.25499173100004396
0.2549916250000441
0.2549914950000442
0.2549913930000443
0.2549912790000444
0.2549911470000445
0.25499104400004463
0.2549909760000447
0.25499092100004483
0.2549908480000449
0.25499078400004505
0.2549907340000451
0.25499069600004526
0.25499064200004534
0.25499057300004546
0.2549905130000456
0.2549904730000457
0.25499046700004574
0.2549904700000459
0.254990474000046
0.2549904780000461
0.2549904820000462
0.2549904860000463
0.2549904900000464
0.25499049400004653
0.25499049800004664
0.2549905020000467
0.25499050600004686
0.25499051000004697
0.2549905140000471
0.2549905180000472
0.2549905110000473
0.2549905040000474
0.2549904930000475
0.2549904870000476
0.25499048800004775
0.2549904920000478
0.254990496000048
0.2549905000000481
0.25499050400004813
0.25499050800004824
0.2549905120000484
0.2549905160000485
0.2549905200000486
0.25499052400004873
0.2549905280000488
0.2549905320000489
0.25499053600004906
0.25499054000004917
0.2549905440000493
0.2549905480000494
0.2549905520000495
0.2549905560000496
0.2549905590000497
0.2549905590000498
0.2549905630000499
0.25499056700005
0.2549905710000501
0.25499057500005023
0.25499057900005034
0.25499058300005045
0.2549905870000506
0.25499059100005067
0.2549905950000508
0.2549905990000509
0.254990603000051
0.2549906070000511
0.2549906110000512
0.2549906150000513
0.25499061900005143
0.2549906220000515
0.2549906260000517
0.2549906300000518
0.2549906340000519
0.25499063800005195
0.25499064200005206
0.25499064600005217
0.25499065000005233
0.25499065400005244
0.25499065800005255
0.2549906620000526
0.25499066600005277
0.2549906700000528
0.254990674000053
0.25499067800005304
0.2549906820000532
0.2549906860000533
0.2549906900000534
0.25499069400005353
0.25499069800005364
0.2549907020000537
0.25499070600005386
0.2549907100000539
0.2549907140000541
0.25499071800005413
0.2549907220000543
0.2549907260000544
0.2549907300000545
0.2549907340000546
0.25499073800005473
0.2549907420000548
0.25499074600005495
0.254990750000055
0.25499075400005516
0.2549907580000553
0.2549907620000554
0.25499076600005544
0.25499077000005554
0.25499077400005565
0.2549907780000558
0.2549907820000559
0.25499078600005604
0.2549907900000561
0.25499079400005625
0.2549907980000563
0.25499080200005647
0.2549908060000565
0.2549908100000567
0.2549908140000568
0.2549908180000569
0.254990822000057
0.2549908260000571
0.2549908300000572
0.25499083400005734
0.2549908380000574
0.25499084200005756
0.2549908460000576
0.2549908500000578
0.2549908540000579
0.254990858000058
0.2549908620000581
0.2549908660000582
0.25499087000005827
0.25499087400005843
0.2549908780000585
0.25499088200005865
0.25499088600005876
0.25499089000005887
0.2549908940000589
0.25499089800005903
0.25499090200005914
0.2549909060000593
0.2549909100000594
0.2549909140000595
0.2549909180000596
0.25499092200005974
0.2549909260000598
0.25499093000005996
0.25499093400006
0.2549909380000602
0.2549909420000603
0.2549909460000604
0.2549909500000605
0.2549909540000606
0.25499095800006066
0.25499096200006083
0.2549909660000609
0.25499097000006105
0.2549909740000611
0.25499097800006126
0.2549909820000614
0.2549909860000615
0.2549909900000616
0.2549909940000617
0.25499099800006175
0.2549910020000619
0.25499100600006197
0.2549910090000621
0.2549910130000622
0.2549910170000623
0.25499102100006243
0.25499102500006254
0.25499102900006265
0.25499103300006276
0.25499103700006287
0.254991041000063
0.2549910450000631
0.2549910490000632
0.2549910530000633
0.2549910570000634
0.2549910610000635
0.25499106500006363
0.25499106900006374
0.25499107300006385
0.25499107700006396
0.25499108100006407
0.2549910850000642
0.2549910890000643
0.2549910930000644
0.25499109700006456
0.2549911000000646
0.25499110400006475
0.25499110800006486
0.25499111200006497
0.2549911160000651
0.2549911200000652
0.2549911240000653
0.2549911280000654
0.25499113200006546
0.2549911360000656
0.25499114000006573
0.25499114400006584
0.2549911480000659
0.254991152000066
0.2549911560000661
0.2549911600000663
0.2549911640000664
0.2549911680000665
0.25499117200006655
0.2549911760000667
0.25499118000006676
0.25499118400006693
0.25499118800006704
0.25499119200006715
0.25499119600006726
0.25499120000006736
0.2549912040000675
0.2549912080000676
0.25499121200006764
0.2549912160000678
0.2549912190000679
0.25499122300006805
0.2549912250000681
0.2549912270000682
0.2549912310000683
0.25499123500006843
0.25499123900006854
0.25499124300006865
0.25499124700006875
0.25499125100006886
0.254991255000069
0.2549912590000691
0.2549912630000692
0.2549912670000693
0.2549912710000694
0.2549912750000695
0.2549912790000696
0.25499128300006974
0.25499128700006984
0.25499129100006995
0.25499129500007006
0.25499129900007017
0.2549913030000703
0.2549913070000704
0.2549913110000705
0.2549913150000706
0.2549913190000707
0.2549913230000708
0.25499132700007093
0.25499133100007104
0.25499133500007115
0.25499133900007126
0.25499134300007137
0.2549913470000715
0.2549913510000716
0.2549913550000717
0.2549913590000718
0.2549913630000719
0.254991367000072
0.25499137100007213
0.25499137500007224
0.25499137900007235
0.25499138300007246
0.25499138700007257
0.2549913910000727
0.2549913950000728
0.2549913990000729
0.254991403000073
0.2549914010000731
0.2549914050000732
0.25499140900007333
0.25499141300007344
0.25499141700007355
0.25499142100007366
0.25499142500007377
0.2549914290000739
0.254991433000074
0.2549914370000741
0.2549914400000742
0.2549914410000743
0.2549914450000744
0.25499144900007453
0.25499145300007464
0.25499145700007475
0.25499146100007486
0.25499146500007497
0.2549914690000751
0.2549914730000752
0.2549914770000753
0.2549914810000754
0.2549914850000755
0.2549914870000756
0.2549914830000757
0.2549914820000758
0.25499148600007593
0.25499149000007604
0.25499149400007615
0.25499149800007626
0.2549915020000764
0.2549915060000765
0.2549915100000766
0.2549915140000767
0.25499151800007686
0.25499152200007696
0.254991526000077
0.2549915300000771
0.25499153400007724
0.2549915380000774
0.2549915420000775
0.2549915460000776
0.2549915500000777
0.25499155400007784
0.25499155800007794
0.25499156200007805
0.25499156600007816
0.2549915700000782
0.2549915740000783
0.25499157800007843
0.25499158200007854
0.2549915860000787
0.25499159000007876
0.25499159400007887
0.254991598000079
0.2549916020000791
0.2549916060000792
0.2549916100000793
0.2549916140000794
0.2549916180000795
0.25499162200007963
0.25499162600007974
0.2549916300000799
0.25499163400007996
0.25499163800008007
0.2549916420000802
0.25499164600008034
0.25499165000008045
0.2549916540000805
0.2549916580000806
0.2549916620000807
0.2549916660000809
0.254991670000081
0.2549916740000811
0.2549916780000812
0.2549916820000813
0.25499168600008143
0.25499169000008154
0.25499169400008165
0.2549916980000817
0.2549917020000818
0.2549917060000819
0.25499171000008203
0.2549917140000822
0.25499171800008225
0.25499172200008235
0.25499172600008246
0.2549917300000826
0.2549917340000827
0.2549917380000828
0.2549917420000829
0.254991746000083
0.2549917500000831
0.2549917540000832
0.2549917580000834
0.25499176200008344
0.25499176600008355
0.25499177000008366
0.2549917740000838
0.25499177800008394
0.254991782000084
0.2549917860000841
0.2549917900000842
0.25499179400008437
0.2549917980000845
0.2549918020000846
0.2549918060000847
0.2549918100000848
0.2549918140000849
0.254991818000085
0.25499182200008513
0.2549918260000852
0.2549918300000853
0.2549918340000854
0.2549918380000855
0.2549918420000857
0.25499184600008573
0.25499185000008584
0.25499185400008595
0.25499185800008606
0.25499186200008617
0.2549918660000863
0.2549918700000864
0.2549918740000865
0.2549918780000866
0.2549918820000867
0.2549918860000869
0.25499189000008693
0.25499189400008704
0.25499189800008715
0.2549919020000873
0.2549919060000874
0.2549919100000875
0.2549919140000876
0.2549919180000877
0.25499192200008786
0.25499192600008797
0.2549919300000881
0.2549919340000882
0.2549919380000883
0.2549919420000884
0.2549919460000885
0.2549919500000886
0.25499195400008867
0.2549919580000888
0.2549919620000889
0.254991966000089
0.25499197000008916
0.2549919740000892
0.2549919780000893
0.25499198200008943
0.25499198600008954
0.25499199000008965
0.2549919930000898
0.2549919970000899
0.25499200100009
0.2549920050000901
0.2549920090000902
0.25499201300009033
0.25499201700009044
0.25499202100009055
0.25499202500009066
0.25499202900009077
0.2549920330000909
0.254992037000091
0.2549920410000911
0.2549920450000912
0.2549920490000913
0.2549920530000914
0.25499205700009153
0.25499206100009164
0.25499206500009175
0.25499206900009186
0.25499207300009197
0.2549920770000921
0.2549920810000922
0.2549920850000923
0.2549920890000924
0.2549920930000925
0.2549920970000926
0.25499210100009273
0.2549921050000928
0.25499210900009295
0.25499211300009306
0.25499211700009317
0.2549921210000933
0.2549921250000934
0.2549921290000935
0.2549921330000936
0.2549921360000937
0.25499213100009377
0.25499211100009395
0.25499208400009404
0.25499207200009416
0.25499207100009424
0.25499207500009435
0.25499207900009446
0.25499208300009457
0.25499208600009465
0.2549920890000948
0.2549920930000949
0.254992097000095
0.2549921010000951
0.2549921050000952
0.25499210900009533
0.25499211300009544
0.25499211700009555
0.25499212100009566
0.25499212500009577
0.2549921290000959
0.254992133000096
0.2549921370000961
0.2549921410000962
0.2549921450000963
0.2549921490000964
0.25499215300009653
0.25499215700009664
0.25499216100009675
0.25499216500009686
0.25499216900009697
0.2549921730000971
0.2549921770000972
0.2549921810000973
0.2549921850000974
0.2549921890000975
0.2549921930000976
0.25499219700009773
0.25499220100009784
0.25499220500009795
0.25499220900009806
0.25499221300009817
0.25499221400009825
0.2549922110000984
0.2549922060000985
0.2549921930000986
0.2549921690000987
0.2549921330000988
0.2549920790000989
0.25499198300009907
0.25499188000009915
0.2549917950000992
0.25499171200009935
0.25499165400009943
0.25499162300009953
0.2549916100000997
0.25499159900009977
0.2549915710000999
0.2549915400001
0.2549915100001001
0.2549914820001002
0.2549914490001003
0.2549914140001004
0.25499138900010054
0.25499138700010066
0.25499138500010077
0.2549913890001009
0.254991393000101
0.2549913970001011
0.2549914010001012
0.25499140500010126
0.2549914090001014
0.25499141300010153
0.25499141700010164
0.25499142100010175
0.25499142500010186
0.2549914290001019
0.2549914310001021
0.2549914350001022
0.2549914390001023
0.2549914430001024
0.2549914470001025
0.2549914510001026
0.25499145500010273
0.25499145900010284
0.25499146300010295
0.25499146700010306
0.25499147100010316
0.2549914750001033
0.2549914790001034
0.2549914830001035
0.2549914870001036
0.25499149100010365
0.2549914950001038
0.25499149900010387
0.25499150300010404
0.2549915070001041
0.25499151100010425
0.25499151500010436
0.25499151900010447
0.2549915230001046
0.2549915270001047
0.2549915310001048
0.2549915350001049
0.25499153900010496
0.2549915430001051
0.25499154700010523
0.25499155100010534
0.2549915550001054
0.25499155900010556
0.25499156300010567
0.2549915670001058
0.2549915710001059
0.25499157200010597
0.2549915750001061
0.2549915780001062
0.2549915750001063
0.2549915740001064
0.25499156800010647
0.25499156400010664
0.25499156800010675
0.25499157200010686
0.25499157600010697
0.2549915780001071
0.2549915820001072
0.2549915860001073
0.2549915900001074
0.2549915940001075
0.2549915980001076
0.25499160200010773
0.25499160600010784
0.25499160800010795
0.25499161200010806
0.25499161600010817
0.2549916200001083
0.2549916240001084
0.2549916280001085
0.2549916320001086
0.2549916360001087
0.2549916400001088
0.25499164400010893
0.25499164500010907
0.25499164800010915
0.25499165200010926
0.25499165600010937
0.2549916600001095
0.2549916640001096
0.2549916680001097
0.2549916720001098
0.2549916760001099
0.25499167900011005
0.25499168200011013
0.25499168600011024
0.25499169000011035
0.25499169400011046
0.25499169800011057
0.2549917020001107
0.2549917060001108
0.2549917100001109
0.254991714000111
0.2549917180001111
0.2549917220001112
0.2549917260001113
0.25499173000011144
0.25499173400011155
0.25499173800011166
0.25499174200011177
0.25499174600011193
0.254991750000112
0.2549917540001121
0.2549917580001122
0.2549917620001123
0.2549917660001124
0.2549917700001125
0.25499177400011264
0.25499177800011275
0.25499178200011285
0.25499178600011296
0.25499179000011307
0.2549917940001132
0.2549917980001133
0.2549918020001134
0.2549918060001135
0.2549918100001136
0.2549918140001137
0.25499181800011383
0.25499182200011394
0.25499182600011405
0.25499183000011416
0.25499183400011427
0.2549918380001144
0.2549918420001145
0.25499184300011457
0.2549918430001147
0.2549918440001148
0.25499184800011493
0.25499185200011504
0.25499185600011515
0.25499186000011526
0.25499186400011536
0.2549918680001155
0.2549918720001156
0.2549918760001157
0.25499188000011574
0.25499188400011585
0.25499188800011596
0.25499189200011607
0.25499189600011624
0.2549919000001163
0.2549919040001164
0.2549919080001165
0.25499191200011667
0.2549919160001167
0.2549919200001169
0.25499192400011694
0.2549919280001171
0.2549919320001172
0.2549919360001173
0.25499194000011743
0.2549919440001175
0.2549919480001176
0.25499195200011776
0.25499195600011787
0.254991960000118
0.2549919640001181
0.2549919680001182
0.2549919720001183
0.2549919760001184
0.2549919800001185
0.25499198400011863
0.25499198800011874
0.25499199200011885
0.25499199600011896
0.25499200000011907
0.2549920040001192
0.25499200800011923
0.25499200900011937
0.2549920130001195
0.2549920170001196
0.2549920210001197
0.2549920250001198
0.2549920290001199
0.25499203300012
0.25499203700012013
0.25499204100012024
0.25499204500012035
0.25499204900012046
0.25499205300012057
0.2549920570001207
0.2549920610001208
0.2549920650001209
0.254992069000121
0.2549920730001211
0.2549920770001212
0.25499208100012133
0.25499208500012144
0.25499208900012155
0.2549920930001217
0.25499209700012176
0.2549921010001219
0.254992105000122
0.2549921090001221
0.2549921130001222
0.2549921170001223
0.2549921210001224
0.2549921250001225
0.25499212900012264
0.25499213300012274
0.25499213700012285
0.25499214100012296
0.25499214500012307
0.2549921490001232
0.2549921530001233
0.2549921570001234
0.2549921610001235
0.2549921650001236
0.2549921690001237
0.25499217300012383
0.25499217700012394
0.25499218100012405
0.25499218500012416
0.25499218900012427
0.2549921930001244
0.2549921970001245
0.2549922010001246
0.2549922050001247
0.2549922090001248
0.2549922130001249
0.25499221700012503
0.2549922210001252
0.25499222500012525
0.25499222900012536
0.25499223300012547
0.2549922370001256
0.2549922410001257
0.2549922450001258
0.2549922490001259
0.254992253000126
0.2549922570001261
0.25499226100012623
0.25499226500012634
0.25499226900012645
0.25499227300012656
0.25499227700012667
0.25499227800012675
0.25499227800012686
0.25499228200012697
0.2549922860001271
0.2549922900001272
0.2549922930001273
0.25499229700012743
0.25499230100012754
0.25499230500012765
0.25499230900012776
0.25499231300012787
0.254992317000128
0.2549923210001281
0.2549923250001282
0.2549923290001283
0.2549923330001284
0.2549923370001285
0.25499234100012863
0.25499234500012874
0.25499234900012885
0.25499235300012896
0.25499235700012907
0.2549923610001292
0.2549923650001293
0.2549923690001294
0.2549923730001295
0.2549923770001296
0.2549923810001297
0.25499238500012983
0.25499238900012994
0.25499239300013005
0.25499239700013016
0.25499240100013026
0.2549924050001304
0.2549924090001305
0.2549924130001306
0.25499241700013064
0.2549924210001308
0.2549924250001309
0.254992429000131
0.25499243300013114
0.25499243700013124
0.25499244100013135
0.25499244500013146
0.25499244900013157
0.2549924530001317
0.2549924570001318
0.2549924610001319
0.254992465000132
0.2549924690001321
0.2549924730001322
0.25499247700013233
0.25499248100013244
0.25499248500013255
0.25499248900013266
0.25499249300013277
0.2549924970001329
0.254992501000133
0.2549925050001331
0.2549925090001332
0.2549925130001333
0.2549925170001334
0.25499252100013353
0.25499252500013364
0.25499252900013375
0.25499253300013386
0.25499253700013397
0.2549925410001341
0.25499254500013413
0.2549925490001343
0.2549925520001344
0.25499255600013454
0.2549925600001346
0.25499256400013476
0.2549925680001348
0.2549925720001349
0.25499257600013503
0.2549925800001352
0.2549925840001353
0.2549925880001354
0.25499259200013547
0.25499259600013563
0.25499260000013574

Avalanche_Distribution:
54
3
7
9397
30
88
1
8
1
7
40
1
1590
50
5
1
1
1
1
4
6
4
15
1
86
1
1
912
12
2
4
31
2
2
4
2
10
3
7
1
1
