
Branching_global:
0.9999999800000001
0.9999926780000047
0.9999898690000052
0.9999901960000058
0.9999898580000063
0.9999901320000065
0.9999903780000069
0.9999905280000071
0.9999907890000075
0.9999913340000081
0.9999914190000074
0.9999918800000103
0.9999924680000115
0.9999926360000135
0.9999927480000155
0.9999935040000175
0.9999938320000197
0.9999940320000205
0.9999944240000218
0.999994992000025
0.9999951490000248
0.9999956510000304
0.999996004000034
0.9999943110000361
0.9999846690000388
0.9999722390000387
0.9999714670000373
0.9999717530000387
0.9999722630000397
0.9999727090000399
0.9999728730000375
0.9999735780000392
0.9999738270000372
0.9999743420000391
0.9999743380000384
0.9999747520000387
0.9999744480000372
0.9999724180000406
0.9999716270000365
0.9999723830000383
0.9999730540000369
0.9999732660000373
0.9999736950000374
0.9999742870000385
0.999974573000038
0.9999745310000357
0.9999754220000373
0.9999754400000354
0.9999759770000372
0.9999762490000385
0.9999750870000373
0.9999753110000359
0.9999754010000381
0.9999756460000367
0.9999758660000366
0.9999761710000376
0.9999772720000404
0.999977466000036
0.9999772120000391
0.9999776640000403
0.9999774310000382
0.9999773940000369
0.9999782020000371
0.9999782430000372
0.9999790420000405
0.9999797340000425
0.9999796820000395
0.9999771200000416
0.9999776170000418
0.9999780590000423
0.9999780980000426
0.99997867600004
0.9999787420000417
0.9999790130000418
0.9999797390000472
0.9999799110000439
0.9999800820000433
0.9999807100000425
0.9999800640000427
0.9999801400000431
0.9999805610000475
0.9999805970000457
0.9999811810000486
0.9999818660000473
0.9999820510000516
0.9999822760000502
0.9999829680000533
0.9999827650000461
0.9999834230000529
0.9999841910000519
0.9999844260000554
0.9999843400000529
0.9999754530000557
0.999968489000056
0.9999694270000578
0.9999698940000588
0.9999701080000554
0.9999704120000563
0.9999706670000573
0.9999711750000561

Autocorrelation:
-49999.99980387355
-136.5742064511895
-98.70643914757719
-101.99868406632916
-98.59938174036994
-101.33715713956727
-103.92799726761837
-105.57382440261615
-108.56534527255995
-115.39299191364552
-116.5360343036763
-123.1522095146782
-132.76636159372728
-135.79526342116785
-137.8924953294869
-153.94038711412873
-162.12660816912205
-167.5598222897864
-179.33952939537144
-199.68001217656408
-206.14256434113693
-229.93741836969548
-250.2497523770894
-175.77731795466417
-65.22681736422321
-36.02125718925696
-35.046638444526906
-35.401489637976404
-36.052425744235116
-36.64161649990592
-36.86314143913372
-37.846748558932255
-38.20681293185204
-38.97369913745689
-38.967624130727856
-39.60659765051523
-39.135379829436715
-36.255029019174124
-35.24427500508797
-36.20908110309219
-37.1107596047066
-37.40505103377041
-38.01508644229272
-38.89033348671224
-39.32777315218893
-39.262918326183645
-40.686293126679466
-40.71611243441451
-41.62627440363233
-42.10299044553885
-40.13918616574652
-40.5033681762336
-40.65155908774002
-41.06051673069418
-41.43481952718864
-41.9651721443831
-43.99809212134036
-44.376885353494124
-43.88224537791119
-44.77027371786413
-44.30806491873801
-44.23554359865709
-45.875268495309186
-45.961719132786726
-47.7139766626684
-49.34322851384829
-49.2169427556808
-43.70579378380516
-44.67626369689305
-45.57627416203153
-45.65743086947218
-46.89501687473893
-47.04061402400527
-47.64804443006016
-49.35540554742149
-49.77798584559028
-50.20534406769769
-51.8398318907753
-50.16001374940944
-50.3519673785005
-51.44247558580384
-51.53792201332602
-53.137286415552694
-55.144531575140896
-55.71291037636264
-56.4201726926942
-58.712510985383076
-58.02096809698356
-60.324046249060956
-63.25460805618278
-64.20908029660994
-63.85646062298323
-40.73767583496274
-31.73444975384772
-32.70809914994077
-33.21547030080798
-33.45326695362748
-33.796985528947054
-34.090796556182596
-34.691607610597245

Average_Activity:
1.0
7.0
10.25
16.75
29.25
32.25
33.75
38.75
22.0
11.25
8.5
8.75
8.5
10.25
17.0
18.0
28.75
31.5
25.0
24.0
15.5
13.25
16.75
21.25
21.5
22.75
15.0
14.5
15.0
9.5
9.75
13.0
9.0
15.75
23.75
18.5
10.5
5.25
4.5
10.5
5.75
1.5
0.0
0.0
0.0
0.0
0.0
0.0
0.0
0.0
0.0
0.0
0.0
0.0
0.0
0.25
0.0
0.0
0.0
0.0
0.0
0.0
0.0
0.0
0.0
0.0
0.0
0.0
0.0
0.0
0.0
2.5
0.25
0.75
4.75
5.75
2.5
0.25
0.0
0.0
0.0
0.0
0.0
0.0
0.0
0.75
2.25
3.0
2.5
3.25
2.5
6.75
8.5
6.75
4.5
0.0
0.0
0.0
0.0
0.0
0.0
0.0
0.0
0.0
0.0
0.0
1.0
1.25
3.5
7.75
5.0
0.0
0.0
0.0
0.0
0.0
0.0
0.0
0.0
0.0
0.0
0.0
0.0
0.0
0.0
0.0
0.0
0.0
0.0
0.0
0.0
0.0
0.0
0.0
0.0
0.0
0.0
0.0
0.0
0.0
0.0
0.0
0.0
0.0
0.0
1.25
0.75
0.5
0.0
0.0
0.0
0.0
0.0
0.0
0.0
0.0
0.0
0.0
2.75
2.0
2.5
2.5
4.5
4.0
0.75
0.0
0.0
0.0
0.0
0.0
0.0
0.0
0.0
0.0
0.0
0.0
0.0
0.0
0.0
0.0
0.0
0.0
0.0
0.0
0.0
0.0
0.0
0.0
0.0
0.0
0.0
0.0
0.0
0.0
0.0
0.0
0.0
0.0
0.0
0.0
0.0
0.0
0.0
0.0
0.0
0.0
0.0
2.5
3.0
0.25
0.0
0.0
0.0
0.0
0.0
0.0
0.0
0.0
0.0
0.0
0.25
0.0
0.0
0.0
0.0
0.0
0.0
0.0
0.0
0.0
0.0
0.0
0.0
0.0
0.0
0.0
0.0
0.0
0.0
0.0
0.0
0.0
0.0
0.0
0.0
0.25
0.0
0.0
0.0
0.0
0.0
0.0
0.0
0.0
0.0
0.0
0.0
0.0
0.0
0.0
0.0
0.0
0.0
0.0
0.0
0.0
0.0
0.0
0.0
0.0
0.0
0.0
0.0
0.0
0.0
0.0
0.0
0.0
0.0
1.5
0.5
0.0
0.0
0.0
0.0
0.0
0.0
0.0
0.0
0.0
0.0
0.0
0.0
0.0
0.0
0.0
0.0
0.0
0.0
0.0
0.0
0.0
0.0
0.0
0.0
0.0
0.0
0.0
0.0
0.0
0.0
0.0
0.0
0.0
0.0
0.0
0.0
0.0
0.0
0.0
0.25
0.0
0.0
0.0
0.0
0.0
0.0
0.0
3.75
6.75
3.75
0.0
0.0
0.0
0.0
0.0
0.0
0.0
0.0
0.0
0.0
0.0
0.0
0.0
0.0
0.0
0.0
0.0
0.0
0.0
0.0
0.0
0.0
0.0
0.0
0.0
0.0
0.0
0.0
0.0
0.0
0.0
0.0
0.0
0.0
0.0
0.0
0.0
0.0
0.0
0.0
0.0
0.0
0.0
0.0
0.0
0.0
0.0
0.0
0.0
0.0
0.0
0.0
0.0
0.0
0.0
0.0
0.75
0.0
0.0
0.0
0.0
0.0
0.0
0.0
0.0
0.0
0.0
0.0
0.0
0.0
0.0
0.0
0.0
0.0
0.0
0.0
0.0
0.0
0.0
0.0
0.0
0.0
0.0
0.0
0.0
0.0
0.0
0.0
0.0
0.0
0.0
0.0
0.0
0.0
0.0
0.0
0.0
0.0
0.0
0.0
0.0
0.0
0.0
0.0
0.0
0.0
0.0
0.0
0.0
0.0
0.0
0.0
0.0
0.0
0.0
0.0
0.0
0.0
0.0
0.0
0.0
0.0
0.0
0.75
0.0
0.0
0.0
0.25
1.0
0.0
0.0
0.0
0.0
0.0
0.0
0.0
0.0
0.0
0.0
0.0
0.0
0.0
0.0
0.0
0.0
0.0
0.0
0.0
0.0
0.0
0.0
0.0
0.0
0.0
0.0
0.0
0.0
0.0
0.0
0.0
0.0
0.0
0.0
0.0
0.0
0.0
0.0
0.0
0.0
0.0
0.0
0.0
0.0
0.0
0.0
0.0
0.0
0.0
0.0
0.0
0.0
0.0
0.0
0.0
0.0
0.0
0.0
0.0
0.0
0.0
0.0
0.0
0.0
0.0
0.0
0.0
0.0
0.0
0.0
0.0
0.0
0.0
0.25
1.0
0.75
0.0
0.0
0.0
0.0
0.0
0.0
0.0
0.0
0.0
0.0
0.0
0.0
0.0
0.0
0.0
0.0
0.0
0.0
0.0
0.0
0.0
0.0
1.0
4.5
5.0
1.75
2.25
1.0
4.75
8.25
7.25
9.75
10.25
6.25
9.75
9.75
8.25
5.25
12.0
16.5
25.0
25.75
34.75
38.25
37.75
29.5
30.5
16.75
12.5
14.25
12.5
10.5
17.25
17.75
12.0
13.25
24.5
28.5
34.0
40.5
37.0
28.5
33.75
33.0
38.0
39.5
45.25
40.0
47.0
48.25
39.5
54.0
60.75
52.0
40.25
30.75
46.0
32.25
38.0
21.0
16.25
21.75
20.25
26.0
14.75
16.0
13.25
12.25
14.5
22.25
17.75
9.5
4.25
5.0
2.0
3.0
2.5
1.75
3.25
4.25
1.75
0.0
0.0
0.0
0.0
0.0
0.0
0.0
0.0
0.0
0.0
0.0
0.0
0.0
0.0
0.0
0.0
0.0
0.0
0.0
0.0
0.0
0.0
0.0
0.0
0.0
0.0
0.0
0.0
0.0
0.0
0.0
0.5
0.0
0.0
0.0
0.0
0.0
0.0
0.0
0.0
0.0
0.0
0.0
0.0
0.0
0.0
0.0
0.0
0.0
0.0
0.0
0.0
0.0
0.0
0.0
0.0
0.0
0.0
0.0
0.0
0.0
0.0
0.0
0.0
0.0
0.0
0.0
0.0
0.0
0.0
0.0
0.0
0.0
0.0
0.0
0.0
0.0
0.0
0.0
0.0
0.0
0.0
0.0
0.0
0.0
0.0
0.0
0.0
0.0
0.0
0.0
0.0
0.0
0.0
0.0
0.0
0.0
0.0
0.0
0.0
0.0
0.0
0.0
0.0
0.0
0.0
0.0
0.0
0.0
0.0
0.0
0.0
0.0
0.0
0.0
0.0
0.0
0.0
0.0
0.0
0.0
0.0
0.0
0.0
0.0
0.0
0.0
0.0
0.0
0.0
0.0
0.0
0.0
0.0
0.0
0.0
0.0
0.0
0.0
0.0
0.0
0.0
0.0
0.0
0.0
0.0
0.0
0.0
0.0
0.0
0.0
0.0
0.0
0.0
0.0
0.0
0.0
0.0
0.0
0.0
0.0
0.0
0.0
0.0
0.0
0.0
0.0
0.0
0.0
0.0
0.0
0.0
0.0
0.0
0.0
0.0
0.0
0.0
0.0
0.0
0.0
0.0
0.0
0.0
0.0
0.0
0.0
0.0
0.0
0.0
0.0
0.0
0.0
0.0
0.0
0.0
0.0
0.0
0.0
0.0
0.0
0.0
0.0
0.0
0.0
0.0
0.0
0.0
0.0
0.0
0.0
0.0
0.0
0.0
0.0
1.0
1.25
0.0
0.0
0.0
0.0
0.0
0.0
0.0
0.0
0.0
0.0
0.0
0.0
0.0
0.0
0.0
0.0
0.0
0.0
0.0
0.0
0.0
0.0
0.0
0.0
0.0
0.0
0.0
0.0
0.0
0.0
0.0
0.0
0.0
0.0
0.0
0.0
0.0
0.0
0.0
0.0
0.0
1.25
4.25
9.5
15.75
13.0
16.5
15.5
9.5
9.0
9.75
21.0
16.0
13.75
11.0
16.5
14.0
5.5
4.75
3.5
1.75
1.75
0.0
0.0
0.0
0.0
0.0
0.0
0.0
0.0
0.0
0.0
0.25
2.25
2.5
1.75
6.0
14.0
4.75
1.75
1.5
0.0
0.0
0.25
0.0
0.0
0.0
0.0
0.0
0.0
0.0
0.0
0.0
0.0
0.0
0.0
0.0
0.0
0.0
0.0
0.0
0.0
0.0
0.0
0.0
0.0
0.0
0.0
0.0
0.0
0.0
0.0
0.0
0.0
0.0
0.0
0.75
2.25
1.0
0.0
0.0
0.0
0.0
0.0
0.25
0.0
0.0
0.0
0.0
0.25
0.0
0.0
0.0
0.0
0.0
0.0
0.0
0.0
0.0
0.0
0.0
0.0
0.0
0.0
0.0
0.0
0.0
0.0
0.0
0.0
0.0
0.0
0.0
0.0
0.0
0.0
0.0
0.0
0.0
0.0
0.0
0.0
0.0
0.0
0.0
0.0
0.0
0.0
0.25
0.75
0.0
0.0
0.0
0.0
0.0
0.0
0.0
0.0
0.25
0.0
0.0
0.0
0.0
0.0
0.0
0.0
0.0
0.0
0.0
0.0
0.0
0.0
0.0
0.0
0.0
0.0
0.0
0.0
0.0
0.0
0.0
0.0
0.0
0.0
0.25
0.25
0.0
0.0
0.0
0.0
0.0
0.0
0.0
0.0
0.0
0.0
0.0
0.0
0.0
0.0
0.0
0.0
0.0
0.0
0.0
0.25
0.0
0.0
0.0
0.0
0.0
0.0
0.0
0.0
0.0
0.0
0.0
0.0
0.0
1.0
0.25
0.0
0.0
0.0
0.0
0.5
1.0
0.0
0.0
0.0
0.0
0.0
0.0
0.0
0.0
0.0
0.0
0.0
0.0
0.0
0.0
0.0
0.0
0.0
0.0
0.0
0.0
0.0
0.0
0.0
0.0
0.0
0.0
0.0
0.0
0.0
0.0
0.0
0.25
0.0
0.0
0.0
0.0
0.0
0.0
0.0
0.0
0.0
0.0
0.0
0.0
0.5
0.0
0.0
0.0
0.25
0.0
0.0
0.0
0.0
0.0
0.0
0.0
0.0
0.0
0.0
0.0
0.0
0.0
0.0
0.0
0.0
0.0
0.0
0.0
0.0
0.0
0.0
0.0
0.0
0.0
0.0
0.0
0.0
0.0
0.0
0.0
0.0
0.0
0.25
0.0
0.0
0.0
0.0
0.0
0.0
0.0
0.0
0.0
0.0
0.0
0.0
0.0
0.0
0.0
0.0
0.0
0.0
0.0
0.0
0.25
0.25
0.0
0.0
0.0
0.0
0.0
0.0
0.0
0.0
0.5
0.0
0.0
0.0
0.5
2.5
3.25
3.0
5.0
3.0
0.25
0.0
0.0
0.0
0.0
0.0
0.0
0.0
0.0
0.0
0.0
0.0
0.0
0.0
0.0
0.0
0.0
2.0
5.25
14.75
13.75
12.25
15.0
9.75
7.75
7.5
4.5
3.5
3.75
3.75
2.0
2.25
0.25
1.75
4.75
0.0
0.25
1.0
0.0
0.0
0.0
0.0
0.0
0.0
0.0
0.0
0.0
0.0
0.0
0.0
0.0
0.0
0.0
0.0
0.0
0.0
0.0
0.0
0.0
0.0
0.0
0.0
0.0
0.0
0.0
0.0
0.0
0.0
0.0
0.0
0.0
0.0
0.0
0.0
0.0
0.0
0.0
0.0
0.0
0.0
0.0
0.0
0.0
0.0
0.0
0.0
0.0
0.0
0.0
0.0
0.0
0.0
0.0
0.0
0.0
2.5
3.25
1.0
0.0
0.0
0.0
0.0
0.0
0.0
0.0
0.0
0.0
0.0
0.0
0.0
0.0
0.0
0.0
0.0
0.0
0.0
0.0
0.0
0.0
0.0
0.0
0.0
0.0
0.0
0.0
0.0
0.0
0.0
0.0
0.0
0.0
0.0
0.0
0.0
0.0
0.0
0.0
0.25
0.0
0.0
0.0
0.0
0.0
0.0
0.0
0.0
0.0
0.0
0.0
0.0
0.25
0.0
0.0
0.0
0.0
0.0
0.0
0.0
0.0
0.0
0.0
0.0
0.0
0.0
0.0
0.0
0.0
0.0
0.0
0.0
0.0
0.0
0.75
0.0
0.0
0.0
0.0
0.0
0.0
0.0
0.0
0.0
0.0
0.5
0.0
0.0
0.0
0.0
0.0
0.0
0.0
0.0
0.0
0.0
0.0
0.0
0.0
0.0
0.0
0.0
0.0
0.0
0.0
0.0
0.0
0.0
0.0
0.0
0.0
0.0
0.25
2.75
6.5
15.0
10.75
6.5
2.25
0.5
0.0
0.0
0.0
0.0
0.0
0.0
0.0
0.0
0.0
0.0
0.0
0.0
0.0
0.0
0.0
0.0
0.0
0.0
0.0
0.0
0.0
0.0
0.0
0.0
0.5
1.5
1.0
0.0
0.0
0.0
0.0
0.0
0.0
0.0
0.0
0.0
0.0
0.0
0.0
0.5
0.0
0.0
0.0
0.0
0.0
0.0
0.0
0.0
0.25
2.75
4.5
5.5
10.0
4.5
2.25
0.75
0.0
0.0
0.0
0.0
0.0
0.0
0.0
0.0
0.0
0.0
0.0
0.0
0.0
0.0
0.0
0.0
0.25
0.0
0.0
0.0
0.0
0.0
0.0
0.0
0.0
0.0
0.0
0.0
0.0
0.0
0.0
0.0
0.0
0.0
0.0
0.0
0.0
0.0
0.0
0.0
0.0
0.0
0.0
0.0
0.0
0.0
0.0
0.0
0.0
0.0
0.0
0.0
0.0
0.0
0.0
0.0
0.0
0.0
0.0
0.0
0.0
0.0
0.0
0.0
0.0
0.0
0.0
0.0
0.0
0.0
0.0
0.0
0.0
0.0
0.0
0.0
0.0
0.0
0.0
0.0
0.0
0.0
0.0
0.0
0.0
0.0
0.0
0.0
0.0
0.0
0.0
0.0
0.0
0.0
0.0
0.0
0.0
0.0
0.0
0.0
0.0
0.0
0.0
0.0
0.0
0.0
0.0
0.0
0.0
0.0
0.0
0.0
0.0
0.0
0.0
0.0
0.0
0.0
0.0
0.0
0.0
0.0
0.0
0.0
0.5
0.0
0.0
0.0
0.0
0.0
0.0
0.0
0.0
0.0
0.0
0.0
0.0
0.0
0.0
0.0
1.0
1.5
1.0
2.0
0.0
0.0
0.0
0.0
0.0
0.0
0.0
0.0
0.0
0.0
0.0
0.0
0.0
0.0
0.0
0.0
2.75
3.25
3.5
3.75
2.25
2.75
4.25
8.25
8.5
9.25
21.75
24.75
20.0
18.0
16.75
14.25
7.5
3.75
0.25
0.0
0.0
0.0
0.0
0.0
0.0
0.0
0.0
0.25
0.0
0.0
0.0
0.0
0.0
1.0
4.0
5.25
1.25
0.0
0.0
0.0
0.0
0.0
0.0
0.0
0.0
0.0
0.0
0.0
0.0
0.0
0.0
0.0
0.0
0.0
0.0
0.0
0.0
0.0
0.0
0.0
0.0
0.0
0.0
0.0
0.0
0.0
0.0
0.0
0.0
0.0
0.0
0.0
0.0
0.0
0.0
0.0
0.0
0.0
0.0
0.0
0.0
0.0
0.0
0.0
0.0
0.0
1.0
0.0
0.0
0.0
0.0
0.0
0.0
0.0
0.0
0.0
0.0
0.0
0.0
0.0
0.0
0.0
0.0
0.0
0.0
0.0
0.0
0.0
0.0
0.0
0.0
0.0
0.0
0.0
0.0
0.0
0.0
0.0
0.0
0.0
0.0
0.0
0.0
0.0
0.0
0.0
0.0
0.0
0.0
0.0
0.0
0.0
0.0
0.0
0.0
0.0
0.0
0.0
0.0
0.0
0.0
0.0
0.0
0.0
0.0
0.0
0.0
0.0
0.0
0.0
3.25
3.75
2.0
0.0
0.0
0.0
0.0
0.0
0.0
0.0
0.0
0.0
0.0
0.0
0.0
0.0
0.0
0.0
0.0
0.0
0.0
0.0
0.0
0.0
0.0
0.0
0.0
0.0
0.0
0.0
0.0
0.0
0.0
0.0
0.0
0.0
0.0
0.0
0.0
0.0
0.0
0.0
0.0
0.0
0.0
0.0
0.0
0.0
0.0
0.0
0.0
0.0
0.0
0.0
0.0
0.0
0.0
0.0
0.0
0.0
0.0
0.0
0.0
1.0
1.5
0.0
0.0
0.0
0.0
0.0
0.0
0.0
0.0
0.0
0.0
0.5
0.0
1.5
3.5
1.0
0.0
0.0
0.0
0.0
0.0
0.0
0.0
0.0
0.0
0.0
0.0
0.0
0.0
0.0
0.0
0.0
0.0
0.0
0.0
0.0
0.0
0.0
0.0
0.0
0.0
0.0
0.0
0.0
0.0
0.0
0.0
0.0
0.0
0.0
0.0
0.0
0.0
1.25
2.25
3.5
4.0
3.25
5.5
5.5
2.0
0.0
0.0
0.0
0.0
0.0
0.0
0.0
0.0
0.0
0.0
0.0
0.0
0.0
0.0
1.5
5.25
7.75
10.25
5.5
8.5
6.25
4.0
4.75
3.5
2.5
4.5
0.25
0.0
0.0
0.0
0.25
0.0
0.0
0.0
0.0
0.0
0.0
0.0
0.0
0.0
0.0
0.25
0.0
0.0
1.0
0.0
0.0
0.0
0.0
0.0
0.0
0.0
0.25
1.25
0.0
0.0
0.0
0.0
0.0
0.0
0.0
0.0
0.0
0.0
0.0
0.0
0.0
0.0
0.0
0.0
0.0
0.0
0.0
0.0
0.0
0.0
0.0
0.0
0.0
0.0
0.0
0.0
0.0
0.0
0.0
0.0
0.0
0.0
0.0
0.0
0.0
0.0
0.0
0.0
0.0
0.0
0.0
0.0
0.0
0.0
0.0
0.0
0.0
0.0
0.0
0.0
0.0
0.0
0.0
0.0
0.0
0.0
0.0
0.0
0.0
0.0
0.0
0.0
0.0
0.0
0.0
0.0
0.0
0.0
0.0
0.0
0.0
0.0
0.0
0.0
0.0
0.0
0.0
0.0
0.0
0.0
0.0
0.0
0.0
0.0
0.0
0.0
0.0
0.0
0.0
0.0
0.0
0.0
0.0
0.0
0.0
0.0
0.0
0.0
0.0
0.0
0.0
0.0
0.0
0.0
0.0
0.0
0.0
0.0
0.0
0.0
0.0
0.0
0.0
0.0
0.0
0.0
0.0
0.0
0.0
0.0
0.0
0.0
0.0
0.0
0.0
0.0
0.0
0.0
0.0
0.0
0.0
0.0
0.0
0.0
0.0
0.0
0.0
0.0
0.0
0.25
0.0
0.0
0.0
0.0
0.0
0.0
0.0
0.0
0.0
0.0
0.0
0.0
0.0
0.0
0.0
0.0
0.0
0.0
0.0
0.0
0.0
0.0
0.0
0.0
0.0
0.0
0.0
0.0
0.0
0.25
0.0
0.0
0.0
0.0
0.5
0.25
0.25
0.0
0.0
0.0
0.0
0.0
0.0
0.0
0.0
0.0
0.0
0.0
0.0
0.0
0.0
0.0
0.25
0.0
0.0
0.0
0.0
0.0
0.25
0.75
0.0
1.0
0.0
0.5
2.0
0.5
0.0
0.0
0.0
0.0
0.0
0.0
0.0
0.0
0.0
0.0
0.0
0.0
0.0
0.0
0.0
0.0
0.0
0.0
0.0
0.0
0.0
0.25
0.5
1.75
0.25
0.0
0.0
0.0
0.0
0.0
0.0
0.0
0.0
0.0
0.0
0.0
0.0
0.0
0.0
0.0
0.0
0.0
0.0
0.0
0.0
0.0
0.0
0.0
0.0
0.0
0.0
0.0
0.0
0.0
0.0
0.0
0.0
0.0
0.0
0.0
0.0
0.0
0.0
0.0
0.0
0.0
0.0
0.0
0.0
0.25
0.5
0.0
0.0
0.0
0.0
0.25
0.0
0.0
0.0
0.0
0.0
0.0
0.0
0.0
0.0
0.0
0.0
5.0
7.75
14.75
20.75
30.75
34.25
32.0
45.5
31.5
45.75
63.25
58.5
47.25
43.75
25.5
17.0
19.0
21.75
20.25
25.25
25.75
15.0
24.25
22.25
14.0
12.25
18.5
20.5
29.0
20.25
18.0
22.25
17.5
21.75
10.25
12.0
23.25
30.0
24.5
26.0
17.25
6.25
0.0
0.0
0.0
0.0
0.0
0.0
0.0
0.0
0.0
0.0
0.0
0.0
0.0
0.0
0.0
0.0
0.0
0.0
0.0
0.0
0.0
0.0
0.0
0.0
0.0
0.0
0.0
0.0
0.0
0.0
0.0
0.0
0.0
0.0
0.0
0.0
0.0
0.0
0.0
0.0
0.0
0.0
0.0
0.0
0.0
0.0
0.0
0.0
0.0
0.0
0.0
0.25
0.0
0.0
0.0
0.0
0.0
0.25
0.0
0.0
0.0
0.0
0.0
0.0
0.0
0.0
0.0
0.0
0.5
0.0
0.0
0.0
0.0
0.0
0.0
0.0
0.0
0.0
0.0
0.0
0.0
0.0
0.0
0.0
0.0
0.0
0.0
0.0
0.0
0.25
2.0
0.75
0.0
0.0
0.0
0.0
0.0
0.0
0.0
0.0
0.0
0.0
0.0
0.0
0.0
0.0
0.0
0.0
0.5
1.0
0.25
0.0
0.0
0.0
0.0
0.0
0.25
1.0
0.0
0.0
0.0
0.0
0.0
0.0
0.0
0.0
0.0
0.0
0.0
0.0
0.0
0.0
0.0
0.0
0.0
1.0
1.25
0.5
0.0
0.0
0.0
0.0
0.0
0.0
0.0
0.0
0.0
0.0
0.0
0.0
0.0
0.0
0.0
0.0
0.0
0.0
0.0
0.0
0.0
0.0
0.0
0.0
0.0
0.0
0.0
0.0
0.0
0.0
0.0
0.0
0.0
0.0
0.0
0.0
0.0
0.0

Average_Alpha:
0.24999999700000003
0.24999997300000007
0.24999993600000026
0.24999987300000026
0.24999976000000043
0.24999963500000047
0.2499995040000006
0.2499993530000006
0.2499992690000007
0.2499992280000007
0.24999919800000078
0.2499991670000008
0.24999913700000087
0.24999910000000086
0.24999903600000095
0.24999896800000096
0.24999885700000102
0.249998735000001
0.24999863900000105
0.24999854700000104
0.24999848900000107
0.2499984400000011
0.24999837700000113
0.24999829600000112
0.24999821400000116
0.24999812700000115
0.24999807100000118
0.2499980170000012
0.24999796100000118
0.2499979270000012
0.24999789200000122
0.24999784400000125
0.24999781200000123
0.24999775300000124
0.24999766200000123
0.24999759200000124
0.24999755400000126
0.24999753700000127
0.24999752300000128
0.24999748500000127
0.2499974660000013
0.24999746400000128
0.2499974680000013
0.24999747200000133
0.2499974760000013
0.2499974800000013
0.24999748400000132
0.24999748800000135
0.24999749200000132
0.24999749600000132
0.24999750000000137
0.24999750400000137
0.24999750800000137
0.24999751200000137
0.2499975160000014
0.2499975190000014
0.24999752300000136
0.24999752700000138
0.2499975310000014
0.24999753500000138
0.24999753900000138
0.24999754300000143
0.24999754700000143
0.2499975510000014
0.2499975550000014
0.2499975590000014
0.24999756300000142
0.24999756700000142
0.24999757100000145
0.24999757500000144
0.24999757900000144
0.24999757300000144
0.24999757600000147
0.24999757700000147
0.24999756200000148
0.2499975430000015
0.2499975370000015
0.2499975400000015
0.2499975440000015
0.24999754800000148
0.2499975520000015
0.2499975560000015
0.2499975600000015
0.24999756400000148
0.24999756800000153
0.2499975690000015
0.2499975640000015
0.2499975560000015
0.2499975500000015
0.24999754100000154
0.24999753500000158
0.24999751200000153
0.24999748200000152
0.24999745900000153
0.24999744500000157
0.24999744900000156
0.24999745300000156
0.24999745700000153
0.2499974610000016
0.24999746500000156
0.24999746900000155
0.24999747300000158
0.2499974770000016
0.24999748100000158
0.2499974850000016
0.24999748900000157
0.2499974890000016
0.2499974880000016
0.24999747800000163
0.2499974510000016
0.24999743500000163
0.2499974390000016
0.24999744300000162
0.24999744700000162
0.24999745100000162
0.24999745500000162
0.24999745900000162
0.2499974630000016
0.2499974670000016
0.24999747100000164
0.24999747500000163
0.24999747900000166
0.24999748300000166
0.24999748700000163
0.24999749100000168
0.24999749500000165
0.24999749900000165
0.24999750300000165
0.2499975070000017
0.24999751100000167
0.24999751500000167
0.2499975190000017
0.24999752300000166
0.24999752700000166
0.2499975310000017
0.24999753500000169
0.24999753900000166
0.24999754300000165
0.2499975470000017
0.2499975510000017
0.24999755500000168
0.24999755900000167
0.24999756300000173
0.2499975670000017
0.2499975710000017
0.2499975700000017
0.24999757100000172
0.24999757300000172
0.24999757700000175
0.24999758100000172
0.24999758500000172
0.2499975890000017
0.24999759300000177
0.24999759700000174
0.24999760100000173
0.24999760500000173
0.24999760900000176
0.24999761300000173
0.24999760600000176
0.24999760200000176
0.24999759600000174
0.24999759000000174
0.24999757600000178
0.24999756400000175
0.24999756500000178
0.24999756900000175
0.24999757300000178
0.2499975770000018
0.2499975810000018
0.24999758500000177
0.2499975890000018
0.2499975930000018
0.2499975970000018
0.2499976010000018
0.24999760500000182
0.2499976090000018
0.24999761300000178
0.24999761700000178
0.24999762100000184
0.2499976250000018
0.2499976290000018
0.2499976330000018
0.24999763700000183
0.2499976410000018
0.2499976450000018
0.24999764900000182
0.24999765300000185
0.24999765700000182
0.24999766100000181
0.2499976650000018
0.24999766900000184
0.24999767300000184
0.24999767700000183
0.24999768100000186
0.24999768500000183
0.24999768900000183
0.24999769300000185
0.24999769700000182
0.24999770100000182
0.24999770500000187
0.24999770900000187
0.24999771300000184
0.24999771700000187
0.24999772100000187
0.2499977250000019
0.24999772900000186
0.2499977330000019
0.24999772700000186
0.2499977190000019
0.2499977220000019
0.2499977260000019
0.24999773000000186
0.2499977340000019
0.2499977380000019
0.24999774200000188
0.2499977460000019
0.24999775000000188
0.2499977540000019
0.2499977580000019
0.2499977620000019
0.2499977650000019
0.2499977690000019
0.24999777300000192
0.24999777700000192
0.24999778100000195
0.24999778500000192
0.24999778900000194
0.24999779300000194
0.24999779700000194
0.2499978010000019
0.24999780500000196
0.24999780900000196
0.24999781300000193
0.24999781700000193
0.24999782100000195
0.24999782500000198
0.24999782900000195
0.24999783300000195
0.24999783700000197
0.24999784100000194
0.24999784500000194
0.24999784900000196
0.249997853000002
0.24999785700000196
0.249997861000002
0.24999786400000198
0.24999786800000198
0.24999787200000195
0.249997876000002
0.249997880000002
0.249997884000002
0.249997888000002
0.24999789200000203
0.24999789600000205
0.24999790000000205
0.24999790400000207
0.2499979080000021
0.24999791200000213
0.24999791600000212
0.24999792000000215
0.2499979240000022
0.2499979280000022
0.24999793200000223
0.24999793600000222
0.24999794000000225
0.2499979440000023
0.2499979480000023
0.24999795200000233
0.24999795600000232
0.24999796000000238
0.24999796400000235
0.2499979680000024
0.2499979720000024
0.24999797600000243
0.24999798000000242
0.24999798400000248
0.2499979880000025
0.2499979920000025
0.2499979960000025
0.24999799400000253
0.24999799600000255
0.24999800000000258
0.24999800400000263
0.2499980080000026
0.24999801200000263
0.24999801600000265
0.24999802000000268
0.24999802400000265
0.2499980280000027
0.24999803200000273
0.24999803600000275
0.24999804000000275
0.24999804400000278
0.2499980480000028
0.2499980520000028
0.24999805600000283
0.24999806000000285
0.24999806400000288
0.24999806800000288
0.2499980720000029
0.24999807600000293
0.24999808000000295
0.24999808400000295
0.24999808800000295
0.249998092000003
0.24999809600000303
0.24999810000000303
0.24999810400000305
0.24999810800000308
0.2499981120000031
0.2499981160000031
0.24999812000000313
0.24999812400000315
0.24999812800000315
0.2499981320000032
0.2499981360000032
0.24999814000000323
0.24999814400000323
0.24999814800000325
0.24999815200000328
0.2499981550000033
0.24999815900000327
0.24999816300000333
0.24999816700000332
0.24999817100000338
0.24999817500000338
0.2499981790000034
0.24999818300000343
0.24999817200000346
0.24999814900000344
0.24999813800000348
0.2499981420000035
0.24999814600000353
0.2499981500000035
0.24999815400000355
0.24999815800000358
0.24999816200000355
0.2499981660000036
0.24999817000000363
0.24999817400000365
0.24999817800000362
0.24999818200000368
0.24999818600000367
0.24999819000000373
0.2499981940000037
0.24999819800000375
0.24999820200000375
0.2499982060000038
0.24999821000000377
0.24999821400000383
0.24999821800000382
0.24999822200000382
0.24999822600000385
0.24999823000000387
0.2499982340000039
0.2499982380000039
0.24999824200000392
0.24999824600000395
0.24999825000000397
0.24999825400000397
0.249998258000004
0.249998262000004
0.24999826600000405
0.24999827000000402
0.24999827400000407
0.2499982780000041
0.24999828200000412
0.2499982860000041
0.24999829000000415
0.24999829400000415
0.24999829800000417
0.24999830200000417
0.2499983060000042
0.24999831000000422
0.24999831400000422
0.24999831800000424
0.24999832200000427
0.2499983260000043
0.24999833000000432
0.24999833400000432
0.24999833800000434
0.24999834200000437
0.24999834600000437
0.2499983500000044
0.2499983540000044
0.24999835800000442
0.24999836200000444
0.24999836300000447
0.24999836700000447
0.2499983710000045
0.2499983750000045
0.24999837900000454
0.24999838300000454
0.24999838700000457
0.24999839100000457
0.2499983950000046
0.24999839900000462
0.24999840300000462
0.24999840700000464
0.24999841100000467
0.2499984150000047
0.2499984190000047
0.24999842300000472
0.2499984270000047
0.24999843100000477
0.24999843500000474
0.2499984390000048
0.2499984430000048
0.24999844700000484
0.2499984510000048
0.24999845500000487
0.24999845900000486
0.24999846300000492
0.2499984670000049
0.24999847100000494
0.24999847500000494
0.24999847900000496
0.24999848300000496
0.24999848700000502
0.24999849100000504
0.249998495000005
0.24999849900000504
0.24999850300000506
0.2499985070000051
0.24999851100000509
0.2499985150000051
0.24999851900000516
0.24999852300000516
0.24999852700000513
0.2499985310000052
0.2499985350000052
0.2499985390000052
0.2499985430000052
0.24999854700000526
0.2499985510000053
0.24999855500000528
0.24999855900000528
0.24999856300000534
0.24999856700000536
0.24999857100000536
0.24999857500000536
0.2499985790000054
0.24999858300000544
0.2499985870000054
0.24999859100000543
0.24999859500000546
0.24999859900000548
0.24999860300000548
0.2499986070000055
0.2499986110000055
0.24999861500000556
0.24999861900000553
0.24999862300000558
0.24999862700000558
0.24999862800000563
0.2499986320000056
0.24999863600000566
0.24999864000000566
0.2499986430000057
0.2499986430000057
0.2499986470000057
0.24999865100000573
0.24999865500000573
0.24999865900000579
0.24999866300000578
0.2499986670000058
0.24999867100000583
0.2499986750000058
0.24999867900000583
0.24999868300000588
0.24999868700000588
0.24999869100000588
0.2499986950000059
0.24999869900000596
0.24999870300000598
0.24999870700000593
0.24999871100000598
0.24999871500000603
0.24999871900000603
0.249998723000006
0.24999872700000605
0.24999873100000605
0.2499987350000061
0.24999873900000608
0.24999874300000613
0.24999874700000616
0.24999875100000615
0.24999875500000618
0.2499987590000062
0.24999876300000623
0.24999876700000623
0.24999877100000623
0.24999877500000628
0.24999877900000628
0.2499987830000063
0.2499987870000063
0.24999879100000635
0.24999879500000635
0.24999879900000638
0.24999880300000638
0.24999880700000643
0.24999881100000648
0.24999881500000648
0.24999881900000653
0.24999882300000661
0.2499988270000066
0.24999883100000664
0.2499988350000067
0.24999883900000675
0.2499988430000068
0.24999884700000682
0.24999885100000685
0.24999885500000693
0.24999885900000696
0.24999886300000698
0.249998867000007
0.2499988710000071
0.24999887500000714
0.24999887900000714
0.2499988830000072
0.24999888700000725
0.2499988910000073
0.24999889500000733
0.24999889900000738
0.24999890300000738
0.24999890700000746
0.24999891100000748
0.2499989150000075
0.24999891900000756
0.24999892300000762
0.24999892700000764
0.2499989310000077
0.24999893500000775
0.2499989380000078
0.24999893800000786
0.24999893900000786
0.24999894300000794
0.24999894700000794
0.249998951000008
0.24999895500000804
0.2499989590000081
0.24999896300000812
0.24999896700000818
0.24999897100000823
0.24999897500000826
0.2499989790000083
0.24999898300000833
0.2499989870000084
0.2499989910000084
0.24999899500000844
0.2499989990000085
0.24999900300000855
0.2499990070000086
0.24999901100000863
0.24999901500000868
0.24999901900000873
0.24999902300000873
0.24999902700000878
0.2499990270000088
0.24999901300000885
0.24999899700000894
0.24999899400000897
0.24999898900000897
0.24999898900000903
0.24999897400000906
0.24999894500000908
0.24999892000000914
0.2499988850000092
0.2499988480000092
0.24999882700000928
0.2499987920000093
0.24999875700000934
0.24999872800000938
0.2499987110000094
0.24999866700000942
0.24999860500000948
0.2499985090000095
0.24999841000000952
0.24999827500000954
0.24999812600000956
0.24999797900000958
0.2499978650000096
0.24999774700000962
0.24999768400000966
0.24999763800000965
0.24999758500000968
0.24999753900000968
0.2499975010000097
0.2499974360000097
0.2499973690000097
0.2499973250000097
0.24999727600000973
0.24999718200000973
0.24999707200000976
0.24999694000000974
0.24999678200000977
0.2499966380000098
0.24999652800000977
0.24999639700000978
0.24999626900000976
0.24999612100000979
0.24999596700000978
0.24999579000000977
0.24999563400000976
0.24999545000000978
0.24999526100000977
0.2499951070000098
0.24999489500000976
0.24999465600000978
0.24999445200000978
0.2499942950000098
0.24999417600000978
0.24999399600000977
0.24999387100000975
0.24999372300000977
0.24999364300000976
0.24999358200000976
0.24999349900000975
0.2499934220000098
0.24999332200000976
0.2499932670000098
0.24999320700000977
0.24999315800000976
0.24999311300000976
0.24999305900000976
0.24999297400000978
0.24999290700000978
0.24999287300000975
0.24999286000000975
0.24999284400000976
0.24999284000000974
0.24999283200000974
0.24999282600000974
0.24999282300000977
0.24999281400000972
0.24999280100000976
0.24999279800000973
0.24999280200000976
0.24999280600000973
0.24999281000000975
0.24999281400000972
0.24999281800000975
0.24999282200000975
0.24999282600000974
0.24999283000000974
0.24999283400000974
0.24999283800000974
0.2499928420000097
0.2499928460000097
0.2499928500000097
0.24999285400000976
0.24999285800000973
0.24999286200000972
0.24999286600000972
0.2499928700000097
0.24999287400000972
0.24999287800000972
0.24999288200000974
0.2499928860000097
0.2499928900000097
0.2499928940000097
0.24999289800000968
0.2499929020000097
0.2499929060000097
0.2499929100000097
0.2499929140000097
0.2499929180000097
0.2499929220000097
0.2499929240000097
0.24999292800000966
0.24999293200000966
0.2499929360000097
0.24999294000000966
0.24999294400000968
0.24999294800000968
0.24999295200000968
0.24999295600000965
0.24999296000000967
0.24999296400000967
0.24999296800000964
0.24999297200000964
0.2499929760000097
0.24999298000000966
0.24999298400000966
0.24999298800000963
0.24999299200000966
0.24999299600000968
0.24999300000000965
0.24999300400000965
0.24999300800000965
0.24999301200000962
0.24999301600000964
0.24999302000000964
0.24999302400000967
0.24999302800000964
0.24999303200000964
0.24999303600000963
0.24999304000000963
0.24999304400000963
0.24999304800000963
0.24999305200000962
0.24999305600000962
0.24999306000000962
0.24999306400000962
0.24999306800000962
0.24999307200000961
0.24999307600000964
0.24999308000000964
0.2499930840000096
0.2499930880000096
0.2499930920000096
0.24999309600000957
0.24999310000000957
0.24999310400000962
0.24999310800000962
0.2499931120000096
0.2499931160000096
0.24999312000000962
0.24999312400000961
0.24999312800000958
0.24999313200000958
0.2499931360000096
0.24999314000000958
0.2499931440000096
0.24999314800000957
0.2499931520000096
0.2499931560000096
0.2499931600000096
0.2499931640000096
0.24999316800000956
0.24999317200000956
0.24999317600000956
0.24999318000000956
0.24999318400000958
0.24999318800000958
0.24999319200000958
0.24999319600000955
0.24999320000000955
0.24999320400000957
0.24999320800000957
0.24999321200000954
0.24999321600000957
0.24999322000000956
0.24999322400000953
0.24999322800000953
0.24999323200000956
0.24999323600000956
0.24999324000000955
0.24999324400000955
0.24999324800000955
0.24999325200000955
0.24999325600000952
0.24999326000000954
0.24999326400000957
0.24999326800000954
0.24999327200000954
0.24999327600000953
0.24999328000000956
0.24999328400000953
0.24999328800000956
0.24999329200000955
0.24999329600000952
0.24999330000000952
0.24999330400000955
0.24999330800000955
0.24999331200000954
0.24999331600000954
0.24999332000000954
0.2499933240000095
0.2499933280000095
0.24999333200000953
0.24999333600000956
0.24999334000000953
0.24999334400000953
0.24999334800000952
0.24999335200000955
0.24999335600000952
0.24999336000000952
0.24999336400000954
0.2499933680000095
0.2499933720000095
0.24999337600000954
0.24999338000000956
0.24999338400000953
0.24999338800000953
0.24999339200000953
0.24999339600000953
0.2499934000000095
0.24999340400000955
0.24999340800000955
0.24999341200000952
0.24999341600000952
0.24999342000000951
0.24999342400000948
0.2499934280000095
0.24999343200000954
0.24999343600000953
0.2499934400000095
0.2499934440000095
0.24999344800000953
0.24999345200000955
0.24999345600000952
0.24999346000000952
0.24999346400000952
0.2499934680000095
0.24999347200000951
0.24999347600000954
0.24999348000000954
0.2499934840000095
0.2499934880000095
0.2499934920000095
0.2499934960000095
0.2499935000000095
0.24999350400000953
0.24999350800000952
0.24999351200000952
0.24999351600000952
0.24999352000000954
0.24999352400000954
0.2499935280000095
0.2499935320000095
0.2499935360000095
0.2499935400000095
0.24999354400000953
0.24999354800000953
0.24999355200000953
0.2499935560000095
0.2499935600000095
0.2499935640000095
0.24999356800000952
0.24999357200000952
0.24999357600000952
0.2499935800000095
0.24999358400000948
0.2499935880000095
0.24999359200000953
0.2499935960000095
0.2499936000000095
0.2499936040000095
0.2499936080000095
0.2499936120000095
0.24999361600000952
0.24999362000000952
0.24999362400000952
0.2499936280000095
0.24999363200000949
0.2499936360000095
0.2499936400000095
0.2499936440000095
0.2499936480000095
0.2499936520000095
0.24999365600000947
0.2499936560000095
0.24999365500000947
0.2499936590000095
0.2499936630000095
0.24999366700000947
0.24999367100000947
0.2499936750000095
0.2499936790000095
0.24999368300000946
0.2499936870000095
0.2499936910000095
0.2499936950000095
0.24999369900000948
0.24999370300000948
0.24999370700000953
0.2499937110000095
0.2499937150000095
0.2499937190000095
0.24999372300000952
0.2499937270000095
0.2499937310000095
0.2499937350000095
0.24999373900000946
0.24999374300000948
0.24999374700000948
0.2499937510000095
0.2499937550000095
0.2499937590000095
0.2499937630000095
0.24999376700000947
0.24999377100000947
0.24999377500000947
0.24999377900000946
0.2499937830000095
0.2499937870000095
0.24999379100000949
0.24999379500000948
0.24999379900000948
0.24999380300000948
0.2499938070000095
0.24999381100000947
0.24999381500000947
0.2499938190000095
0.24999381800000947
0.24999380500000948
0.24999377100000947
0.2499937120000095
0.2499936640000095
0.24999360200000947
0.24999354400000948
0.24999351000000947
0.24999347800000948
0.24999344300000947
0.2499933630000095
0.24999330300000946
0.24999325200000946
0.24999321200000946
0.2499931500000095
0.24999309800000946
0.24999308000000944
0.24999306500000948
0.24999305500000946
0.24999305200000946
0.2499930490000095
0.24999305300000946
0.24999305700000946
0.24999306100000945
0.2499930650000095
0.24999306900000945
0.24999307300000947
0.24999307700000947
0.24999308100000944
0.24999308500000944
0.24999308900000944
0.24999309200000944
0.24999308700000947
0.24999308100000944
0.24999307800000942
0.24999305800000945
0.24999300600000948
0.24999299100000946
0.24999298800000946
0.2499929860000094
0.24999299000000944
0.24999299400000943
0.24999299700000943
0.24999300100000943
0.24999300500000943
0.2499930090000094
0.2499930130000094
0.24999301700000942
0.24999302100000945
0.24999302500000942
0.24999302900000941
0.2499930330000094
0.2499930370000094
0.2499930410000094
0.24999304500000943
0.24999304900000943
0.2499930530000094
0.2499930570000094
0.2499930610000094
0.24999306500000945
0.24999306900000942
0.24999307300000942
0.24999307700000942
0.2499930810000094
0.24999308500000939
0.24999308900000938
0.24999309300000935
0.2499930970000094
0.2499931010000094
0.2499931050000094
0.24999310900000937
0.2499931130000094
0.2499931170000094
0.2499931210000094
0.24999312500000936
0.2499931260000094
0.24999312100000942
0.2499931210000094
0.24999312500000936
0.24999312900000936
0.2499931330000094
0.24999313700000936
0.24999314100000936
0.24999314400000935
0.24999314800000938
0.24999315200000935
0.24999315600000935
0.24999316000000937
0.24999316300000937
0.24999316700000934
0.24999317100000934
0.24999317500000934
0.24999317900000936
0.24999318300000936
0.24999318700000936
0.24999319100000936
0.24999319500000936
0.24999319900000935
0.24999320300000932
0.24999320700000938
0.24999321100000935
0.24999321500000934
0.24999321900000934
0.24999322300000934
0.24999322700000934
0.24999323100000936
0.24999323500000936
0.24999323900000933
0.24999324300000933
0.24999324700000933
0.2499932510000093
0.24999325500000935
0.24999325900000935
0.24999326300000935
0.24999326700000932
0.24999327100000934
0.24999327500000934
0.24999327900000934
0.24999328300000934
0.24999328700000933
0.24999329100000936
0.24999329500000933
0.24999329900000933
0.24999330300000935
0.24999330700000935
0.24999331100000932
0.24999331500000932
0.24999331800000932
0.24999331900000935
0.24999332300000934
0.24999332700000934
0.24999333100000934
0.24999333500000936
0.2499933390000093
0.24999334300000933
0.24999334700000936
0.24999335100000933
0.24999335400000933
0.24999335800000932
0.24999336200000932
0.24999336600000932
0.24999337000000932
0.24999337400000934
0.24999337800000934
0.2499933820000093
0.2499933860000093
0.24999339000000936
0.24999339400000933
0.24999339800000933
0.24999340200000933
0.24999340600000933
0.24999341000000933
0.24999341400000935
0.24999341800000935
0.24999342200000932
0.24999342600000934
0.24999343000000934
0.24999343400000934
0.2499934380000093
0.24999344200000934
0.24999344600000933
0.24999345000000933
0.2499934540000093
0.24999345700000936
0.24999346000000935
0.24999346400000935
0.24999346800000932
0.24999347200000932
0.24999347600000935
0.24999348000000932
0.24999348400000934
0.24999348800000934
0.24999349200000934
0.24999349600000934
0.2499935000000093
0.24999350400000933
0.24999350800000933
0.24999351200000933
0.24999351600000932
0.24999352000000932
0.24999352400000935
0.24999352800000935
0.24999353200000934
0.24999353600000934
0.2499935390000093
0.2499935430000093
0.24999354700000934
0.2499935510000093
0.24999355500000933
0.24999355900000933
0.24999356300000936
0.24999356700000933
0.24999357100000932
0.24999357500000935
0.24999357900000935
0.24999358300000932
0.24999358700000934
0.2499935910000093
0.24999359100000934
0.24999359400000934
0.24999359800000934
0.24999360200000934
0.24999360600000933
0.2499936100000093
0.2499936120000093
0.2499936120000093
0.2499936160000093
0.24999362000000935
0.24999362400000932
0.24999362800000932
0.24999363200000932
0.24999363600000937
0.24999364000000934
0.24999364400000934
0.24999364800000934
0.2499936520000093
0.24999365600000933
0.24999366000000933
0.24999366400000933
0.24999366800000933
0.24999367200000933
0.24999367600000932
0.2499936800000093
0.24999368400000932
0.24999368800000935
0.24999369200000934
0.2499936960000093
0.2499937000000093
0.24999370400000934
0.2499937080000093
0.2499937120000093
0.24999371600000933
0.24999372000000933
0.2499937240000093
0.2499937280000093
0.24999373200000935
0.24999373600000935
0.24999373900000932
0.24999374300000932
0.24999374700000931
0.2499937510000093
0.24999375500000934
0.24999375900000934
0.24999376300000933
0.2499937670000093
0.24999377100000933
0.24999377500000933
0.24999377900000935
0.24999378300000932
0.24999378700000932
0.24999378900000932
0.24999379300000932
0.24999379700000934
0.24999380100000934
0.24999380400000934
0.2499938080000093
0.2499938120000093
0.2499938160000093
0.2499938200000093
0.2499938240000093
0.2499938280000093
0.24999383200000933
0.24999383600000932
0.2499938400000093
0.2499938440000093
0.24999384800000932
0.2499938520000093
0.2499938560000093
0.2499938600000093
0.24999386400000934
0.24999386800000928
0.24999387200000933
0.24999387600000933
0.2499938800000093
0.2499938840000093
0.24999388800000935
0.24999389200000932
0.24999389600000932
0.24999390000000932
0.24999390400000931
0.24999390800000934
0.2499939120000093
0.2499939160000093
0.24999392000000933
0.2499939240000093
0.2499939280000093
0.2499939320000093
0.2499939360000093
0.24999393900000932
0.24999394300000932
0.24999394700000932
0.2499939510000093
0.2499939550000093
0.24999395900000929
0.2499939630000093
0.2499939670000093
0.2499939710000093
0.2499939750000093
0.2499939790000093
0.2499939830000093
0.24999398700000933
0.24999399100000932
0.2499939950000093
0.2499939990000093
0.24999400300000932
0.24999400700000934
0.2499940110000093
0.2499940150000093
0.2499940190000093
0.2499940220000093
0.24999402500000928
0.24999402900000928
0.24999403300000933
0.2499940370000093
0.2499940410000093
0.24999404500000932
0.24999404900000932
0.2499940530000093
0.2499940570000093
0.24999405900000932
0.24999406300000931
0.24999406700000928
0.24999407100000928
0.2499940730000093
0.24999406700000928
0.24999405800000932
0.24999405000000932
0.24999403400000933
0.24999402600000928
0.2499940290000093
0.2499940330000093
0.2499940370000093
0.2499940410000093
0.2499940450000093
0.2499940490000093
0.24999405300000932
0.24999405700000932
0.2499940610000093
0.2499940650000093
0.24999406900000928
0.24999407300000928
0.2499940770000093
0.24999408100000928
0.2499940850000093
0.2499940890000093
0.2499940930000093
0.2499940890000093
0.24999407200000928
0.2499940170000093
0.24999396600000928
0.2499939210000093
0.24999386500000928
0.2499938300000093
0.24999380300000928
0.2499937770000093
0.2499937630000093
0.24999375300000928
0.24999374200000926
0.2499937310000093
0.2499937270000093
0.2499937220000093
0.2499937250000093
0.24999372200000927
0.2499937070000093
0.24999371100000928
0.2499937140000093
0.2499937140000093
0.2499937180000093
0.2499937220000093
0.2499937260000093
0.2499937300000093
0.24999373400000935
0.24999373800000932
0.24999374200000932
0.24999374600000931
0.2499937500000093
0.24999375400000928
0.2499937580000093
0.24999376200000933
0.2499937660000093
0.24999377000000933
0.24999377400000933
0.2499937780000093
0.24999378200000932
0.24999378600000932
0.24999379000000932
0.2499937940000093
0.24999379800000934
0.24999380200000934
0.24999380600000934
0.2499938100000093
0.2499938140000093
0.24999381800000936
0.24999382200000936
0.24999382600000933
0.24999383000000933
0.24999383400000935
0.24999383800000932
0.24999384200000932
0.24999384600000935
0.24999385000000937
0.24999385400000934
0.24999385800000934
0.24999386200000934
0.24999386600000933
0.24999387000000933
0.24999387400000933
0.24999387800000933
0.24999388200000933
0.24999388600000935
0.24999389000000935
0.24999389400000938
0.24999389800000937
0.24999390200000937
0.24999390600000937
0.24999391000000934
0.24999391400000937
0.24999391800000936
0.2499939220000094
0.24999392600000936
0.24999393000000938
0.24999393400000938
0.24999393800000935
0.24999394200000938
0.24999393600000938
0.24999392700000936
0.24999392700000936
0.24999393100000938
0.24999393500000938
0.24999393900000938
0.24999394300000938
0.24999394700000938
0.24999395100000937
0.24999395500000934
0.2499939590000094
0.2499939630000094
0.24999396700000936
0.24999397100000936
0.24999397500000936
0.2499939790000094
0.24999398300000938
0.24999398700000938
0.24999399100000938
0.24999399500000938
0.24999399900000938
0.2499940030000094
0.2499940070000094
0.2499940110000094
0.2499940150000094
0.2499940190000094
0.24999402300000942
0.2499940270000094
0.2499940310000094
0.24999403500000938
0.24999403900000935
0.2499940430000094
0.2499940470000094
0.2499940510000094
0.24999405500000937
0.2499940590000094
0.24999406300000943
0.2499940670000094
0.2499940710000094
0.24999407500000942
0.24999407900000942
0.2499940830000094
0.2499940860000094
0.2499940900000094
0.24999409400000944
0.2499940980000094
0.2499941020000094
0.24999410600000943
0.2499941100000094
0.2499941140000094
0.2499941180000094
0.24999412200000945
0.24999412600000942
0.24999413000000942
0.24999413400000942
0.24999413700000941
0.24999414100000944
0.2499941450000094
0.24999414900000944
0.2499941530000094
0.24999415700000943
0.24999416100000943
0.24999416500000943
0.24999416900000943
0.24999417300000942
0.24999417700000942
0.24999418100000945
0.24999418500000944
0.24999418900000944
0.24999419300000944
0.2499941970000094
0.24999420100000946
0.24999420500000946
0.24999420900000946
0.24999421300000943
0.24999421700000943
0.24999422100000948
0.24999422200000943
0.24999422600000945
0.24999423000000945
0.24999423400000945
0.24999423800000944
0.24999424200000944
0.24999424600000944
0.24999425000000947
0.24999425400000944
0.24999425800000943
0.24999426200000946
0.24999426400000946
0.24999426800000946
0.24999427200000945
0.24999427600000945
0.24999428000000948
0.24999428400000945
0.24999428800000945
0.24999429200000947
0.24999429600000947
0.24999430000000944
0.24999430400000947
0.2499943080000095
0.24999431200000946
0.24999431600000946
0.24999432000000946
0.24999432400000945
0.24999432800000948
0.24999433200000945
0.24999433600000948
0.24999434000000947
0.24999434400000947
0.2499943480000095
0.2499943520000095
0.24999435600000947
0.24999436000000946
0.2499943640000095
0.24999436800000951
0.24999437100000949
0.24999436400000952
0.24999434200000947
0.24999428600000947
0.2499942470000095
0.2499942250000095
0.2499942200000095
0.24999422200000948
0.24999422600000948
0.24999423000000948
0.24999423400000947
0.2499942380000095
0.2499942420000095
0.24999424600000947
0.24999425000000952
0.2499942540000095
0.2499942580000095
0.2499942620000095
0.24999426600000949
0.24999427000000948
0.2499942740000095
0.2499942780000095
0.2499942820000095
0.2499942860000095
0.2499942900000095
0.24999429400000953
0.2499942980000095
0.2499943020000095
0.2499943060000095
0.24999431000000952
0.2499943140000095
0.24999431800000949
0.2499943200000095
0.2499943180000095
0.24999431800000949
0.2499943220000095
0.24999432600000948
0.2499943300000095
0.24999433400000953
0.24999433800000953
0.2499943420000095
0.2499943460000095
0.24999435000000952
0.24999435400000955
0.24999435800000952
0.24999436200000952
0.24999436600000952
0.24999436800000951
0.2499943720000095
0.2499943760000095
0.24999438000000954
0.2499943840000095
0.2499943880000095
0.24999439200000953
0.24999439600000953
0.24999440000000953
0.24999440300000952
0.24999439600000956
0.24999438200000954
0.24999436400000952
0.2499943280000095
0.24999431400000952
0.24999430900000955
0.24999431000000955
0.24999431400000952
0.2499943180000095
0.24999432200000957
0.24999432600000954
0.24999433000000953
0.24999433400000953
0.24999433800000956
0.24999434200000953
0.24999434600000955
0.24999435000000955
0.24999435400000958
0.24999435800000955
0.24999436200000957
0.24999436600000957
0.24999437000000957
0.24999437400000957
0.2499943770000096
0.2499943810000096
0.24999438500000956
0.24999438900000956
0.2499943930000096
0.2499943970000096
0.24999440100000958
0.2499944050000096
0.24999440900000963
0.2499944130000096
0.2499944170000096
0.2499944210000096
0.24999442500000965
0.24999442900000962
0.24999443300000962
0.24999443700000964
0.24999444100000964
0.2499944450000096
0.24999444900000967
0.24999445300000964
0.24999445700000963
0.24999446100000966
0.24999446500000966
0.24999446900000966
0.24999447300000965
0.24999447700000968
0.24999448100000968
0.24999448500000965
0.24999448900000965
0.2499944930000097
0.2499944970000097
0.24999450100000967
0.2499945050000097
0.24999450900000972
0.24999451300000972
0.2499945170000097
0.2499945210000097
0.2499945250000097
0.2499945290000097
0.2499945330000097
0.2499945370000097
0.24999454100000973
0.2499945450000097
0.24999454900000972
0.24999455300000972
0.2499945570000097
0.24999456100000975
0.24999456500000974
0.24999456900000974
0.2499945730000097
0.24999457700000977
0.24999458100000976
0.24999458500000976
0.24999458900000973
0.24999459300000978
0.24999459700000978
0.24999460100000975
0.24999460500000978
0.24999460900000978
0.24999461300000977
0.24999461700000977
0.2499946210000098
0.2499946250000098
0.2499946290000098
0.2499946330000098
0.2499946370000098
0.24999464100000982
0.2499946450000098
0.2499946490000098
0.2499946530000098
0.24999465700000983
0.24999466100000983
0.24999466500000983
0.24999466900000983
0.2499946730000098
0.24999467700000982
0.24999468100000985
0.24999468500000985
0.24999468900000982
0.24999469300000987
0.24999469700000987
0.24999470100000987
0.24999470500000986
0.24999470900000986
0.2499947130000099
0.24999471700000986
0.24999472100000986
0.24999472500000988
0.24999472900000988
0.24999473300000988
0.24999473700000988
0.24999474100000987
0.24999474500000993
0.2499947490000099
0.2499947530000099
0.2499947570000099
0.24999476100000992
0.24999476500000992
0.24999476900000991
0.2499947730000099
0.2499947770000099
0.24999478100000994
0.24999478500000993
0.24999478900000993
0.24999479300000993
0.24999479700000993
0.24999480100000995
0.24999480500000992
0.24999480700000995
0.24999481100000995
0.24999481500000997
0.24999481900000994
0.24999482300000997
0.24999482700000997
0.24999483100001
0.24999483500000996
0.24999483900000996
0.24999484300000996
0.24999484700000998
0.24999485100000998
0.24999485500000998
0.24999485900000998
0.24999486300001
0.24999486700001
0.24999486700001
0.24999486500001
0.24999486500001
0.24999486100000998
0.24999486500001
0.24999486900001003
0.24999487300001003
0.24999487700001002
0.24999488100001002
0.24999488500001005
0.24999488900001005
0.24999489300001004
0.24999489700001004
0.24999490100001004
0.24999490500001006
0.24999490900001006
0.24999491300001006
0.24999491700001006
0.24999492100001006
0.24999492500001008
0.2499949180000101
0.24999490900001006
0.2499948990000101
0.24999488800001007
0.24999488300001008
0.2499948760000101
0.24999486300001006
0.24999483400001007
0.2499948040000101
0.2499947710000101
0.24999468800001012
0.24999459300001012
0.2499945170000101
0.24999444900001008
0.24999438600001014
0.2499943330000101
0.2499943070000101
0.24999429600001008
0.24999429900001013
0.24999430300001013
0.2499943070000101
0.2499943110000101
0.24999431500001015
0.24999431900001012
0.24999432300001012
0.24999432700001012
0.24999433100001014
0.24999433400001012
0.24999433800001014
0.24999434200001014
0.24999434600001014
0.24999435000001013
0.24999435400001013
0.24999435400001013
0.24999434200001014
0.24999432500001015
0.24999432400001015
0.24999432800001015
0.24999433200001017
0.24999433600001014
0.24999434000001017
0.24999434400001017
0.24999434800001014
0.24999435200001016
0.24999435600001016
0.24999436000001016
0.24999436400001013
0.24999436800001018
0.24999437200001018
0.24999437600001018
0.24999438000001015
0.24999438400001014
0.24999438800001017
0.24999439200001017
0.24999439600001017
0.24999440000001016
0.24999440400001016
0.24999440800001016
0.24999441200001019
0.24999441600001018
0.24999442000001015
0.24999442400001018
0.2499944280000102
0.2499944320000102
0.2499944360000102
0.2499944400000102
0.2499944440000102
0.24999444800001022
0.2499944520000102
0.2499944560000102
0.2499944600000102
0.24999446400001019
0.2499944680000102
0.2499944720000102
0.2499944760000102
0.24999448000001018
0.2499944840000102
0.2499944880000102
0.2499944920000102
0.2499944960000102
0.24999450000001022
0.24999450400001025
0.24999450800001022
0.24999451200001022
0.24999451600001024
0.24999452000001018
0.24999452000001024
0.2499945240000102
0.24999452800001024
0.24999453200001023
0.24999453600001023
0.24999454000001023
0.24999454400001025
0.24999454800001025
0.24999455200001022
0.24999455600001022
0.24999456000001027
0.24999456400001024
0.24999456800001024
0.24999457200001027
0.2499945760000103
0.24999458000001026
0.24999458400001026
0.24999458800001026
0.2499945920000103
0.24999459600001028
0.24999460000001028
0.2499946040000103
0.2499946080000103
0.2499946120000103
0.2499946160000103
0.24999462000001033
0.24999462400001032
0.24999462800001032
0.24999463200001032
0.24999463600001032
0.24999464000001034
0.24999464400001034
0.24999464800001034
0.24999465200001034
0.24999465600001036
0.24999466000001036
0.24999466400001036
0.24999466800001036
0.24999467200001038
0.24999467600001038
0.24999468000001038
0.2499946840000104
0.2499946880000104
0.2499946920000104
0.2499946960000104
0.24999470000001042
0.24999470400001042
0.24999470800001042
0.24999471200001042
0.24999471600001041
0.24999472000001044
0.2499947240000104
0.24999472800001044
0.24999473200001046
0.24999473600001046
0.24999474000001043
0.24999474400001045
0.24999474800001048
0.24999475200001048
0.24999475600001045
0.2499947600000105
0.2499947640000105
0.24999476800001047
0.24999477200001047
0.2499947630000105
0.2499947520000105
0.24999474800001054
0.24999475200001053
0.2499947560000105
0.24999476000001053
0.24999476400001053
0.2499947680000105
0.24999477200001052
0.24999477600001055
0.24999478000001057
0.24999478400001054
0.24999478800001054
0.24999479200001054
0.24999479600001057
0.24999480000001056
0.24999480400001056
0.24999480800001056
0.24999481200001056
0.24999481600001058
0.24999482000001058
0.24999482400001058
0.24999482800001058
0.2499948320000106
0.2499948360000106
0.24999484000001057
0.24999484400001062
0.24999484800001062
0.24999485200001062
0.24999485600001062
0.24999486000001064
0.24999486400001064
0.24999486800001064
0.24999487200001064
0.24999487600001064
0.24999488000001066
0.24999488400001063
0.24999488800001066
0.24999489200001065
0.24999489600001068
0.24999490000001065
0.24999490400001065
0.2499949080000107
0.2499949120000107
0.24999491600001067
0.24999492000001067
0.24999492400001067
0.2499949280000107
0.2499949320000107
0.2499949360000107
0.24999494000001074
0.2499949440000107
0.2499949480000107
0.2499949520000107
0.2499949560000107
0.24999496000001073
0.24999496400001073
0.24999496800001075
0.24999497200001075
0.24999497600001075
0.24999498000001075
0.24999498400001077
0.24999498800001074
0.24999498800001074
0.24999498600001074
0.24999499000001077
0.2499949940000108
0.2499949980000108
0.2499950020000108
0.2499950060000108
0.2499950100000108
0.24999501400001076
0.24999501800001078
0.2499950220000108
0.2499950260000108
0.24999502800001078
0.24999503200001083
0.24999503000001078
0.2499950200000108
0.2499950200000108
0.24999502400001083
0.24999502800001086
0.24999503200001083
0.24999503600001083
0.24999504000001083
0.24999504400001082
0.24999504800001085
0.24999505200001088
0.24999505600001087
0.24999506000001087
0.24999506400001087
0.24999506800001087
0.24999507200001084
0.2499950760000109
0.2499950800000109
0.2499950840000109
0.24999508800001088
0.2499950920000109
0.2499950960000109
0.2499951000000109
0.2499951040000109
0.24999510800001093
0.24999511200001093
0.2499951160000109
0.24999512000001092
0.24999512400001095
0.24999512800001095
0.24999513200001092
0.24999513600001094
0.24999514000001094
0.24999514400001097
0.24999514800001094
0.24999515200001093
0.249995156000011
0.24999516000001096
0.24999516400001096
0.24999516800001098
0.24999516700001098
0.24999516200001098
0.249995152000011
0.249995140000011
0.24999513100001097
0.24999511300001104
0.24999509500001102
0.24999509100001102
0.24999509500001102
0.24999509900001105
0.249995103000011
0.24999510700001104
0.24999511100001104
0.24999511500001104
0.24999511900001103
0.24999512300001103
0.24999512700001106
0.24999513100001106
0.24999513500001105
0.24999513900001105
0.24999514300001108
0.24999514700001105
0.24999514500001108
0.24999512800001106
0.2499951010000111
0.2499950640000111
0.24999504600001107
0.24999501600001112
0.2499949950000111
0.24999498300001113
0.24999496800001111
0.24999495800001112
0.24999495200001112
0.24999493800001113
0.24999494100001113
0.24999494500001113
0.2499949490000111
0.24999495300001112
0.24999495600001112
0.24999496000001115
0.24999496400001114
0.24999496800001114
0.24999497200001117
0.24999497600001114
0.24999498000001114
0.24999498400001116
0.24999498800001116
0.24999499200001116
0.24999499600001118
0.24999499900001118
0.24999500300001118
0.24999500700001118
0.24999500700001118
0.24999501100001117
0.24999501500001117
0.24999501900001114
0.2499950230000112
0.2499950270000112
0.2499950310000112
0.24999503500001116
0.24999503800001122
0.2499950370000112
0.2499950410000112
0.2499950450000112
0.2499950490000112
0.24999505300001124
0.24999505700001123
0.24999506100001123
0.24999506500001123
0.24999506900001123
0.24999507300001125
0.24999507700001122
0.24999508100001125
0.24999508500001127
0.24999508900001127
0.24999509300001124
0.24999509700001124
0.2499951010000113
0.2499951050000113
0.24999510900001126
0.24999511300001132
0.2499951170000113
0.24999512100001128
0.24999512500001134
0.24999512900001133
0.24999513300001136
0.24999513700001136
0.24999514100001136
0.24999514500001135
0.24999514900001138
0.24999515300001138
0.24999515700001138
0.2499951610000114
0.2499951650000114
0.2499951690000114
0.24999517300001142
0.24999517700001145
0.24999518100001142
0.24999518500001144
0.24999518900001144
0.24999519300001147
0.24999519700001147
0.2499952010000115
0.2499952050000115
0.2499952090000115
0.2499952130000115
0.2499952170000115
0.2499952210000115
0.24999522500001153
0.24999522900001153
0.24999523300001156
0.24999523700001158
0.24999524100001155
0.24999524500001155
0.2499952490000116
0.24999525300001157
0.2499952570000116
0.24999526100001163
0.24999526500001162
0.2499952690000116
0.24999527300001165
0.24999527700001165
0.24999528100001164
0.2499952850000116
0.24999528900001167
0.24999529300001166
0.24999529700001163
0.2499953010000117
0.24999530500001169
0.2499953090000117
0.2499953130000117
0.2499953170000117
0.24999532100001173
0.24999532500001176
0.24999532900001173
0.24999533300001175
0.24999533700001178
0.24999534100001175
0.24999534500001178
0.24999534900001177
0.2499953530000118
0.2499953570000118
0.2499953610000118
0.24999536500001182
0.24999536900001185
0.24999537300001182
0.24999537700001184
0.24999538100001187
0.24999538500001184
0.24999538900001186
0.24999539300001186
0.2499953970000119
0.24999540100001189
0.24999540500001188
0.24999540900001194
0.2499954130000119
0.2499954170000119
0.24999542100001193
0.24999542500001196
0.24999542900001193
0.24999543300001195
0.24999543700001195
0.24999544100001198
0.24999544500001197
0.249995449000012
0.249995453000012
0.24999545700001202
0.249995461000012
0.24999546500001202
0.24999546900001202
0.24999547300001204
0.24999547700001204
0.24999548100001207
0.24999548500001206
0.24999548900001206
0.24999549300001206
0.24999549700001208
0.2499955010000121
0.2499955050000121
0.2499955090000121
0.24999551300001213
0.2499955170000121
0.24999552100001213
0.24999552500001213
0.24999552900001218
0.24999553300001215
0.24999553700001217
0.24999554100001217
0.2499955450000122
0.2499955490000122
0.2499955530000122
0.24999555700001222
0.24999556100001222
0.24999556500001222
0.2499955690000122
0.24999557300001227
0.24999557700001224
0.24999558100001223
0.2499955850000123
0.24999558900001229
0.24999559300001228
0.2499955970000123
0.2499956010000123
0.2499956040000123
0.2499956080000123
0.24999561200001233
0.24999561600001233
0.24999562000001235
0.24999562400001235
0.24999562800001235
0.24999563200001237
0.24999563600001234
0.24999564000001237
0.2499956440000124
0.24999564800001242
0.2499956520000124
0.24999565600001242
0.24999566000001244
0.2499956640000124
0.24999566800001244
0.24999567200001244
0.24999567600001246
0.24999568000001243
0.24999568400001249
0.24999568800001248
0.24999569200001248
0.24999569600001248
0.2499957000000125
0.24999570400001253
0.24999570800001253
0.24999571200001253
0.24999571600001252
0.24999572000001255
0.24999572300001255
0.24999572700001255
0.24999573100001254
0.2499957350000126
0.24999573900001257
0.2499957410000126
0.24999574400001262
0.24999574700001262
0.24999575100001264
0.24999575500001264
0.24999575900001264
0.24999576300001267
0.24999576700001264
0.24999577100001266
0.24999577500001266
0.2499957790000127
0.24999578300001268
0.24999578700001268
0.24999579100001268
0.24999579500001273
0.2499957990000127
0.24999580300001273
0.24999580700001275
0.24999581000001278
0.24999581400001275
0.24999581800001275
0.24999582200001275
0.24999582600001277
0.24999583000001277
0.2499958330000128
0.2499958340000128
0.24999583800001282
0.24999583800001285
0.24999584200001282
0.24999584400001282
0.24999584000001282
0.24999584200001285
0.24999584600001287
0.24999585000001287
0.2499958540000129
0.2499958580000129
0.2499958620000129
0.2499958660000129
0.24999587000001292
0.2499958740000129
0.2499958780000129
0.24999588200001294
0.24999588600001293
0.24999589000001296
0.24999589400001299
0.24999589800001298
0.24999590200001295
0.249995906000013
0.249995910000013
0.24999591400001298
0.249995918000013
0.24999592200001303
0.24999592600001302
0.24999592900001305
0.24999593100001302
0.24999592800001308
0.24999593100001305
0.24999593500001305
0.24999593900001307
0.2499959430000131
0.24999594700001307
0.24999595100001312
0.24999595500001312
0.2499959590000131
0.24999596300001314
0.24999596700001314
0.24999597100001314
0.24999597500001314
0.24999597900001316
0.24999598300001316
0.24999598700001321
0.24999599100001318
0.24999599500001318
0.2499959990000132
0.2499960030000132
0.2499960070000132
0.24999601100001323
0.24999601500001326
0.24999601900001323
0.24999602300001325
0.24999602700001325
0.24999603100001327
0.24999603500001327
0.24999603900001327
0.2499960430000133
0.2499960470000133
0.2499960510000133
0.24999605500001332
0.24999605900001334
0.24999606300001334
0.24999606700001337
0.2499960710000134
0.24999607500001342
0.24999607900001342
0.2499960830000134
0.24999608700001347
0.24999609100001344
0.2499960950000135
0.2499960990000135
0.24999610300001351
0.2499961070000135
0.24999611000001354
0.24999611200001357
0.2499961160000136
0.24999612000001362
0.2499961240000136
0.24999612800001364
0.24999613100001364
0.24999613500001364
0.24999613900001366
0.2499961430000137
0.2499961470000137
0.24999615100001377
0.24999615500001374
0.24999615900001373
0.2499961630000138
0.24999616700001379
0.2499961710000138
0.2499961750000138
0.24999615900001385
0.24999613200001386
0.2499960770000139
0.24999599800001385
0.2499958790000139
0.24999574600001392
0.24999562200001396
0.24999544400001394
0.24999532200001395
0.24999514300001396
0.24999489400001398
0.249994664000014
0.24999447900001398
0.24999430800001396
0.24999421000001398
0.249994146000014
0.249994074000014
0.24999399100001402
0.249993914000014
0.24999381700001402
0.24999371800001402
0.24999366200001402
0.24999356900001402
0.24999348400001403
0.24999343200001403
0.24999338700001403
0.24999331700001404
0.24999323900001405
0.24999312700001403
0.249993050000014
0.24999298200001402
0.249992897000014
0.24999283100001404
0.24999274800001406
0.24999271100001402
0.24999266700001402
0.24999257800001404
0.24999246200001404
0.24999236800001404
0.24999226800001406
0.24999220300001407
0.24999218200001405
0.24999218600001405
0.24999219000001408
0.24999219400001405
0.24999219800001404
0.24999220200001404
0.24999220600001404
0.24999221000001404
0.24999221400001403
0.24999221800001403
0.24999222200001406
0.24999222600001406
0.24999223000001405
0.24999223400001402
0.24999223800001405
0.24999224200001405
0.24999224600001405
0.24999225000001404
0.24999225400001404
0.24999225800001404
0.24999226200001406
0.24999226600001404
0.24999227000001406
0.24999227400001406
0.24999227800001403
0.24999228200001403
0.24999228600001408
0.24999229000001408
0.24999229400001405
0.24999229800001405
0.24999230200001404
0.24999230600001404
0.24999231000001404
0.24999231400001404
0.24999231800001406
0.24999232200001403
0.24999232600001403
0.24999233000001406
0.24999233400001405
0.24999233800001405
0.24999234200001405
0.24999234600001405
0.24999235000001405
0.24999235400001407
0.24999235800001404
0.24999236200001407
0.24999236600001404
0.24999237000001406
0.24999237400001406
0.24999237800001403
0.24999238200001406
0.24999238600001406
0.24999238900001405
0.24999239300001405
0.24999239700001408
0.24999240100001408
0.24999240500001407
0.24999240900001404
0.24999241200001407
0.24999241600001407
0.249992420000014
0.24999242400001406
0.24999242800001406
0.24999243200001406
0.24999243600001403
0.24999244000001405
0.24999244400001408
0.24999244800001408
0.24999245200001405
0.24999245400001405
0.24999245800001405
0.24999246200001404
0.24999246600001404
0.24999247000001404
0.24999247400001406
0.24999247800001403
0.24999248200001403
0.24999248600001406
0.24999249000001408
0.24999249400001405
0.24999249800001405
0.24999250200001405
0.24999250600001405
0.24999251000001405
0.24999251400001404
0.24999251800001407
0.24999252200001404
0.24999252600001406
0.24999253000001403
0.2499925340000141
0.24999253700001406
0.24999253300001406
0.24999253400001403
0.24999253800001406
0.24999254200001406
0.24999254600001405
0.24999255000001402
0.24999255400001405
0.24999255800001408
0.24999256200001407
0.24999256600001404
0.24999257000001404
0.24999257400001404
0.24999257800001407
0.24999258200001406
0.24999258600001406
0.24999259000001406
0.24999259400001406
0.24999259800001403
0.24999260000001403
0.24999260000001408
0.24999260300001408
0.24999260700001405
0.24999261100001405
0.24999261500001407
0.24999261900001407
0.24999262300001404
0.24999262600001404
0.24999262600001407
0.24999263000001407
0.24999263400001406
0.24999263800001403
0.24999264200001403
0.24999264600001406
0.24999265000001403
0.24999265400001405
0.24999265800001405
0.24999266200001405
0.24999266600001402
0.24999267000001407
0.24999267400001407
0.24999267800001404
0.24999268200001404
0.24999268600001406
0.24999269000001406
0.24999269400001403
0.24999269400001406
0.24999269300001403
0.24999269500001406
0.24999269900001406
0.24999270300001405
0.24999270700001403
0.24999271100001408
0.24999271500001408
0.24999271900001407
0.24999272300001404
0.24999272700001407
0.24999273100001407
0.24999273500001404
0.24999273900001406
0.24999274300001406
0.2499927470000141
0.24999275100001406
0.24999275500001406
0.24999275900001408
0.24999276300001408
0.24999276700001405
0.24999277100001405
0.24999277500001407
0.24999277900001407
0.24999278300001407
0.24999278700001407
0.24999279100001406
0.24999279500001403
0.24999279900001406
0.24999280300001406
0.24999280700001406
0.24999281100001405
0.24999281500001405
0.24999281900001405
0.24999282300001407
0.24999282700001407
0.24999283100001404
0.24999283500001404
0.24999283900001404
0.24999284300001404
0.24999284700001406

Avalanche_Distribution:
2701
1
11
56
163
74
5
5
76
23
1
1
8
1
57
3
3
5
8
58
6487
2
9
854
139
1
16
1
1
4
1
2
1
5
6
1
2
1
1
2
2
70
432
26
5
27
1
1
3
2
178
12
2
122
1
2
10
12
702
1
46
4
36
10
2
24
109
258
1
1
4
6
1
1
2
2
1
4
4
12
2
9
3
1
4161
1
1
2
11
1
7
5
11
