
Branching_global:
1.040000004
1.0400003990000108
1.0400007930000217
1.0400011860000327
1.0400015890000436
1.0400019900000548
1.0400023740000655
1.0400027710000763
1.040003169000087
1.0400035410000983
1.0400039320001087
1.0400043410001198
1.0400047440001308
1.0400051250001419
1.0400055150001524
1.0400059270001634
1.0400063020001742
1.0400067140001852
1.040007114000196
1.040007504000207
1.0400079010002177
1.0400082830002289
1.0400086770002395
1.0400090810002507
1.0400094630002614
1.0400098800002724
1.040010277000283
1.0400106760002945
1.0400110540003047
1.0400114250003163
1.0400118240003267
1.040012221000338
1.0400126170003485
1.0400130180003597
1.0400134090003703
1.0400137760003816
1.0400141720003921
1.0400146090004032
1.040015001000414
1.040015392000425
1.0400157730004358
1.040016193000447
1.0400165750004575
1.0400170210004684
1.0400173820004792
1.0400177760004903
1.0400181360005007
1.0400185580005121
1.040018978000523
1.040019385000534
1.0400197490005445
1.0400201350005558
1.0400205630005663
1.0400209320005773
1.040021360000588
1.040021728000599
1.04002211600061
1.040022533000621
1.0400229180006317
1.040023310000643
1.0400237080006534
1.0400241120006646
1.040024502000675
1.0400249010006863
1.0400253050006973
1.0400256530007082
1.0400260710007188
1.04002650000073
1.0400268750007406
1.0400273020007516
1.0400276560007624
1.0400280580007735
1.0400284450007842
1.0400288460007954
1.0400292540008058
1.0400296620008171
1.0400300080008278
1.0400304470008388
1.0400308880008495
1.040031203000861
1.0400316240008713
1.0400320260008826
1.0400324270008932
1.0400328090009043
1.0400331900009148
1.0400335680009258
1.0400340020009367
1.0400343600009478
1.0400347470009585
1.0400351410009696
1.0400355840009803
1.0400359880009915
1.040036359001002
1.0400367430010131
1.0400371840010239
1.0400374860010348
1.0400379460010454
1.0400382960010566
1.0400387290010673
1.0400391500010786

Autocorrelation:
0.02549672919070817
0.025496482286540383
0.025496236012303622
0.025495990367960665
0.025495738478137617
0.025495487843424897
0.025495247838833276
0.025494999713930103
0.02549475096897018
0.02549451847815481
0.025494274117469688
0.025494018512554343
0.025493766662455838
0.02549352856566307
0.025493284849233633
0.025493027389858727
0.025492793056444245
0.02549253560719735
0.025492285661544538
0.02549204196934434
0.02549179390806102
0.025491555224016596
0.025491309046818938
0.02549105662650296
0.02549081795653593
0.025490557424104533
0.02549030939227889
0.025490060115880904
0.025489823963879266
0.025489592189400116
0.025489342927305127
0.025489094919576898
0.025488847541455934
0.025488597044862525
0.025488352799901075
0.025488123551299192
0.025487876192402368
0.025487603228796868
0.02548735837864328
0.025487114157885737
0.025486876187773694
0.02548661386376716
0.025486375278618356
0.025486096726852404
0.02548587126685142
0.025485625201575803
0.025485400374594895
0.02548513683256158
0.02548487454506095
0.025484620381234325
0.02548439307447526
0.025484152033912306
0.025483884771574487
0.025483654356061786
0.02548338710436716
0.025483157322432035
0.025482915056924366
0.02548265468918012
0.025482414306510437
0.025482169557997484
0.025481921068238836
0.02548166883745658
0.025481425352174913
0.025481176252911717
0.025480924037163614
0.025480706786094695
0.025480445840092923
0.02548017803275733
0.025479943940137157
0.02547967739201446
0.025479456417318705
0.02547920548469194
0.025478963919983826
0.025478713621427476
0.025478458958716484
0.025478204301195555
0.025477988345697866
0.02547771434973238
0.025477439111543848
0.025477242516547764
0.025476979770608435
0.02547672888771826
0.02547647863393457
0.025476240242223554
0.02547600247910615
0.02547576659261054
0.025475495765461154
0.025475272368681773
0.025475030880009443
0.025474785028120388
0.02547450860652206
0.02547425652533955
0.025474025039427074
0.0254737854466659
0.02547351029502466
0.02547332187267818
0.02547303487721847
0.02547281651552296
0.025472546376195327
0.02547228372900887

Average_Activity:
0.0
0.0
0.0
0.0
0.0
0.0
0.0
0.0
0.0
0.0
0.0
0.0
0.0
0.0
0.0
0.0
0.0
0.0
0.0
0.25
0.0
0.0
0.0
0.0
0.0
0.0
0.0
0.0
0.0
0.0
0.0
0.0
0.0
0.0
0.0
0.0
0.0
0.25
0.0
0.0
0.0
0.0
0.0
0.0
0.0
0.0
0.0
0.0
0.0
0.0
0.0
0.0
0.0
0.0
0.0
0.0
0.0
0.0
0.0
0.0
0.0
0.0
0.0
0.0
0.0
0.0
0.0
0.0
0.0
0.0
0.25
0.0
0.0
0.0
0.0
0.0
0.0
0.0
0.0
0.0
0.0
0.0
0.0
0.0
0.0
0.0
0.0
0.25
0.0
0.0
0.0
0.0
0.0
0.0
0.0
0.0
0.0
0.0
0.0
0.0
0.0
0.0
0.0
0.0
0.0
0.0
0.0
0.0
0.0
0.0
0.0
0.0
0.0
0.0
0.0
0.0
0.0
0.0
0.0
0.0
0.0
0.0
0.0
0.0
0.0
0.0
0.0
0.0
0.0
0.25
0.0
0.25
0.0
0.0
0.0
0.0
0.0
0.0
0.0
0.0
0.0
0.0
0.0
0.0
0.0
0.0
0.0
0.0
0.0
0.0
0.0
0.0
0.0
0.0
0.0
0.0
0.0
0.0
0.0
0.0
0.0
0.0
0.0
0.0
0.0
0.0
0.0
0.0
0.0
0.0
0.0
0.0
0.0
0.0
0.0
0.0
0.0
0.0
0.0
0.0
0.0
0.0
0.0
0.0
0.25
0.0
0.0
0.0
0.0
0.0
0.0
0.0
0.0
0.0
0.0
0.0
0.0
0.0
0.0
0.0
0.0
0.0
0.25
0.0
0.0
0.25
0.0
0.0
0.5
0.25
0.0
0.0
0.0
0.0
0.0
0.0
0.0
0.0
0.0
0.0
0.0
0.0
0.25
0.25
0.0
0.0
0.0
0.0
0.25
0.0
0.0
0.0
0.0
0.0
0.0
0.0
0.0
0.0
0.0
0.0
0.0
0.0
0.0
0.0
0.0
0.0
0.0
0.0
0.0
0.0
0.25
0.0
0.0
0.0
0.0
0.0
0.0
0.0
0.0
0.0
0.0
0.0
0.0
0.0
0.0
0.0
0.0
0.0
0.0
0.25
0.0
0.25
0.0
0.25
0.0
0.0
0.0
0.0
0.0
0.0
0.0
0.0
0.0
0.0
0.0
0.0
0.0
0.0
0.0
0.0
0.0
0.0
0.0
0.0
0.0
0.0
0.0
0.0
0.0
0.0
0.0
0.0
0.0
0.25
0.0
0.0
0.0
0.0
0.0
0.0
0.0
0.0
0.0
0.0
0.0
0.0
0.0
0.0
0.0
0.0
0.0
0.25
0.0
0.0
0.0
0.0
0.0
0.0
0.0
0.0
0.0
0.0
0.0
0.0
0.0
0.0
0.0
0.0
0.0
0.0
0.0
0.0
0.0
0.0
0.0
0.0
0.0
0.0
0.0
0.0
0.0
0.0
0.0
0.0
0.0
0.0
0.0
0.0
0.0
0.0
0.0
0.0
0.0
0.0
0.0
0.0
0.0
0.0
0.0
0.0
0.0
0.0
0.0
0.0
0.0
0.0
0.0
0.0
0.0
0.25
0.0
0.0
0.0
0.0
0.0
0.0
0.0
0.0
0.0
0.0
0.0
0.0
0.0
0.25
0.0
0.0
0.0
0.0
0.0
0.0
0.0
0.0
0.0
0.0
0.0
0.0
0.0
0.0
0.0
0.0
0.0
0.25
0.0
0.25
0.0
0.0
0.0
0.0
0.0
0.0
0.0
0.0
0.0
0.0
0.0
0.0
0.0
0.25
0.0
0.0
0.0
0.0
0.0
0.0
0.0
0.0
0.0
0.0
0.0
0.0
0.0
0.0
0.0
0.0
0.0
0.0
0.0
0.0
0.0
0.0
0.0
0.0
0.0
0.0
0.0
0.0
0.0
0.0
0.0
0.0
0.0
0.0
0.0
0.0
0.0
0.0
0.0
0.0
0.0
0.0
0.0
0.0
0.25
0.0
0.0
0.0
0.0
0.0
0.0
0.0
0.0
0.0
0.0
0.0
0.0
0.0
0.0
0.0
0.0
0.0
0.0
0.0
0.0
0.0
0.0
0.25
0.0
0.0
0.0
0.0
0.0
0.0
0.0
0.0
0.0
0.0
0.0
0.0
0.0
0.0
0.0
0.0
0.0
0.0
0.0
0.0
0.25
0.0
0.0
0.25
0.25
0.0
0.0
0.0
0.0
0.0
0.0
0.0
0.0
0.0
0.0
0.0
0.0
0.0
0.0
0.0
0.25
0.0
0.0
0.0
0.0
0.0
0.0
0.0
0.0
0.0
0.0
0.0
0.0
0.0
0.25
0.0
0.0
0.0
0.0
0.0
0.0
0.0
0.0
0.0
0.0
0.0
0.0
0.0
0.0
0.0
0.0
0.0
0.0
0.0
0.0
0.0
0.0
0.0
0.0
0.0
0.0
0.0
0.0
0.0
0.0
0.0
0.0
0.0
0.0
0.0
0.0
0.0
0.0
0.0
0.0
0.0
0.0
0.0
0.0
0.0
0.0
0.0
0.0
0.0
0.0
0.25
0.0
0.0
0.0
0.0
0.0
0.0
0.0
0.0
0.0
0.0
0.25
0.0
0.0
0.0
0.0
0.0
0.0
0.0
0.0
0.0
0.0
0.0
0.0
0.0
0.0
0.0
0.0
0.0
0.0
0.0
0.0
0.0
0.0
0.0
0.0
0.0
0.0
0.0
0.0
0.0
0.0
0.0
0.0
0.0
0.0
0.0
0.0
0.0
0.0
0.25
0.0
0.0
0.0
0.0
0.0
0.25
0.0
0.0
0.0
0.0
0.0
0.0
0.0
0.0
0.0
0.0
0.0
0.0
0.25
0.0
0.0
0.0
0.0
0.0
0.0
0.0
0.0
0.0
0.0
0.0
0.25
0.0
0.0
0.0
0.0
0.0
0.0
0.0
0.0
0.0
0.0
0.5
0.0
0.0
0.0
0.0
0.0
0.0
0.0
0.0
0.0
0.25
0.0
0.0
0.0
0.0
0.0
0.0
0.0
0.0
0.0
0.25
0.25
0.0
0.0
0.0
0.0
0.0
0.0
0.25
0.0
0.0
0.0
0.0
0.0
0.0
0.0
0.0
0.0
0.0
0.0
0.0
0.0
0.0
0.0
0.0
0.0
0.0
0.0
0.0
0.0
0.0
0.0
0.0
0.0
0.0
0.0
0.0
0.0
0.0
0.0
0.0
0.0
0.0
0.0
0.0
0.0
0.0
0.0
0.0
0.0
0.0
0.0
0.0
0.25
0.0
0.0
0.0
0.0
0.0
0.0
0.0
0.0
0.0
0.0
0.0
0.0
0.0
0.0
0.0
0.0
0.0
0.0
0.0
0.0
0.0
0.0
0.0
0.0
0.0
0.0
0.0
0.0
0.0
0.0
0.0
0.0
0.0
0.0
0.0
0.0
0.0
0.0
0.0
0.0
0.0
0.0
0.0
0.0
0.25
0.0
0.0
0.0
0.0
0.0
0.0
0.25
0.0
0.0
0.0
0.0
0.0
0.0
0.0
0.0
0.0
0.0
0.0
0.25
0.0
0.0
0.0
0.0
0.0
0.0
0.0
0.0
0.25
0.0
0.0
0.0
0.0
0.0
0.0
0.0
0.25
0.0
0.0
0.0
0.0
0.0
0.0
0.0
0.0
0.0
0.0
0.0
0.0
0.0
0.0
0.0
0.0
0.0
0.0
0.0
0.0
0.0
0.0
0.0
0.0
0.0
0.0
0.0
0.0
0.0
0.0
0.0
0.0
0.0
0.0
0.0
0.0
0.0
0.0
0.0
0.0
0.0
0.0
0.0
0.0
0.0
0.0
0.0
0.0
0.0
0.0
0.0
0.0
0.0
0.0
0.0
0.0
0.0
0.0
0.0
0.0
0.0
0.0
0.0
0.0
0.0
0.0
0.0
0.0
0.0
0.0
0.0
0.0
0.0
0.0
0.0
0.0
0.0
0.0
0.0
0.0
0.0
0.0
0.0
0.0
0.0
0.0
0.0
0.0
0.0
0.0
0.0
0.0
0.0
0.0
0.0
0.0
0.0
0.0
0.0
0.0
0.0
0.0
0.0
0.25
0.0
0.0
0.0
0.0
0.0
0.0
0.0
0.25
0.0
0.0
0.0
0.0
0.25
0.0
0.0
0.0
0.0
0.0
0.0
0.0
0.0
0.0
0.0
0.0
0.0
0.0
0.0
0.0
0.0
0.0
0.0
0.0
0.0
0.0
0.0
0.0
0.0
0.0
0.0
0.0
0.0
0.0
0.0
0.0
0.0
0.0
0.0
0.0
0.0
0.0
0.0
0.0
0.0
0.0
0.0
0.0
0.0
0.0
0.0
0.0
0.0
0.0
0.0
0.0
0.0
0.0
0.0
0.0
0.0
0.0
0.0
0.0
0.0
0.0
0.25
0.0
0.0
0.0
0.0
0.0
0.0
0.0
0.0
0.0
0.0
0.0
0.0
0.0
0.25
0.0
0.0
0.0
0.0
0.0
0.0
0.0
0.0
0.0
0.0
0.0
0.0
0.0
0.0
0.0
0.0
0.0
0.0
0.0
0.0
0.0
0.0
0.0
0.0
0.0
0.0
0.0
0.0
0.0
0.0
0.0
0.0
0.0
0.0
0.0
0.0
0.0
0.0
0.5
0.25
0.0
0.0
0.0
0.0
0.0
0.0
0.0
0.0
0.0
0.0
0.0
0.0
0.0
0.0
0.0
0.0
0.0
0.0
0.0
0.0
0.0
0.0
0.0
0.0
0.0
0.0
0.0
0.0
0.0
0.0
0.0
0.0
0.0
0.0
0.0
0.0
0.0
0.0
0.0
0.0
0.0
0.0
0.0
0.0
0.0
0.0
0.0
0.0
0.0
0.0
0.0
0.0
0.0
0.0
0.0
0.0
0.0
0.0
0.0
0.0
0.0
0.0
0.0
0.0
0.0
0.0
0.0
0.0
0.0
0.0
0.0
0.0
0.0
0.0
0.0
0.0
0.0
0.0
0.0
0.0
0.0
0.0
0.0
0.0
0.0
0.0
0.0
0.0
0.0
0.0
0.0
0.0
0.0
0.0
0.0
0.0
0.0
0.0
0.0
0.0
0.0
0.0
0.0
0.0
0.0
0.0
0.0
0.0
0.0
0.0
0.0
0.0
0.25
0.0
0.0
0.0
0.0
0.0
0.0
0.0
0.0
0.0
0.0
0.0
0.0
0.0
0.0
0.0
0.0
0.0
0.0
0.0
0.0
0.0
0.0
0.0
0.0
0.0
0.0
0.0
0.0
0.0
0.0
0.0
0.0
0.0
0.0
0.0
0.0
0.0
0.0
0.0
0.0
0.0
0.0
0.0
0.0
0.0
0.0
0.0
0.0
0.0
0.0
0.25
0.0
0.0
0.0
0.0
0.0
0.0
0.0
0.0
0.0
0.0
0.0
0.0
0.0
0.0
0.0
0.0
0.25
0.0
0.25
0.0
0.0
0.25
0.0
0.0
0.0
0.0
0.0
0.0
0.0
0.0
0.0
0.0
0.0
0.0
0.0
0.0
0.0
0.0
0.0
0.0
0.0
0.0
0.0
0.25
0.0
0.0
0.0
0.0
0.0
0.0
0.0
0.0
0.0
0.0
0.0
0.0
0.0
0.0
0.0
0.25
0.25
0.0
0.25
0.0
0.0
0.0
0.0
0.0
0.0
0.0
0.0
0.0
0.0
0.0
0.0
0.0
0.0
0.0
0.0
0.0
0.0
0.0
0.0
0.0
0.0
0.0
0.0
0.0
0.0
0.0
0.0
0.0
0.0
0.0
0.0
0.0
0.0
0.0
0.0
0.0
0.0
0.0
0.0
0.0
0.0
0.0
0.25
0.0
0.0
0.0
0.0
0.0
0.0
0.0
0.0
0.0
0.0
0.25
0.0
0.0
0.0
0.0
0.0
0.0
0.0
0.0
0.0
0.0
0.0
0.0
0.0
0.0
0.0
0.0
0.0
0.0
0.0
0.0
0.0
0.0
0.0
0.0
0.0
0.0
0.0
0.0
0.0
0.0
0.0
0.0
0.0
0.0
0.0
0.0
0.0
0.0
0.0
0.0
0.0
0.0
0.0
0.0
0.0
0.0
0.25
0.0
0.0
0.0
0.0
0.0
0.0
0.0
0.0
0.0
0.0
0.0
0.0
0.0
0.0
0.0
0.0
0.25
0.0
0.0
0.0
0.0
0.0
0.0
0.0
0.0
0.0
0.0
0.0
0.0
0.0
0.0
0.0
0.0
0.0
0.0
0.0
0.25
0.0
0.0
0.0
0.0
0.0
0.0
0.0
0.0
0.0
0.0
0.25
0.0
0.0
0.0
0.0
0.0
0.0
0.0
0.0
0.0
0.0
0.0
0.0
0.0
0.0
0.0
0.0
0.0
0.0
0.0
0.25
0.0
0.0
0.0
0.0
0.0
0.0
0.0
0.0
0.0
0.0
0.0
0.0
0.0
0.0
0.0
0.0
0.0
0.0
0.0
0.0
0.0
0.0
0.0
0.0
0.0
0.0
0.25
0.0
0.0
0.0
0.0
0.0
0.0
0.0
0.0
0.0
0.0
0.25
0.0
0.0
0.0
0.0
0.0
0.0
0.0
0.0
0.0
0.0
0.0
0.0
0.0
0.0
0.0
0.0
0.0
0.0
0.0
0.0
0.0
0.0
0.0
0.0
0.0
0.0
0.0
0.0
0.0
0.0
0.0
0.0
0.0
0.0
0.0
0.0
0.0
0.0
0.0
0.0
0.0
0.0
0.0
0.0
0.0
0.0
0.0
0.0
0.0
0.0
0.0
0.0
0.0
0.0
0.0
0.0
0.0
0.0
0.0
0.0
0.0
0.0
0.0
0.0
0.0
0.0
0.0
0.25
0.0
0.0
0.25
0.0
0.0
0.0
0.0
0.0
0.0
0.0
0.0
0.0
0.0
0.0
0.0
0.0
0.0
0.0
0.0
0.0
0.0
0.0
0.0
0.0
0.0
0.25
0.0
0.0
0.0
0.0
0.0
0.25
0.0
0.0
0.0
0.0
0.0
0.0
0.0
0.0
0.0
0.0
0.0
0.0
0.25
0.0
0.0
0.0
0.0
0.0
0.0
0.0
0.0
0.0
0.0
0.0
0.0
0.0
0.0
0.0
0.0
0.0
0.0
0.0
0.0
0.0
0.0
0.0
0.0
0.0
0.0
0.0
0.0
0.0
0.0
0.0
0.0
0.0
0.0
0.0
0.0
0.0
0.0
0.0
0.0
0.0
0.0
0.0
0.0
0.0
0.0
0.0
0.0
0.0
0.0
0.0
0.0
0.0
0.0
0.0
0.0
0.0
0.0
0.25
0.0
0.0
0.0
0.0
0.0
0.0
0.0
0.0
0.0
0.0
0.0
0.0
0.0
0.0
0.0
0.0
0.0
0.0
0.0
0.0
0.0
0.0
0.0
0.0
0.0
0.0
0.0
0.0
0.0
0.0
0.0
0.0
0.0
0.0
0.0
0.0
0.0
0.25
0.0
0.0
0.0
0.0
0.0
0.0
0.0
0.0
0.0
0.0
0.0
0.0
0.0
0.0
0.0
0.0
0.0
0.0
0.0
0.0
0.0
0.0
0.0
0.0
0.0
0.0
0.0
0.0
0.0
0.0
0.0
0.0
0.0
0.0
0.0
0.0
0.0
0.0
0.0
0.0
0.0
0.0
0.0
0.25
0.0
0.0
0.0
0.0
0.0
0.0
0.0
0.0
0.0
0.0
0.0
0.0
0.0
0.0
0.0
0.0
0.0
0.0
0.0
0.0
0.0
0.0
0.25
0.0
0.0
0.0
0.0
0.0
0.0
0.0
0.0
0.0
0.0
0.0
0.0
0.0
0.0
0.0
0.0
0.0
0.0
0.0
0.0
0.0
0.0
0.0
0.0
0.0
0.0
0.0
0.0
0.0
0.0
0.0
0.0
0.0
0.0
0.0
0.0
0.0
0.0
0.0
0.0
0.0
0.0
0.0
0.0
0.0
0.25
0.0
0.0
0.0
0.0
0.0
0.0
0.0
0.0
0.0
0.0
0.25
0.0
0.0
0.0
0.0
0.0
0.0
0.0
0.25
0.0
0.0
0.0
0.0
0.0
0.0
0.0
0.0
0.0
0.0
0.0
0.0
0.0
0.0
0.0
0.0
0.0
0.0
0.0
0.0
0.0
0.0
0.0
0.0
0.0
0.0
0.0
0.0
0.0
0.0
0.0
0.0
0.0
0.0
0.0
0.0
0.0
0.0
0.0
0.0
0.0
0.0
0.0
0.0
0.0
0.0
0.0
0.0
0.0
0.0
0.0
0.0
0.0
0.0
0.0
0.0
0.0
0.0
0.0
0.0
0.0
0.0
0.0
0.0
0.0
0.0
0.0
0.0
0.0
0.0
0.0
0.0
0.0
0.0
0.0
0.0
0.0
0.0
0.0
0.0
0.0
0.0
0.0
0.0
0.25
0.0
0.0
0.0
0.0
0.0
0.0
0.0
0.0
0.0
0.0
0.0
0.0
0.25
0.0
0.0
0.0
0.0
0.0
0.0
0.0
0.0
0.0
0.0
0.0
0.0
0.0
0.0
0.0
0.0
0.0
0.0
0.0
0.0
0.0
0.0
0.0
0.0
0.0
0.0
0.0
0.0
0.0
0.0
0.0
0.0
0.0
0.0
0.0
0.0
0.0
0.0
0.0
0.0
0.0
0.0
0.0
0.0
0.0
0.25
0.0
0.0
0.0
0.0
0.0
0.0
0.0
0.0
0.0
0.0
0.0
0.0
0.0
0.0
0.0
0.0
0.0
0.0
0.0
0.0
0.0
0.0
0.25
0.0
0.0
0.0
0.0
0.0
0.0
0.25
0.0
0.0
0.0
0.0
0.0
0.0
0.0
0.0
0.25
0.0
0.0
0.0
0.0
0.0
0.0
0.25
0.0
0.0
0.0
0.0
0.0
0.0
0.0
0.0
0.0
0.0
0.25
0.0
0.0
0.0
0.0
0.0
0.0
0.0
0.0
0.0
0.0
0.0
0.0
0.0
0.0
0.0
0.0
0.0
0.0
0.0
0.0
0.0
0.0
0.0
0.0
0.0
0.0
0.0
0.0
0.0
0.0
0.0
0.25
0.0
0.0
0.0
0.0
0.0
0.0
0.0
0.0
0.0
0.0
0.0
0.0
0.0
0.0
0.0
0.0
0.0
0.0
0.0
0.0
0.0
0.0
0.0
0.0
0.0
0.0
0.0
0.0
0.0
0.0
0.0
0.0
0.0
0.0
0.0
0.25
0.0
0.25
0.0
0.0
0.0
0.0
0.25
0.0
0.0
0.0
0.0
0.0
0.0
0.0
0.0
0.0
0.0
0.0
0.0
0.0
0.0
0.0
0.0
0.0
0.0
0.0
0.0
0.0
0.0
0.25
0.0
0.0
0.0
0.0
0.25
0.0
0.0
0.0
0.0
0.0
0.0
0.0
0.0
0.25
0.75
0.0
0.0
0.0
0.0
0.0
0.0
0.0
0.0
0.0
0.0
0.0
0.0
0.0
0.0
0.0
0.0
0.0
0.0
0.0
0.0
0.0
0.0
0.0
0.25
0.0
0.0
0.0
0.0
0.0
0.0
0.0
0.0
0.0
0.25
0.0
0.0
0.0
0.0
0.0
0.0
0.0
0.0
0.0
0.0
0.0
0.0
0.0
0.0
0.0
0.0
0.0
0.0
0.0
0.0
0.0
0.0
0.0
0.0
0.0
0.0
0.0
0.0
0.0
0.0
0.0
0.0
0.0
0.0
0.0
0.0
0.0
0.0
0.0
0.0
0.0
0.0
0.0
0.0
0.25
0.0
0.0
0.0
0.0
0.0
0.0
0.0
0.0
0.0
0.0
0.0
0.0
0.0
0.0
0.0
0.0
0.0
0.0
0.0
0.0
0.0
0.0
0.0
0.0
0.0
0.0
0.0
0.0
0.0
0.0
0.0
0.0
0.0
0.0
0.0
0.0
0.0
0.0
0.0
0.0
0.0
0.0
0.0
0.0
0.0
0.0
0.0
0.0
0.0
0.0
0.0
0.0
0.0
0.0
0.0
0.0
0.0
0.0
0.25
0.0
0.0
0.0
0.0
0.0
0.25
0.0
0.0
0.0
0.25
0.0
0.0
0.0
0.0
0.0
0.0
0.0
0.25
0.0
0.0
0.0
0.0
0.0
0.0
0.0
0.0
0.0
0.0
0.0
0.0
0.0
0.0
0.0
0.0
0.0
0.0
0.0
0.0
0.0
0.0
0.0
0.0
0.0
0.0
0.0
0.0
0.0
0.0
0.0
0.0
0.25
0.0
0.25
0.0
0.0
0.25
0.0
0.0
0.0
0.0
0.0
0.0
0.25
0.0
0.0
0.0
0.0
0.0
0.0
0.0
0.0
0.0
0.0
0.0
0.0
0.0
0.0
0.0
0.0
0.0
0.0
0.0
0.0
0.0
0.0
0.0
0.0
0.0
0.0
0.0
0.0
0.25
0.0
0.0
0.0
0.0
0.0
0.0
0.0
0.0
0.0
0.0
0.0
0.0
0.0
0.0
0.0
0.0
0.0
0.0
0.0
0.25
0.0
0.0
0.0
0.25
0.0
0.0
0.0
0.0
0.0
0.0
0.0
0.0
0.0
0.0
0.0
0.0
0.0
0.0
0.0
0.0
0.0
0.0
0.0
0.0
0.0
0.0
0.0
0.0
0.0
0.0
0.0
0.0
0.0
0.0
0.0
0.0
0.0
0.0
0.0
0.0
0.0
0.0
0.0
0.0
0.0
0.0
0.0
0.0
0.0
0.0
0.25
0.0
0.0
0.0
0.0
0.0
0.0
0.0
0.0
0.25
0.0
0.0
0.0
0.0
0.0
0.0
0.0
0.0
0.0
0.0
0.0
0.0
0.0
0.0
0.25
0.0
0.0
0.0

Average_Alpha:
0.260000001
0.26000000500000015
0.2600000090000002
0.26000001300000036
0.2600000170000004
0.26000002100000064
0.26000002500000063
0.26000002900000085
0.26000003300000085
0.260000037000001
0.260000041000001
0.26000004500000123
0.26000004900000123
0.26000005300000145
0.26000005700000145
0.26000006100000167
0.2600000650000018
0.2600000690000019
0.260000073000002
0.2600000760000021
0.2600000800000022
0.2600000840000023
0.2600000880000024
0.2600000920000025
0.2600000960000026
0.2600001000000028
0.2600001040000028
0.260000108000003
0.260000112000003
0.2600001160000032
0.2600001200000032
0.26000012400000344
0.26000012800000344
0.26000013200000366
0.26000013600000366
0.2600001400000039
0.2600001440000038
0.26000014700000407
0.2600001510000042
0.2600001550000043
0.2600001590000044
0.2600001630000045
0.26000016700000456
0.2600001710000047
0.2600001750000048
0.26000017900000494
0.260000183000005
0.26000018700000516
0.2600001910000052
0.2600001950000054
0.2600001990000054
0.2600002030000056
0.2600002070000056
0.26000021100000575
0.26000021500000586
0.260000219000006
0.2600002230000061
0.26000022700000625
0.2600002310000063
0.26000023500000646
0.2600002390000065
0.2600002430000067
0.26000024700000673
0.2600002510000069
0.2600002550000069
0.2600002590000071
0.26000026300000717
0.26000026700000733
0.2600002710000074
0.26000027500000755
0.2600002780000076
0.26000028200000774
0.2600002860000078
0.260000290000008
0.260000294000008
0.26000029800000823
0.26000030200000823
0.26000030600000845
0.26000031000000845
0.26000031400000867
0.26000031800000867
0.26000032200000883
0.26000032600000894
0.26000033000000905
0.26000033400000916
0.26000033800000927
0.2600003420000094
0.26000034500000946
0.26000034900000957
0.2600003530000097
0.2600003570000098
0.26000036100000995
0.26000036500001
0.26000036900001017
0.2600003730000102
0.2600003770000104
0.2600003810000104
0.2600003850000106
0.2600003890000106
0.2600003930000108
0.2600003970000108
0.26000040100001104
0.26000040500001115
0.26000040900001126
0.26000041300001137
0.2600004170000115
0.2600004210000116
0.2600004250000117
0.26000042900001175
0.2600004330000119
0.26000043700001196
0.26000044100001213
0.2600004450000122
0.26000044900001235
0.2600004530000124
0.26000045700001256
0.2600004610000126
0.2600004650000127
0.26000046900001283
0.260000473000013
0.26000047700001305
0.2600004810000132
0.26000048500001327
0.26000048900001343
0.2600004930000135
0.26000049700001365
0.2600005010000137
0.26000050500001387
0.26000050900001387
0.26000051200001406
0.26000051600001417
0.26000051900001425
0.26000052300001436
0.26000052700001447
0.2600005310000146
0.2600005350000147
0.2600005390000148
0.26000054300001496
0.260000547000015
0.26000055100001523
0.2600005550000152
0.2600005590000154
0.2600005630000154
0.2600005670000156
0.2600005710000156
0.26000057500001583
0.26000057900001594
0.26000058300001605
0.26000058700001616
0.26000059100001627
0.2600005950000163
0.26000059900001643
0.26000060300001654
0.26000060700001665
0.26000061100001676
0.2600006150000169
0.260000619000017
0.26000062300001714
0.2600006270000172
0.26000063100001736
0.26000063500001735
0.2600006390000176
0.2600006430000176
0.2600006470000178
0.2600006510000178
0.260000655000018
0.2600006590000181
0.26000066300001823
0.26000066700001834
0.26000067100001845
0.26000067500001856
0.2600006790000187
0.2600006830000187
0.2600006870000189
0.26000069100001894
0.2600006950000191
0.26000069900001915
0.2600007030000193
0.26000070700001937
0.26000071100001954
0.2600007150000196
0.26000071900001975
0.2600007230000198
0.2600007270000199
0.26000073000002005
0.26000073400002016
0.26000073800002027
0.26000074200002044
0.26000074600002043
0.2600007500000206
0.26000075400002065
0.2600007580000208
0.26000076200002087
0.26000076600002103
0.26000077000002114
0.26000077400002125
0.26000077800002136
0.26000078200002147
0.2600007860000215
0.26000079000002163
0.26000079400002174
0.26000079800002185
0.260000801000022
0.2600008050000222
0.26000080900002215
0.2600008120000224
0.2600008160000224
0.2600008200000226
0.2600008220000226
0.2600008250000228
0.2600008290000228
0.260000833000023
0.260000837000023
0.26000084100002324
0.26000084500002335
0.26000084900002346
0.2600008530000235
0.2600008570000236
0.26000086100002373
0.26000086500002384
0.26000086900002395
0.26000087300002406
0.26000087600002414
0.26000087900002433
0.2600008830000244
0.2600008870000246
0.2600008910000246
0.2600008950000248
0.2600008980000248
0.260000902000025
0.260000906000025
0.26000091000002523
0.2600009140000253
0.26000091800002545
0.26000092200002545
0.2600009260000256
0.2600009300000257
0.26000093400002583
0.26000093800002594
0.26000094200002605
0.26000094600002616
0.2600009500000263
0.2600009540000264
0.26000095800002654
0.26000096200002654
0.2600009660000267
0.26000097000002675
0.2600009740000269
0.260000978000027
0.26000098200002714
0.26000098500002716
0.2600009890000273
0.26000099300002744
0.2600009970000276
0.26000100100002765
0.2600010050000278
0.26000100900002787
0.26000101300002804
0.2600010170000281
0.26000102100002825
0.26000102500002825
0.2600010290000284
0.2600010330000285
0.26000103700002863
0.26000104100002874
0.26000104500002885
0.26000104900002896
0.2600010530000291
0.2600010570000292
0.26000106000002937
0.26000106400002937
0.2600010670000296
0.26000107100002956
0.2600010740000298
0.2600010780000298
0.26000108200003
0.26000108600003
0.26000109000003024
0.2600010940000302
0.2600010980000304
0.26000110200003046
0.2600011060000306
0.2600011100000307
0.26000111400003084
0.2600011180000309
0.26000112200003106
0.2600011260000311
0.2600011300000313
0.26000113400003133
0.26000113800003155
0.26000114200003155
0.26000114600003177
0.26000115000003177
0.260001154000032
0.260001158000032
0.2600011620000322
0.2600011660000322
0.2600011700000324
0.2600011740000325
0.2600011780000326
0.26000118200003264
0.2600011860000328
0.26000119000003286
0.26000119300003305
0.26000119700003305
0.26000120100003327
0.26000120500003326
0.2600012090000335
0.2600012130000335
0.2600012170000337
0.26000122100003376
0.2600012250000339
0.260001229000034
0.26000123300003414
0.2600012370000342
0.2600012410000343
0.26000124500003435
0.2600012490000346
0.26000125300003457
0.2600012570000348
0.2600012610000348
0.260001264000035
0.260001268000035
0.2600012720000352
0.2600012760000352
0.2600012800000354
0.2600012840000354
0.26000128800003564
0.26000129200003574
0.26000129600003585
0.26000130000003596
0.2600013040000361
0.2600013080000361
0.26000131200003634
0.26000131600003634
0.26000132000003656
0.26000132400003656
0.2600013280000368
0.2600013320000368
0.260001336000037
0.260001340000037
0.2600013440000372
0.26000134800003716
0.2600013520000374
0.26000135600003743
0.2600013600000376
0.26000136400003765
0.2600013680000378
0.26000137200003787
0.26000137600003803
0.2600013800000381
0.26000138400003825
0.26000138800003836
0.2600013920000385
0.2600013960000385
0.26000140000003874
0.26000140400003874
0.26000140800003896
0.26000141200003896
0.2600014160000392
0.2600014200000392
0.2600014240000394
0.26000142800003945
0.2600014320000396
0.2600014360000396
0.2600014400000398
0.2600014440000398
0.26000144800004
0.26000145200004005
0.26000145600004027
0.26000146000004026
0.2600014640000405
0.2600014680000405
0.2600014720000407
0.26000147600004064
0.26000148000004086
0.2600014840000409
0.2600014880000411
0.26000149200004113
0.2600014950000413
0.2600014990000413
0.2600015030000415
0.26000150700004154
0.26000151100004176
0.26000151500004176
0.260001519000042
0.260001523000042
0.2600015270000422
0.2600015310000422
0.2600015350000424
0.26000153900004236
0.2600015430000426
0.26000154700004263
0.2600015500000428
0.26000155400004293
0.2600015580000431
0.2600015620000431
0.26000156600004326
0.2600015700000433
0.26000157400004353
0.26000157800004353
0.26000158200004375
0.26000158600004375
0.26000159000004397
0.26000159400004397
0.2600015980000442
0.2600016020000442
0.26000160600004435
0.26000161000004435
0.26000161400004457
0.2600016180000446
0.2600016210000448
0.26000162500004487
0.260001628000045
0.26000163200004506
0.2600016360000452
0.26000164000004533
0.2600016440000455
0.2600016480000455
0.2600016520000457
0.2600016560000457
0.26000166000004593
0.26000166400004593
0.26000166800004615
0.26000167200004615
0.26000167600004637
0.26000168000004636
0.26000168300004656
0.26000168700004656
0.2600016910000468
0.26000169500004683
0.260001699000047
0.26000170300004705
0.2600017070000472
0.26000171100004726
0.26000171500004743
0.2600017190000474
0.26000172300004765
0.26000172700004764
0.26000173100004786
0.26000173500004786
0.2600017390000481
0.2600017430000481
0.2600017470000483
0.2600017510000483
0.2600017550000485
0.2600017590000485
0.26000176300004874
0.26000176700004873
0.26000177100004895
0.26000177500004895
0.26000177900004917
0.26000178300004917
0.2600017870000494
0.2600017910000494
0.2600017950000496
0.26000179900004955
0.26000180300004977
0.2600018070000498
0.26000181100005004
0.26000181500005004
0.26000181900005026
0.2600018230000503
0.26000182700005053
0.26000183100005053
0.26000183500005075
0.26000183900005075
0.2600018430000509
0.2600018470000509
0.26000185100005113
0.26000185500005113
0.26000185900005135
0.2600018620000513
0.26000186600005154
0.26000187000005154
0.26000187400005176
0.26000187800005176
0.260001882000052
0.26000188600005203
0.2600018900000522
0.2600018940000523
0.26000189800005247
0.2600019020000525
0.26000190600005274
0.2600019100000527
0.2600019140000529
0.2600019180000529
0.2600019220000531
0.2600019260000531
0.26000193000005334
0.26000193400005334
0.26000193800005356
0.26000194200005355
0.2600019460000538
0.26000195000005377
0.26000195300005396
0.260001957000054
0.2600019610000542
0.26000196500005424
0.26000196900005446
0.2600019730000544
0.2600019770000546
0.2600019810000546
0.26000198500005484
0.26000198900005483
0.26000199300005505
0.26000199700005505
0.26000200100005527
0.26000200500005527
0.2600020090000555
0.2600020130000555
0.2600020170000557
0.2600020210000557
0.2600020250000559
0.2600020290000559
0.26000203300005614
0.2600020360000561
0.26000204000005633
0.26000204400005633
0.2600020470000566
0.26000205000005655
0.26000205400005677
0.26000205800005677
0.260002062000057
0.26000206600005704
0.2600020700000572
0.2600020740000573
0.26000207800005753
0.2600020820000575
0.2600020860000577
0.2600020900000577
0.2600020940000579
0.2600020980000579
0.26000210200005813
0.26000210600005813
0.26000211000005835
0.2600021130000583
0.26000211700005854
0.26000212100005854
0.26000212500005876
0.26000212900005876
0.260002133000059
0.260002137000059
0.2600021410000592
0.2600021450000592
0.26000214900005936
0.26000215300005947
0.2600021570000597
0.2600021610000597
0.2600021650000599
0.2600021680000599
0.2600021720000601
0.2600021760000601
0.2600021800000603
0.2600021840000603
0.26000218800006053
0.26000219200006053
0.26000219600006075
0.26000220000006075
0.26000220400006097
0.26000220800006096
0.26000221200006113
0.2600022160000612
0.2600022200000614
0.2600022240000614
0.2600022280000616
0.2600022320000616
0.26000223600006184
0.26000224000006184
0.26000224400006205
0.260002248000062
0.2600022520000622
0.2600022560000622
0.26000226000006244
0.2600022640000625
0.2600022680000627
0.2600022720000627
0.2600022760000629
0.2600022800000629
0.26000228400006314
0.26000228800006314
0.26000229200006336
0.2600022960000633
0.2600023000000635
0.2600023040000635
0.26000230800006374
0.26000231200006374
0.26000231600006396
0.260002320000064
0.2600023240000642
0.2600023280000643
0.2600023320000645
0.26000233600006445
0.26000234000006467
0.26000234400006467
0.2600023480000649
0.2600023520000649
0.2600023560000651
0.2600023600000651
0.2600023640000653
0.2600023680000653
0.2600023710000655
0.2600023750000655
0.26000237900006573
0.26000238300006573
0.26000238700006595
0.26000239100006595
0.26000239500006617
0.26000239900006616
0.26000240300006633
0.26000240700006644
0.26000241100006666
0.2600024140000667
0.2600024180000669
0.26000242200006685
0.26000242600006707
0.26000243000006706
0.2600024340000673
0.2600024380000673
0.2600024420000675
0.2600024460000675
0.2600024500000677
0.2600024540000677
0.26000245800006794
0.260002462000068
0.2600024660000681
0.26000247000006815
0.2600024740000684
0.26000247800006837
0.2600024820000686
0.2600024860000686
0.2600024900000688
0.2600024940000688
0.260002498000069
0.260002502000069
0.26000250600006924
0.2600025100000692
0.2600025140000694
0.26000251800006946
0.2600025220000697
0.2600025260000697
0.2600025300000699
0.2600025340000699
0.2600025380000701
0.2600025420000701
0.26000254600007033
0.2600025500000703
0.2600025540000705
0.2600025580000705
0.2600025620000707
0.2600025660000707
0.26000256900007096
0.2600025730000709
0.2600025770000711
0.26000258100007123
0.2600025850000714
0.26000258900007145
0.2600025920000716
0.26000259600007164
0.26000260000007186
0.26000260400007186
0.2600026080000721
0.2600026120000721
0.2600026160000723
0.2600026200000723
0.2600026240000725
0.2600026280000725
0.26000263200007273
0.2600026360000727
0.2600026400000729
0.2600026430000729
0.26000264700007314
0.26000265100007314
0.26000265500007336
0.2600026590000734
0.2600026630000736
0.26000266700007363
0.2600026710000738
0.26000267500007385
0.260002679000074
0.26000268300007406
0.26000268700007423
0.26000269000007425
0.2600026940000744
0.2600026980000745
0.26000270200007464
0.2600027060000747
0.26000271000007485
0.2600027140000749
0.2600027180000751
0.2600027220000751
0.2600027260000753
0.26000273000007534
0.2600027320000755
0.26000273600007556
0.2600027400000758
0.2600027440000758
0.260002748000076
0.260002752000076
0.2600027560000762
0.2600027600000762
0.26000276400007644
0.26000276800007643
0.2600027710000766
0.2600027750000767
0.26000277900007684
0.2600027830000769
0.2600027870000771
0.26000279100007706
0.2600027950000773
0.2600027990000773
0.2600028030000775
0.2600028070000775
0.2600028100000777
0.2600028130000777
0.26000281700007793
0.26000282100007793
0.26000282500007815
0.2600028290000782
0.2600028330000783
0.26000283700007837
0.26000284000007856
0.26000284400007867
0.2600028480000788
0.2600028520000789
0.26000285600007894
0.26000286000007905
0.26000286400007927
0.26000286800007927
0.2600028720000795
0.2600028760000795
0.2600028800000797
0.2600028840000797
0.2600028880000799
0.2600028920000799
0.2600028960000801
0.2600029000000801
0.2600029040000803
0.26000290800008036
0.2600029120000805
0.26000291600008063
0.26000292000008074
0.26000292400008085
0.260002928000081
0.26000293200008107
0.26000293600008123
0.26000294000008123
0.2600029440000814
0.26000294800008145
0.2600029520000816
0.26000295600008166
0.26000296000008183
0.2600029640000819
0.26000296800008205
0.2600029720000821
0.2600029760000823
0.2600029800000824
0.2600029840000825
0.26000298800008254
0.26000299200008276
0.26000299600008275
0.260003000000083
0.26000300400008297
0.2600030080000832
0.2600030120000832
0.2600030160000834
0.2600030190000834
0.2600030230000836
0.2600030270000836
0.2600030310000838
0.26000303500008387
0.26000303900008404
0.2600030430000841
0.2600030470000842
0.26000305100008425
0.26000305500008447
0.26000305900008447
0.2600030630000847
0.2600030670000847
0.2600030710000849
0.2600030750000849
0.2600030790000851
0.2600030830000852
0.26000308700008534
0.26000309100008534
0.2600030950000855
0.2600030990000856
0.2600031030000857
0.26000310700008583
0.26000311100008594
0.26000311500008605
0.26000311900008627
0.26000312300008627
0.2600031270000865
0.26000313100008643
0.26000313500008665
0.26000313900008665
0.26000314300008687
0.26000314700008686
0.2600031510000871
0.2600031550000871
0.2600031590000873
0.26000316300008736
0.2600031670000875
0.26000317100008763
0.2600031750000877
0.2600031790000878
0.26000318300008796
0.260003187000088
0.2600031910000882
0.2600031950000882
0.26000319800008836
0.26000320200008836
0.2600032060000886
0.26000321000008864
0.2600032140000888
0.26000321800008885
0.260003222000089
0.26000322500008904
0.2600032290000892
0.2600032330000893
0.2600032370000894
0.26000324100008954
0.2600032450000897
0.26000324900008975
0.2600032530000899
0.26000325700008997
0.26000326100009014
0.26000326500009013
0.26000326900009035
0.2600032720000904
0.2600032760000906
0.26000328000009054
0.26000328400009076
0.26000328800009076
0.260003292000091
0.26000329600009103
0.2600033000000912
0.26000330400009125
0.26000330700009144
0.26000331100009144
0.26000331500009166
0.26000331900009166
0.2600033230000919
0.2600033270000919
0.2600033310000921
0.2600033350000921
0.2600033380000923
0.2600033420000923
0.2600033460000925
0.26000335000009256
0.2600033540000927
0.26000335800009283
0.26000336200009294
0.26000336600009305
0.26000337000009316
0.2600033740000932
0.2600033780000934
0.26000338200009343
0.26000338600009365
0.26000339000009365
0.26000339400009387
0.26000339800009387
0.2600034020000941
0.2600034060000941
0.2600034100000943
0.26000341400009425
0.26000341800009447
0.26000342200009446
0.2600034260000947
0.2600034300000947
0.2600034340000949
0.26000343800009496
0.2600034420000951
0.2600034460000952
0.26000345000009534
0.26000345400009534
0.26000345800009556
0.2600034620000956
0.2600034660000958
0.2600034700000958
0.260003474000096
0.26000347800009604
0.2600034820000962
0.26000348600009626
0.2600034900000964
0.2600034940000965
0.26000349800009664
0.2600035020000967
0.26000350600009686
0.2600035100000969
0.2600035140000971
0.26000351800009713
0.26000352200009735
0.26000352600009735
0.26000353000009757
0.26000353400009757
0.2600035380000978
0.26000354200009773
0.26000354600009795
0.260003550000098
0.26000355400009817
0.2600035580000982
0.26000356200009844
0.26000356600009844
0.26000357000009866
0.26000357400009866
0.2600035780000989
0.2600035820000988
0.26000358600009904
0.26000359000009904
0.26000359400009926
0.26000359800009926
0.2600036020000995
0.26000360600009953
0.2600036100000997
0.2600036140000998
0.2600036180000999
0.2600036220001
0.26000362600010013
0.2600036300001002
0.26000363400010035
0.2600036380001004
0.2600036420001006
0.2600036460001006
0.26000365000010084
0.26000365400010084
0.26000365800010106
0.26000366200010105
0.2600036660001013
0.2600036700001012
0.26000367400010144
0.26000367800010143
0.26000368200010165
0.26000368600010165
0.2600036900001019
0.2600036940001019
0.2600036980001021
0.26000370200010214
0.2600037060001023
0.2600037100001023
0.2600037140001025
0.2600037180001026
0.26000372200010274
0.2600037260001028
0.26000373000010296
0.260003734000103
0.2600037380001032
0.26000374200010323
0.2600037460001034
0.26000375000010345
0.26000375300010364
0.26000375700010364
0.26000376100010386
0.26000376500010386
0.2600037690001041
0.2600037730001041
0.26000377700010424
0.2600037810001043
0.2600037840001045
0.26000378800010454
0.26000379200010476
0.2600037960001047
0.2600038000001049
0.260003803000105
0.2600038070001051
0.2600038110001052
0.2600038150001054
0.2600038190001054
0.26000382300010555
0.2600038270001056
0.26000383100010577
0.2600038350001058
0.260003839000106
0.26000384300010604
0.26000384700010626
0.26000385100010626
0.2600038550001065
0.2600038590001065
0.26000386300010664
0.26000386700010675
0.26000387100010686
0.26000387500010697
0.2600038790001071
0.2600038830001072
0.2600038870001073
0.2600038910001074
0.2600038950001075
0.2600038990001076
0.2600039030001077
0.2600039070001078
0.26000391100010795
0.260003915000108
0.2600039190001082
0.2600039230001082
0.26000392700010844
0.26000393100010843
0.26000393500010865
0.26000393900010865
0.2600039430001089
0.2600039470001088
0.26000395100010903
0.26000395500010903
0.26000395900010925
0.2600039630001093
0.26000396700010947
0.2600039710001096
0.2600039750001097
0.2600039790001098
0.26000398300010996
0.26000398700010996
0.2600039910001101
0.2600039950001102
0.26000399900011034
0.2600040030001104
0.26000400700011056
0.2600040110001106
0.2600040150001108
0.26000401900011083
0.26000402300011105
0.2600040270001111
0.2600040310001112
0.26000403500011127
0.26000403900011143
0.2600040430001115
0.26000404700011165
0.26000405000011173
0.26000405400011184
0.26000405800011195
0.26000406200011206
0.26000406600011217
0.26000407000011233
0.2600040740001124
0.26000407800011255
0.2600040820001126
0.26000408600011277
0.2600040900001128
0.260004094000113
0.260004098000113
0.2600041020001132
0.26000410500011323
0.26000410900011345
0.2600041130001135
0.2600041170001136
0.2600041210001137
0.26000412500011383
0.26000412900011394
0.26000413300011405
0.26000413700011415
0.26000414100011426
0.2600041450001144
0.2600041490001145
0.2600041530001146
0.2600041570001147
0.26000416100011475
0.2600041650001149
0.26000416900011497
0.2600041730001152
0.2600041770001152
0.2600041810001154
0.2600041850001154
0.2600041890001156
0.2600041930001156
0.26000419700011584
0.2600042010001158
0.260004205000116
0.260004209000116
0.2600042130001162
0.2600042170001163
0.26000422100011644
0.26000422500011655
0.26000422900011666
0.26000423300011677
0.26000423700011693
0.260004241000117
0.2600042450001171
0.26000424900011715
0.2600042530001173
0.26000425700011737
0.26000425900011753
0.2600042620001176
0.2600042660001178
0.2600042700001178
0.26000427400011794
0.26000427800011805
0.2600042820001182
0.26000428600011827
0.26000429000011843
0.2600042940001185
0.26000429800011865
0.2600043020001187
0.26000430600011887
0.2600043100001189
0.26000431400011903
0.26000431800011914
0.2600043220001193
0.26000432600011936
0.2600043300001195
0.2600043340001196
0.26000433800011974
0.2600043420001198
0.26000434600011996
0.26000435000012
0.2600043540001202
0.2600043580001202
0.2600043620001204
0.2600043660001204
0.2600043700001206
0.2600043740001207
0.26000437800012083
0.26000438200012094
0.26000438600012105
0.26000439000012115
0.26000439400012126
0.2600043980001213
0.2600044020001214
0.26000440600012154
0.26000441000012164
0.26000441400012175
0.2600044180001219
0.26000442200012197
0.2600044260001222
0.2600044300001222
0.2600044340001224
0.26000443800012235
0.26000444200012257
0.26000444600012257
0.2600044500001228
0.2600044540001228
0.260004458000123
0.260004462000123
0.2600044660001232
0.2600044700001233
0.26000447400012344
0.26000447800012355
0.2600044820001236
0.2600044860001237
0.2600044900001239
0.26000449400012393
0.2600044980001241
0.26000450200012415
0.2600045060001243
0.26000451000012437
0.26000451400012453
0.2600045180001246
0.26000452200012475
0.26000452600012475
0.2600045300001249
0.260004534000125
0.2600045380001252
0.26000454200012524
0.2600045460001254
0.26000455000012546
0.2600045540001256
0.2600045580001257
0.26000456200012584
0.2600045660001259
0.260004570000126
0.2600045740001261
0.2600045780001263
0.2600045820001263
0.2600045860001265
0.26000459000012655
0.2600045940001267
0.26000459800012676
0.2600046020001269
0.260004606000127
0.26000461000012715
0.26000461400012714
0.26000461800012736
0.26000462200012736
0.2600046260001276
0.2600046300001277
0.2600046340001278
0.2600046380001279
0.260004642000128
0.2600046460001281
0.26000465000012823
0.2600046540001283
0.2600046580001284
0.2600046620001285
0.2600046660001286
0.2600046700001287
0.2600046740001289
0.26000467800012894
0.26000468200012916
0.26000468600012916
0.2600046900001294
0.2600046940001293
0.26000469800012954
0.26000470200012954
0.26000470600012976
0.26000471000012976
0.26000471300013
0.26000471700012995
0.26000472100013017
0.2600047250001302
0.2600047290001304
0.2600047330001305
0.2600047370001306
0.2600047410001307
0.2600047450001309
0.26000474900013093
0.2600047530001311
0.26000475700013115
0.26000476100013126
0.2600047650001313
0.2600047690001315
0.26000477300013153
0.2600047770001317
0.26000478100013175
0.2600047850001319
0.260004789000132
0.2600047930001322
0.26000479700013224
0.2600048010001324
0.2600048050001324
0.26000480900013256
0.2600048130001326
0.2600048170001328
0.2600048210001329
0.260004825000133
0.2600048290001331
0.2600048330001333
0.2600048370001333
0.2600048410001335
0.2600048450001335
0.26000484900013365
0.2600048530001337
0.26000485700013387
0.2600048610001339
0.26000486500013414
0.26000486900013414
0.26000487300013436
0.26000487700013436
0.2600048810001346
0.2600048850001347
0.26000488900013474
0.26000489300013485
0.26000489700013496
0.26000490100013507
0.2600049050001352
0.2600049090001353
0.2600049130001354
0.2600049160001355
0.2600049200001356
0.2600049240001357
0.26000492800013586
0.2600049320001359
0.26000493600013613
0.26000494000013613
0.26000494400013635
0.26000494800013635
0.2600049520001365
0.2600049560001365
0.26000496000013673
0.26000496400013673
0.26000496800013695
0.26000497200013695
0.26000497600013717
0.2600049800001372
0.26000498300013736
0.26000498700013747
0.2600049900001376
0.2600049940001376
0.2600049980001378
0.26000500100013785
0.26000500500013807
0.2600050090001381
0.2600050130001383
0.2600050170001383
0.26000502100013845
0.2600050250001385
0.26000502900013867
0.2600050330001387
0.2600050370001389
0.26000504100013894
0.26000504500013916
0.2600050490001392
0.2600050530001394
0.26000505700013943
0.26000506100013954
0.2600050650001396
0.26000506900013975
0.2600050730001398
0.26000507700014
0.26000508100014
0.26000508500014025
0.26000508800014027
0.26000509200014044
0.2600050960001405
0.26000510000014065
0.2600051040001407
0.26000510800014087
0.2600051120001409
0.2600051160001411
0.26000512000014114
0.26000512400014136
0.2600051280001413
0.2600051320001415
0.2600051360001415
0.26000514000014174
0.26000514400014174
0.26000514800014196
0.260005151000142
0.2600051540001422
0.2600051580001422
0.26000516100014237
0.2600051650001424
0.2600051690001426
0.2600051730001427
0.2600051770001428
0.2600051810001429
0.260005185000143
0.2600051890001431
0.26000519300014324
0.2600051970001433
0.26000520100014346
0.2600052050001435
0.26000520900014373
0.26000521300014373
0.26000521700014395
0.26000522100014395
0.26000522500014417
0.26000522900014417
0.26000523300014433
0.2600052370001444
0.26000524100014455
0.2600052450001446
0.26000524900014477
0.2600052530001448
0.26000525700014504
0.2600052610001451
0.26000526500014526
0.2600052690001453
0.2600052730001455
0.2600052770001455
0.26000528100014564
0.2600052850001457
0.26000528900014586
0.2600052930001459
0.2600052970001461
0.2600053010001462
0.2600053050001463
0.2600053090001464
0.26000531300014657
0.26000531700014656
0.2600053210001467
0.2600053250001468
0.26000532900014695
0.260005333000147
0.2600053360001472
0.2600053400001472
0.26000534400014735
0.2600053480001474
0.26000535200014757
0.2600053560001476
0.26000536000014784
0.2600053640001479
0.26000536800014806
0.2600053720001481
0.2600053760001483
0.2600053790001483
0.2600053830001485
0.2600053870001485
0.26000539100014874
0.26000539500014874
0.26000539900014896
0.2600054030001489
0.2600054070001491
0.2600054110001491
0.26000541500014934
0.26000541900014934
0.26000542300014956
0.26000542700014967
0.2600054310001498
0.2600054350001499
0.26000543900015
0.2600054430001501
0.2600054470001502
0.26000545100015027
0.26000545500015043
0.2600054590001505
0.2600054630001507
0.2600054670001507
0.2600054710001509
0.2600054750001509
0.26000547900015114
0.26000548300015114
0.26000548700015136
0.26000549100015136
0.2600054950001515
0.2600054990001516
0.26000550300015174
0.2600055070001518
0.260005511000152
0.26000551500015207
0.26000551900015223
0.2600055230001523
0.26000552700015245
0.26000553100015245
0.2600055350001526
0.26000553900015266
0.26000554300015283
0.2600055470001529
0.26000555100015305
0.26000555500015315
0.26000555900015326
0.2600055630001534
0.26000556600015345
0.26000557000015356
0.2600055740001537
0.2600055780001538
0.26000558200015395
0.260005586000154
0.26000559000015416
0.2600055940001542
0.2600055980001543
0.2600056020001544
0.26000560600015454
0.2600056100001546
0.2600056140001548
0.26000561800015487
0.26000562200015503
0.2600056260001551
0.26000563000015525
0.2600056330001553
0.2600056370001555
0.2600056410001555
0.2600056450001557
0.2600056490001557
0.26000565300015593
0.26000565700015593
0.2600056610001561
0.2600056650001561
0.2600056690001563
0.2600056730001563
0.26000567700015653
0.26000568100015664
0.26000568500015675
0.26000568900015686
0.26000569300015697
0.2600056970001571
0.26000570100015724
0.26000570500015724
0.2600057090001574
0.2600057120001575
0.2600057160001577
0.2600057200001577
0.2600057240001579
0.26000572800015787
0.2600057320001581
0.2600057360001581
0.2600057400001583
0.26000574400015836
0.2600057480001585
0.2600057520001586
0.2600057550001587
0.26000575900015876
0.260005763000159
0.260005767000159
0.2600057710001592
0.2600057750001592
0.2600057790001594
0.2600057830001595
0.26000578700015964
0.26000579100015964
0.2600057950001598
0.26000579900015985
0.26000580300016
0.26000580700016007
0.26000581100016024
0.2600058150001603
0.26000581900016045
0.26000582300016056
0.2600058270001607
0.2600058310001608
0.2600058340001609
0.26000583800016097
0.26000584200016114
0.2600058460001612
0.26000585000016135
0.26000585400016135
0.2600058580001615
0.26000586200016157
0.2600058660001618
0.26000587000016184
0.260005874000162
0.26000587800016206
0.2600058820001622
0.2600058860001623
0.2600058900001625
0.2600058940001625
0.26000589800016266
0.26000590200016266
0.2600059060001629
0.2600059100001629
0.2600059140001631
0.2600059180001631
0.2600059220001633
0.2600059260001633
0.26000593000016353
0.26000593400016364
0.26000593800016375
0.26000594100016383
0.26000594500016394
0.26000594900016405
0.2600059530001642
0.26000595700016427
0.26000596100016443
0.26000596500016443
0.2600059690001646
0.26000597300016465
0.2600059770001648
0.26000598100016487
0.26000598400016506
0.26000598800016506
0.2600059920001653
0.26000599600016533
0.2600060000001655
0.26000600400016555
0.2600060080001657
0.26000601200016576
0.26000601600016593
0.260006020000166
0.2600060240001662
0.26000602800016615
0.26000603200016636
0.26000603600016636
0.2600060400001666
0.2600060440001666
0.2600060480001668
0.2600060520001668
0.260006056000167
0.26000606000016707
0.26000606400016724
0.26000606800016723
0.2600060720001674
0.26000607600016745
0.26000608000016767
0.26000608400016767
0.2600060880001679
0.2600060920001679
0.2600060960001681
0.26000610000016816
0.2600061040001683
0.2600061080001684
0.2600061120001685
0.26000611600016854
0.2600061200001687
0.2600061240001688
0.260006128000169
0.26000613200016903
0.2600061360001692
0.26000614000016925
0.26000614400016947
0.26000614800016947
0.2600061520001697
0.26000615600016963
0.26000616000016985
0.26000616400016985
0.26000616800017007
0.26000617200017007
0.2600061760001703
0.2600061800001703
0.2600061840001705
0.2600061880001706
0.2600061920001707
0.26000619600017083
0.2600062000001709
0.260006204000171
0.2600062080001711
0.2600062120001712
0.2600062160001714
0.26000622000017143
0.2600062240001716
0.26000622800017165
0.2600062320001718
0.26000623600017186
0.26000624000017203
0.260006244000172
0.26000624800017225
0.2600062520001723
0.2600062550001725
0.26000625900017255
0.26000626300017265
0.26000626600017274
0.2600062700001729
0.26000627400017295
0.2600062780001732
0.2600062820001731
0.26000628600017334
0.26000629000017333
0.26000629400017355
0.26000629800017355
0.2600063020001738
0.26000630600017377
0.260006310000174
0.26000631400017404
0.2600063180001742
0.26000632200017426
0.26000632600017437
0.2600063300001744
0.26000633400017464
0.26000633800017464
0.26000634200017486
0.26000634600017486
0.2600063500001751
0.26000635400017513
0.26000635700017527
0.2600063610001753
0.2600063650001755
0.26000636900017554
0.2600063730001757
0.2600063770001758
0.2600063800001759
0.260006384000176
0.2600063880001761
0.2600063920001762
0.26000639600017644
0.26000640000017644
0.26000640400017666
0.26000640800017666
0.2600064120001769
0.2600064160001768
0.26000642000017704
0.26000642400017704
0.26000642800017726
0.2600064310001773
0.26000643500017745
0.2600064390001775
0.26000644300017767
0.2600064470001777
0.2600064510001779
0.260006455000178
0.2600064590001781
0.2600064630001782
0.2600064670001783
0.26000647100017843
0.2600064750001786
0.2600064790001786
0.26000648300017876
0.2600064870001788
0.260006491000179
0.260006495000179
0.2600064990001792
0.26000650300017925
0.26000650700017947
0.26000651100017946
0.2600065150001797
0.2600065190001797
0.26000652300017985
0.2600065270001799
0.26000653100018006
0.2600065350001801
0.26000653900018034
0.26000654300018033
0.26000654700018055
0.26000655100018055
0.2600065550001808
0.26000655900018077
0.26000656300018093
0.260006567000181
0.26000657100018115
0.2600065750001812
0.26000657900018137
0.2600065830001814
0.26000658700018164
0.26000659100018164
0.26000659500018186
0.26000659900018186
0.2600066030001821
0.2600066070001821
0.26000661100018224
0.2600066150001823
0.26000661900018246
0.2600066230001825
0.2600066270001827
0.2600066310001828
0.2600066350001829
0.260006639000183
0.2600066430001831
0.26000664700018317
0.2600066510001834
0.2600066550001834
0.2600066590001836
0.2600066630001836
0.26000666600018385
0.2600066700001838
0.260006674000184
0.260006678000184
0.26000668200018423
0.26000668600018423
0.26000669000018445
0.26000669400018445
0.26000669800018467
0.2600067020001847
0.2600067060001849
0.260006710000185
0.26000671400018505
0.26000671800018516
0.26000672200018526
0.2600067260001854
0.26000673000018554
0.2600067340001856
0.26000673800018576
0.2600067420001858
0.260006746000186
0.260006750000186
0.26000675400018614
0.2600067580001862
0.2600067620001864
0.2600067660001864
0.2600067700001866
0.2600067740001867
0.26000677800018684
0.2600067820001869
0.26000678600018706
0.2600067900001871
0.26000679400018734
0.2600067980001873
0.2600068020001875
0.2600068060001875
0.2600068100001877
0.2600068140001877
0.26000681700018796
0.26000682100018796
0.2600068250001881
0.2600068290001882
0.26000683300018834
0.2600068370001884
0.26000684100018856
0.2600068450001886
0.26000684900018883
0.26000685300018883
0.26000685700018905
0.26000686100018905
0.2600068650001892
0.26000686900018927
0.26000687300018943
0.2600068770001895
0.26000688100018965
0.2600068850001897
0.26000688900018987
0.26000689300019
0.2600068970001901
0.2600069010001902
0.2600069050001903
0.26000690900019036
0.2600069130001906
0.2600069170001906
0.2600069210001908
0.2600069250001908
0.260006929000191
0.260006933000191
0.26000693700019123
0.2600069410001912
0.26000694500019145
0.2600069490001914
0.2600069530001916
0.26000695700019166
0.2600069610001918
0.26000696500019194
0.26000696900019205
0.26000697300019215
0.26000697700019226
0.26000698100019237
0.26000698500019254
0.26000698900019253
0.2600069920001927
0.2600069960001928
0.26000700000019294
0.260007004000193
0.26000700800019316
0.26000701200019316
0.2600070160001934
0.2600070200001934
0.2600070240001936
0.26000702800019365
0.2600070320001938
0.26000703600019387
0.26000704000019403
0.2600070440001941
0.2600070480001943
0.2600070520001943
0.26000705600019447
0.26000706000019447
0.2600070640001947
0.2600070680001947
0.2600070720001949
0.26000707600019496
0.2600070800001951
0.26000708300019515
0.2600070870001953
0.26000709100019537
0.26000709500019553
0.2600070990001956
0.26000710300019575
0.2600071070001958
0.260007111000196
0.2600071150001961
0.2600071190001962
0.26000712300019624
0.2600071270001964
0.26000713100019646
0.2600071350001966
0.2600071390001967
0.26000714300019684
0.2600071470001969
0.26000715100019706
0.26000715500019717
0.26000715900019733
0.2600071630001973
0.2600071670001975
0.26000717100019755
0.26000717500019777
0.26000717900019776
0.260007183000198
0.260007187000198
0.2600071910001982
0.2600071950001982
0.2600071990001984
0.26000720300019836
0.2600072070001986
0.2600072110001986
0.2600072150001988
0.2600072190001989
0.260007223000199
0.2600072270001991
0.26000723100019923
0.26000723500019934
0.2600072390001995
0.26000724300019956
0.26000724700019967
0.2600072510001997
0.2600072550001999
0.26000725900019994
0.2600072630002001
0.2600072660002002
0.2600072700002003
0.26000727400020035
0.26000727800020057
0.2600072820002006
0.2600072860002008
0.26000729000020084
0.260007294000201
0.26000729800020106
0.2600073020002013
0.2600073060002013
0.26000730900020147
0.26000731300020147
0.2600073170002017
0.2600073210002017
0.2600073250002019
0.2600073290002019
0.26000733300020207
0.26000733700020207
0.26000734000020226
0.26000734400020237
0.26000734800020253
0.2600073520002026
0.2600073560002027
0.26000736000020275
0.26000736400020297
0.26000736800020297
0.2600073720002032
0.2600073760002032
0.2600073800002034
0.26000738400020346
0.2600073880002036
0.2600073920002037
0.26000739600020384
0.26000740000020384
0.260007404000204
0.2600074080002041
0.2600074120002042
0.2600074160002043
0.26000742000020444
0.26000742400020455
0.26000742800020477
0.26000743200020476
0.260007436000205
0.2600074400002049
0.26000744400020515
0.26000744800020514
0.26000745200020536
0.26000745600020536
0.2600074600002056
0.2600074640002056
0.2600074680002058
0.2600074720002059
0.260007476000206
0.2600074800002061
0.2600074840002062
0.2600074880002063
0.26000749200020645
0.2600074960002065
0.26000750000020667
0.2600075040002067
0.2600075080002069
0.26000751200020694
0.2600075160002071
0.26000752000020716
0.2600075240002073
0.2600075280002073
0.2600075320002075
0.2600075360002076
0.2600075400002077
0.2600075440002078
0.2600075480002079
0.26000755200020803
0.2600075560002082
0.26000756000020825
0.2600075640002084
0.2600075680002084
0.2600075720002086
0.26000757600020863
0.2600075800002088
0.26000758400020885
0.260007588000209
0.26000759200020906
0.26000759600020923
0.26000760000020934
0.2600076040002095
0.26000760800020956
0.26000761200020966
0.2600076160002097
0.26000762000020994
0.26000762400020994
0.26000762800021016
0.26000763200021015
0.2600076360002104
0.2600076400002104
0.2600076440002106
0.26000764800021064
0.2600076520002108
0.2600076560002108
0.26000766000021097
0.2600076640002111
0.2600076680002112
0.2600076720002113
0.2600076760002114
0.2600076790002115
0.26000768300021165
0.2600076870002117
0.2600076910002119
0.2600076950002119
0.26000769900021214
0.26000770300021214
0.26000770700021236
0.26000771100021236
0.2600077150002126
0.2600077190002125
0.26000772300021274
0.26000772700021285
0.260007730000213
0.2600077340002131
0.2600077380002132
0.26000774200021326
0.26000774600021337
0.2600077500002135
0.26000775400021364
0.2600077580002137
0.26000776200021386
0.2600077660002139
0.2600077700002141
0.26000777400021413
0.2600077780002143
0.2600077820002143
0.26000778600021446
0.26000779000021457
0.2600077940002147
0.2600077980002148
0.2600078020002149
0.260007806000215
0.26000781000021517
0.2600078140002152
0.2600078180002154
0.26000782200021544
0.26000782600021555
0.2600078300002156
0.26000783400021577
0.2600078380002158
0.260007842000216
0.26000784600021604
0.2600078500002162
0.2600078540002163
0.2600078580002165
0.2600078620002165
0.2600078660002167
0.2600078700002167
0.2600078740002169
0.2600078780002169
0.2600078820002171
0.2600078860002171
0.26000789000021735
0.2600078940002174
0.26000789800021756
0.2600079020002176
0.2600079060002178
0.2600079100002178
0.26000791300021797
0.2600079170002181
0.2600079210002182
0.2600079250002183
0.2600079290002184
0.26000793300021846
0.26000793700021857
0.2600079410002187
0.26000794500021884
0.2600079490002189
0.2600079530002191
0.2600079570002191
0.26000796100021933
0.26000796500021933
0.26000796900021955
0.2600079730002195
0.2600079770002197
0.2600079810002198
0.26000798500021993
0.26000798900022004
0.26000799300022015
0.26000799700022026
0.26000800100022037
0.26000800400022045
0.2600080080002206
0.26000801200022067
0.26000801600022083
0.2600080200002209
0.26000802400022105
0.2600080280002211
0.26000803100022124
0.2600080350002213
0.26000803900022146
0.26000804300022157
0.2600080470002217
0.2600080510002218
0.2600080550002219
0.260008059000222
0.2600080630002221
0.2600080660002222
0.26000807000022236
0.2600080740002224
0.2600080780002226
0.2600080820002226
0.26000808600022274
0.2600080900002228
0.260008093000223
0.26000809700022304
0.2600081010002232
0.2600081050002232
0.26000810900022336
0.2600081130002235
0.2600081170002236
0.2600081210002237
0.26000812500022386
0.2600081290002239
0.2600081330002241
0.2600081360002241
0.2600081400002243
0.2600081440002243
0.26000814800022454
0.26000815200022453
0.26000815600022475
0.2600081600002248
0.260008164000225
0.26000816800022497
0.26000817200022514
0.26000817600022524
0.26000818000022535
0.26000818400022546
0.26000818800022557
0.2600081920002257
0.2600081960002258
0.2600082000002259
0.26000820400022606
0.2600082080002261
0.26000821200022634
0.2600082160002263
0.2600082200002265
0.2600082240002265
0.2600082280002267
0.2600082320002267
0.26000823600022693
0.26000824000022693
0.26000824400022715
0.2600082480002272
0.26000825200022737
0.2600082560002274
0.26000826000022753
0.26000826300022767
0.26000826700022783
0.2600082710002279
0.26000827500022805
0.26000827900022805
0.2600082830002282
0.26000828700022827
0.26000829100022843
0.2600082950002285
0.26000829900022865
0.2600083030002287
0.26000830700022887
0.260008311000229
0.2600083150002291
0.26000831900022914
0.26000832300022925
0.26000832700022936
0.2600083310002295
0.2600083350002296
0.26000833900022974
0.2600083430002298
0.26000834700022996
0.26000835100023
0.2600083550002302
0.2600083590002302
0.26000836300023034
0.26000836700023044
0.26000837100023055
0.26000837500023066
0.2600083790002308
0.2600083830002309
0.26000838700023104
0.2600083910002311
0.2600083950002313
0.2600083990002313
0.26000840300023154
0.2600084060002315
0.2600084100002317
0.26000841300023175
0.2600084170002319
0.26000842100023197
0.26000842500023214
0.26000842900023224
0.2600084320002323
0.26000843600023243
0.26000844000023254
0.26000844400023265
0.26000844800023276
0.26000845200023287
0.26000845600023303
0.2600084600002331
0.2600084640002333
0.2600084680002333
0.26000847200023347
0.26000847600023347
0.2600084800002337
0.2600084840002337
0.2600084880002339
0.2600084920002339
0.2600084960002341
0.2600085000002341
0.26000850400023434
0.2600085080002344
0.26000851200023456
0.2600085160002346
0.2600085200002348
0.26000852300023486
0.260008527000235
0.2600085310002351
0.2600085350002352
0.26000853900023524
0.26000854200023543
0.2600085460002355
0.26000855000023565
0.2600085540002357
0.2600085580002358
0.26000856200023587
0.26000856600023603
0.2600085700002361
0.26000857400023625
0.2600085770002363
0.2600085780002365
0.2600085820002365
0.26000858600023674
0.2600085900002368
0.26000859400023696
0.260008598000237
0.2600086020002371
0.2600086060002372
0.26000861000023734
0.2600086140002374
0.26000861800023756
0.26000862200023767
0.26000862600023783
0.2600086300002379
0.26000863400023805
0.2600086380002381
0.2600086420002383
0.26000864600023826
0.2600086500002385
0.2600086540002385
0.2600086580002387
0.2600086620002387
0.2600086660002389
0.2600086700002389
0.2600086730002391
0.2600086770002391
0.26000868100023933
0.2600086850002394
0.26000868900023955
0.2600086930002396
0.26000869700023976
0.2600087010002398
0.26000870500024
0.26000870900024003
0.2600087120002402
0.2600087160002403
0.2600087200002405
0.2600087240002405
0.2600087280002407
0.26000873200024066
0.2600087360002409
0.2600087400002409
0.2600087440002411
0.2600087480002411
0.2600087520002413
0.2600087560002413
0.26000876000024153
0.26000876400024153
0.26000876800024175
0.2600087720002417
0.2600087760002419
0.26000878000024197
0.2600087840002422
0.2600087880002422
0.2600087920002424
0.2600087960002424
0.2600088000002426
0.2600088040002427
0.26000880800024284
0.2600088120002429
0.260008816000243
0.26000882000024306
0.2600088240002432
0.2600088280002433
0.2600088320002435
0.2600088360002435
0.2600088400002437
0.26000884400024377
0.26000884800024393
0.260008852000244
0.26000885600024415
0.26000886000024415
0.2600088640002443
0.26000886800024436
0.26000887200024453
0.26000887600024464
0.2600088800002448
0.26000888400024486
0.260008888000245
0.26000889100024505
0.26000889500024527
0.26000889900024526
0.2600089030002455
0.2600089070002455
0.2600089110002457
0.2600089150002457
0.2600089190002459
0.26000892300024586
0.2600089270002461
0.2600089310002461
0.2600089350002463
0.26000893900024635
0.2600089430002465
0.26000894700024657
0.26000895100024674
0.2600089550002468
0.26000895900024695
0.26000896300024706
0.26000896700024717
0.2600089710002472
0.2600089750002474
0.26000897900024744
0.2600089830002476
0.26000898700024766
0.2600089910002479
0.2600089950002479
0.2600089990002481
0.2600090030002481
0.2600090070002483
0.26000901100024826
0.2600090150002485
0.2600090190002485
0.2600090230002487
0.2600090270002487
0.2600090310002489
0.26000903500024897
0.26000903900024913
0.2600090430002492
0.26000904700024935
0.26000905100024935
0.26000905500024957
0.2600090590002496
0.2600090630002498
0.26000906700024984
0.26000907100025
0.26000907500025006
0.2600090790002502
0.2600090830002503
0.2600090870002505
0.2600090910002505
0.26000909500025066
0.2600090990002507
0.2600091030002509
0.2600091070002509
0.2600091110002511
0.26000911500025115
0.2600091190002513
0.26000912300025136
0.2600091260002515
0.2600091300002516
0.2600091340002518
0.2600091380002518
0.260009142000252
0.26000914600025204
0.2600091490002522
0.26000915300025224
0.26000915700025246
0.26000916100025245
0.26000916400025265
0.26000916800025264
0.26000917200025286
0.26000917600025286
0.2600091800002531
0.2600091840002531
0.2600091880002533
0.2600091920002533
0.2600091950002535
0.2600091990002535
0.2600092030002537
0.2600092070002537
0.2600092110002539
0.260009215000254
0.26000921900025414
0.26000922300025414
0.26000922700025436
0.2600092310002544
0.2600092350002546
0.26000923900025463
0.2600092430002548
0.26000924700025485
0.26000925100025507
0.26000925500025507
0.2600092590002553
0.2600092630002553
0.26000926700025545
0.26000927100025545
0.26000927500025567
0.26000927900025567
0.2600092830002559
0.2600092870002559
0.2600092910002561
0.26000929500025616
0.2600092990002563
0.2600093030002564
0.26000930700025654
0.26000931100025654
0.26000931500025676
0.2600093190002568
0.260009323000257
0.26000932600025706
0.26000933000025717
0.26000933300025725
0.2600093370002574
0.26000934100025747
0.2600093440002576
0.26000934800025766
0.2600093520002578
0.2600093560002579
0.2600093600002581
0.2600093640002581
0.2600093680002583
0.2600093710002583
0.2600093750002585
0.26000937900025856
0.2600093830002587
0.26000938700025883
0.26000939100025894
0.260009395000259
0.2600093990002591
0.2600094030002592
0.2600094070002593
0.2600094110002594
0.2600094150002596
0.26000941900025965
0.26000942300025986
0.26000942700025986
0.2600094310002601
0.2600094350002601
0.26000943900026025
0.26000944300026024
0.26000944700026046
0.26000945100026046
0.2600094550002607
0.2600094590002607
0.2600094630002609
0.26000946700026095
0.2600094710002611
0.26000947500026117
0.26000947900026133
0.2600094830002614
0.2600094860002615
0.26000949000026163
0.2600094940002618
0.26000949800026185
0.260009502000262
0.260009506000262
0.2600095100002622
0.26000951400026223
0.26000951800026245
0.26000952200026245
0.26000952600026267
0.26000953000026267
0.2600095340002629
0.2600095380002629
0.2600095420002631
0.2600095460002631
0.26000955000026327
0.2600095540002633
0.2600095580002635
0.26000956200026354
0.26000956500026373
0.2600095690002638
0.2600095730002639
0.260009577000264
0.26000958000026414
0.26000958400026425
0.2600095880002644
0.2600095920002644
0.2600095960002646
0.26000960000026463
0.2600096040002648
0.26000960800026485
0.26000961200026507
0.26000961600026506
0.2600096200002653
0.2600096240002653
0.2600096280002655
0.2600096320002655
0.26000963600026566
0.2600096400002658
0.2600096440002659
0.260009648000266
0.2600096520002661
0.2600096560002662
0.2600096600002663
0.2600096640002664
0.2600096680002666
0.26000967200026665
0.2600096760002668
0.2600096800002668
0.260009684000267
0.260009688000267
0.26000969200026725
0.26000969600026724
0.26000970000026746
0.26000970400026746
0.2600097080002677
0.2600097120002677
0.2600097160002679
0.2600097200002679
0.26000972400026806
0.2600097280002681
0.2600097320002683
0.26000973600026833
0.2600097400002685
0.2600097440002686
0.26000974800026877
0.2600097520002688
0.260009756000269
0.260009760000269
0.26000976400026915
0.26000976700026923
0.2600097710002694
0.26000977500026945
0.26000977900026967
0.2600097830002696
0.26000978700026983
0.26000979100026983
0.26000979500027005
0.26000979900027005
0.2600098020002703
0.2600098060002703
0.26000981000027046
0.2600098140002705
0.2600098180002707
0.2600098220002708
0.2600098260002709
0.260009830000271
0.2600098340002711
0.2600098380002712
0.2600098420002714
0.2600098460002714
0.26000985000027155
0.2600098540002716
0.26000985800027177
0.26000986100027185
0.26000986500027207
0.260009869000272
0.26000987300027223

Avalanche_Distribution:
1
1
1
1
1
1
1
1
1
2
1
2
1
1
1
1
1
1
1
1
1
1
1
1
1
1
1
1
1
1
1
1
1
1
1
1
1
2
1
1
1
1
1
1
1
1
1
1
1
1
1
1
1
1
2
1
1
1
1
1
1
1
1
1
1
1
1
1
1
1
1
1
1
1
1
1
1
1
1
1
1
1
1
1
1
1
1
1
1
1
1
1
1
1
1
1
1
1
1
1
3
1
1
1
1
1
1
1
1
1
1
1
1
1
1
1
1
1
