
Branching_global:
0.9600000039999997
0.960000059
0.9599993059999996
0.9599991879999993
0.959999471999999
0.9599986969999988
0.9599982149999987
0.9599982379999984
0.9599972759999983
0.9599963159999981
0.9599957089999979
0.9599938679999976
0.9599936529999974
0.9599879559999972
0.9599883249999971
0.9599885659999968
0.9599885309999966
0.9599882519999964
0.9599879279999961
0.959984419999996
0.9599838979999956
0.9599831409999955
0.9599821609999953
0.959979872999995
0.9599802899999949
0.9599799529999946
0.9599800579999944
0.9599790739999943
0.959979391999994
0.9599791679999938
0.9599793439999936
0.9599785019999933
0.959978280999993
0.9599782789999929
0.9599785619999928
0.9599768559999925
0.9599764189999923
0.9599748239999921
0.9599745909999919
0.9599693989999917
0.9599685809999915
0.9599685989999912
0.9599681229999911
0.9599677059999908
0.9599677649999907
0.9599679449999904
0.9599680959999902
0.95996861499999
0.9599681689999897
0.9599675509999895
0.9599674729999893
0.959967630999989
0.959968151999989
0.9599678799999887
0.9599679439999885
0.9599674399999883
0.959966878999988
0.959965710999988
0.9599654519999876
0.9599651779999875
0.9599657569999872
0.9599652779999872
0.9599646259999869
0.9599619969999866
0.9599614749999864
0.9599604299999862
0.9599594369999861
0.9599595169999857
0.9599597359999856
0.9599592239999853
0.9599582779999851
0.959956936999985
0.9599544359999848
0.9599537559999846
0.9599538049999844
0.9599533349999841
0.9599509379999838
0.9599509379999835
0.9599500969999835
0.9599502069999832
0.9599498659999831
0.959949753999983
0.9599482929999826
0.9599481299999824
0.9599478819999822
0.9599486219999819
0.9599483979999818
0.9599468829999815
0.9599465699999814
0.9599471309999812
0.9599475479999808
0.9599469409999807
0.9599459139999805
0.9599451789999802
0.9599435959999801
0.95994227399998
0.9599391449999797
0.9599365349999793
0.9599366419999792
0.959935731999979

Autocorrelation:
-0.02449660076194908
-0.024496635141777266
-0.02449616445888893
-0.024496090701423126
-0.024496268220127602
-0.024495783800030188
-0.024495482531448388
-0.024495496907169935
-0.024494895641094118
-0.024494295653875717
-0.024493916301815317
-0.024492765816783512
-0.02449263146503343
-0.024489071982042518
-0.024489302502377366
-0.02448945306131371
-0.024489431195795285
-0.024489256897745698
-0.02448905449015743
-0.02448686320055001
-0.02448653716349321
-0.02448606436241165
-0.024485452308315236
-0.024484023466034285
-0.024484283867860654
-0.024484073422798364
-0.02448413899135446
-0.02448352453380726
-0.024483723105198127
-0.02448358323068213
-0.024483693131955527
-0.02448316736302004
-0.024483029367949855
-0.024483028119132545
-0.02448320482800757
-0.02448213961732184
-0.024481866773154778
-0.024480870973713348
-0.024480725512475182
-0.02447748460083525
-0.024476974071604044
-0.02447698530551895
-0.024476688234273857
-0.02447642799068919
-0.024476464811394615
-0.02447657714642074
-0.02447667138380513
-0.02447699529122896
-0.024476716942530348
-0.02447633125884351
-0.024476282581165996
-0.024476381184863172
-0.024476706332948826
-0.024476536580876982
-0.024476576522333312
-0.02447626198682053
-0.02447591188815154
-0.024475183015446676
-0.02447502139618049
-0.024474850419001274
-0.024475211720244926
-0.024474912819160276
-0.02447450597573103
-0.024472865632575298
-0.02447253996055162
-0.024471888018123642
-0.024471268548377154
-0.024471318454167324
-0.024471455072288522
-0.02447113567518193
-0.02447054556060688
-0.024469709092895416
-0.024468149208431364
-0.02446772512318895
-0.024467755681791038
-0.02446746257174881
-0.02446596781753173
-0.024465967817531593
-0.024465443417583145
-0.024465512006098592
-0.024465299382926388
-0.024465229548539295
-0.024464318619674026
-0.024464216993811204
-0.024464062374453126
-0.0244645237443329
-0.024464384084624216
-0.02446343955215343
-0.024463244420026238
-0.024463594163799344
-0.024463854140116637
-0.024463475711156694
-0.024462835462904134
-0.024462377272282995
-0.024461390505227068
-0.024460566492935074
-0.02445861638095775
-0.02445698996252902
-0.024457056635287897
-0.024456489616644865

Average_Activity:
0.0
0.75
0.25
0.0
0.0
0.0
0.0
0.0
0.0
0.0
0.0
0.0
0.25
0.0
1.5
2.5
3.25
6.5
4.0
1.75
1.25
0.25
0.0
0.25
0.0
0.0
0.0
0.0
0.0
0.0
0.0
0.25
0.0
0.0
1.75
2.5
0.0
2.5
5.5
5.5
6.5
5.5
4.25
4.0
7.25
8.75
6.25
3.5
2.0
1.25
2.5
6.25
6.5
4.25
5.0
5.5
3.0
1.25
0.0
0.5
0.25
1.5
0.0
0.0
0.0
0.0
0.0
0.25
0.0
0.0
0.0
0.0
0.25
0.0
0.0
0.0
0.0
0.0
0.0
0.0
0.0
0.0
0.0
0.0
0.5
0.25
0.25
0.25
0.0
0.0
0.0
0.0
0.25
0.0
0.25
1.75
0.0
0.0
0.0
0.25
3.0
5.25
2.75
4.25
3.0
9.0
7.25
11.0
9.75
4.5
3.5
4.75
2.75
0.0
1.0
1.0
0.75
0.5
0.0
0.5
0.25
0.0
0.0
0.0
0.0
0.0
0.25
0.0
0.75
1.25
1.75
1.5
0.25
1.0
0.0
0.0
0.0
0.0
0.5
0.0
0.0
0.0
0.25
1.25
5.0
9.0
8.0
10.5
9.25
4.25
0.75
0.25
0.25
1.0
0.0
0.0
0.0
0.0
0.0
1.0
7.0
4.5
1.75
0.5
1.75
0.5
0.0
0.0
0.0
0.0
0.0
0.0
0.0
0.5
0.0
0.75
2.25
0.5
0.0
0.0
0.25
1.5
1.5
0.0
1.25
4.75
3.0
1.0
1.0
0.0
0.0
0.25
2.25
3.75
6.0
10.75
8.5
12.0
10.75
5.0
9.25
13.75
9.25
4.25
1.25
0.0
1.5
2.25
1.5
1.25
2.0
0.5
0.0
0.0
0.0
0.0
0.0
0.25
2.25
1.0
6.0
7.0
6.25
6.75
7.0
8.0
15.0
11.5
7.5
8.25
5.25
1.75
0.0
0.0
0.25
0.0
0.5
0.0
0.0
1.25
0.0
0.0
0.0
0.0
0.25
0.25
0.0
0.5
1.75
5.5
7.5
6.0
7.5
7.25
12.0
17.25
9.0
10.25
7.75
12.25
8.0
5.25
4.5
2.75
2.25
0.0
0.5
5.5
7.0
7.5
5.75
5.25
1.75
0.0
0.0
0.0
0.0
0.25
0.0
0.0
0.0
2.0
1.25
3.0
2.25
2.75
7.25
8.25
7.0
3.5
0.0
0.0
0.0
0.25
0.0
0.0
0.0
0.25
0.0
0.0
0.0
0.0
0.0
4.0
12.0
15.75
10.5
5.0
7.25
9.75
17.5
18.75
28.25
29.5
26.75
26.5
25.0
23.75
35.25
34.25
15.25
11.5
9.5
6.0
4.5
0.25
0.75
3.0
1.0
0.5
0.0
0.0
0.0
0.0
1.5
1.5
0.5
0.25
0.5
0.25
0.0
0.0
0.0
0.0
0.0
0.25
0.0
0.0
0.25
0.0
0.0
0.0
0.0
0.0
0.0
0.0
0.25
0.5
0.25
0.25
5.25
1.75
1.25
0.0
0.0
0.0
0.0
0.0
0.75
0.25
1.5
1.0
2.25
2.75
0.5
0.0
0.25
0.25
2.25
0.5
1.5
0.0
0.0
0.0
0.0
0.25
1.75
1.0
3.25
0.25
0.0
0.0
0.0
0.0
0.0
0.0
0.0
0.5
0.0
0.25
0.0
0.0
0.5
3.0
1.25
0.0
1.0
0.75
0.5
0.0
0.0
1.0
0.75
3.25
5.5
9.0
9.5
2.0
0.0
0.0
0.0
0.0
0.0
0.0
0.0
0.0
0.0
0.5
2.5
1.25
0.0
0.0
2.0
2.75
2.25
3.5
2.0
0.0
0.0
0.5
0.0
0.0
0.0
0.0
0.0
0.0
0.75
2.5
6.0
8.5
16.0
21.25
21.5
27.5
20.75
27.25
17.5
11.5
10.25
11.5
4.25
1.25
1.5
1.25
4.0
3.75
1.75
3.0
9.75
8.0
6.75
3.5
3.5
0.5
0.0
0.0
1.0
1.75
6.0
8.5
5.75
10.25
9.25
10.0
11.25
5.75
6.25
4.25
1.5
1.0
0.75
0.0
0.0
0.75
0.75
1.0
2.5
1.5
0.0
0.0
0.5
0.5
0.0
0.0
2.25
2.5
7.75
12.0
7.75
8.25
4.5
1.25
1.5
0.25
0.0
0.25
2.0
0.0
0.0
0.0
0.0
0.0
0.25
0.0
1.0
0.25
0.0
0.0
0.0
0.0
1.5
4.25
5.5
2.0
6.25
11.5
4.75
2.75
1.25
0.25
0.0
0.0
0.0
0.5
0.75
2.75
4.5
3.5
5.25
14.25
18.25
10.0
16.75
15.5
8.75
11.0
15.75
11.75
12.5
20.5
15.0
6.5
1.25
0.0
0.0
0.5
0.25
0.0
0.25
0.0
0.0
0.25
0.0
0.25
0.25
0.0
0.0
0.0
0.0
0.5
0.0
0.5
0.0
0.0
0.25
1.25
0.0
0.0
0.0
1.0
2.0
2.75
3.25
2.25
0.5
0.0
0.0
0.25
0.0
0.5
0.5
0.0
0.0
0.0
0.25
0.0
0.0
0.25
0.0
0.0
0.75
0.5
0.0
0.0
0.5
1.0
2.25
2.0
3.5
3.75
5.0
4.75
4.25
2.5
3.5
4.0
0.75
0.75
2.75
3.5
4.5
0.0
0.0
0.0
0.0
0.0
0.0
1.25
5.0
3.0
0.0
0.0
1.25
2.0
2.5
2.25
5.5
4.75
2.25
2.5
3.75
0.5
0.0
0.0
0.0
0.25
2.5
2.25
4.5
14.5
13.0
20.0
17.0
7.25
3.75
1.5
0.75
0.25
0.0
0.0
0.0
0.0
0.0
0.25
0.25
0.75
0.5
0.75
0.0
0.0
0.0
0.0
0.0
0.25
0.0
0.0
0.0
0.0
0.0
0.0
0.0
0.0
1.75
0.0
1.0
0.0
0.0
0.0
0.0
0.0
0.0
0.0
0.0
0.0
0.0
0.0
0.5
1.5
1.25
0.25
0.0
0.0
0.0
0.75
1.5
1.5
0.75
1.75
2.25
1.75
0.0
0.0
0.0
0.5
0.25
2.25
3.5
2.0
0.25
0.5
0.0
0.0
0.5
0.0
0.75
1.0
0.0
0.25
0.0
0.0
0.75
0.25
0.5
0.0
0.0
0.0
0.0
0.5
0.0
0.0
0.0
0.0
0.0
1.0
3.75
2.75
0.0
0.0
0.0
0.0
0.0
0.0
0.0
0.25
0.0
1.0
0.25
1.75
5.25
5.75
14.0
15.0
6.0
8.0
12.25
12.75
10.25
6.0
2.75
0.0
0.0
0.5
0.0
0.0
0.0
1.25
2.5
0.5
0.75
0.25
1.25
0.25
3.0
5.25
0.75
0.5
0.0
0.0
0.0
0.0
0.25
0.5
2.25
2.25
2.5
2.5
0.0
0.0
1.0
0.0
0.5
1.25
4.0
4.5
0.25
1.0
0.5
0.0
0.25
0.5
0.0
0.25
0.0
0.0
0.0
0.75
2.25
0.25
1.5
3.75
2.0
0.0
0.0
0.75
0.25
0.25
0.0
0.0
0.0
0.25
0.25
0.0
0.0
0.5
2.25
0.0
0.0
1.0
1.75
4.25
3.5
1.75
2.25
2.5
1.25
0.0
1.75
2.75
4.5
3.25
5.75
7.5
14.25
15.25
19.25
19.0
11.25
4.25
1.5
0.25
0.0
0.0
0.0
0.0
0.25
0.0
0.0
0.25
0.0
0.0
0.0
0.0
0.0
3.0
0.25
0.0
0.0
0.0
0.0
0.25
2.25
4.0
3.25
3.5
6.0
5.0
2.25
2.5
4.75
6.75
8.25
9.0
5.25
6.25
3.25
4.0
8.25
10.0
16.0
21.25
12.25
7.25
7.25
7.5
0.75
0.0
0.0
0.25
0.0
0.0
1.5
0.0
1.0
0.75
0.0
0.5
0.0
1.0
0.5
1.5
0.0
0.0
0.5
0.0
0.25
1.75
0.25
1.0
0.0
0.0
0.0
0.0
0.0
0.0
0.0
1.0
3.0
4.25
3.75
6.0
13.75
19.0
22.75
19.5
26.0
15.75
8.75
3.0
0.25
0.5
0.0
0.5
4.75
9.5
10.0
12.5
10.25
7.25
12.0
18.75
18.25
20.0
30.5
35.5
33.25
25.5
20.25
17.25
16.75
4.75
2.5
3.5
2.5
0.0
0.0
0.0
0.0
0.0
0.0
0.25
0.0
0.0
0.0
0.0
0.25
0.0
0.25
0.0
0.0
0.0
0.0
0.0
0.0
0.0
0.25
0.5
0.75
4.5
12.25
2.25
0.0
0.0
0.0
0.0
0.0
0.0
0.5
0.0
0.75
3.5
2.5
0.75
0.0
0.0
0.5
0.5
0.0
0.25
1.0
0.0
0.0
0.0
0.0
1.25
6.25
5.0
3.25
7.5
13.25
14.5
12.75
8.0
2.0
0.0
0.0
0.0
1.0
0.75
0.0
0.0
0.0
0.0
0.0
0.0
0.75
2.75
2.75
0.5
0.0
1.0
0.25
0.5
2.0
2.25
3.0
2.75
4.5
5.25
4.75
3.25
0.25
0.25
0.0
0.75
0.25
0.0
0.25
0.25
0.0
0.0
0.0
0.0
0.0
0.0
0.0
0.25
0.25
0.0
0.25
0.5
0.0
0.0
0.75
0.25
0.0
0.0
0.25
0.0
0.25
0.5
0.0
1.25
0.75
0.0
0.0
0.0
0.0
0.0
0.0
0.0
0.0
0.0
0.0
0.5
0.0
0.75
1.75
0.75
0.0
0.0
0.0
0.25
0.0
0.25
0.0
0.0
1.0
0.75
0.0
0.0
0.0
0.75
0.75
0.0
0.0
0.0
0.0
1.75
1.25
0.0
0.25
0.0
0.0
0.0
0.0
0.0
0.0
0.75
4.0
0.0
0.0
0.25
0.0
0.25
0.0
0.0
0.0
0.0
0.0
0.0
0.0
0.0
0.0
0.25
1.5
0.0
1.25
0.0
0.0
0.0
0.5
0.25
1.25
1.0
0.0
0.25
0.0
0.0
1.0
5.0
4.5
3.0
4.0
7.25
1.75
0.0
0.0
0.0
0.5
1.0
4.5
5.5
1.5
0.25
0.25
0.0
0.0
0.0
0.0
0.0
0.5
2.75
2.5
4.5
3.75
8.25
7.25
10.25
4.75
5.25
6.75
6.75
5.5
7.25
7.0
3.25
0.25
0.0
0.0
0.0
0.25
0.5
0.0
0.0
0.0
0.0
0.0
0.0
0.0
0.0
1.0
0.5
0.0
0.0
0.0
0.0
0.0
0.0
0.0
0.0
0.0
0.75
0.0
0.0
1.25
0.5
0.0
1.0
0.0
0.75
0.25
0.25
1.25
0.5
0.0
1.25
1.75
0.0
0.0
0.0
0.25
0.0
0.0
0.0
0.0
1.75
1.25
0.0
0.0
0.0
0.0
0.25
0.0
0.0
0.0
0.0
0.75
0.0
0.0
1.75
1.5
2.25
0.5
1.75
1.0
0.5
0.0
0.0
0.0
0.0
0.5
2.0
3.25
0.25
0.0
0.0
0.0
0.0
0.75
1.25
5.0
6.5
4.0
2.0
0.0
0.0
0.25
0.0
1.5
1.25
0.0
1.0
3.75
4.25
4.25
3.75
3.0
2.0
2.5
1.0
0.25
0.0
0.0
0.0
0.0
0.0
0.0
0.0
0.0
0.0
0.0
0.0
0.5
0.5
0.0
0.0
0.75
2.5
0.5
0.25
0.0
2.0
1.25
0.0
0.0
0.0
0.0
0.0
0.0
0.0
0.0
0.0
0.0
0.25
1.0
0.25
0.0
0.0
0.25
0.5
0.25
1.75
2.25
0.0
0.75
2.75
1.25
1.5
2.75
0.0
0.0
2.25
5.5
8.75
8.25
5.75
10.5
10.25
10.0
7.25
10.5
7.25
5.0
4.0
1.75
0.0
0.25
1.75
6.75
6.75
5.75
7.25
6.25
2.75
3.0
1.5
0.75
0.5
0.0
0.25
0.0
0.0
0.0
1.0
0.5
2.0
2.75
3.0
0.75
0.75
0.0
0.25
1.25
1.75
7.25
6.75
4.5
5.0
3.25
0.0
0.0
0.0
0.5
0.5
1.0
1.5
1.25
0.25
1.5
1.75
1.0
1.0
3.5
1.5
0.5
0.0
0.0
0.75
0.25
0.25
1.75
2.25
2.75
4.5
4.5
0.5
0.0
0.25
0.0
0.0
0.75
0.0
0.0
0.0
1.0
4.25
2.0
0.5
0.75
0.0
0.0
0.0
0.0
0.0
0.5
0.0
1.0
3.5
5.0
2.75
1.0
2.75
3.25
7.75
6.75
6.25
5.0
8.75
5.5
5.25
0.0
0.0
0.25
0.0
0.25
0.0
0.0
0.0
0.0
0.0
0.0
0.5
0.0
0.0
1.0
1.5
0.5
0.25
0.75
0.0
0.0
1.5
0.5
0.0
0.0
0.0
0.0
0.0
0.0
1.5
3.75
3.75
9.25
7.0
4.75
4.25
1.0
0.0
0.0
0.0
0.0
0.5
1.25
3.5
0.5
1.75
0.5
0.25
0.25
0.0
0.0
1.75
9.5
9.25
2.75
4.0
2.75
1.75
1.5
2.0
4.5
0.25
0.0
0.0
0.0
0.75
1.0
0.25
1.0
3.0
4.25
4.25
7.5
5.25
2.0
2.25
0.0
0.0
0.0
0.0
0.0
0.0
0.25
0.0
1.5
4.25
6.25
13.75
13.75
16.25
11.5
15.5
13.25
16.75
21.75
16.25
19.0
14.75
7.75
3.25
1.5
0.0
0.0
0.0
1.5
3.5
2.25
5.0
8.25
6.75
14.0
6.25
5.0
7.5
5.75
2.25
1.25
0.0
0.0
0.75
6.0
5.5
1.25
0.0
0.0
0.75
0.5
0.0
0.0
0.0
0.0
0.25
0.0
1.0
1.0
1.0
3.75
5.0
3.75
3.25
0.75
0.0
0.0
0.0
0.0
0.0
0.0
0.75
1.75
0.25
2.0
0.25
1.0
5.0
7.25
7.75
10.0
8.25
11.75
13.75
12.0
6.25
3.25
0.0
0.0
0.0
0.0
0.0
0.0
0.0
0.0
0.0
0.0
0.0
0.0
0.0
0.0
0.0
0.0
0.0
0.0
0.0
0.0
0.0
0.25
0.0
0.0
0.0
3.5
5.25
4.0
4.25
2.25
0.5
1.75
5.25
7.0
1.25
0.0
0.0
0.0
0.0
0.0
0.0
1.25
1.0
0.0
0.0
0.0
0.25
0.0
0.0
0.0
0.0
0.0
0.5
0.25
0.0
0.0
1.5
5.75
12.5
5.75
3.25
0.5
0.75
0.25
2.25
2.75
4.75
3.25
1.25
1.75
1.25
0.25
0.0
0.0
0.0
0.0
0.5
0.25
0.25
0.0
1.5
1.5
2.75
5.0
8.0
9.25
10.75
8.75
8.5
2.5
2.25
6.25
6.25
3.5
0.75
2.75
0.75
0.0
0.75
2.0
2.25
5.0
1.0
0.0
0.0
0.0
2.5
0.25
0.0
0.5
0.0
0.25
0.0
0.0
0.0
0.0
0.25
1.75
1.75
1.0
3.25
3.25
3.5
3.25
1.75
6.25
10.0
12.5
12.5
5.0
3.75
4.5
7.5
15.75
16.0
23.0
23.25
28.0
24.0
23.25
26.0
14.25
5.0
5.75
0.5
0.0
0.0
0.0
0.0
0.75
0.75
2.25
4.5
8.25
3.75
0.75
0.0
0.0
0.0
0.0
0.0
0.0
0.25
0.0
0.0
0.0
1.25
0.0
0.0
0.0
1.75
2.5
6.25
5.5
5.25
4.75
7.25
6.5
13.0
3.75
1.0
0.0
0.5
0.0
0.0
0.0
0.0
0.0
0.0
0.0
0.0
0.0
0.0
0.0
0.0
0.25
0.0
0.75
2.0
0.0
0.0
0.25
0.0
2.0
1.25
3.0
6.0
3.5
1.5
0.0
1.25
1.75
2.25
2.5
1.25
0.0
0.0
0.0
1.25
5.0
11.5
9.75
5.75
2.5
2.0
2.75
1.75
1.25
0.0
0.0
0.0
0.0
0.0
0.5
2.25
1.25
4.0
4.25
8.5
12.5
14.5
20.5
29.5
19.75
17.5
14.75
5.0
2.0
1.75
3.0
4.75
1.75
1.5
0.75
1.0
0.0
0.0
1.75
0.5
0.75
0.75
0.0
0.0
0.0
0.25
0.75
0.0
0.25
0.5
0.25
0.5
0.75
0.75
0.0
0.25
0.0
0.0
0.25
0.0
0.0
0.0
0.0
0.25
0.0
0.0
0.0
0.75
3.0
9.75
7.5
9.75
12.25
13.0
10.25
9.25
7.0
1.0
0.0
0.0
0.0
0.75
1.0
0.0
0.25
0.75
0.0
0.75
1.0
2.0
1.25
0.0
0.0
0.75
5.25
7.0
4.25
2.5
0.5
0.0
0.25
0.5
1.0
2.0
3.0
1.5
0.0
0.5
0.0
0.0
0.0
0.25
2.5
0.0
0.0
0.0
0.75
2.0
0.0
0.0
1.0
0.0
0.0
0.5
1.25
0.0
0.0
0.0
0.0
0.5
0.0
0.0
0.0
0.5
1.25
2.25
3.0
2.0
4.75
11.0
9.0
0.5
0.0
0.5
0.5
7.25
7.0
5.0
6.5
7.0
3.5
0.25
0.0
0.0
0.0
0.25
0.0
0.0
0.5
0.0
0.0
0.0
0.0
1.5
0.25
0.0
0.25
0.0
0.0
0.0
0.75
0.0
0.25
0.25
4.0
2.25
6.5
15.25
24.25
23.0
13.75
5.5
2.5
1.0
1.0
0.25
0.0
0.25
3.25
6.0
4.75
0.75
0.25
1.0
0.25
0.0
0.0
0.5
0.25
0.0
0.5
0.0
1.5
2.25
0.0
0.0
0.0
0.75
2.0
3.25
0.5
0.0
1.5
2.5
1.5
0.5
0.0
0.25
0.25
2.0
1.25
0.0
0.0
1.25
5.75
5.75
5.25
1.25
0.0
0.25
0.0
0.0
0.25
3.0
3.75
0.0
0.0
0.0
0.0
0.0
0.0
0.0
0.5
0.0
1.0
1.25
0.0
0.0
0.0
0.0
0.5
0.0
0.0
0.0
0.25
0.0
0.0
0.0
0.0
0.0
0.75
1.5
0.75
2.0
2.25
4.5
3.75
1.5
0.0
0.0
0.0
0.0
0.0
0.0
0.0
0.0
0.0
1.75
2.5
0.75
0.25
1.5
3.5
1.0
1.0
1.5
0.5
2.0
1.75
3.25
9.5
7.5
12.25
15.5
13.5
7.5
3.0
0.75
1.0
1.75
2.75
4.75
6.75
6.25
8.75
1.5
0.0
0.0
0.0
0.0
0.0
0.0
0.0
0.5
0.0
0.0
0.0
0.0
0.5
0.0
0.0
0.5
0.5
0.0
1.75
0.0
0.0
0.75
2.5
4.0
3.0
8.0
7.5
1.75
1.0
0.75
1.5
0.0
0.0
0.0
1.5
1.5
0.0
0.25
0.0
0.0
0.0
0.25
0.0
1.25
1.0
0.0
0.0
0.5
1.75
0.0
0.5
0.0
0.0
0.0
0.0
2.5
2.25
1.0
0.5
0.5
0.0
0.0
0.0
0.25
2.75
5.5
0.5
0.25
1.0
0.5
2.0
0.5
0.0
0.0
0.0
0.0
1.0
0.0
0.25
0.0
0.0
0.0
0.0
0.25
0.25
0.0
0.0
0.0
0.0
0.0
0.0
3.0
13.0
12.0
10.5
11.25
5.0
1.75
0.25
0.0
0.0
0.0
0.0
0.25
1.75
1.25
2.0
0.0
0.0
0.0
0.0
0.5
0.0
0.0
0.25
0.0
0.0
0.25
0.0
0.0
1.5
2.75
2.25
0.0
1.0
3.5
2.75
0.25
0.25
0.0
0.25
3.0
5.25
2.5
3.25
5.0
1.0
2.25
1.25
0.75
4.75
3.75
3.75
1.0
0.25
1.75
2.25
4.5
9.0
7.25
6.5
4.0
5.75
10.25
12.75
8.25
10.0
5.5
3.0
6.0
5.5
6.5
5.75
11.25
7.5
5.5
11.0
14.25
8.0
7.0
9.0
1.5
0.0
0.75
1.5
2.25
1.5
0.5
0.0
0.0
0.0
0.5
0.25
0.0
0.0
0.0
0.5
5.0
5.0
2.75
0.5
0.5
0.0
0.75
2.25
2.5
4.75
3.25
0.75
2.25
5.5
9.0
14.0
9.0
7.5
10.75
5.25
6.0
7.0
9.0
4.25
4.5
4.75
6.75
7.0
3.75
4.5
1.0
0.0
1.5
1.5
3.0
2.75
2.75
5.0
10.0
16.25
18.75
22.25
20.25
16.75
11.5
17.5
28.0
27.75
28.75
19.5
13.0
5.75
5.25
1.75
0.25
0.0
0.0
0.0
1.0
0.0
0.0
0.5
0.25
1.5
5.5
5.25
7.5
13.5
15.25
19.75
17.5
11.75
8.75
7.25
2.5
0.5
0.0
0.0
0.0
0.0
0.0
0.0
0.0
0.0
0.0
0.0
0.0
0.25
0.0
0.0
0.0
0.25
0.0
0.0
0.0
0.5
1.0
2.0
0.25
0.0
0.0
0.0
0.25
0.0
0.5
4.25
3.5
2.25
2.75
3.25
6.25
11.0
1.75
5.0
5.25
8.0
6.5
6.25
2.5
0.0
0.0
0.0
0.75
0.0
0.5
2.75
6.25
5.75
3.75
1.0
0.0
0.0
0.0
0.0
0.0
1.0
2.0
2.25
0.75
0.0
0.0
0.0
0.0
0.0
0.0

Average_Alpha:
0.24000000099999994
0.24000000200000005
0.24000000500000004
0.240000009
0.2400000129999999
0.24000001700000007
0.240000021
0.240000025
0.24000002899999992
0.24000003300000003
0.24000003700000003
0.24000004099999994
0.2400000439999999
0.24000004800000005
0.24000004600000002
0.24000003999999994
0.24000003099999992
0.24000000900000004
0.23999999700000002
0.23999999399999997
0.2399999929999999
0.23999999600000002
0.24
0.24000000299999993
0.2400000069999999
0.24000001100000004
0.24000001499999998
0.24000001899999993
0.2400000229999999
0.24000002699999998
0.24000003099999997
0.24000003399999992
0.24000003799999992
0.240000042
0.24000003899999997
0.24000003299999992
0.24000003699999992
0.24000003099999997
0.24000001299999996
0.2399999949999999
0.23999997299999987
0.23999995499999996
0.2399999419999999
0.2399999299999999
0.23999990499999987
0.23999987399999997
0.23999985299999993
0.23999984299999988
0.23999983899999985
0.23999983799999997
0.2399998319999999
0.23999981099999984
0.23999978899999988
0.23999977599999994
0.2399997599999999
0.23999974199999985
0.23999973399999985
0.23999973299999994
0.23999973699999988
0.23999973899999985
0.23999974199999985
0.2399997399999999
0.23999974399999988
0.23999974799999985
0.23999975199999984
0.2399997559999999
0.23999975999999987
0.2399997629999998
0.23999976699999984
0.2399997709999999
0.23999977499999986
0.23999977899999983
0.2399997819999998
0.2399997859999999
0.23999978999999985
0.23999979399999982
0.23999979799999982
0.2399998019999999
0.23999980599999984
0.23999980999999979
0.2399998139999998
0.23999981799999986
0.23999982199999984
0.2399998259999998
0.2399998279999998
0.23999983099999986
0.23999983399999983
0.2399998369999998
0.23999984099999977
0.23999984499999982
0.23999984899999982
0.23999985299999976
0.2399998559999998
0.23999985999999984
0.2399998629999998
0.23999985999999976
0.23999986399999979
0.23999986799999984
0.23999987199999978
0.23999987499999975
0.23999986699999978
0.23999984999999985
0.23999984299999977
0.23999982999999975
0.23999982199999978
0.23999978999999982
0.23999976499999978
0.23999972499999972
0.23999968999999977
0.2399996759999998
0.23999966599999975
0.23999965099999973
0.23999964399999976
0.23999964799999982
0.23999964799999976
0.23999964799999976
0.23999964899999976
0.23999965099999981
0.23999965499999973
0.23999965699999973
0.23999965999999975
0.23999966399999978
0.23999966799999972
0.2399996719999997
0.23999967599999975
0.23999967999999974
0.23999968299999971
0.2399996869999997
0.23999968799999974
0.23999968699999977
0.2399996839999997
0.23999968199999966
0.2399996849999997
0.23999968499999977
0.2399996889999997
0.2399996929999997
0.2399996969999997
0.23999970099999973
0.2399997029999997
0.2399997069999997
0.2399997109999997
0.23999971499999972
0.2399997179999997
0.23999971699999964
0.23999970099999968
0.23999966899999972
0.23999964099999968
0.23999960299999964
0.2399995699999997
0.2399995569999997
0.23999955799999967
0.23999956099999967
0.23999956399999972
0.23999956399999972
0.23999956799999966
0.23999957199999963
0.23999957599999966
0.23999957999999968
0.23999958399999965
0.23999958399999963
0.23999955999999967
0.23999954599999967
0.23999954299999965
0.23999954499999962
0.23999954199999965
0.23999954399999968
0.23999954799999967
0.2399995519999996
0.23999955599999964
0.23999955999999967
0.2399995639999996
0.2399995679999996
0.23999957199999963
0.23999957399999966
0.2399995779999996
0.23999957899999957
0.2399995739999996
0.23999957599999966
0.2399995799999996
0.23999958399999957
0.23999958699999963
0.23999958499999963
0.2399995829999996
0.23999958699999957
0.23999958599999963
0.2399995709999996
0.2399995629999996
0.23999956299999956
0.2399995629999996
0.2399995669999996
0.2399995709999996
0.23999957399999958
0.2399995689999996
0.2399995579999996
0.23999953799999957
0.23999949899999956
0.23999946899999958
0.23999942499999957
0.23999938599999956
0.23999936999999955
0.23999933699999956
0.2399992859999996
0.23999925299999955
0.23999923999999953
0.2399992389999996
0.23999924299999958
0.23999924099999956
0.23999923599999953
0.23999923399999956
0.2399992329999996
0.23999922899999954
0.2399992309999995
0.23999923499999953
0.23999923899999956
0.23999924299999953
0.23999924699999953
0.23999925099999955
0.23999925399999955
0.2399992489999995
0.2399992489999995
0.23999922899999956
0.23999920499999955
0.2399991839999995
0.23999916099999952
0.23999913699999953
0.23999910899999954
0.2399990529999995
0.2399990109999995
0.23999898499999953
0.2399989559999995
0.2399989389999995
0.2399989359999995
0.23999893999999952
0.23999894399999952
0.23999894699999946
0.2399989509999995
0.23999895299999952
0.23999895699999949
0.23999896099999946
0.2399989599999995
0.23999896399999948
0.23999896799999948
0.23999897199999948
0.23999897599999945
0.2399989789999995
0.2399989819999995
0.23999898599999944
0.23999898799999947
0.2399989849999995
0.23999896699999948
0.23999894099999944
0.23999892099999942
0.23999889499999946
0.23999886999999945
0.23999882599999944
0.23999876099999942
0.23999872899999947
0.23999869199999943
0.23999866499999944
0.23999861999999944
0.23999859199999946
0.23999857499999944
0.23999856099999942
0.23999855399999945
0.23999854899999945
0.23999855299999945
0.2399985549999994
0.23999853699999943
0.23999851299999944
0.2399984869999994
0.23999846799999944
0.23999845099999942
0.23999844799999942
0.23999845199999945
0.2399984559999994
0.2399984599999994
0.2399984639999994
0.23999846699999938
0.23999847099999938
0.2399984749999994
0.2399984789999994
0.2399984749999994
0.23999847399999935
0.23999846599999938
0.23999846099999939
0.2399984539999994
0.23999842899999937
0.2399983999999994
0.23999837599999937
0.2399983659999994
0.23999836999999938
0.23999837399999935
0.23999837799999937
0.23999838099999937
0.23999838499999937
0.23999838899999937
0.2399983929999994
0.2399983959999994
0.23999839999999936
0.23999840399999936
0.23999840799999936
0.23999841199999936
0.23999841599999933
0.23999840399999936
0.23999835999999936
0.23999830099999933
0.23999826299999932
0.23999824699999936
0.23999822199999934
0.23999818699999934
0.23999812099999934
0.23999804999999932
0.23999794099999935
0.23999782699999936
0.23999772399999933
0.2399976219999993
0.23999752599999938
0.23999743499999932
0.23999729799999933
0.23999716499999932
0.23999710799999935
0.23999706599999932
0.2399970319999993
0.2399970119999993
0.23999699799999935
0.23999700099999927
0.2399970019999993
0.23999699399999933
0.2399969939999993
0.2399969959999993
0.23999699999999927
0.2399970039999993
0.23999700799999932
0.23999701199999926
0.23999700999999926
0.2399970079999993
0.23999700999999932
0.2399970129999993
0.23999701499999926
0.23999701799999928
0.2399970219999993
0.23999702599999923
0.23999702999999925
0.23999703399999925
0.23999703799999927
0.23999704099999924
0.23999704499999924
0.23999704899999927
0.23999705199999927
0.2399970559999992
0.23999705999999923
0.23999706399999926
0.2399970679999993
0.23999707199999926
0.23999707599999925
0.23999707999999925
0.23999708299999928
0.23999708499999922
0.23999708799999922
0.23999709099999922
0.23999707399999923
0.23999707099999923
0.23999706999999923
0.23999707399999923
0.23999707799999923
0.23999708199999922
0.2399970859999992
0.23999708999999922
0.23999709099999922
0.23999709399999922
0.23999709199999922
0.23999709199999922
0.23999708699999922
0.2399970799999992
0.23999708199999922
0.2399970859999992
0.2399970889999992
0.2399970919999992
0.23999708699999917
0.23999708899999916
0.2399970869999992
0.23999709099999916
0.2399970949999992
0.2399970989999992
0.23999710299999918
0.23999710599999918
0.23999710299999916
0.23999710299999918
0.2399970939999992
0.23999709699999913
0.23999710099999913
0.23999710499999918
0.23999710899999918
0.23999711299999915
0.23999711699999915
0.23999712099999918
0.2399971249999992
0.23999712699999912
0.23999713099999911
0.23999713399999917
0.23999713799999917
0.23999714199999914
0.23999714399999914
0.23999713599999917
0.23999713499999917
0.2399971389999991
0.23999713899999908
0.23999713999999914
0.23999714199999914
0.23999714599999913
0.23999714999999913
0.23999714999999913
0.23999715099999913
0.2399971419999991
0.23999712399999912
0.2399970919999991
0.23999705799999912
0.2399970539999991
0.23999705799999912
0.23999706199999912
0.23999706599999912
0.2399970699999991
0.2399970739999991
0.2399970779999991
0.2399970819999991
0.23999708599999908
0.2399970899999991
0.2399970919999991
0.23999708599999908
0.23999708499999906
0.23999708899999908
0.2399970929999991
0.2399970889999991
0.23999708199999906
0.2399970769999991
0.23999706699999904
0.2399970629999991
0.23999706699999904
0.23999707099999906
0.23999707299999906
0.2399970769999991
0.23999708099999903
0.23999708499999906
0.23999708899999905
0.23999709299999905
0.23999709699999902
0.23999709799999902
0.23999709199999905
0.23999707199999906
0.23999704199999905
0.23999698199999903
0.23999690099999904
0.23999681899999903
0.23999671299999903
0.23999663399999904
0.23999652899999904
0.23999646299999905
0.23999642099999904
0.239996383999999
0.23999634199999903
0.23999632899999904
0.23999632799999898
0.23999632599999898
0.239996324999999
0.23999631299999902
0.239996301999999
0.239996298999999
0.23999629099999903
0.239996255999999
0.239996227999999
0.239996204999999
0.239996194999999
0.239996184999999
0.239996186999999
0.239996190999999
0.23999619499999897
0.23999619499999897
0.239996191999999
0.23999617199999898
0.23999614199999897
0.23999612299999898
0.23999608599999897
0.23999605299999896
0.23999601699999898
0.239995975999999
0.23999595699999896
0.23999593599999894
0.23999592299999897
0.23999592099999897
0.23999592099999892
0.23999592199999892
0.23999592599999894
0.23999592999999897
0.23999593099999897
0.23999593199999897
0.23999593199999897
0.23999592599999894
0.23999592399999892
0.23999592799999894
0.23999593199999897
0.23999593399999897
0.23999593599999894
0.23999593999999894
0.23999594399999893
0.23999593899999894
0.2399959329999989
0.2399959059999989
0.23999586199999895
0.2399958349999989
0.2399958059999989
0.23999579199999888
0.2399957909999989
0.23999578899999893
0.23999579199999888
0.2399957959999989
0.23999579899999893
0.2399957949999989
0.2399957989999989
0.2399958029999989
0.2399958069999989
0.2399958109999989
0.23999581499999886
0.2399958179999989
0.2399958219999989
0.2399958219999989
0.23999582499999889
0.23999582899999888
0.23999583299999888
0.23999583699999885
0.23999584099999885
0.23999583899999885
0.23999582599999889
0.23999580799999887
0.23999580399999887
0.23999578299999888
0.23999574099999887
0.23999572599999885
0.23999571899999883
0.2399957179999989
0.23999572099999886
0.23999572499999886
0.23999572899999885
0.23999573299999882
0.23999573499999882
0.23999573599999882
0.23999572899999883
0.23999571499999883
0.23999570499999884
0.23999568799999885
0.2399956349999988
0.2399955659999988
0.23999552999999885
0.23999546699999882
0.2399954089999988
0.23999537799999882
0.2399953379999988
0.2399952789999988
0.23999523599999878
0.2399951899999988
0.23999511199999882
0.23999505599999882
0.23999503399999877
0.2399950329999988
0.2399950369999988
0.2399950409999988
0.2399950429999988
0.23999504599999877
0.2399950499999988
0.2399950529999988
0.2399950569999988
0.23999506099999876
0.2399950639999988
0.23999506799999878
0.23999507099999876
0.23999507399999878
0.23999507799999878
0.23999508199999878
0.23999508599999878
0.23999508999999875
0.2399950919999988
0.23999509599999877
0.23999509799999874
0.23999510199999874
0.23999510599999876
0.23999510899999876
0.23999510799999874
0.23999511199999876
0.2399951159999988
0.23999511999999876
0.23999511999999873
0.23999511599999873
0.23999510899999876
0.23999509999999874
0.23999509499999874
0.23999509699999874
0.23999510099999874
0.2399951049999987
0.2399951079999987
0.23999511199999876
0.23999511399999876
0.2399951159999987
0.2399951199999987
0.23999512399999873
0.23999512799999873
0.2399951309999987
0.2399951349999987
0.23999513899999872
0.23999514199999875
0.23999514599999872
0.23999514999999869
0.2399951509999987
0.2399951529999987
0.2399951569999987
0.23999516099999868
0.23999516299999868
0.23999516299999868
0.2399951579999987
0.23999515399999866
0.23999514399999866
0.2399951329999987
0.23999511699999868
0.23999510199999866
0.2399950889999987
0.2399950829999987
0.23999507299999867
0.23999506099999865
0.23999506199999865
0.23999506299999868
0.23999505599999865
0.23999504599999866
0.23999503199999866
0.23999503599999866
0.23999503999999866
0.23999504399999863
0.23999504799999863
0.23999505199999868
0.23999505599999868
0.23999505499999862
0.23999503899999863
0.23999503099999867
0.23999503499999864
0.2399950389999986
0.2399950379999986
0.23999503399999864
0.23999502799999864
0.23999502299999861
0.23999500499999862
0.23999498999999863
0.23999498499999863
0.23999497899999858
0.23999496799999862
0.23999496999999864
0.2399949739999986
0.2399949779999986
0.2399949819999986
0.23999498499999863
0.2399949789999986
0.23999497399999858
0.2399949599999986
0.2399949059999986
0.23999485799999856
0.23999478199999857
0.2399947179999986
0.23999469299999862
0.2399946819999986
0.2399946799999986
0.2399946809999986
0.2399946839999986
0.23999468799999857
0.23999469199999857
0.23999469599999856
0.23999469999999856
0.23999470399999856
0.23999470699999856
0.23999470999999856
0.23999471099999858
0.23999471299999858
0.23999471399999855
0.23999471799999855
0.23999472199999858
0.23999472599999855
0.23999472999999852
0.23999473399999857
0.23999473699999857
0.23999474099999857
0.23999474499999854
0.23999474899999854
0.23999475299999856
0.2399947569999985
0.2399947609999985
0.23999476499999856
0.23999476899999855
0.2399947659999985
0.2399947699999985
0.23999476999999853
0.23999477399999852
0.23999477799999852
0.23999478199999852
0.23999478599999852
0.23999478999999851
0.2399947939999985
0.23999479799999854
0.2399948019999985
0.2399948059999985
0.2399948099999985
0.23999481399999847
0.2399948159999985
0.2399948139999985
0.23999481299999847
0.23999481599999847
0.23999481999999847
0.2399948239999985
0.23999482799999847
0.23999482899999847
0.23999482699999844
0.2399948249999985
0.2399948259999985
0.23999482299999847
0.23999481799999847
0.23999481499999845
0.23999481899999847
0.23999482299999847
0.23999482699999844
0.23999482899999844
0.23999483199999844
0.23999482699999844
0.23999481699999847
0.23999481299999845
0.23999481599999845
0.23999481799999844
0.23999482199999847
0.23999482599999847
0.23999482799999844
0.23999483199999844
0.23999483299999844
0.23999483299999844
0.23999483699999843
0.23999483999999843
0.23999484399999843
0.23999484799999843
0.23999484899999843
0.23999485199999843
0.23999485399999843
0.23999485799999842
0.23999486199999842
0.23999486599999842
0.2399948699999984
0.23999487199999842
0.23999487599999839
0.23999487999999838
0.2399948839999984
0.2399948879999984
0.2399948919999984
0.2399948919999984
0.2399948809999984
0.2399948739999984
0.23999487799999838
0.23999488199999838
0.23999488599999838
0.23999488999999838
0.23999489399999838
0.23999489799999837
0.23999490199999837
0.2399949049999984
0.2399949089999984
0.23999490899999837
0.23999491199999834
0.23999490899999837
0.23999489199999835
0.23999487299999833
0.23999482099999836
0.2399947649999984
0.23999474499999837
0.23999471699999833
0.23999467199999838
0.23999462499999832
0.23999458799999834
0.23999456799999835
0.23999456099999836
0.23999456499999838
0.2399945689999983
0.2399945709999983
0.23999457499999835
0.23999457899999835
0.23999458299999832
0.23999458199999832
0.23999457599999832
0.23999457799999832
0.23999457899999832
0.23999458199999832
0.23999458099999835
0.23999458399999832
0.2399945759999983
0.23999455899999828
0.23999455999999833
0.23999456199999833
0.2399945659999983
0.23999456999999827
0.2399945739999983
0.23999457799999832
0.23999458099999826
0.23999458299999826
0.2399945779999983
0.2399945729999983
0.23999456699999827
0.23999456099999827
0.2399945649999983
0.2399945689999983
0.23999456899999827
0.2399945729999983
0.2399945749999983
0.2399945739999983
0.23999456199999827
0.23999454799999825
0.2399945509999983
0.23999455099999828
0.23999455299999825
0.23999455699999825
0.23999455999999827
0.23999456199999827
0.23999456599999827
0.23999456899999824
0.23999457299999824
0.23999457699999827
0.23999458099999824
0.23999458199999824
0.23999457699999827
0.23999457999999826
0.23999457799999824
0.23999456699999822
0.23999456299999825
0.23999456699999822
0.2399945709999982
0.2399945719999982
0.23999457499999824
0.23999457799999824
0.2399945819999982
0.2399945859999982
0.23999458999999823
0.23999459299999826
0.23999459599999817
0.23999459999999823
0.23999460399999822
0.23999460599999822
0.2399946009999982
0.23999460499999822
0.2399946089999982
0.2399946089999982
0.2399946059999982
0.2399945929999982
0.2399945829999982
0.23999457999999824
0.23999457499999818
0.2399945689999982
0.2399945679999982
0.23999457199999819
0.23999456899999816
0.23999456199999816
0.2399945479999982
0.23999453899999815
0.23999451999999818
0.23999449399999814
0.23999444099999817
0.23999438399999815
0.23999431099999816
0.23999423899999814
0.23999419799999816
0.23999418499999817
0.23999418299999814
0.23999418599999814
0.23999418999999816
0.23999419399999816
0.23999419799999813
0.23999420199999816
0.23999420499999816
0.23999420899999813
0.23999421299999812
0.23999421599999812
0.23999421999999818
0.23999422399999815
0.23999422799999812
0.23999423199999814
0.2399942359999981
0.23999422799999812
0.23999423099999811
0.2399942349999981
0.23999423899999814
0.2399942429999981
0.2399942469999981
0.23999424999999808
0.2399942449999981
0.2399942329999981
0.2399942239999981
0.2399942139999981
0.2399941939999981
0.2399941779999981
0.2399941729999981
0.23999416699999807
0.2399941519999981
0.2399941289999981
0.23999409999999807
0.2399940679999981
0.23999405099999807
0.23999402999999808
0.23999402099999806
0.23999400899999807
0.23999397999999808
0.23999394399999807
0.23999388399999808
0.2399938029999981
0.2399937579999981
0.23999373299999807
0.23999370799999803
0.23999368199999804
0.23999368299999804
0.23999368699999807
0.23999369099999804
0.23999369399999804
0.23999369799999806
0.23999370199999806
0.23999369999999806
0.23999370399999803
0.23999370399999806
0.23999370499999803
0.23999370899999803
0.23999371099999803
0.23999371499999803
0.23999371499999805
0.23999371699999802
0.23999371499999803
0.239993718999998
0.23999372299999802
0.23999372499999802
0.239993728999998
0.23999373199999804
0.23999372899999802
0.239993731999998
0.239993731999998
0.23999373599999801
0.239993739999998
0.239993743999998
0.23999374799999798
0.23999375199999798
0.239993755999998
0.239993759999998
0.239993759999998
0.23999375199999798
0.23999373899999799
0.239993727999998
0.23999370799999797
0.23999365699999797
0.239993584999998
0.23999349799999795
0.23999342399999796
0.23999332399999798
0.23999326499999796
0.23999323399999795
0.23999322599999795
0.23999322899999798
0.23999323099999798
0.23999323499999797
0.23999323699999794
0.23999322199999795
0.23999318799999794
0.23999315199999796
0.23999310599999793
0.23999306899999795
0.23999304399999796
0.23999299999999796
0.23999292899999794
0.23999285999999792
0.23999278399999793
0.23999266599999794
0.23999252799999793
0.23999239899999794
0.23999230099999797
0.23999222399999792
0.2399921589999979
0.23999209599999793
0.23999208099999794
0.2399920749999979
0.23999206499999792
0.2399920589999979
0.2399920629999979
0.2399920669999979
0.23999207099999792
0.23999207499999792
0.2399920789999979
0.23999208299999789
0.23999208599999786
0.2399920899999979
0.2399920939999979
0.2399920979999979
0.23999210199999788
0.23999210499999787
0.23999210899999787
0.23999211199999787
0.23999211599999784
0.2399921199999979
0.2399921239999979
0.2399921279999979
0.2399921319999979
0.23999213599999789
0.23999213999999788
0.23999214299999785
0.23999214499999785
0.23999214599999788
0.23999213199999786
0.23999208699999786
0.23999208199999786
0.23999208599999786
0.23999208999999785
0.23999209399999785
0.23999209799999785
0.23999210199999785
0.23999210599999785
0.23999210799999784
0.23999211199999784
0.23999211299999787
0.23999210299999782
0.23999209699999782
0.23999209799999782
0.23999210199999785
0.23999210599999782
0.23999210799999782
0.23999210999999782
0.23999211399999784
0.2399921169999978
0.23999211699999778
0.2399921209999978
0.23999212499999784
0.2399921289999978
0.2399921329999978
0.2399921319999978
0.23999211099999782
0.2399920949999978
0.23999208599999777
0.23999205999999776
0.2399920109999978
0.23999195699999779
0.2399919099999978
0.2399918819999978
0.23999187799999777
0.23999188199999777
0.23999188599999774
0.2399918899999978
0.2399918899999978
0.2399918909999978
0.23999189499999776
0.23999189899999776
0.23999190299999776
0.23999190699999776
0.23999191099999775
0.23999191499999775
0.23999191599999778
0.23999190899999776
0.23999190199999773
0.23999190399999776
0.23999190799999778
0.23999190799999776
0.23999191099999775
0.23999191299999773
0.23999190899999776
0.23999190399999776
0.23999189599999773
0.23999188899999774
0.23999187499999775
0.2399918579999977
0.2399918429999977
0.2399918339999977
0.23999183699999777
0.23999183999999776
0.2399918439999977
0.2399918449999977
0.23999184799999773
0.23999185199999773
0.2399918549999977
0.2399918579999977
0.23999186199999772
0.23999186599999772
0.2399918699999977
0.2399918739999977
0.23999187799999772
0.2399918819999977
0.23999188599999768
0.23999188899999768
0.2399918919999977
0.2399918959999977
0.23999189899999765
0.2399919009999977
0.2399919049999977
0.2399919089999977
0.2399919099999977
0.23999191299999767
0.23999191699999767
0.23999192099999767
0.23999192399999766
0.23999192799999766
0.2399919309999977
0.23999193299999766
0.23999193699999766
0.23999193599999769
0.23999193699999768
0.23999194099999765
0.23999194499999765
0.23999194899999765
0.23999195299999768
0.23999195699999765
0.23999196099999762
0.23999196499999764
0.23999196899999764
0.23999197299999764
0.23999197699999764
0.23999197899999763
0.23999198299999766
0.2399919839999976
0.23999198099999763
0.23999198199999763
0.23999198599999763
0.23999198999999763
0.23999199399999763
0.2399919969999976
0.23999200099999762
0.23999200399999762
0.2399920079999976
0.2399920119999976
0.2399920119999976
0.2399920129999976
0.2399920169999976
0.23999202099999759
0.23999202499999764
0.23999202599999755
0.23999202699999755
0.2399920309999976
0.2399920349999976
0.2399920389999976
0.23999204299999757
0.23999203999999758
0.2399920389999976
0.23999204299999757
0.23999204599999757
0.2399920499999976
0.23999205399999757
0.23999205799999757
0.23999206199999756
0.2399920659999976
0.23999206999999756
0.23999207099999756
0.23999205899999754
0.23999206299999754
0.2399920669999976
0.23999206999999756
0.23999207399999756
0.23999207699999756
0.23999208099999755
0.23999208499999755
0.23999208899999752
0.23999209299999752
0.23999209699999755
0.23999210099999754
0.23999210499999754
0.23999210899999754
0.23999211299999754
0.2399921159999975
0.2399921139999975
0.23999211799999753
0.23999211699999756
0.23999212099999756
0.23999212499999747
0.23999212899999753
0.23999213099999753
0.23999213399999753
0.2399921329999975
0.23999213299999753
0.23999213699999752
0.2399921399999975
0.2399921439999975
0.2399921479999975
0.23999214799999752
0.2399921319999975
0.23999211799999748
0.23999210999999748
0.2399920979999975
0.2399920729999975
0.23999206999999748
0.2399920739999975
0.2399920779999975
0.23999208199999747
0.23999208399999747
0.23999208399999747
0.23999206999999748
0.23999205199999746
0.2399920499999975
0.23999205299999746
0.23999205599999748
0.23999205999999748
0.23999206399999748
0.23999206799999745
0.23999207199999745
0.23999207599999745
0.23999207799999744
0.23999207099999745
0.23999206499999748
0.23999205099999746
0.2399920399999974
0.23999201099999742
0.23999198599999744
0.23999194899999743
0.23999193399999744
0.23999191699999745
0.23999189399999746
0.23999187099999741
0.23999185299999742
0.23999182799999744
0.23999180399999745
0.2399917949999974
0.2399917979999974
0.23999180199999742
0.23999180599999745
0.2399918099999974
0.2399918129999974
0.23999181499999742
0.2399918189999974
0.23999182299999738
0.23999182699999738
0.2399918309999974
0.23999183499999743
0.2399918389999974
0.2399918429999974
0.2399918469999974
0.2399918469999974
0.2399918489999974
0.23999185299999737
0.2399918569999974
0.2399918609999974
0.23999186499999736
0.23999186899999736
0.23999187299999739
0.23999187699999738
0.23999188099999735
0.23999188499999735
0.23999188599999735
0.23999188999999738
0.23999189399999735
0.23999189299999732
0.23999189499999737
0.23999189899999737
0.23999189899999737
0.23999190299999734
0.23999190399999737
0.23999190699999737
0.23999190999999734
0.23999190899999728
0.23999191099999734
0.23999191499999736
0.23999191399999734
0.2399919109999973
0.23999191499999734
0.23999191899999733
0.2399919229999973
0.2399919259999973
0.23999192999999733
0.23999193399999733
0.23999193799999732
0.2399919419999973
0.23999193899999732
0.23999193799999732
0.23999194199999732
0.23999194599999732
0.2399919499999973
0.23999195399999732
0.23999195699999729
0.23999196099999728
0.2399919649999973
0.2399919689999973
0.2399919729999973
0.2399919739999973
0.2399919779999973
0.2399919819999973
0.23999197899999727
0.23999197699999728
0.2399919719999973
0.23999197399999728
0.23999197099999728
0.23999197099999725
0.23999197299999728
0.23999197699999728
0.23999198099999725
0.23999198499999724
0.2399919889999973
0.23999199099999727
0.23999198699999724
0.23999197799999722
0.23999198099999727
0.23999198499999727
0.23999198899999727
0.23999199299999724
0.23999199699999724
0.23999199799999724
0.23999199699999724
0.23999198099999722
0.23999195899999726
0.23999194699999724
0.23999194299999724
0.23999194699999724
0.23999195099999723
0.23999195399999723
0.23999195799999723
0.23999195599999723
0.23999195499999723
0.23999195899999723
0.23999195899999723
0.2399919479999972
0.23999193499999721
0.2399919219999972
0.2399919109999972
0.2399919029999972
0.2399918989999972
0.2399918929999972
0.23999189299999718
0.2399918959999972
0.2399918999999972
0.2399919039999972
0.23999190799999717
0.23999191199999717
0.23999191599999722
0.23999191999999717
0.23999192399999716
0.23999192799999716
0.2399919319999972
0.23999193599999719
0.23999193999999716
0.23999194199999718
0.23999194399999718
0.2399919479999972
0.23999195199999718
0.23999195299999718
0.23999194699999718
0.23999194899999718
0.23999195199999715
0.23999195599999718
0.23999195199999715
0.23999195099999715
0.23999195499999715
0.23999195899999717
0.23999196299999712
0.23999196699999714
0.23999197099999714
0.23999197499999717
0.23999197899999714
0.23999198299999716
0.23999198699999716
0.23999199099999713
0.23999199399999713
0.23999199399999713
0.23999199699999713
0.23999200099999712
0.2399920049999971
0.2399920079999971
0.2399920099999971
0.23999201299999712
0.23999200999999712
0.2399920049999971
0.2399920089999971
0.2399920099999971
0.23999200299999712
0.23999200199999712
0.2399919999999971
0.2399919929999971
0.2399919969999971
0.23999200099999712
0.2399919959999971
0.23999197799999708
0.2399919469999971
0.2399919179999971
0.2399918989999971
0.2399918609999971
0.23999182399999708
0.2399917879999971
0.23999176299999705
0.23999172499999707
0.23999169999999706
0.23999168399999707
0.23999167199999707
0.23999166899999705
0.2399916729999971
0.23999167599999707
0.23999167299999707
0.23999164999999703
0.23999162699999707
0.23999160799999705
0.23999158299999704
0.23999156199999702
0.23999155499999705
0.23999154699999703
0.23999154499999703
0.23999154599999703
0.23999154799999706
0.23999155199999705
0.23999155499999705
0.23999155899999705
0.23999156299999702
0.23999156699999702
0.23999156699999702
0.23999156899999702
0.23999156499999702
0.23999155799999702
0.23999154999999703
0.239991550999997
0.23999155199999703
0.23999155599999702
0.23999155899999702
0.23999155799999702
0.239991554999997
0.239991529999997
0.239991506999997
0.23999149299999697
0.23999147699999698
0.239991467999997
0.23999147199999699
0.23999147599999698
0.239991479999997
0.23999148199999698
0.23999148399999698
0.23999148399999698
0.23999148199999698
0.23999148099999698
0.23999148399999695
0.23999148199999698
0.23999147899999698
0.23999147899999695
0.23999147899999695
0.23999146899999696
0.23999146699999696
0.23999146899999696
0.2399914729999969
0.23999147699999696
0.23999147799999695
0.23999148099999695
0.23999148399999695
0.23999148099999695
0.23999147599999696
0.23999146899999693
0.23999145499999697
0.23999144099999695
0.23999144299999695
0.23999144699999692
0.23999144999999691
0.2399914539999969
0.2399914579999969
0.2399914589999969
0.23999146299999694
0.23999146699999693
0.23999147099999693
0.23999147099999693
0.2399914579999969
0.2399914539999969
0.2399914559999969
0.23999145699999694
0.2399914609999969
0.2399914649999969
0.23999146899999693
0.2399914729999969
0.2399914769999969
0.2399914789999969
0.2399914829999969
0.2399914829999969
0.23999147299999687
0.23999145699999688
0.2399914499999969
0.23999144999999686
0.2399914429999969
0.23999143399999687
0.23999140699999688
0.23999138399999687
0.23999136299999688
0.23999134699999686
0.23999131599999685
0.23999129799999686
0.23999128099999686
0.2399912849999969
0.23999128899999686
0.23999129199999686
0.23999129599999686
0.23999129899999685
0.23999130299999683
0.23999130699999682
0.23999131099999688
0.23999131499999682
0.23999131899999684
0.23999132299999684
0.23999132499999684
0.2399913289999968
0.2399913329999968
0.2399913329999968
0.2399913309999968
0.23999133299999684
0.23999133599999684
0.23999133699999683
0.23999134099999683
0.2399913449999968
0.2399913429999968
0.2399913449999968
0.23999134899999683
0.23999135299999683
0.2399913569999968
0.2399913609999968
0.2399913649999968
0.2399913689999968
0.2399913669999968
0.2399913559999968
0.23999134499999678
0.2399913119999968
0.23999128799999678
0.23999127299999679
0.23999125999999676
0.23999125999999676
0.23999126399999676
0.2399912679999968
0.23999127199999679
0.23999127599999678
0.23999127799999678
0.23999127699999678
0.23999126699999676
0.23999126899999676
0.23999126599999676
0.2399912679999968
0.23999127099999673
0.23999127399999676
0.23999127799999675
0.23999128199999675
0.23999127899999673
0.23999124499999674
0.2399912119999968
0.23999120499999674
0.23999119299999674
0.23999118599999672
0.23999118299999675
0.23999118099999675
0.23999117699999675
0.23999116299999673
0.23999116599999673
0.2399911699999967
0.2399911739999967
0.23999117799999675
0.23999117899999672
0.23999117899999675
0.23999118199999672
0.23999118199999675
0.2399911739999967
0.23999116099999673
0.2399911479999967
0.23999112199999673
0.2399911049999967
0.2399911009999967
0.2399910959999967
0.23999109999999668
0.2399911039999967
0.2399911079999967
0.2399911119999967
0.23999111599999667
0.2399911199999967
0.2399911229999967
0.2399911269999967
0.23999112499999672
0.2399911119999967
0.2399910909999967
0.23999103999999669
0.23999098899999666
0.2399909279999967
0.23999088599999668
0.23999082799999666
0.23999077899999668
0.23999071599999666
0.23999063299999665
0.23999057199999665
0.23999049999999666
0.23999044499999667
0.23999041799999662
0.23999040899999666
0.23999040699999666
0.23999041099999663
0.23999041499999663
0.23999041899999662
0.23999041699999663
0.23999040699999666
0.23999040199999663
0.23999038599999664
0.23999035699999663
0.2399903339999966
0.2399902819999966
0.23999026099999662
0.23999024499999663
0.23999021899999662
0.2399901999999966
0.23999019499999663
0.23999019399999663
0.2399901979999966
0.23999020199999663
0.23999020299999663
0.23999018299999658
0.23999016499999662
0.23999016399999662
0.23999016799999656
0.2399901719999966
0.23999017299999661
0.2399901749999966
0.2399901789999966
0.23999018299999658
0.23999018699999658
0.23999019099999658
0.23999019399999658
0.23999019799999657
0.2399901979999966
0.23999019799999657
0.23999019799999657
0.23999018699999658
0.2399901709999966
0.23999015999999657
0.23999015099999657
0.23999015199999654
0.23999015599999654
0.23999015999999654
0.23999016399999656
0.23999016799999656
0.23999017199999656
0.23999017599999656
0.23999017699999656
0.23999017399999656
0.23999017699999656
0.23999017299999656
0.23999017599999656
0.23999017599999653
0.23999015999999654
0.23999013499999652
0.23999010799999657
0.23999007199999653
0.23999004299999654
0.2399899999999965
0.2399899489999965
0.23998990499999653
0.2399898839999965
0.23998987499999652
0.23998987899999652
0.23998988299999652
0.23998988699999652
0.2399898909999965
0.23998989499999648
0.2399898989999965
0.2399899029999965
0.2399899069999965
0.23998991099999648
0.2399899149999965
0.23998991899999653
0.2399899229999965
0.23998992699999647
0.23998993099999652
0.23998993499999652
0.23998993899999646
0.23998994299999646
0.2399899469999965
0.23998995099999648
0.23998995499999648
0.23998995899999648
0.23998996199999648
0.23998996599999645
0.23998996999999644
0.23998997399999644
0.23998996399999648
0.23998994699999648
0.23998993499999646
0.23998992199999644
0.23998991699999647
0.23998991899999647
0.23998991599999647
0.23998989899999645
0.23998987499999647
0.23998987399999647
0.23998987799999644
0.23998988199999644
0.23998988599999643
0.23998988999999643
0.2399898939999964
0.23998989799999643
0.23998989699999643
0.23998989699999645
0.23998990099999643
0.23998990499999645
0.23998990899999642
0.23998991199999642
0.23998991599999642
0.23998991999999642
0.2399899239999964
0.2399899279999964
0.2399899319999964
0.23998993399999644
0.2399899369999964
0.2399899409999964
0.2399899449999964
0.2399899429999964
0.23998992399999639
0.23998987799999638
0.2399898589999964
0.23998984999999637
0.2399898519999964
0.2399898529999964
0.23998985599999637
0.23998985099999637
0.23998984399999637
0.2399898289999964
0.23998981999999638
0.23998981899999638
0.23998981599999636
0.23998981499999636
0.23998981799999636
0.23998982199999636
0.23998982599999635
0.23998982999999638
0.23998983399999635
0.23998983599999635
0.23998983899999635
0.23998984199999637
0.23998984599999634
0.23998984399999634
0.23998984199999635
0.23998983499999632
0.23998981899999633
0.23998979099999634
0.23998975799999636
0.23998971899999635
0.23998968799999632
0.23998965799999633
0.23998965199999633
0.23998964699999636
0.2399896259999963
0.2399896049999963
0.2399895949999963
0.2399895959999963
0.2399895889999963
0.23998958999999634
0.2399895939999963
0.2399895949999963
0.23998959099999628
0.2399895859999963
0.2399895699999963
0.2399895699999963
0.2399895739999963
0.2399895779999963
0.2399895819999963
0.23998957599999632
0.23998957899999626
0.2399895829999963
0.23998958499999629
0.23998958899999628
0.23998959199999625
0.23998959599999625
0.2399895999999963
0.23998960399999628
0.23998960799999625
0.23998961099999627
0.23998960799999627
0.23998960499999628
0.23998960499999622
0.23998959599999625
0.23998958699999628
0.23998957699999623
0.23998956799999627
0.23998956499999624
0.23998954399999628
0.23998950799999624
0.23998946199999624
0.23998941599999626
0.23998939999999624
0.23998938899999628
0.23998937499999623
0.23998934899999624
0.23998928999999622
0.23998922999999625
0.23998914199999621
0.23998905299999623
0.23998894499999623
0.23998885299999623
0.23998876399999622
0.23998866399999622
0.23998861099999622
0.23998859499999622
0.2399885759999962
0.2399885779999962
0.23998858199999623
0.2399885859999962
0.2399885899999962
0.2399885939999962
0.2399885949999962
0.2399885959999962
0.23998859099999617
0.23998857699999618
0.23998854799999617
0.2399885369999962
0.23998853799999617
0.2399885419999962
0.23998854599999617
0.23998854999999616
0.2399885539999962
0.2399885579999962
0.23998856199999616
0.23998856499999618
0.23998856899999618
0.23998857299999615
0.23998857699999615
0.23998857599999615
0.23998857999999615
0.23998858399999615
0.23998858799999614
0.23998858499999615
0.23998857899999615
0.23998855799999613
0.23998853999999617
0.23998852299999615
0.23998850799999616
0.23998848299999614
0.23998846099999613
0.23998841299999615
0.23998840199999613
0.23998840199999613
0.23998840599999613
0.23998840799999613
0.23998841199999613
0.2399884159999961
0.23998841999999612
0.23998842399999612
0.23998842799999615
0.23998843199999612
0.2399884359999961
0.2399884399999961
0.23998844399999608
0.2399884479999961
0.2399884519999961
0.23998845599999613
0.2399884589999961
0.2399884629999961
0.2399884639999961
0.23998845999999607
0.23998846399999607
0.2399884679999961
0.23998847099999612
0.2399884749999961
0.2399884709999961
0.2399884699999961
0.2399884619999961
0.23998844199999608
0.23998843199999606
0.23998842999999606
0.23998843399999606
0.23998843299999606
0.23998842999999606
0.2399884249999961
0.2399884189999961
0.23998841799999604
0.23998842199999604
0.23998842599999604
0.23998842999999606
0.23998842899999606
0.23998841299999607
0.23998837099999604
0.23998833599999608
0.23998831699999604
0.23998831099999604
0.23998830699999604
0.23998829999999605
0.23998829699999605
0.23998829599999605
0.23998829999999602
0.23998830399999604
0.23998830799999604
0.23998831199999604
0.239988315999996
0.23998831799999604
0.23998831299999604
0.23998831199999604
0.239988299999996
0.23998828699999603
0.23998825699999599
0.239988210999996
0.239988156999996
0.239988078999996
0.239987964999996
0.239987889999996
0.23998782399999602
0.23998776899999597
0.23998775299999603
0.23998774899999598
0.23998774599999598
0.23998773799999598
0.239987722999996
0.239987719999996
0.239987717999996
0.239987718999996
0.239987718999996
0.239987722999996
0.23998772699999596
0.239987723999996
0.23998772599999596
0.23998772699999596
0.23998772799999596
0.23998773199999596
0.23998773599999595
0.23998773999999595
0.23998774299999595
0.23998774399999592
0.23998774799999595
0.23998775099999597
0.23998775299999597
0.23998775599999594
0.23998775799999594
0.23998775899999594
0.23998775999999594
0.23998776399999594
0.23998776699999594
0.23998777099999594
0.23998777499999593
0.23998777799999593
0.23998778199999596
0.2399877859999959
0.23998778999999593
0.23998779399999592
0.2399877969999959
0.2399878009999959
0.2399878049999959
0.2399878089999959
0.23998780999999592
0.2399878019999959
0.2399877669999959
0.2399877409999959
0.23998770599999592
0.2399876609999959
0.2399876129999959
0.2399875759999959
0.23998754299999586
0.23998751899999587
0.23998751899999587
0.23998752299999587
0.2399875269999959
0.2399875309999959
0.2399875319999959
0.2399875319999959
0.2399875359999959
0.23998753899999586
0.23998753999999586
0.23998754399999586
0.23998754499999586
0.23998754499999586
0.23998754099999586
0.23998753999999586
0.23998754399999586
0.23998754799999586
0.23998754899999586
0.23998753199999584
0.23998750799999585
0.23998749499999586
0.23998748899999583
0.23998749099999586
0.23998749499999586
0.23998749799999583
0.23998749999999583
0.23998749999999583
0.23998749599999583
0.23998748799999584
0.23998748599999584
0.23998748999999583
0.23998749199999583
0.2399874959999958
0.2399874999999958
0.23998750399999583
0.23998750699999585
0.2399875009999958
0.23998750499999583
0.23998750899999582
0.2399875129999958
0.2399875139999958
0.2399875099999958
0.2399875139999958
0.23998751799999582
0.23998751799999582
0.2399875219999958
0.23998752599999576
0.2399875279999958
0.2399875269999958
0.23998753099999579
0.23998753499999578
0.2399875389999958
0.2399875429999958
0.23998754499999575
0.23998754899999578
0.23998755299999577
0.23998755699999577
0.23998755899999577
0.23998755799999577
0.23998755299999577
0.23998754499999575
0.23998754099999575
0.23998752599999573
0.23998748599999575
0.23998745399999574
0.23998745599999574
0.23998745999999574
0.23998746199999577
0.23998746399999576
0.23998743899999572
0.23998741499999574
0.23998739899999574
0.23998737699999576
0.2399873529999957
0.23998734299999572
0.23998734599999572
0.23998734999999574
0.2399873539999957
0.23998735799999574
0.23998736099999574
0.2399873649999957
0.2399873689999957
0.23998737099999573
0.23998737499999573
0.23998737899999573
0.2399873829999957
0.2399873869999957
0.2399873849999957
0.23998738799999572
0.2399873919999957
0.2399873949999957
0.2399873989999957
0.2399874029999957
0.2399874069999957
0.23998740799999568
0.23998741199999568
0.23998741499999568
0.23998741799999568
0.23998740599999568
0.2399874009999957
0.23998737899999567
0.23998732199999565
0.2399872289999957
0.23998714099999566
0.23998708999999568
0.23998707199999567
0.23998706599999567
0.23998706599999567
0.23998706599999567
0.23998706899999567
0.23998707299999567
0.23998707599999566
0.23998706699999564
0.23998704699999565
0.2399870319999957
0.23998703299999563
0.23998703599999566
0.23998703599999563
0.23998703899999566
0.23998704299999565
0.23998704699999565
0.23998704899999562
0.23998705199999562
0.23998705599999562
0.23998705799999565
0.23998706199999564
0.23998705999999564
0.23998705499999562
0.23998705899999562
0.2399870629999956
0.2399870669999956
0.2399870679999956
0.2399870639999956
0.23998705499999562
0.23998705699999562
0.23998706099999562
0.23998705899999562
0.23998705299999562
0.23998705099999557
0.2399870529999956
0.2399870569999956
0.23998705999999562
0.2399870629999956
0.23998705899999562
0.23998705799999556
0.23998706199999562
0.23998706599999559
0.2399870649999956
0.2399870459999956
0.23998702699999558
0.23998700999999556
0.23998700899999556
0.23998701299999556
0.23998701599999556
0.23998701999999555
0.23998702399999558
0.23998702699999558
0.23998701899999555
0.23998700799999556
0.23998701199999556
0.23998701599999556
0.23998701999999555
0.23998702399999555
0.23998702799999555
0.23998703199999555
0.23998703599999552
0.23998703799999552
0.23998704199999554
0.23998704199999554
0.23998704099999554
0.23998704499999554
0.2399870489999955
0.2399870529999955
0.23998705699999553
0.23998705899999556
0.23998706299999553
0.23998706699999553
0.23998707099999553
0.23998707399999553
0.2399870779999955
0.2399870819999955
0.2399870859999955
0.23998708999999552
0.23998709399999552
0.2399870949999955
0.2399870929999955
0.2399870939999955
0.23998708999999552
0.2399870849999955
0.23998707099999547
0.2399870599999955
0.23998705799999548
0.23998706199999548
0.2399870659999955
0.23998706999999547
0.23998707399999547
0.23998707799999544
0.23998708199999547
0.2399870859999955
0.23998708999999546
0.23998709399999546
0.23998709099999546
0.23998708499999546
0.23998708599999546
0.23998708899999546
0.23998708699999546
0.23998707699999544
0.23998707699999544
0.23998707699999544
0.23998707499999547
0.23998707699999544
0.23998707299999547
0.23998706999999544
0.23998706099999542
0.23998702699999547
0.23998700099999545
0.23998695599999542
0.23998689799999545
0.23998684799999542
0.2399868219999954
0.23998681399999544
0.23998681499999544
0.23998681499999544
0.23998681199999544
0.2399868049999954
0.2399867899999954
0.23998676699999544
0.23998674599999537
0.2399867149999954
0.2399867129999954
0.23998671699999544
0.23998672099999538
0.2399867249999954
0.23998672899999543
0.2399867329999954
0.2399867369999954
0.2399867409999954
0.2399867429999954
0.23998674699999537
0.23998675099999536
0.23998675499999536
0.23998675899999541
0.23998676099999539
0.23998676499999536
0.23998676899999538
0.23998677099999538
0.23998677299999538
0.23998677699999538
0.23998677399999535
0.23998677799999535
0.23998678199999537
0.23998678299999535
0.23998677699999535
0.23998676499999538
0.23998675699999536
0.23998672899999537
0.23998670299999536
0.23998669999999536
0.2399866999999954
0.23998670099999533
0.23998669899999533
0.23998670299999533
0.23998670699999533
0.2399867109999953
0.23998670899999533
0.23998670699999533
0.23998671099999533
0.23998671399999533
0.23998671799999532
0.23998672199999532
0.23998672599999532
0.23998672899999532
0.2399867329999953
0.2399867319999953
0.23998673199999532
0.23998673599999532
0.23998673999999529
0.2399867419999953
0.2399867389999953
0.2399867429999953
0.23998674499999528
0.23998674899999528
0.2399867529999953
0.2399867569999953
0.23998676099999527
0.2399867549999953
0.23998674999999528
0.23998674999999525
0.23998675199999528
0.23998675399999528
0.2399867579999953
0.23998676199999527
0.23998676599999527
0.23998676899999527
0.23998676199999527
0.23998674399999526
0.23998674599999525
0.23998674899999528
0.23998674899999525
0.23998675099999525
0.23998674699999523
0.23998674899999525
0.23998675299999525
0.23998675699999525
0.23998676099999522
0.23998676499999524
0.23998676499999522
0.23998676899999527
0.23998677199999527
0.23998677599999524
0.23998677999999524
0.23998678399999523
0.2399867879999952
0.2399867909999952
0.23998679399999526
0.23998679799999523
0.23998680199999523
0.23998680599999522
0.23998680999999522
0.23998681399999522
0.2399868179999952
0.23998680999999522
0.23998676199999522
0.2399867179999952
0.2399866799999952
0.23998663899999523
0.2399866229999952
0.2399866199999952
0.2399866229999952
0.2399866269999952
0.2399866309999952
0.2399866349999952
0.2399866389999952
0.2399866419999952
0.2399866389999952
0.2399866379999952
0.23998663399999517
0.23998663799999517
0.2399866419999952
0.23998664599999517
0.23998664999999517
0.23998665199999517
0.23998665599999516
0.23998665999999513
0.23998666299999516
0.23998666699999519
0.23998667099999518
0.23998667399999515
0.23998667799999515
0.23998668199999515
0.23998667999999515
0.23998667299999513
0.23998666799999516
0.2399866719999951
0.23998667199999515
0.23998666199999513
0.23998665499999516
0.23998665799999513
0.23998666099999513
0.23998666499999513
0.23998666799999513
0.23998665999999513
0.23998664299999511
0.23998663699999515
0.2399866279999951
0.23998661199999516
0.23998661199999516
0.2399866069999951
0.2399866059999951
0.2399866069999951
0.2399865919999951
0.2399865809999951
0.23998656999999513
0.23998656999999513
0.2399865729999951
0.23998656999999513
0.23998656499999507
0.2399865509999951
0.2399865189999951
0.23998649399999508
0.2399864719999951
0.23998645999999507
0.23998644099999505
0.23998640399999507
0.2399863569999951
0.23998632799999506
0.23998629199999505
0.23998627399999506
0.2399862659999951
0.23998624599999505
0.23998622799999506
0.23998620599999504
0.23998618699999508
0.23998614599999507
0.23998611999999506
0.23998610199999507
0.23998606199999506
0.23998600899999506
0.23998598099999507
0.23998595699999503
0.23998592499999508
0.23998592299999505
0.23998592699999502
0.23998592799999502
0.23998592599999502
0.23998592099999502
0.23998591899999502
0.23998592099999502
0.239985924999995
0.23998592899999505
0.23998593299999504
0.23998593499999502
0.23998593799999504
0.239985941999995
0.239985945999995
0.239985949999995
0.239985951999995
0.23998593599999501
0.23998591999999502
0.23998591299999497
0.239985914999995
0.239985916999995
0.239985920999995
0.239985921999995
0.239985916999995
0.23998591099999497
0.239985895999995
0.23998588699999499
0.23998588799999498
0.239985882999995
0.239985864999995
0.23998583299999496
0.23998578099999499
0.239985748999995
0.239985722999995
0.23998568399999498
0.23998566699999496
0.23998564699999497
0.23998562299999499
0.23998559099999495
0.23998557799999498
0.23998556399999496
0.23998554899999494
0.23998552599999493
0.23998550199999497
0.23998549099999497
0.23998547699999495
0.23998547699999495
0.23998548099999492
0.23998547899999495
0.23998547699999492
0.23998546899999493
0.23998546199999493
0.23998545499999493
0.23998543899999492
0.23998540299999493
0.23998534199999494
0.23998527099999492
0.2399851859999949
0.2399851089999949
0.23998504599999493
0.23998500399999492
0.23998493799999487
0.23998482999999493
0.23998472299999488
0.2399846119999949
0.23998453799999492
0.23998448999999492
0.2399844709999949
0.2399844539999949
0.2399844509999949
0.23998445399999488
0.23998445799999488
0.2399844619999949
0.23998446599999487
0.23998446599999487
0.2399844699999949
0.2399844739999949
0.2399844759999949
0.23998447899999487
0.2399844769999949
0.23998445899999485
0.23998444199999489
0.2399844159999949
0.23998436599999484
0.23998430899999484
0.23998423399999486
0.23998416799999486
0.23998412499999486
0.23998409399999485
0.23998406899999486
0.2399840629999948
0.23998406499999486
0.23998406899999486
0.23998407299999486
0.23998407699999483
0.23998408099999483
0.23998408499999485
0.23998408899999482
0.2399840929999948
0.23998409699999484
0.23998410099999484
0.23998410499999484
0.2399841089999948
0.2399841119999948
0.2399841159999948
0.2399841199999948
0.23998412399999478
0.23998412699999483
0.23998413099999483
0.2399841349999948
0.2399841389999948
0.2399841409999948
0.2399841409999948
0.2399841369999948
0.2399841399999948
0.2399841439999948
0.23998414799999476
0.23998415199999482
0.23998415499999481
0.2399841589999948
0.2399841609999948
0.2399841479999948
0.23998413799999477
0.2399841329999948
0.23998412599999477
0.2399841169999948
0.23998409599999476
0.23998405599999478
0.23998405299999476
0.23998403699999474
0.23998401999999475
0.23998399199999476
0.23998396999999477
0.23998394899999476
0.23998394299999476
0.23998394699999473
0.23998395099999476
0.23998395499999475
0.23998395599999475
0.23998395999999475
0.23998396199999472
0.23998395499999475
0.23998393399999474
0.23998391499999475
0.2399839039999947
0.23998390399999472
0.23998390799999472
0.23998391199999472
0.23998391599999475
0.2399839199999947
0.2399839239999947
0.2399839239999947
0.23998391999999472
0.23998391499999472
0.23998391599999475
0.23998391999999472
0.2399839239999947
0.2399839279999947
0.23998393199999468
0.2399839359999947
0.23998393999999468

Avalanche_Distribution:
4
1
84
1
1
17
388
2
7
1
1
3
2
1
8
284
8
5
2
1
1
8
13
5
2
2
191
1
5
58
10
2
14
13
44
388
26
10
11
364
1
2
5
2
2
507
133
1
149
1
1
1507
18
1
2
14
2
2
1
1
1
3
34
3
33
1
11
7
9
16
1
2
1
19
4
5
6
118
17
50
2
1020
2
326
7
6
20
4
192
9
1
5
52
107
1
2
778
3
1
1
2
2
2
6
44
2
1
1
4
1
1
5
151
46
37
109
1
344
2
3
2
5
3
1
7
4
2
12
18
23
2
33
2
2
7
1
3
1
2
2
30
1
5
399
2
17
3
6
37
1
1
3
38
4
2
40
6
1
2
1
13
29
4
1
2
11
73
441
1
1
1
13
667
1
1
6
7
2
5
7
2
8
5
587
2
1
1263
1
1
1
3
79
2
30
1
3
5
295
7
27
5
114
1
4
1
1
2
3
4
1
3
8
2
13
1
1
7
6
12
1
19
1
1
7
5
3
9
1
106
2
45
5
2
345
1
3
6
1
2
7
4
4
1
5
2
12
1
12
1
3
23
12
2
24
78
1
11
102
1
4
2
13
1
13
1
4
1
1
3
16
16
20
388
168
5
1
6
34
3
120
1
3
15
17
5
22
4
66
1
3
31
3
2
49
209
1
1
2
12
1
3
8
141
21
9
2
2
160
7
119
1
788
277
53
1
1
4
1
8
70
10
10
345
1
78
62
9
1
2
1
116
4
71
3
1
307
17
3
41
11
2
1
1146
4
80
1
5
230
2
1
11
1
69
36
174
680
5
9
2
4
4
1
3
1
1
6
1
1
1
334
4
3
4
3
17
81
3
30
2
11
11
4
4
3
2
137
2
148
1
2
7
1
3
1
397
1
60
1
5
3
2
15
26
22
2
2
13
77
1
28
2
9
2
1
10
58
20
1
25
9
16
289
3
134
2
2
2
2
7
114
9
12
1
1
9
2
7
2
25
2
36
1
6
10
4
1
1
1
227
21
2
1
1
26
30
1
95
56
759
3
21
2
3
55
2
55
489
1119
4
2
466
1
1
1
2
13
1
1
140
135
3
80
24
