
Branching_global:
3.9960000000000015e-09
3.894139999999996e-07
7.385929999999981e-07
1.0302120000000017e-06
1.324441000000008e-06
1.610994000000011e-06
1.8239760000000036e-06
2.0303269999999974e-06
2.235581999999991e-06
2.457590999999985e-06

Autocorrelation:
-5.1711730745747394e-05
-6.775699969433275e-05
-7.082895970310337e-05
-7.253869348141075e-05
-7.388514661085434e-05
-7.497005408433481e-05
-7.567449534166774e-05
-7.62932835312494e-05
-7.685799025953874e-05
-7.742137904648377e-05

Average_Activity:
0.5
1.5
0.75
0.5
0.5
1.5
0.75
0.75
2.0
1.0
1.5
0.75
0.5
0.5
0.25
0.75
0.5
0.5
1.25
1.5
0.75
0.75
0.0
0.75
0.75
0.75
0.5
0.5
0.5
0.75
0.5
1.0
1.25
0.75
1.0
1.75
0.0
0.5
0.75
1.5
0.5
1.5
1.25
1.0
1.25
1.0
1.25
0.25
1.0
0.25
1.0
1.75
1.75
0.5
1.25
0.25
1.25
1.25
0.75
1.5
1.5
1.25
1.75
2.0
1.0
0.5
0.5
1.0
1.0
0.75
1.75
2.0
1.0
2.0
0.75
0.75
1.5
0.0
1.5
0.5
0.75
0.5
1.0
0.75
0.5
1.0
0.25
1.0
0.25
0.75
1.0
1.5
1.5
2.0
0.5
1.0
0.75
1.5
0.0
0.75
0.75
1.0
1.0
0.75
0.75
0.75
0.5
1.25
0.5
0.75
0.75
1.5
1.0
1.0
0.0
1.75
1.0
1.0
0.75
1.5
0.75
1.0
0.5
1.0
1.0
0.5
0.25
1.0
0.25
1.75
0.5
1.75
1.25
1.25
0.5
0.25
0.75
0.75
0.75
0.0
1.75
1.25
1.25
1.0
1.25
0.5
1.0
1.25
0.75
1.25
1.5
1.25
0.5
1.5
1.0
1.25
1.0
0.25
0.75
0.5
1.25
0.25
0.25
0.5
0.5
0.5
2.25
0.25
1.0
0.75
1.0
0.75
0.0
0.75
0.5
1.25
1.25
1.0
1.25
1.25
2.0
0.25
0.25
0.25
1.0
1.25
1.75
0.75
0.75
1.0
0.25
0.25
0.25
1.75
1.5
1.25
1.0
0.5
0.5
1.0
2.0
0.25
0.0
1.25
0.5
0.5
0.25
1.0
1.0
0.75
0.75
0.5
1.0
0.25
0.5
1.0
0.5
0.75
1.0
2.5
1.25
0.5
1.0
1.5
1.25
0.75
1.25
1.75
0.0
0.75
0.25
1.25
1.0
0.25
1.5
0.5
0.0
0.75
0.75
0.0
0.75
1.25
0.25
1.0
1.25
1.5
0.75
0.5
0.5
0.5

Average_Alpha:
9.980000000000005e-10
4.978000000000001e-09
8.953e-09
1.293e-08
1.6901e-08
2.078199999999999e-08
2.471099999999999e-08
2.8627999999999997e-08
3.2377999999999994e-08
3.623300000000002e-08
3.999300000000001e-08
4.3860000000000023e-08
4.776600000000005e-08
5.166300000000005e-08
5.560800000000005e-08
5.943300000000004e-08
6.330800000000003e-08
6.717400000000002e-08
7.081799999999999e-08
7.4367e-08
7.812699999999997e-08
8.187799999999996e-08
8.587799999999993e-08
8.960499999999992e-08
9.335299999999991e-08
9.706999999999992e-08
1.0086199999999986e-07
1.0464599999999988e-07
1.0842199999999982e-07
1.1207399999999984e-07
1.1583399999999982e-07
1.1933699999999982e-07
1.2270999999999978e-07
1.2631299999999982e-07
1.2977499999999974e-07
1.3284099999999975e-07
1.3684099999999974e-07
1.4055399999999974e-07
1.4419199999999968e-07
1.4729899999999968e-07
1.5107999999999968e-07
1.5409899999999966e-07
1.5732999999999962e-07
1.6064599999999962e-07
1.6376699999999967e-07
1.6705299999999964e-07
1.7013099999999958e-07
1.7405599999999953e-07
1.7728899999999957e-07
1.8119999999999958e-07
1.8443699999999952e-07
1.870149999999995e-07
1.8955499999999953e-07
1.931309999999995e-07
1.9605599999999946e-07
1.9983799999999944e-07
2.0290899999999948e-07
2.0579299999999947e-07
2.0952899999999941e-07
2.1215199999999937e-07
2.152579999999995e-07
2.1803699999999948e-07
2.2085699999999966e-07
2.2301399999999962e-07
2.261129999999998e-07
2.2959699999999972e-07
2.3307299999999993e-07
2.360619999999999e-07
2.3897400000000003e-07
2.4238400000000003e-07
2.450350000000002e-07
2.469990000000002e-07
2.5008200000000035e-07
2.5174800000000033e-07
2.548610000000005e-07
2.5847800000000044e-07
2.609250000000006e-07
2.649250000000006e-07
2.675320000000007e-07
2.708990000000008e-07
2.739370000000008e-07
2.7750300000000087e-07
2.80438000000001e-07
2.83534000000001e-07
2.8693100000000113e-07
2.8957600000000114e-07
2.9323100000000123e-07
2.9584400000000126e-07
2.994940000000013e-07
3.0243200000000137e-07
3.049960000000015e-07
3.0725600000000154e-07
3.094040000000015e-07
3.1149100000000155e-07
3.1474100000000175e-07
3.1722100000000175e-07
3.2007100000000175e-07
3.220860000000018e-07
3.2608600000000204e-07
3.28900000000002e-07
3.31702000000002e-07
3.344370000000021e-07
3.372730000000022e-07
3.401730000000023e-07
3.4328100000000224e-07
3.460530000000023e-07
3.492060000000024e-07
3.511430000000025e-07
3.542800000000025e-07
3.5755800000000257e-07
3.605680000000027e-07
3.6253700000000274e-07
3.648620000000027e-07
3.673790000000028e-07
3.7137900000000297e-07
3.7382600000000297e-07
3.764590000000029e-07
3.79139000000003e-07
3.8209300000000316e-07
3.835940000000032e-07
3.86711000000003e-07
3.892290000000031e-07
3.922780000000029e-07
3.952500000000029e-07
3.9772200000000275e-07
4.0072100000000273e-07
4.046440000000026e-07
4.070290000000026e-07
4.1051900000000246e-07
4.1091400000000246e-07
4.1405300000000234e-07
4.147770000000023e-07
4.1613900000000216e-07
4.1817100000000214e-07
4.2110100000000197e-07
4.24842000000002e-07
4.2770800000000186e-07
4.3006500000000186e-07
4.3312700000000173e-07
4.3712700000000177e-07
4.376660000000016e-07
4.393370000000016e-07
4.4133300000000145e-07
4.4395500000000146e-07
4.4624100000000125e-07
4.493750000000013e-07
4.510400000000011e-07
4.526230000000012e-07
4.5486600000000105e-07
4.5653300000000106e-07
4.570730000000009e-07
4.591850000000009e-07
4.6232500000000075e-07
4.639540000000008e-07
4.654900000000006e-07
4.670520000000007e-07
4.6890900000000054e-07
4.722820000000005e-07
4.7438900000000034e-07
4.776430000000003e-07
4.796520000000002e-07
4.830090000000003e-07
4.868200000000001e-07
4.903410000000002e-07
4.93032e-07
4.96167e-07
4.959299999999999e-07
4.992639999999999e-07
5.021649999999997e-07
5.045229999999998e-07
5.064809999999996e-07
5.090809999999995e-07
5.130809999999995e-07
5.150059999999995e-07
5.176169999999994e-07
5.187879999999994e-07
5.198449999999992e-07
5.220199999999993e-07
5.234969999999991e-07
5.243579999999991e-07
5.24317999999999e-07
5.27593999999999e-07
5.313129999999989e-07
5.345819999999987e-07
5.360239999999987e-07
5.369399999999988e-07
5.366699999999986e-07
5.394899999999985e-07
5.418099999999985e-07
5.430739999999985e-07
5.466929999999984e-07
5.502269999999984e-07
5.534579999999982e-07
5.530659999999983e-07
5.54252999999998e-07
5.55724999999998e-07
5.579399999999979e-07
5.60881999999998e-07
5.639169999999977e-07
5.671339999999978e-07
5.666769999999977e-07
5.701509999999977e-07
5.741509999999975e-07
5.747679999999975e-07
5.785899999999975e-07
5.809529999999975e-07
5.843939999999973e-07
5.850839999999974e-07
5.858749999999972e-07
5.877689999999974e-07
5.892509999999973e-07
5.91564999999997e-07
5.94410999999997e-07
5.97933999999997e-07
6.002199999999969e-07
6.009869999999968e-07
6.039389999999967e-07
6.061049999999968e-07
6.077309999999965e-07
6.055929999999966e-07
6.066599999999966e-07
6.094439999999965e-07
6.101299999999965e-07
6.097629999999965e-07
6.098479999999964e-07
6.117579999999963e-07
6.118349999999963e-07
6.140499999999962e-07
6.18049999999996e-07
6.198709999999962e-07
6.229529999999961e-07
6.235929999999959e-07
6.24721999999996e-07
6.277889999999959e-07
6.27875999999996e-07
6.306049999999957e-07
6.346049999999956e-07
6.375889999999957e-07
6.396309999999957e-07
6.436309999999956e-07
6.447509999999957e-07
6.45660999999996e-07
6.486939999999961e-07
6.489449999999961e-07
6.493069999999962e-07
6.489099999999965e-07
6.514049999999963e-07
6.537169999999967e-07
6.557319999999968e-07
6.581209999999969e-07

Avalanche_Distribution:
8
3
2
2
6
3
1
11
4
5
1
3
1
2
1
3
2
2
5
6
3
2
1
3
3
1
2
1
1
1
1
1
2
2
1
2
3
5
1
5
1
2
5
1
3
3
4
2
7
6
2
8
1
5
1
4
1
11
7
2
4
2
4
3
3
1
2
12
20
4
2
2
4
7
6
9
13
5
6
2
4
2
3
2
3
1
3
2
4
4
2
3
3
7
15
1
4
3
6
2
3
4
3
2
3
2
3
1
2
3
2
2
1
3
2
7
7
5
10
3
9
3
3
3
5
2
1
4
1
7
1
11
5
2
2
1
1
2
3
3
1
6
1
4
7
3
4
2
2
9
1
15
1
6
3
8
2
2
1
3
7
1
1
4
2
10
2
5
4
3
2
3
2
6
2
6
6
10
1
1
1
1
3
5
10
3
4
1
1
4
11
6
4
2
4
8
1
3
2
1
3
3
2
4
3
3
1
1
3
1
1
6
4
1
14
3
3
1
10
5
3
5
7
1
3
9
9
1
2
3
1
7
1
4
5
9
1
1
2
2
1
