
Branching_global:
4.000000000000002e-09
3.8727099999999966e-07
7.598929999999979e-07
1.1207340000000023e-06
1.47183400000001e-06
1.8237480000000138e-06
2.2259800000000028e-06
2.5670439999999916e-06
2.9477769999999805e-06
3.27923299999997e-06

Autocorrelation:
-5.1714406325215776e-05
-6.773167440999414e-05
-7.097187651269848e-05
-7.298456731820004e-05
-7.446570124516438e-05
-7.56737794656212e-05
-7.683257234981483e-05
-7.768344538112534e-05
-7.852708794774846e-05
-7.918972437726591e-05

Average_Activity:
0.0
1.0
2.0
0.75
1.75
2.25
1.0
1.25
1.0
0.75
1.25
1.5
0.5
1.25
1.0
0.5
0.0
2.25
1.75
0.5
1.25
1.0
1.5
0.75
0.75
1.25
1.5
2.0
1.0
0.5
2.0
0.75
1.0
1.0
0.0
1.25
1.0
0.75
0.75
0.5
0.5
1.25
0.75
1.0
1.25
0.75
0.25
0.75
0.75
0.75
0.5
0.75
0.75
1.25
1.0
0.5
0.25
1.5
1.25
1.25
2.0
0.75
1.0
2.0
1.5
0.5
1.25
1.0
1.25
1.25
0.75
0.75
0.5
1.75
1.0
1.0
0.5
1.25
0.25
1.25
1.0
0.5
0.75
1.75
1.0
1.25
0.5
2.5
2.0
0.25
1.0
0.5
0.25
1.25
1.25
0.5
1.0
1.5
1.0
0.5
0.25
1.0
1.0
1.25
1.75
2.0
0.5
1.25
1.5
1.75
0.75
1.5
1.0
1.5
1.0
1.0
1.0
1.25
0.75
1.25
1.0
1.25
0.5
1.0
0.75
0.75
1.0
1.0
0.25
1.0
0.5
0.25
1.25
1.25
1.75
2.0
0.5
1.5
1.75
1.5
0.5
1.0
1.75
1.0
1.25
0.0
1.25
1.25
1.25
1.0
0.25
1.25
0.75
1.0
1.0
0.5
1.0
1.5
0.5
1.0
0.75
1.0
0.5
0.75
0.5
0.75
0.5
1.25
1.0
0.0
0.75
0.75
1.0
0.75
1.25
0.75
0.5
0.25
1.75
1.0
2.0
1.5
0.75
1.5
0.25
0.25
0.75
1.5
3.25
0.75
1.0
1.0
1.25
1.75
0.5
0.25
1.25
1.25
0.5
2.75
0.25
2.25
1.5
1.5
1.0
2.0
0.5
1.0
0.5
1.0
0.75
1.25
1.75
1.5
1.25
1.25
1.25
0.5
0.75
1.0
2.0
0.75
0.75
0.25
0.5
1.0
1.5
0.5
1.5
1.0
0.75
0.5
1.25
1.5
0.5
0.25
1.25
0.75
0.5
0.75
1.0
1.25
1.25
1.75
0.75
1.75
0.75
0.5
1.0
0.75

Average_Alpha:
1.0000000000000005e-09
4.988000000000001e-09
8.929e-09
1.2891999999999999e-08
1.6788e-08
2.0645999999999992e-08
2.4573999999999986e-08
2.8437e-08
3.2313e-08
3.6206000000000013e-08
4.0049000000000023e-08
4.3822000000000013e-08
4.7728000000000055e-08
5.152900000000006e-08
5.540200000000005e-08
5.928300000000004e-08
6.328300000000002e-08
6.688000000000001e-08
7.051199999999999e-08
7.435799999999998e-08
7.806599999999995e-08
8.186399999999996e-08
8.546999999999993e-08
8.932199999999994e-08
9.305799999999989e-08
9.690399999999993e-08
1.0061499999999986e-07
1.0424499999999989e-07
1.0803899999999982e-07
1.1180599999999986e-07
1.1538099999999981e-07
1.1928799999999982e-07
1.2298399999999977e-07
1.2659099999999979e-07
1.3059099999999972e-07
1.3412799999999973e-07
1.3791099999999973e-07
1.416759999999997e-07
1.454009999999997e-07
1.493109999999997e-07
1.5312099999999972e-07
1.5666599999999966e-07
1.602809999999996e-07
1.6405199999999962e-07
1.6750999999999963e-07
1.7123099999999964e-07
1.7504899999999954e-07
1.7873799999999952e-07
1.824469999999996e-07
1.8603599999999956e-07
1.896909999999995e-07
1.9349399999999947e-07
1.9729599999999952e-07
2.008189999999995e-07
2.0443499999999943e-07
2.0826499999999938e-07
2.1221999999999947e-07
2.1574299999999945e-07
2.192019999999994e-07
2.2270299999999932e-07
2.2587099999999944e-07
2.2970299999999945e-07
2.332729999999996e-07
2.3667999999999958e-07
2.401059999999998e-07
2.439839999999998e-07
2.473769999999999e-07
2.5102799999999994e-07
2.5472000000000005e-07
2.581720000000001e-07
2.618240000000002e-07
2.655190000000003e-07
2.6937200000000036e-07
2.7281300000000037e-07
2.765720000000006e-07
2.797320000000006e-07
2.8330000000000064e-07
2.868300000000007e-07
2.907900000000009e-07
2.9429400000000093e-07
2.98099000000001e-07
3.018370000000011e-07
3.0572100000000126e-07
3.090440000000013e-07
3.128100000000013e-07
3.164070000000014e-07
3.2033000000000155e-07
3.235850000000016e-07
3.270160000000016e-07
3.309690000000017e-07
3.3429100000000184e-07
3.3825100000000193e-07
3.42221000000002e-07
3.45676000000002e-07
3.492040000000022e-07
3.5314600000000223e-07
3.563290000000022e-07
3.598390000000023e-07
3.6287500000000254e-07
3.6663000000000264e-07
3.7057200000000256e-07
3.742480000000027e-07
3.779270000000028e-07
3.807000000000029e-07
3.8433700000000284e-07
3.87693000000003e-07
3.916400000000031e-07
3.9509500000000323e-07
3.9893800000000317e-07
4.022080000000033e-07
4.060320000000035e-07
4.093680000000036e-07
4.131190000000035e-07
4.161670000000036e-07
4.1988400000000384e-07
4.2362600000000385e-07
4.2714100000000384e-07
4.3079600000000393e-07
4.3440700000000414e-07
4.377400000000043e-07
4.41539000000004e-07
4.45093000000004e-07
4.4893800000000375e-07
4.527390000000038e-07
4.5661800000000357e-07
4.6024900000000363e-07
4.6397300000000336e-07
4.6751300000000335e-07
4.714720000000031e-07
4.742900000000031e-07
4.782380000000029e-07
4.822170000000029e-07
4.856380000000027e-07
4.890550000000027e-07
4.921410000000024e-07
4.957660000000025e-07
4.995640000000022e-07
5.028910000000023e-07
5.063890000000021e-07
5.095810000000019e-07
5.134940000000018e-07
5.173560000000018e-07
5.204780000000018e-07
5.239740000000015e-07
5.276080000000014e-07
5.316080000000013e-07
5.351610000000012e-07
5.386350000000011e-07
5.421620000000008e-07
5.457730000000009e-07
5.497480000000007e-07
5.533210000000005e-07
5.568570000000004e-07
5.605750000000005e-07
5.642780000000003e-07
5.681760000000001e-07
5.716410000000001e-07
5.750800000000001e-07
5.78835e-07
5.824619999999997e-07
5.862469999999996e-07
5.899929999999997e-07
5.937929999999995e-07
5.975759999999992e-07
6.013599999999992e-07
6.052489999999992e-07
6.091819999999991e-07
6.126309999999989e-07
6.164049999999987e-07
6.204049999999988e-07
6.239539999999987e-07
6.277049999999984e-07
6.310779999999982e-07
6.345149999999983e-07
6.377719999999981e-07
6.416619999999978e-07
6.454189999999979e-07
6.493549999999979e-07
6.520959999999978e-07
6.558299999999975e-07
6.595029999999972e-07
6.630349999999975e-07
6.665809999999974e-07
6.697279999999971e-07
6.73724999999997e-07
6.775809999999971e-07
6.811029999999969e-07
6.839609999999966e-07
6.864059999999966e-07
6.896299999999965e-07
6.932069999999965e-07
6.966639999999961e-07
7.00462999999996e-07
7.040089999999961e-07
7.079399999999961e-07
7.116029999999956e-07
7.150489999999956e-07
7.188479999999957e-07
7.228369999999957e-07
7.261069999999951e-07
7.300779999999952e-07
7.333619999999952e-07
7.368529999999952e-07
7.399029999999948e-07
7.433909999999947e-07
7.467129999999947e-07
7.505169999999948e-07
7.543869999999943e-07
7.583249999999943e-07
7.618119999999944e-07
7.652229999999944e-07
7.688409999999939e-07
7.723279999999938e-07
7.754629999999939e-07
7.791619999999939e-07
7.823839999999933e-07
7.862399999999934e-07
7.901629999999934e-07
7.940819999999935e-07
7.97605999999993e-07
8.00952999999993e-07
8.04752999999993e-07
8.083799999999931e-07
8.123319999999925e-07
8.160139999999926e-07
8.195669999999926e-07
8.232329999999926e-07
8.26887999999992e-07
8.304289999999921e-07
8.340049999999921e-07
8.373189999999921e-07
8.411589999999916e-07
8.447589999999916e-07
8.483619999999918e-07
8.521609999999917e-07
8.560049999999911e-07
8.593039999999912e-07
8.628799999999912e-07
8.666549999999912e-07
8.702769999999916e-07
8.73776999999991e-07
8.775189999999921e-07
8.810279999999915e-07
8.842309999999926e-07
8.880899999999921e-07
8.914609999999932e-07
8.951399999999926e-07
8.990699999999937e-07
9.027039999999931e-07
9.064349999999943e-07

Avalanche_Distribution:
3
1
8
1
2
18
2
5
2
2
3
2
10
1
9
1
1
16
6
1
4
2
6
2
7
14
4
10
3
4
3
1
3
6
6
4
7
5
2
3
4
3
3
3
2
3
4
6
3
1
1
9
16
2
1
8
9
1
1
4
3
5
2
8
2
1
1
8
4
4
1
1
5
1
9
1
1
3
10
1
4
1
2
18
5
1
1
1
10
2
10
1
3
2
1
1
3
4
5
5
4
6
1
1
9
9
3
8
3
8
3
2
4
3
5
7
4
5
7
1
2
4
2
2
1
4
2
1
10
15
2
13
6
4
13
5
10
5
2
2
1
1
4
6
1
2
2
3
9
1
1
3
4
2
2
2
3
2
1
4
9
3
5
3
5
3
2
2
8
2
16
1
2
6
1
2
2
19
2
5
17
1
4
2
7
11
1
21
1
11
2
3
1
2
4
24
7
5
2
1
4
2
8
6
2
5
6
2
10
3
2
11
1
1
2
4
3
2
1
2
4
2
3
5
10
7
3
6
3
