
Branching_global:
1.0000461800004392
0.9834761800004435
0.9565461800004476
0.9538761800004513
0.9446261800004554
0.9445261800004594
0.9462461800004633
0.9455761800004673
0.9457861800004714
0.9459561800004753
0.9236261800004794
0.9253861800004833
0.9242161800004873
0.9124761800004914
0.9094261800004954
0.9031061800004994
0.9051761800005034
0.9070861800005073
0.9092461800005113
0.9093561800005153
0.9048261800005192
0.8941561800005232
0.8933461800005272
0.8964561800005313
0.8960461800005353
0.8969261800005393
0.8999561800005433
0.9026461800005472
0.9033061800005512
0.9033361800005553
0.9078361800005592
0.9090961800005634
0.8939561800005672
0.8923461800005713
0.8947661800005752
0.8904961800005792
0.8887761800005832
0.8897561800005872
0.8952161800005913
0.8953061800005951
0.8983261800005992
0.9008161800006033
0.9002461800006072
0.9035261800006111
0.9050561800006152
0.9098661800006191
0.9103361800006232
0.9080361800006271
0.9110961800006312
0.9114661800006352
0.9060361800006392
0.9063461800006433
0.9114461800006473
0.9132461800006513
0.9149561800006552
0.9166761800006592
0.9160961800006632
0.9211861800006671
0.9172161800006711
0.9092961800006752
0.9086961800006792
0.9011961800006831
0.8979661800006872
0.9000061800006911
0.9048161800006951
0.9034061800006992
0.9079461800007032
0.9032561800007072
0.9019061800007112
0.9001661800007151
0.9031561800007192
0.908136180000723
0.9049261800007271
0.8999861800007312
0.9042061800007352
0.904146180000739
0.9060161800007431
0.912776180000747
0.910816180000751
0.909666180000755
0.911576180000759
0.920356180000763
0.911756180000767
0.9103961800007709
0.9164561800007748
0.9184361800007789
0.916476180000783
0.9131561800007869
0.9162861800007909
0.9162461800007949
0.9150061800007989
0.919476180000803
0.9179661800008069
0.9167361800008109
0.9112961800008149
0.9154961800008189
0.9167061800008228
0.9182961800008268
0.9211361800008308
0.921306180000835

Autocorrelation:
21.65489563255607
-0.06001730513889819
-0.022509234429877054
-0.021176836483139852
-0.017554328660044367
-0.017521765608066592
-0.018098724887004522
-0.017869644268039633
-0.017940836588369032
-0.01799887358725043
-0.012586872026331634
-0.01289588152657884
-0.01268886202711885
-0.010917829383871683
-0.01053280734789491
-0.009812084197967435
-0.010037572622262738
-0.010254536374807065
-0.010510892836874109
-0.01052427470404741
-0.009998758151530592
-0.008938561781390339
-0.008866732803271092
-0.00914863982726774
-0.00911051100498307
-0.00919272124881401
-0.009486837445181528
-0.009763276703943726
-0.009833449560073152
-0.009836661982906093
-0.01034218834963085
-0.010492696987251828
-0.008920724323834086
-0.008779544344924187
-0.008993384321534107
-0.008622438970696448
-0.00848105628727304
-0.008561071471988814
-0.009034235853229993
-0.009042448255478076
-0.009326440091487996
-0.009573586709032819
-0.009515923113963662
-0.009857053681212435
-0.01002423259388797
-0.010586744343441002
-0.010644943134248621
-0.010365803465906865
-0.010740352818569809
-0.010787394674260712
-0.010134172392768724
-0.010169427876313175
-0.010784841828654038
-0.011019308495597915
-0.011251238338467352
-0.011494120907718659
-0.011411106590471815
-0.0121812897522876
-0.01157245506781265
-0.010516971483324774
-0.010444466780427786
-0.00961239837363666
-0.009291705131459209
-0.009491840191196659
-0.009997653357362912
-0.009844165389133745
-0.010355163975426209
-0.009828099945415636
-0.009685719926308468
-0.009507882619958122
-0.009817417272911013
-0.010377649552575849
-0.010009818864641426
-0.009489838493139665
-0.00993069670913075
-0.009924156802848366
-0.010131905825156514
-0.010957153810335048
-0.010705012839439238
-0.010562162441779353
-0.010801455952085625
-0.012048986597752873
-0.010824540875927375
-0.010652416678802417
-0.011462497122248026
-0.011753248595403491
-0.011465365132388775
-0.011007354493160442
-0.011438174328816737
-0.011432465658647587
-0.011258160242835944
-0.011911690445041354
-0.01168296225740948
-0.011502774560426872
-0.01076573215285152
-0.011326428087368312
-0.011498446176715093
-0.011732227731475786
-0.012173240901694544
-0.01220064869984665

Average_Activity:
0.0
0.0
1.0
1.75
2.25
2.75
3.75
3.25
1.75
0.5
0.0
0.0
0.25
2.0
0.75
1.25
1.5
0.25
4.25
11.25
16.5
18.5
12.25
10.25
12.5
17.0
32.5
35.5
29.25
30.0
22.25
16.5
13.0
4.0
0.25
0.0
0.0
0.25
3.5
3.25
0.5
0.0
0.0
0.25
0.0
0.0
0.0
0.0
0.0
0.25
0.0
0.0
0.5
1.25
5.25
9.25
7.75
6.0
3.0
1.5
0.0
0.0
0.0
0.0
1.0
2.5
1.5
0.25
2.75
0.25
0.0
0.0
0.0
0.0
1.25
2.5
6.75
10.5
10.0
7.5
3.0
3.75
2.0
3.25
1.5
3.25
6.75
6.75
3.25
3.5
3.5
2.75
2.5
1.0
0.0
0.0
0.0
0.0
0.0
0.0
0.0
0.0
0.0
0.25
2.5
3.5
5.25
6.5
4.75
6.5
0.0
0.0
0.0
0.0
0.25
0.0
0.0
0.0
2.0
0.25
0.0
0.75
0.0
0.0
0.0
0.0
0.25
0.5
0.25
1.75
0.75
0.25
1.25
0.5
0.0
0.0
0.25
0.0
0.0
1.25
2.25
0.0
0.0
0.25
0.0
0.0
0.25
0.0
0.0
0.0
0.25
0.0
0.0
0.0
1.75
0.0
1.0
0.75
1.0
1.75
0.25
0.0
1.25
1.75
1.75
3.0
6.25
1.0
1.0
3.0
3.75
3.0
1.25
0.0
0.0
0.0
0.0
0.0
0.0
0.0
0.0
0.0
0.5
3.0
3.5
2.75
0.0
0.0
0.0
0.0
0.0
0.0
1.5
1.5
0.25
0.0
0.25
0.0
0.25
1.75
2.75
2.0
0.5
1.75
0.0
0.0
0.0
0.0
0.5
1.5
2.5
1.25
0.75
0.75
0.75
2.0
1.5
5.25
2.5
2.0
2.25
1.0
0.5
0.75
0.25
2.5
5.5
5.0
4.75
7.5
12.5
12.0
15.5
18.5
25.0
18.0
12.0
1.25
0.0
0.0
0.0
0.0
0.0
0.0
0.25
0.0
0.0
0.0
3.0
6.25
1.5
4.25
1.5
0.25
0.25
2.75
3.75
1.0
0.0
0.5
0.25
0.0
0.0
1.0
0.25
0.0
0.25
0.75
0.0
0.0
0.0
2.5
2.5
0.25
2.0
2.75
1.5
2.25
2.5
3.5
0.5
0.25
0.0
0.0
0.5
0.25
6.0
3.5
3.75
0.25
0.0
0.0
0.0
0.25
0.0
0.0
0.0
0.25
0.0
0.0
0.75
0.25
0.0
0.0
0.0
0.0
0.0
0.25
0.0
0.0
0.0
0.0
0.0
0.5
0.5
2.75
4.5
11.5
13.75
14.25
11.5
6.0
4.75
6.75
19.5
10.0
4.75
2.25
0.75
0.0
0.0
0.0
1.0
3.5
1.25
0.25
0.0
0.0
0.0
0.0
2.0
1.0
1.5
3.25
3.5
3.0
2.25
0.0
0.5
0.0
0.0
0.25
4.25
2.0
0.75
0.25
3.0
4.25
5.0
3.75
4.25
7.75
6.0
4.5
5.0
3.75
2.25
1.5
0.0
0.25
0.0
0.0
0.0
1.25
1.75
0.5
0.0
0.0
0.0
0.0
0.0
0.0
0.0
0.0
0.75
1.0
1.0
0.0
0.0
0.0
0.0
1.5
1.75
1.75
4.25
4.5
1.0
0.75
0.0
0.0
0.0
0.0
0.75
0.0
0.0
0.0
0.25
0.0
0.0
0.0
0.5
0.5
1.25
1.75
0.0
0.0
0.0
1.0
0.75
0.25
0.0
0.0
0.25
2.5
1.25
0.0
0.0
0.25
1.0
0.25
0.0
0.5
0.5
0.75
0.25
0.25
1.0
1.0
0.0
0.0
0.0
0.0
0.0
0.5
0.5
0.0
0.75
2.25
0.0
0.0
0.0
0.0
0.0
0.0
0.5
3.75
4.25
1.5
2.75
4.0
2.75
1.25
1.0
0.0
0.0
2.25
5.5
2.75
0.5
0.25
1.5
0.0
0.0
0.5
0.5
0.0
1.75
3.25
4.75
5.75
6.5
1.75
1.0
2.25
2.25
0.5
1.5
3.25
2.75
0.0
0.25
0.0
0.0
0.0
0.0
0.0
0.25
1.75
5.5
6.25
4.0
1.75
5.75
12.25
12.75
12.75
10.5
11.5
7.25
5.25
3.5
0.5
0.0
0.5
0.0
0.0
0.0
0.0
1.25
0.0
0.0
0.0
0.75
1.25
0.0
1.75
5.0
3.25
1.5
0.0
0.25
0.0
0.0
0.0
0.0
0.5
0.25
1.0
0.0
0.0
0.0
0.25
1.5
0.25
0.0
0.0
0.25
0.25
3.25
1.0
0.0
0.0
0.0
0.0
0.0
0.0
0.25
1.75
2.5
1.75
0.25
0.0
1.0
0.5
0.0
0.0
0.0
0.0
1.0
0.0
0.75
0.25
1.25
2.0
2.25
0.75
0.0
1.0
2.25
1.0
0.0
0.25
0.25
0.0
0.0
0.5
0.25
0.0
0.0
0.0
0.0
0.25
0.0
0.5
0.0
0.0
0.25
0.0
0.25
0.0
0.0
1.75
0.25
0.75
1.5
0.25
0.0
0.0
0.0
0.0
0.0
0.0
0.0
1.75
3.75
3.75
0.0
0.5
1.75
3.0
3.0
1.0
0.0
0.75
0.75
0.0
0.0
0.0
0.25
0.0
0.0
1.25
0.0
0.0
0.0
0.0
2.25
4.25
1.75
0.0
0.0
0.25
0.0
0.0
0.0
0.25
0.25
0.0
0.5
0.25
0.0
0.0
1.25
0.75
0.0
0.0
0.0
0.0
0.0
0.0
0.75
2.25
3.75
2.0
0.25
0.25
0.0
0.0
0.0
0.0
0.0
0.0
1.0
0.5
0.0
0.0
0.0
0.0
1.25
2.5
2.75
4.5
1.5
0.0
0.0
0.0
0.0
0.0
0.0
0.5
1.0
0.75
1.25
2.0
0.0
0.0
0.0
0.0
1.0
3.25
2.5
0.5
3.5
2.5
2.25
0.5
0.5
0.0
0.75
1.5
0.25
0.0
0.25
0.0
0.25
0.75
0.0
0.0
0.0
0.0
0.0
0.0
0.0
0.0
0.0
0.0
0.0
0.0
0.25
0.0
0.25
0.5
1.0
1.25
0.0
0.5
0.0
1.0
1.25
0.0
0.25
0.0
0.0
0.0
0.0
0.0
0.0
0.0
0.0
0.0
0.25
0.0
0.0
0.25
0.0
0.0
0.0
0.0
0.0
0.0
0.0
0.0
0.5
2.25
2.5
3.0
2.75
0.25
0.0
0.0
0.0
0.0
0.0
0.0
4.75
7.25
8.75
2.25
7.75
5.0
6.75
3.0
1.0
0.75
0.0
1.25
0.5
0.0
0.0
0.0
0.75
4.75
7.75
7.25
5.25
18.0
14.5
6.25
4.0
1.0
0.25
2.75
3.5
6.75
5.25
5.0
1.25
2.25
1.25
1.25
2.25
0.25
0.75
0.75
2.5
2.0
0.75
0.25
0.0
0.0
0.25
0.25
0.0
0.0
0.75
0.25
0.0
0.0
0.0
0.0
0.0
3.25
2.5
3.75
0.75
0.0
0.0
0.25
2.75
1.5
1.0
0.75
0.0
0.0
0.0
0.0
0.75
1.25
0.0
0.0
0.0
0.0
0.0
0.0
0.0
0.0
1.25
4.5
7.25
6.5
10.75
6.5
4.25
2.0
1.75
2.0
1.75
0.5
0.5
0.0
0.5
0.0
0.0
0.0
0.0
1.0
4.5
2.5
6.5
3.75
3.0
1.25
1.5
0.0
0.0
0.0
0.0
0.0
0.0
0.0
0.0
0.0
0.0
0.0
0.0
0.0
0.0
0.0
0.0
0.0
0.25
0.75
0.0
0.0
0.0
0.0
0.0
0.0
0.5
0.0
1.25
2.25
0.0
0.0
0.25
0.75
0.0
1.5
0.25
0.25
0.0
0.0
0.0
0.75
0.0
0.0
0.0
0.0
0.0
0.0
0.0
0.0
0.0
0.0
0.5
0.0
0.25
0.5
0.25
1.25
0.0
0.0
0.0
0.0
0.0
0.0
0.25
0.0
0.0
0.0
1.0
2.75
3.0
1.75
1.0
0.25
2.0
0.0
0.0
0.0
0.0
1.25
2.5
0.0
0.0
0.0
0.0
0.0
0.25
2.0
2.25
4.25
1.0
0.0
0.0
0.0
0.0
0.0
0.0
0.0
0.0
0.25
0.0
0.0
0.0
0.25
0.0
1.5
3.75
3.0
0.25
0.0
0.0
0.5
1.0
0.5
0.5
1.5
0.0
0.0
0.0
0.0
0.0
0.0
0.0
0.5
0.0
2.5
4.0
1.75
0.5
0.0
1.25
0.0
0.0
0.0
0.0
0.0
0.0
0.5
0.25
0.0
0.0
0.0
0.5
0.0
0.0
0.0
1.75
2.25
1.0
3.25
0.75
0.0
0.0
0.0
0.0
0.0
0.0
0.0
1.75
1.25
0.0
0.0
0.0
0.0
0.0
0.0
0.5
1.5
1.5
0.0
0.0
0.0
0.0
0.0
0.0
0.0
0.0
0.0
0.0
0.0
0.0
0.0
0.0
0.0
0.0
1.75
1.0
0.0
0.0
0.0
0.0
0.0
0.0
0.0
1.0
0.5
0.0
0.0
0.0
0.25
0.5
1.0
0.0
1.25
0.5
0.0
0.0
0.0
0.0
0.75
0.25
0.25
0.25
0.0
1.5
3.25
2.0
0.0
0.0
0.0
0.75
0.0
0.0
0.0
0.0
0.0
0.0
0.0
0.0
0.0
0.0
0.0
0.25
0.0
0.25
2.25
2.5
0.0
0.0
1.5
1.25
1.5
0.75
0.0
0.5
0.0
0.0
0.0
0.5
0.0
0.0
0.0
0.25
1.75
0.25
0.0
0.75
0.0
0.5
0.75
0.25
3.75
2.25
4.5
4.0
0.25
0.0
0.25
0.0
0.0
0.0
0.0
0.0
0.0
0.0
0.0
0.0
0.0
0.25
0.0
0.0
0.25
1.0
1.75
1.75
3.25
3.25
3.75
4.5
0.25
0.0
0.0
0.0
0.5
0.75
0.75
3.75
5.25
2.0
1.75
1.75
0.75
0.75
1.5
0.5
0.0
0.0
0.25
1.0
1.75
2.5
1.5
0.0
0.0
1.5
2.25
0.0
0.0
0.0
0.0
0.0
0.0
0.0
0.0
0.0
0.0
0.0
0.0
0.25
0.75
0.0
0.0
0.0
0.0
0.0
0.5
1.0
0.0
0.0
0.0
0.75
0.0
0.25
1.25
0.0
0.0
0.25
2.5
5.25
7.5
0.5
0.0
0.0
0.0
1.75
0.5
0.0
0.0
0.75
0.5
1.0
1.5
5.5
11.25
9.75
15.5
9.5
5.0
3.25
0.5
0.0
0.0
0.0
0.0
0.0
0.0
0.0
0.0
0.0
0.5
0.25
0.0
0.0
0.0
0.25
0.0
0.5
0.25
0.0
0.0
0.25
0.0
0.0
0.0
0.25
0.0
0.25
0.0
0.0
0.0
0.0
0.0
0.0
0.0
0.0
0.0
0.0
0.0
0.25
0.0
0.0
0.0
0.25
0.0
0.0
0.5
0.5
1.25
0.25
0.0
0.0
0.0
0.0
0.5
0.0
0.5
0.0
0.25
0.25
0.0
1.0
1.75
2.0
1.5
0.25
0.5
0.0
0.0
0.0
1.0
0.0
0.25
0.0
0.0
0.0
0.0
0.0
0.0
0.0
0.0
0.75
0.75
2.0
0.25
0.0
0.0
0.25
0.25
0.0
0.0
0.25
0.0
1.5
3.0
0.0
0.0
0.5
2.75
0.0
0.0
0.0
0.0
0.25
0.0
0.0
0.0
0.0
0.75
0.5
0.75
2.5
1.5
0.25
0.0
0.5
2.75
2.25
1.75
1.5
0.25
0.0
0.0
0.0
0.25
4.0
8.5
4.25
3.75
3.25
1.5
0.0
0.0
0.75
0.75
0.0
0.0
0.0
0.0
0.0
0.0
0.0
0.0
0.0
0.0
0.0
0.0
0.0
0.25
0.0
0.0
0.0
0.0
0.25
0.25
0.75
0.0
0.5
0.0
0.0
0.0
0.0
0.0
0.0
0.0
0.25
0.0
0.0
0.0
0.0
0.25
2.0
2.0
0.25
0.0
0.5
0.0
0.0
0.25
0.0
0.0
0.5
1.75
5.25
6.25
10.0
2.75
1.75
2.5
0.25
0.75
1.0
0.25
0.75
0.0
1.0
4.75
6.25
1.5
0.75
2.25
0.25
0.0
0.0
0.0
0.0
0.0
0.0
0.0
0.0
0.0
0.0
0.0
0.5
2.75
2.25
0.0
0.0
0.0
0.0
3.0
7.75
12.25
14.25
19.75
12.25
8.0
6.25
5.25
2.5
1.75
1.75
0.0
0.25
0.0
0.0
0.0
0.0
0.0
0.25
0.0
0.0
0.0
0.25
0.0
0.0
1.75
3.5
0.25
1.75
1.25
0.0
0.0
2.0
4.75
6.25
5.0
4.0
3.75
1.25
0.0
0.0
0.0
0.0
1.25
2.75
0.5
0.25
0.5
0.0
0.0
0.25
3.75
9.75
7.5
5.75
2.5
0.75
0.0
1.5
1.5
0.5
2.25
1.5
3.25
3.0
1.75
0.0
0.0
0.0
0.0
0.0
0.0
1.5
0.75
1.25
2.5
3.5
3.25
1.0
0.0
0.0
1.25
0.25
1.25
1.25
0.5
0.0
0.0
0.25
4.25
4.75
0.25
0.0
0.0
0.0
0.0
0.0
0.0
0.5
0.5
0.75
0.0
0.0
0.0
0.0
0.0
0.0
0.0
0.0
1.5
0.5
0.75
1.25
0.25
0.5
0.0
0.0
0.75
0.0
0.0
0.0
0.0
0.0
0.25
1.0
0.75
0.0
0.5
0.0
0.0
0.0
0.25
0.5
0.0
0.5
3.25
4.5
2.0
2.25
1.0
0.25
0.25
0.0
0.0
0.0
0.5
3.25
0.0
0.5
0.0
0.0
0.0
0.25
0.5
0.0
0.25
0.5
0.0
0.25
0.25
0.0
0.5
0.25
0.0
0.0
0.25
3.0
2.25
0.25
0.25
0.25
0.0
0.5
0.25
0.0
0.0
0.0
0.25
0.0
0.25
0.0
0.0
1.0
1.5
0.0
0.0
0.0
0.5
3.0
1.0
0.0
0.0
0.0
0.0
0.5
0.0
0.0
0.25
1.5
4.25
10.5
10.25
8.25
6.0
0.75
3.0
4.75
1.75
1.0
0.75
4.0
8.25
2.5
0.25
0.0
0.0
0.0
0.25
0.0
0.0
0.0
0.0
0.0
0.0
1.0
0.75
0.0
0.5
0.0
0.0
0.25
0.0
0.0
0.25
1.25
1.25
0.5
0.0
0.75
0.75
0.0
0.0
0.0
0.0
1.75
2.5
1.5
4.75
6.75
6.5
4.75
4.5
4.75
1.0
0.0
0.0
0.0
0.25
1.0
1.0
1.75
2.0
1.0
0.0
0.0
0.0
0.0
0.0
0.25
0.0
0.25
0.0
1.25
0.5
0.0
0.0
0.5
0.25
0.0
0.0
0.0
0.0
0.0
0.5
0.0
0.0
0.25
0.25
0.0
0.0
1.0
0.0
0.0
0.0
0.0
0.0
0.0
0.25
0.0
0.0
0.0
0.0
0.0
0.0
0.0
0.25
1.75
3.5
6.0
4.75
2.5
0.25
0.75
2.75
0.5
0.0
0.0
0.0
0.25
0.25
0.0
0.0
0.0
0.0
0.0
0.0
0.0
0.0
1.25
0.0
0.0
0.0
0.0
0.0
0.0
0.5
1.75
3.0
5.25
3.5
2.25
1.75
4.0
4.75
0.5
0.0
0.0
4.5
2.5
4.0
3.5
0.75
0.0
0.0
0.0
0.0
0.0
0.0
0.0
0.0
0.0
0.75
1.5
1.5
2.25
2.0
2.75
0.25
0.0
0.0
0.0
0.0
0.0
0.0
0.0
1.0
3.25
0.25
0.0
0.0
0.0
0.5
0.0
0.0
0.0
0.25
0.0
0.0
0.0
0.75
0.25
0.0
0.0
0.0
0.0
0.0
0.0
0.0
0.0
0.0
0.0
0.25
2.0
2.0
2.25
3.0
2.5
1.25
0.0
0.5
0.25
0.0
0.0
3.5
2.75
1.0
0.5
0.0
0.0
0.5
0.0
0.0
0.0
1.0
2.5
0.25
0.0
0.0
0.75
1.25
2.0
0.5
0.5
0.0
0.0
0.0
0.0
0.0
0.0
0.0
0.0
0.0
0.0
0.0
0.0
0.0
0.0
0.0
0.0
0.0
0.0
1.75
2.5
0.75
0.0
0.0
0.0
0.0
0.0
0.0
0.5
0.0
0.25
2.25
0.0
0.0
0.0
0.25
0.25
0.0
0.0
0.25
1.5
3.25
6.25
5.25
3.0
0.0
0.0
0.25
0.25
0.0
0.0
1.5
0.25
0.0
0.0
0.0
0.0
0.5
0.0
0.0
0.0
1.75
3.5
1.75
0.0
0.0
0.0
0.0
0.0
0.0
0.25
0.0
0.0
0.0
0.0
0.0
0.0
0.5
0.0
0.0
0.25
0.0
0.0
0.0
0.0
0.0
0.75
2.75
0.5
0.0
0.5
0.25
0.5
0.0
0.75
0.0
0.0
0.0
0.0
0.25
0.0
0.0
0.0
0.0
0.0
0.0
0.0
0.25
0.0
0.25
0.0
1.25
0.0
0.0
0.0
1.0
3.0
0.5
0.0
0.75
0.25
0.25
0.0
0.75
0.0
0.25
1.75
4.0
13.25
5.0
4.25
8.0
5.75
2.5
1.25
0.0
0.0
0.0
0.0
3.25
6.25
2.75
2.5
1.25
1.5
1.25
2.25
3.25
0.25
0.0
0.0
0.0
0.0
1.25
2.5
1.75
2.75
0.0
0.0
0.0
0.0
0.0
0.0
0.0
0.0
0.0
0.0
0.25
0.0
0.25
1.25
1.25
2.25
2.75
0.25
0.0
1.0
0.0
0.0
0.0
0.25
0.25
0.0
0.0
0.75
1.0
0.25
0.5
2.0
0.0
0.0
0.0
0.0
0.0
0.0
0.0
0.0
0.25
0.0
0.25
2.25
5.0
2.75
1.25
0.0
0.0
0.0
0.0
0.0
0.0
0.0
0.0
0.0
0.25
0.0
0.0
0.0
0.25
0.0
0.0
0.0
0.25
1.75
2.0
2.75
2.5
4.25
4.0
3.25
1.0
0.0
0.5
2.0
2.25
0.25
0.0
0.0
0.0
0.25
0.0
0.25
0.0
0.5
0.0
0.0
0.5
4.75
4.75
1.5
3.25
1.25
0.0
0.5
2.25
2.25
2.75
3.5
5.75
1.25
0.0
0.0
0.5
0.0
0.0
0.0
0.25
0.0
0.0
0.0
0.75
3.0
1.75
2.5
3.75
1.5
0.5
0.5
0.0
0.0
0.0
0.25
1.25
0.25
0.0
0.5
0.25
3.0
1.25
0.5
1.25
0.0
0.0
0.0
0.0
0.75
0.25
0.0
1.0
2.75
2.75
3.25
1.0
1.0
0.0
0.0
1.25
0.5
0.0
0.25
0.0
0.0
0.0
0.25
0.0
0.25
0.25
1.0
0.25
1.25
0.0
0.0
0.0
0.0
0.5
0.0
0.0
0.0
1.0
0.25
1.0
1.5
1.5
0.75
2.5
2.75
3.75
0.25
0.0
0.0
0.0
0.25
0.0
0.0
0.0
0.0
0.0
0.0
0.25
0.25
0.25
0.0
0.0
0.0
0.0
0.0
0.0
0.5
0.25
0.0
0.0
0.5
0.0
0.0
0.75
0.0
0.0
0.0
0.0
0.25
0.0
0.0
0.0
2.0
0.0
0.0
0.25
0.0
0.5
5.5
9.25
9.75
5.75
6.25
5.5
5.0
3.0
0.25
0.0
0.0
0.0
0.0
0.0
0.0
0.0
0.0
0.0
0.0
0.0
0.25
0.0
0.0
0.0
0.5
0.5
0.75
0.0
0.0
2.0
1.5
3.25
1.25
0.25
2.0
3.5
1.5
0.25
0.0
0.0
0.25
1.25
0.75
0.75
0.0
2.25
4.25
9.0
3.5
4.5
4.25
0.75
0.0
0.25
0.0
0.0
0.0
0.0
0.25
0.75
2.5
1.5
0.25
0.75
0.0
1.0
5.75
3.0
2.0
2.0
2.0
1.75
0.25
1.75
1.0
0.0
0.0
0.25
0.0
0.0
0.0
0.25
0.0
0.0
0.0
0.0
0.0
1.0
0.25
0.25
0.0
0.25
0.0
0.25
0.75
0.0
0.0
0.0
0.0
0.25
1.75
4.25
3.25
1.5
2.5
2.75
2.0
4.5
1.25
0.0
0.0
0.0
0.5
0.75
0.25
0.5
0.25
0.25
1.0
1.25
0.0
0.0
0.0
0.0
0.0
0.0
0.0
0.0
0.0
0.25
2.25
0.0
0.25
0.0
1.0
3.5
4.25
1.0
2.25
1.25
0.0
0.0
0.0
0.0
0.0
0.75
0.5
0.0
0.0
0.0
0.0
0.0
0.0
0.0
0.0
1.5
1.5
0.25
0.0
1.25
1.0
1.0
1.0
0.75
0.0
0.0
1.0
1.5
0.0
0.0
0.0
0.25
0.0
0.0
0.0
0.0
0.0
0.0
0.0
0.0
0.0
0.5
1.75
3.0
2.5
0.0
0.0
0.5
0.25
0.0
0.25
0.25
1.25
0.0
0.5
1.5
0.0
0.0
0.0
0.0
0.0
0.0
1.0
2.0
5.5
5.5
6.5
12.25
17.25
8.25
1.75
0.75
0.0
0.0
0.0
0.0
0.0
0.25

Average_Alpha:
0.2500115450001098
0.2500515450001099
0.2500515450001099
0.25002154500011
0.24997154500010996
0.24990154500011008
0.24979154500011003
0.24970154500011013
0.24967154500011016
0.24969154500011023
0.2497315450001102
0.2497715450001103
0.2498015450001103
0.2497615450001104
0.24977154500011037
0.2497615450001105
0.24974154500011045
0.24977154500011056
0.24964154500011054
0.24923154500011066
0.24861154500011062
0.24791154500011073
0.2474615450001107
0.2470915450001108
0.24663154500011078
0.24599154500011083
0.24473154500011088
0.2433515450001109
0.24222154500011095
0.24106154500011098
0.24021154500011102
0.23959154500011107
0.23911154500011111
0.23899154500011116
0.2390215450001112
0.23906154500011123
0.2391015450001113
0.23913154500011133
0.23903154500011134
0.23894154500011142
0.2389615450001114
0.2390015450001115
0.23904154500011152
0.23907154500011155
0.23911154500011159
0.23915154500011163
0.23919154500011167
0.2392315450001117
0.23927154500011175
0.2393015450001118
0.23934154500011182
0.23938154500011188
0.23940154500011193
0.23939154500011195
0.239221545000112
0.23889154500011206
0.23862154500011207
0.23842154500011215
0.23834154500011215
0.23832154500011216
0.23836154500011222
0.2384015450001123
0.23844154500011228
0.23848154500011237
0.2384815450001124
0.23842154500011242
0.23840154500011246
0.23843154500011252
0.23836154500011253
0.2383915450001126
0.23843154500011263
0.2384715450001127
0.23851154500011268
0.23855154500011275
0.2385415450001128
0.23848154500011282
0.23825154500011286
0.23787154500011293
0.23751154500011296
0.237251545000113
0.23717154500011303
0.2370615450001131
0.2370215450001131
0.23693154500011315
0.23691154500011316
0.23682154500011324
0.23659154500011328
0.23636154500011333
0.23627154500011335
0.2361715450001134
0.23607154500011343
0.23600154500011347
0.2359415450001135
0.23594154500011355
0.23598154500011362
0.23602154500011363
0.23606154500011364
0.2361015450001137
0.23614154500011375
0.2361815450001138
0.23622154500011386
0.23626154500011387
0.2363015450001139
0.23633154500011397
0.23627154500011396
0.236171545000114
0.23600154500011408
0.2357815450001141
0.23563154500011416
0.2354115450001142
0.2354515450001142
0.2354915450001143
0.2355315450001143
0.23557154500011435
0.23560154500011438
0.23564154500011444
0.23568154500011446
0.2357215450001145
0.23568154500011454
0.2357115450001146
0.2357515450001146
0.2357615450001147
0.23580154500011472
0.23584154500011476
0.2358815450001148
0.23592154500011484
0.23595154500011487
0.23597154500011494
0.23600154500011494
0.235971545000115
0.235981545000115
0.23601154500011506
0.2360015450001151
0.23602154500011516
0.2360615450001152
0.23610154500011524
0.23613154500011527
0.2361715450001153
0.23621154500011535
0.2362015450001154
0.23615154500011543
0.23619154500011547
0.23623154500011548
0.23626154500011556
0.2363015450001156
0.23634154500011564
0.23637154500011567
0.2364115450001157
0.23645154500011575
0.23649154500011582
0.23652154500011585
0.23656154500011586
0.2366015450001159
0.23664154500011597
0.236611545000116
0.236651545000116
0.23665154500011604
0.23666154500011613
0.23666154500011616
0.2366315450001162
0.23666154500011624
0.23670154500011625
0.23669154500011633
0.23666154500011635
0.23663154500011638
0.23655154500011644
0.23634154500011648
0.23634154500011653
0.23634154500011656
0.2362615450001166
0.23615154500011665
0.23607154500011665
0.2360615450001167
0.23610154500011674
0.23614154500011678
0.23618154500011682
0.23622154500011686
0.2362615450001169
0.23630154500011694
0.23634154500011698
0.23638154500011702
0.23642154500011708
0.23644154500011708
0.23636154500011713
0.2362615450001172
0.23619154500011724
0.23623154500011725
0.23627154500011732
0.23631154500011736
0.23635154500011737
0.23639154500011741
0.23643154500011745
0.2364115450001175
0.23639154500011755
0.23642154500011756
0.23646154500011762
0.23649154500011768
0.23653154500011772
0.23656154500011775
0.23653154500011778
0.23646154500011782
0.23642154500011786
0.2364415450001179
0.23641154500011793
0.23645154500011795
0.23649154500011804
0.23653154500011805
0.2365715450001181
0.23659154500011814
0.2365715450001182
0.23651154500011826
0.23650154500011825
0.2365115450001183
0.23652154500011835
0.2365315450001184
0.23649154500011843
0.23647154500011847
0.2363015450001185
0.23624154500011854
0.23620154500011858
0.23615154500011862
0.2361515450001187
0.2361715450001187
0.23618154500011876
0.2362115450001188
0.23615154500011887
0.23597154500011885
0.2358115450001189
0.23566154500011896
0.23540154500011898
0.23494154500011902
0.23450154500011905
0.23392154500011914
0.23322154500011913
0.2322615450001192
0.2315815450001192
0.23114154500011927
0.23113154500011932
0.23117154500011936
0.23121154500011937
0.2312515450001194
0.23129154500011948
0.2313315450001195
0.23137154500011953
0.23140154500011959
0.23144154500011963
0.23148154500011967
0.2315215450001197
0.23144154500011974
0.23123154500011975
0.23121154500011984
0.23108154500011985
0.2310615450001199
0.23109154500011994
0.23112154500011997
0.23105154500012004
0.23094154500012007
0.2309415450001201
0.2309815450001201
0.23100154500012018
0.23103154500012021
0.23107154500012025
0.2311115450001203
0.23111154500012035
0.23114154500012038
0.23118154500012042
0.23121154500012045
0.2312215450001205
0.23126154500012056
0.2313015450001206
0.2313415450001206
0.2312815450001207
0.2312215450001207
0.23125154500012077
0.23121154500012078
0.2311415450001208
0.23112154500012086
0.23107154500012092
0.23101154500012092
0.23091154500012095
0.23093154500012103
0.2309615450001211
0.2310015450001211
0.23104154500012114
0.2310615450001212
0.23109154500012122
0.23089154500012127
0.23079154500012128
0.23068154500012134
0.23071154500012137
0.23075154500012143
0.23079154500012147
0.2308315450001215
0.23086154500012154
0.23090154500012158
0.2309415450001216
0.2309815450001217
0.23101154500012172
0.23105154500012173
0.23109154500012175
0.2311015450001218
0.23113154500012184
0.2311715450001219
0.23121154500012192
0.231251545000122
0.23129154500012203
0.23133154500012204
0.2313615450001221
0.23140154500012214
0.23144154500012218
0.2314815450001222
0.2315215450001223
0.2315615450001223
0.23158154500012235
0.23160154500012237
0.23153154500012244
0.2313915450001225
0.2309715450001225
0.23046154500012256
0.22993154500012258
0.22951154500012264
0.22931154500012266
0.22916154500012267
0.22893154500012275
0.2281915450001228
0.22783154500012284
0.22768154500012286
0.2276315450001229
0.22764154500012293
0.22768154500012297
0.227721545000123
0.22776154500012305
0.22776154500012308
0.22766154500012314
0.2276515450001232
0.22768154500012322
0.22772154500012323
0.2277615450001233
0.22780154500012334
0.22784154500012338
0.22780154500012342
0.22780154500012348
0.2277815450001235
0.22769154500012354
0.22759154500012357
0.2275115450001236
0.22746154500012367
0.2275015450001237
0.22752154500012375
0.22756154500012377
0.22760154500012383
0.22763154500012386
0.22750154500012387
0.22746154500012392
0.22747154500012395
0.22750154500012398
0.22742154500012404
0.2272915450001241
0.2271315450001241
0.22702154500012417
0.2268915450001242
0.22662154500012424
0.2264215450001243
0.22628154500012435
0.22612154500012435
0.2260115450001244
0.22596154500012444
0.2259415450001245
0.22598154500012452
0.22601154500012455
0.22605154500012462
0.22609154500012466
0.22613154500012467
0.22612154500012474
0.22609154500012477
0.22611154500012484
0.22615154500012485
0.2261915450001249
0.22623154500012493
0.22627154500012497
0.22631154500012501
0.22635154500012505
0.2263915450001251
0.22643154500012513
0.2264415450001252
0.22644154500012523
0.22644154500012525
0.22648154500012527
0.2265215450001253
0.22656154500012538
0.22660154500012542
0.22658154500012545
0.22655154500012548
0.22652154500012553
0.22639154500012557
0.22625154500012565
0.22625154500012565
0.22626154500012569
0.22630154500012573
0.22634154500012577
0.2263815450001258
0.22642154500012585
0.22643154500012588
0.22647154500012592
0.226511545000126
0.226551545000126
0.22658154500012606
0.2266215450001261
0.2266615450001261
0.22670154500012618
0.2267215450001262
0.22674154500012625
0.2267315450001263
0.22670154500012635
0.2267415450001264
0.22678154500012643
0.22682154500012644
0.2268215450001265
0.22683154500012653
0.22686154500012656
0.22690154500012663
0.22694154500012667
0.2269715450001267
0.22691154500012675
0.2269015450001268
0.2269415450001268
0.22698154500012685
0.22701154500012688
0.22701154500012694
0.22704154500012697
0.22708154500012703
0.22710154500012703
0.22712154500012707
0.22713154500012714
0.22716154500012717
0.22719154500012723
0.22719154500012723
0.22719154500012728
0.22723154500012732
0.2272715450001274
0.2273115450001274
0.22735154500012744
0.2273915450001275
0.22741154500012756
0.22743154500012758
0.22747154500012765
0.22748154500012766
0.2274315450001277
0.22747154500012773
0.22751154500012777
0.2275515450001278
0.22759154500012785
0.22763154500012792
0.22767154500012793
0.22769154500012798
0.227581545000128
0.22745154500012804
0.2274315450001281
0.2273615450001281
0.2272415450001282
0.22717154500012818
0.22716154500012825
0.22716154500012828
0.22720154500012835
0.2272415450001284
0.2271915450001284
0.22701154500012843
0.22694154500012848
0.22696154500012852
0.22699154500012855
0.22697154500012862
0.22701154500012866
0.22705154500012867
0.22707154500012874
0.22709154500012874
0.22713154500012883
0.22710154500012886
0.22701154500012888
0.22686154500012892
0.22667154500012895
0.226451545000129
0.22642154500012907
0.22642154500012907
0.22637154500012913
0.22632154500012916
0.2263415450001292
0.22632154500012924
0.2262315450001293
0.2261615450001293
0.22620154500012937
0.2262315450001294
0.22627154500012944
0.22631154500012948
0.22635154500012952
0.2263915450001296
0.22643154500012963
0.22646154500012966
0.22643154500012969
0.22625154500012973
0.22604154500012977
0.22592154500012981
0.22589154500012984
0.2257015450001299
0.22525154500012995
0.22478154500012998
0.22431154500013004
0.22393154500013002
0.2235115450001301
0.22326154500013012
0.22309154500013018
0.22299154500013021
0.22301154500013023
0.22305154500013027
0.22307154500013032
0.22311154500013036
0.2231515450001304
0.22319154500013044
0.22323154500013048
0.2232215450001305
0.22326154500013057
0.2233015450001306
0.22334154500013062
0.22335154500013066
0.22334154500013073
0.22338154500013074
0.22335154500013082
0.22319154500013083
0.2231015450001309
0.22308154500013092
0.22312154500013096
0.223151545000131
0.22319154500013105
0.2232315450001311
0.22327154500013113
0.2233115450001312
0.2233315450001312
0.22336154500013122
0.22336154500013128
0.22340154500013135
0.2234415450001314
0.2234815450001314
0.22351154500013143
0.22349154500013152
0.22352154500013155
0.22356154500013156
0.2236015450001316
0.22363154500013163
0.2236615450001317
0.2235715450001317
0.22357154500013177
0.2236115450001318
0.22365154500013185
0.2236915450001319
0.22373154500013193
0.223771545000132
0.223811545000132
0.22384154500013204
0.2238115450001321
0.2237515450001321
0.22372154500013217
0.22375154500013222
0.22379154500013226
0.2237915450001323
0.22381154500013237
0.22385154500013238
0.2238915450001324
0.22393154500013243
0.2239715450001325
0.22397154500013255
0.22401154500013257
0.22402154500013258
0.22405154500013263
0.22404154500013268
0.22400154500013275
0.22395154500013278
0.22396154500013282
0.22400154500013286
0.22400154500013292
0.22395154500013292
0.22395154500013298
0.22399154500013302
0.22402154500013305
0.2240515450001331
0.22409154500013312
0.22413154500013313
0.2241515450001332
0.22418154500013324
0.22422154500013328
0.22426154500013332
0.22430154500013336
0.2243415450001334
0.22437154500013343
0.2244115450001335
0.22443154500013351
0.22447154500013355
0.22451154500013362
0.22454154500013362
0.2245815450001337
0.22461154500013372
0.22465154500013376
0.22469154500013383
0.22466154500013386
0.22469154500013389
0.22470154500013392
0.224681545000134
0.22471154500013402
0.22475154500013406
0.22479154500013407
0.22483154500013416
0.22487154500013418
0.2249115450001342
0.22495154500013426
0.2249915450001343
0.22496154500013432
0.22485154500013438
0.2247415450001344
0.22478154500013442
0.2248015450001345
0.22477154500013452
0.22469154500013458
0.22461154500013458
0.22461154500013464
0.22465154500013468
0.22466154500013472
0.22467154500013475
0.2247115450001348
0.22475154500013483
0.22479154500013487
0.2248215450001349
0.22486154500013494
0.224901545000135
0.22489154500013506
0.2249315450001351
0.2249715450001351
0.22501154500013515
0.22505154500013522
0.22500154500013525
0.2248715450001353
0.22484154500013534
0.22488154500013535
0.22492154500013542
0.22495154500013548
0.2249915450001355
0.2250315450001355
0.2250715450001356
0.2251015450001356
0.22513154500013566
0.22517154500013567
0.22519154500013572
0.22522154500013578
0.22526154500013582
0.22530154500013583
0.2252915450001359
0.22530154500013594
0.22534154500013598
0.225381545000136
0.22542154500013606
0.22546154500013607
0.2255015450001361
0.22554154500013618
0.22555154500013616
0.22550154500013625
0.22539154500013625
0.22535154500013632
0.22538154500013635
0.2254115450001364
0.22545154500013642
0.2254915450001365
0.2255315450001365
0.22557154500013654
0.2256115450001366
0.22565154500013665
0.2256515450001367
0.22567154500013675
0.22571154500013677
0.22575154500013678
0.22579154500013685
0.22583154500013689
0.22582154500013693
0.22576154500013698
0.225691545000137
0.22555154500013705
0.22553154500013708
0.22557154500013715
0.22561154500013716
0.22565154500013723
0.22569154500013724
0.22573154500013728
0.2257715450001373
0.22579154500013737
0.22579154500013737
0.22580154500013744
0.22579154500013748
0.22575154500013753
0.22579154500013754
0.2258315450001376
0.22587154500013765
0.2259115450001377
0.22591154500013771
0.22582154500013776
0.22576154500013781
0.22578154500013783
0.22568154500013787
0.22562154500013792
0.22557154500013796
0.22559154500013798
0.22561154500013805
0.22565154500013807
0.22566154500013813
0.22564154500013817
0.22567154500013822
0.22571154500013824
0.22574154500013827
0.22578154500013833
0.22581154500013836
0.22582154500013843
0.22586154500013844
0.22590154500013848
0.22594154500013855
0.22598154500013856
0.22602154500013857
0.22606154500013867
0.22610154500013868
0.22614154500013872
0.22618154500013876
0.2262215450001388
0.22626154500013881
0.2263015450001389
0.2263315450001389
0.22637154500013895
0.22640154500013898
0.22642154500013909
0.22642154500013909
0.2264115450001391
0.22645154500013917
0.2264715450001392
0.22651154500013923
0.22651154500013929
0.22650154500013933
0.22654154500013937
0.2265715450001394
0.22661154500013944
0.22665154500013948
0.22669154500013952
0.22673154500013956
0.2267715450001396
0.22681154500013964
0.2268515450001397
0.22689154500013972
0.22693154500013976
0.22696154500013982
0.22700154500013986
0.22704154500013987
0.22707154500013993
0.22711154500013994
0.22715154500014
0.22719154500014002
0.22723154500014006
0.22727154500014013
0.22731154500014014
0.22735154500014018
0.22739154500014025
0.22741154500014027
0.22736154500014033
0.22730154500014038
0.2272215450001404
0.22715154500014043
0.22718154500014048
0.2272215450001405
0.22726154500014056
0.22730154500014058
0.22734154500014062
0.22738154500014068
0.22742154500014072
0.22727154500014074
0.2270215450001408
0.22671154500014085
0.2266615450001409
0.22639154500014091
0.22623154500014095
0.226001545000141
0.22592154500014103
0.22592154500014106
0.22593154500014112
0.22597154500014116
0.2259615450001412
0.22598154500014123
0.22602154500014127
0.22606154500014133
0.22610154500014135
0.2261115450001414
0.22596154500014143
0.22569154500014146
0.2254415450001415
0.22527154500014154
0.22459154500014158
0.22405154500014163
0.22384154500014167
0.2237215450001417
0.22372154500014177
0.2237515450001418
0.2236815450001418
0.22358154500014188
0.22335154500014193
0.22318154500014198
0.22302154500014199
0.22301154500014203
0.22296154500014206
0.2229515450001421
0.22294154500014216
0.2228915450001422
0.22292154500014225
0.22293154500014226
0.22294154500014232
0.22288154500014234
0.2228415450001424
0.22285154500014243
0.22288154500014246
0.22292154500014252
0.22296154500014256
0.2229915450001426
0.22302154500014262
0.2230615450001427
0.22310154500014273
0.22311154500014274
0.2231415450001428
0.2231815450001428
0.2232215450001429
0.22326154500014292
0.22330154500014293
0.22334154500014303
0.22325154500014305
0.22319154500014307
0.22308154500014313
0.22309154500014317
0.2231315450001432
0.22317154500014322
0.22320154500014328
0.22313154500014332
0.2231115450001434
0.2231115450001434
0.22312154500014345
0.22316154500014346
0.22320154500014355
0.22324154500014357
0.22328154500014358
0.22329154500014362
0.2232815450001437
0.22332154500014373
0.22336154500014374
0.2234015450001438
0.22344154500014382
0.2234815450001439
0.22352154500014393
0.22356154500014394
0.223601545000144
0.22359154500014403
0.22345154500014405
0.2232015450001441
0.2229815450001442
0.2225915450001442
0.22237154500014425
0.22224154500014429
0.2222015450001443
0.22217154500014435
0.2221315450001444
0.22210154500014445
0.22212154500014447
0.2221415450001445
0.22218154500014456
0.2222015450001446
0.22224154500014465
0.2222815450001447
0.2223215450001447
0.22236154500014477
0.2223615450001448
0.22222154500014482
0.22216154500014487
0.2219415450001449
0.22183154500014496
0.221751545000145
0.22174154500014503
0.2217215450001451
0.22176154500014514
0.22180154500014515
0.22184154500014516
0.22188154500014523
0.22192154500014527
0.22196154500014528
0.22200154500014538
0.2220415450001454
0.22208154500014543
0.2221215450001455
0.2221615450001455
0.22220154500014555
0.2222415450001456
0.22228154500014563
0.22232154500014567
0.22236154500014574
0.22240154500014575
0.2224315450001458
0.22244154500014585
0.22248154500014589
0.22252154500014593
0.22256154500014594
0.222601545000146
0.22264154500014605
0.22268154500014606
0.22270154500014613
0.22274154500014615
0.2227315450001462
0.22268154500014622
0.22272154500014626
0.22276154500014633
0.22279154500014636
0.2228015450001464
0.22284154500014644
0.22282154500014648
0.22285154500014653
0.22288154500014656
0.2229215450001466
0.22296154500014662
0.22300154500014668
0.22301154500014672
0.22305154500014673
0.2230915450001468
0.22313154500014684
0.22317154500014685
0.22321154500014695
0.22325154500014696
0.223291545000147
0.22333154500014704
0.22337154500014708
0.2234115450001471
0.22343154500014714
0.22347154500014718
0.22350154500014724
0.2235215450001473
0.22355154500014732
0.22354154500014736
0.2235815450001474
0.22362154500014741
0.2236615450001475
0.22370154500014752
0.22374154500014753
0.22378154500014763
0.22381154500014763
0.22385154500014767
0.22389154500014774
0.22393154500014772
0.22393154500014778
0.22386154500014785
0.22378154500014788
0.22375154500014793
0.22375154500014796
0.223781545000148
0.22374154500014806
0.22378154500014807
0.22382154500014811
0.22386154500014818
0.2239015450001482
0.22389154500014824
0.2238315450001483
0.2238715450001483
0.22391154500014834
0.22395154500014838
0.22399154500014845
0.22403154500014846
0.22406154500014852
0.22402154500014856
0.22397154500014857
0.22384154500014863
0.22384154500014866
0.22388154500014873
0.22392154500014877
0.2239615450001488
0.22400154500014885
0.22404154500014886
0.2240815450001489
0.22412154500014897
0.224161545000149
0.224191545000149
0.22423154500014908
0.2242715450001491
0.22431154500014916
0.2243415450001492
0.22438154500014923
0.22436154500014927
0.2242515450001493
0.22417154500014935
0.22420154500014938
0.22424154500014945
0.22428154500014946
0.2243015450001495
0.22430154500014957
0.22432154500014956
0.22434154500014963
0.2243215450001497
0.2243615450001497
0.22440154500014975
0.22444154500014976
0.22448154500014983
0.22452154500014987
0.2245615450001499
0.22460154500014998
0.22462154500015
0.22466154500015006
0.22460154500015006
0.2244815450001501
0.22445154500015013
0.22447154500015018
0.22451154500015022
0.22450154500015027
0.22454154500015033
0.22458154500015035
0.2246215450001504
0.22466154500015045
0.22470154500015047
0.2247415450001505
0.22476154500015053
0.22479154500015058
0.22483154500015065
0.22487154500015066
0.2249115450001507
0.22493154500015075
0.2249715450001508
0.22501154500015083
0.2250515450001509
0.22502154500015092
0.22497154500015093
0.22497154500015099
0.22488154500015106
0.22489154500015107
0.2249315450001511
0.22497154500015115
0.22501154500015122
0.22505154500015123
0.22509154500015124
0.2251315450001513
0.22517154500015135
0.22514154500015138
0.22513154500015145
0.22517154500015146
0.22521154500015153
0.22525154500015157
0.22529154500015158
0.22533154500015165
0.22537154500015166
0.2253915450001517
0.22537154500015175
0.22535154500015178
0.22539154500015185
0.22543154500015186
0.22547154500015193
0.22551154500015194
0.225551545000152
0.22559154500015205
0.22563154500015206
0.2256715450001521
0.22571154500015214
0.22575154500015218
0.22579154500015225
0.2258315450001523
0.2258715450001523
0.22591154500015237
0.2259515450001524
0.22599154500015242
0.22596154500015245
0.2259615450001525
0.22600154500015254
0.22604154500015258
0.22608154500015262
0.2261215450001527
0.22616154500015273
0.22620154500015274
0.2262415450001528
0.22624154500015284
0.22626154500015286
0.22630154500015293
0.22634154500015297
0.22638154500015298
0.22641154500015304
0.22643154500015306
0.2264315450001531
0.22647154500015312
0.2264615450001532
0.22648154500015324
0.22652154500015328
0.22656154500015332
0.22660154500015334
0.2266415450001534
0.22665154500015344
0.22668154500015347
0.22671154500015353
0.22674154500015356
0.22678154500015357
0.22676154500015366
0.22667154500015368
0.22663154500015373
0.22667154500015374
0.2267115450001538
0.22675154500015385
0.22676154500015389
0.2268015450001539
0.22684154500015394
0.22688154500015398
0.22692154500015402
0.22696154500015406
0.22700154500015413
0.22704154500015414
0.2270815450001542
0.22712154500015425
0.22716154500015426
0.2272015450001543
0.22723154500015436
0.2272715450001544
0.22730154500015443
0.22725154500015446
0.2271915450001545
0.22723154500015455
0.2272715450001546
0.22725154500015463
0.2272415450001547
0.2272215450001547
0.22723154500015477
0.22727154500015478
0.22729154500015483
0.22733154500015487
0.2273715450001549
0.22741154500015495
0.22743154500015497
0.227471545000155
0.22751154500015508
0.2275515450001551
0.22758154500015512
0.22755154500015515
0.22758154500015523
0.22762154500015527
0.2276315450001553
0.22767154500015532
0.22769154500015537
0.22770154500015544
0.22773154500015547
0.2276215450001555
0.22757154500015556
0.22743154500015558
0.2273115450001556
0.2273415450001557
0.2273815450001557
0.22741154500015576
0.22745154500015582
0.22749154500015584
0.22753154500015585
0.22757154500015592
0.22761154500015596
0.22765154500015597
0.22769154500015606
0.22773154500015608
0.22777154500015612
0.22781154500015618
0.22784154500015621
0.22788154500015623
0.22792154500015624
0.22795154500015632
0.22795154500015632
0.2279215450001564
0.2278915450001564
0.22780154500015645
0.2277115450001565
0.22760154500015653
0.2274615450001566
0.22749154500015664
0.22753154500015665
0.2275715450001567
0.22761154500015676
0.22763154500015678
0.22764154500015682
0.22765154500015689
0.22754154500015694
0.22737154500015697
0.227331545000157
0.22730154500015703
0.22727154500015706
0.2272815450001571
0.22729154500015716
0.22727154500015717
0.22729154500015722
0.2273315450001573
0.2273715450001573
0.22740154500015733
0.22740154500015738
0.22737154500015744
0.2273115450001575
0.2272915450001575
0.22733154500015756
0.2273715450001576
0.2273515450001576
0.22730154500015767
0.22734154500015774
0.22738154500015775
0.2274215450001578
0.22746154500015783
0.22750154500015787
0.22754154500015789
0.22758154500015798
0.227621545000158
0.22766154500015803
0.22770154500015805
0.2277415450001581
0.22778154500015813
0.22781154500015818
0.22782154500015822
0.2278615450001583
0.2279015450001583
0.22794154500015837
0.22798154500015838
0.22802154500015845
0.22804154500015847
0.22804154500015852
0.22808154500015854
0.22812154500015863
0.22816154500015862
0.22817154500015868
0.2282115450001587
0.22824154500015875
0.2282315450001588
0.22827154500015884
0.22831154500015885
0.22834154500015894
0.22828154500015893
0.228111545000159
0.22785154500015903
0.22787154500015908
0.2279115450001591
0.22795154500015918
0.2279915450001592
0.22796154500015922
0.22798154500015927
0.22802154500015928
0.22806154500015935
0.22807154500015941
0.22809154500015943
0.22809154500015943
0.22807154500015953
0.22789154500015957
0.2274815450001596
0.2271315450001596
0.22655154500015964
0.2262115450001597
0.22605154500015975
0.22596154500015977
0.2259815450001598
0.22602154500015983
0.22606154500015993
0.22610154500015994
0.22614154500015995
0.22618154500016002
0.22622154500016006
0.22626154500016007
0.22630154500016014
0.22634154500016018
0.22636154500016023
0.22639154500016026
0.2264315450001603
0.22647154500016034
0.2265115450001604
0.22654154500016044
0.22658154500016048
0.22660154500016053
0.22663154500016056
0.2266715450001606
0.22671154500016064
0.22674154500016067
0.2267815450001607
0.22682154500016075
0.22686154500016079
0.22689154500016082
0.22693154500016086
0.22696154500016089
0.22700154500016095
0.227041545000161
0.227081545000161
0.22712154500016107
0.22716154500016109
0.22720154500016115
0.2272415450001612
0.2272815450001612
0.22732154500016127
0.2273615450001613
0.22740154500016135
0.22743154500016138
0.22747154500016142
0.22751154500016144
0.2275515450001615
0.22758154500016156
0.22762154500016157
0.22766154500016164
0.22768154500016166
0.2277015450001617
0.22769154500016173
0.22772154500016178
0.22776154500016185
0.22780154500016186
0.2278415450001619
0.22788154500016197
0.22790154500016196
0.22794154500016203
0.22796154500016205
0.22800154500016212
0.22803154500016215
0.2280615450001622
0.22810154500016222
0.22810154500016228
0.2280715450001623
0.22803154500016234
0.22801154500016238
0.22804154500016244
0.22806154500016246
0.2281015450001625
0.2281415450001625
0.22818154500016258
0.22818154500016263
0.22822154500016267
0.2282515450001627
0.22829154500016272
0.2283315450001628
0.22837154500016282
0.22841154500016286
0.2284515450001629
0.22849154500016294
0.22853154500016296
0.22857154500016302
0.2285815450001631
0.22859154500016307
0.22855154500016314
0.22858154500016317
0.2286215450001632
0.22866154500016325
0.2286915450001633
0.22872154500016334
0.22876154500016338
0.2288015450001634
0.22883154500016345
0.22887154500016352
0.22885154500016353
0.2287715450001636
0.22881154500016362
0.22885154500016364
0.22887154500016368
0.22880154500016375
0.22884154500016377
0.22888154500016383
0.22892154500016387
0.2289615450001639
0.22899154500016397
0.22903154500016398
0.22907154500016402
0.22911154500016406
0.2291515450001641
0.22916154500016414
0.2291815450001642
0.22919154500016423
0.22913154500016428
0.2291115450001643
0.22914154500016434
0.22918154500016436
0.22920154500016443
0.22913154500016447
0.2290815450001645
0.22905154500016453
0.2290315450001646
0.22906154500016465
0.22910154500016466
0.2291415450001647
0.22918154500016477
0.2292115450001648
0.22909154500016485
0.22879154500016485
0.2286615450001649
0.22855154500016495
0.228461545000165
0.22844154500016503
0.22848154500016504
0.22852154500016508
0.22853154500016512
0.22854154500016516
0.22858154500016523
0.22862154500016527
0.22866154500016528
0.22870154500016535
0.22874154500016539
0.22878154500016543
0.22882154500016544
0.2288615450001655
0.22890154500016552
0.22894154500016559
0.2289815450001656
0.22902154500016564
0.22906154500016573
0.22909154500016576
0.22913154500016578
0.22917154500016582
0.22921154500016588
0.2292515450001659
0.22928154500016593
0.229311545000166
0.229321545000166
0.22936154500016606
0.22938154500016608
0.22942154500016612
0.2294615450001662
0.22950154500016623
0.22954154500016624
0.2295815450001663
0.22962154500016635
0.22966154500016636
0.22969154500016642
0.22973154500016646
0.2297715450001665
0.2298115450001665
0.22985154500016658
0.22988154500016664
0.22984154500016665
0.2298015450001667
0.22983154500016673
0.22987154500016677
0.2298915450001668
0.22993154500016685
0.2299715450001669
0.23000154500016695
0.230041545000167
0.230081545000167
0.23010154500016705
0.23007154500016713
0.22990154500016716
0.2296915450001672
0.22933154500016723
0.22926154500016724
0.22923154500016732
0.22917154500016731
0.2292015450001674
0.22921154500016744
0.22921154500016747
0.2292415450001675
0.22925154500016753
0.2292915450001676
0.22929154500016763
0.22914154500016767
0.2289315450001677
0.22891154500016778
0.2289215450001678
0.22887154500016782
0.22890154500016785
0.22894154500016792
0.22898154500016796
0.22902154500016797
0.22906154500016804
0.22910154500016808
0.2291415450001681
0.22918154500016813
0.2292215450001682
0.2292615450001682
0.22930154500016825
0.22934154500016832
0.22936154500016834
0.22929154500016838
0.2292415450001684
0.22928154500016845
0.2293215450001685
0.22936154500016853
0.22940154500016857
0.2293215450001686
0.22905154500016867
0.2286015450001687
0.22807154500016874
0.2273215450001688
0.22687154500016882
0.22659154500016884
0.2263815450001689
0.22621154500016893
0.22615154500016899
0.226121545000169
0.22609154500016906
0.22613154500016913
0.22616154500016916
0.22620154500016917
0.22624154500016921
0.22628154500016928
0.2263215450001693
0.22636154500016933
0.2263915450001694
0.22643154500016943
0.22647154500016944
0.2265115450001695
0.22654154500016954
0.22658154500016958
0.22662154500016962
0.22659154500016968
0.22649154500016971
0.22652154500016974
0.22649154500016977
0.22648154500016984
0.22652154500016988
0.2265615450001699
0.22652154500016994
0.22637154500016998
0.22616154500017
0.22600154500017006
0.2258815450001701
0.22577154500017013
0.22576154500017015
0.22580154500017022
0.22584154500017023
0.22588154500017033
0.22592154500017034
0.22591154500017038
0.22584154500017042
0.22586154500017044
0.22589154500017047
0.22591154500017052
0.2259515450001706
0.22599154500017063
0.22602154500017066
0.2259115450001707
0.22556154500017073
0.2253015450001708
0.22511154500017083
0.22505154500017086
0.2250615450001709
0.22510154500017096
0.225081545000171
0.225061545000171
0.22508154500017105
0.22503154500017108
0.22501154500017115
0.2249215450001712
0.2248415450001712
0.22481154500017123
0.22485154500017132
0.22489154500017133
0.22493154500017135
0.22497154500017144
0.22501154500017145
0.22505154500017147
0.22503154500017156
0.22504154500017157
0.22503154500017164
0.22497154500017166
0.2248715450001717
0.22478154500017172
0.22478154500017178
0.22482154500017182
0.2248615450001719
0.22485154500017188
0.22488154500017193
0.22487154500017198
0.224861545000172
0.22488154500017205
0.2249215450001721
0.22496154500017213
0.22499154500017216
0.22486154500017222
0.22471154500017224
0.2247415450001723
0.22478154500017233
0.22482154500017237
0.2248615450001724
0.22490154500017243
0.2249415450001725
0.2249815450001725
0.22500154500017258
0.2250215450001726
0.2250315450001727
0.2250715450001727
0.22511154500017275
0.22515154500017276
0.22519154500017283
0.22523154500017284
0.22527154500017288
0.22531154500017295
0.225351545000173
0.22533154500017305
0.22535154500017307
0.2253615450001731
0.22535154500017313
0.22538154500017318
0.2254015450001732
0.22544154500017324
0.2254815450001733
0.22549154500017335
0.22553154500017336
0.22557154500017343
0.22561154500017347
0.22565154500017348
0.22569154500017352
0.22572154500017358
0.22572154500017358
0.22573154500017364
0.22577154500017368
0.22579154500017376
0.22583154500017377
0.22587154500017378
0.22591154500017385
0.2259415450001739
0.22596154500017393
0.22600154500017397
0.226021545000174
0.22593154500017407
0.2257915450001741
0.22575154500017414
0.22570154500017417
0.2257015450001742
0.22573154500017426
0.22576154500017429
0.22580154500017433
0.22584154500017437
0.2258815450001744
0.22590154500017443
0.22581154500017447
0.22585154500017451
0.2258715450001746
0.2259115450001746
0.22595154500017467
0.22599154500017468
0.22602154500017474
0.2260415450001748
0.2260815450001748
0.22611154500017483
0.2261315450001749
0.22617154500017492
0.22620154500017498
0.226231545000175
0.22627154500017505
0.2262915450001751
0.22632154500017515
0.22636154500017516
0.22640154500017523
0.22643154500017523
0.2263515450001753
0.22630154500017532
0.22633154500017538
0.22636154500017538
0.22639154500017544
0.2264315450001755
0.22645154500017553
0.22648154500017556
0.2265215450001756
0.22656154500017564
0.22660154500017568
0.2266315450001757
0.22667154500017575
0.2267015450001758
0.22674154500017585
0.22678154500017586
0.22678154500017592
0.22676154500017595
0.22680154500017602
0.22684154500017603
0.22688154500017613
0.22690154500017612
0.22682154500017618
0.22682154500017623
0.22686154500017625
0.22690154500017626
0.22694154500017635
0.22698154500017637
0.2270015450001764
0.22704154500017645
0.2270815450001765
0.22711154500017652
0.22709154500017656
0.2269615450001766
0.22658154500017666
0.22621154500017668
0.2259215450001767
0.22572154500017674
0.22573154500017678
0.22565154500017684
0.2255015450001769
0.22547154500017694
0.22547154500017694
0.225481545000177
0.22536154500017705
0.2250715450001771
0.22501154500017714
0.22504154500017717
0.2250815450001772
0.22512154500017723
0.2251615450001773
0.22519154500017732
0.2252315450001774
0.2252715450001774
0.22531154500017747
0.22535154500017748
0.22539154500017752
0.22543154500017756
0.22543154500017762
0.22544154500017763
0.22548154500017767
0.22550154500017772
0.22554154500017776
0.2255815450001778
0.22561154500017785
0.22565154500017787
0.22569154500017793
0.22572154500017796
0.225711545000178
0.22570154500017806
0.22572154500017808
0.22576154500017814
0.22577154500017815
0.2257815450001782
0.22582154500017826
0.2258615450001783
0.2259015450001783
0.22594154500017838
0.2259115450001784
0.22585154500017846
0.2258315450001785
0.2256815450001785
0.22545154500017855
0.22523154500017858
0.22508154500017863
0.22494154500017868
0.22479154500017873
0.22479154500017876
0.2248315450001788
0.22487154500017886
0.22491154500017888
0.2249415450001789
0.22494154500017896
0.22494154500017902
0.22491154500017904
0.22487154500017908
0.22487154500017914
0.22491154500017915
0.22495154500017922
0.22499154500017926
0.22503154500017927
0.22507154500017929
0.22510154500017937
0.2251415450001794
0.22517154500017944
0.22521154500017945
0.22520154500017953
0.22522154500017957
0.2252615450001796
0.22530154500017963
0.22532154500017967
0.22535154500017973
0.22539154500017974
0.22543154500017978
0.22547154500017985
0.22551154500017986
0.22555154500017993
0.22557154500017995
0.22561154500018
0.22565154500018003
0.2256815450001801
0.22571154500018015
0.22575154500018016
0.2257915450001802
0.22579154500018023
0.22583154500018027
0.22587154500018033
0.22591154500018037
0.22595154500018041
0.22599154500018045
0.22603154500018047
0.22606154500018052
0.2261015450001806
0.2261415450001806
0.22618154500018064
0.22622154500018068
0.22626154500018072
0.22630154500018076
0.2263415450001808
0.22637154500018083
0.22634154500018086
0.2262415450001809
0.22604154500018098
0.225891545000181
0.22583154500018104
0.22586154500018107
0.22587154500018114
0.22580154500018115
0.22582154500018117
0.22586154500018124
0.22590154500018128
0.22594154500018132
0.22597154500018138
0.2260015450001814
0.22604154500018142
0.2260815450001815
0.22612154500018153
0.22616154500018154
0.2262015450001816
0.22624154500018165
0.22628154500018166
0.2263215450001817
0.22631154500018175
0.22635154500018181
0.22639154500018185
0.22643154500018187
0.2264715450001819
0.22651154500018197
0.226551545000182
0.22657154500018203
0.2265415450001821
0.22646154500018212
0.22629154500018214
0.2261915450001822
0.22614154500018224
0.22611154500018227
0.2259915450001823
0.22584154500018236
0.22586154500018238
0.22590154500018245
0.2259415450001825
0.22580154500018254
0.22574154500018256
0.2256215450001826
0.22552154500018265
0.2255315450001827
0.2255715450001827
0.22561154500018274
0.2256515450001828
0.22569154500018282
0.2257315450001829
0.22577154500018293
0.22581154500018294
0.225851545000183
0.22589154500018305
0.22590154500018306
0.22588154500018312
0.22586154500018316
0.22581154500018316
0.22577154500018323
0.22570154500018327
0.2257315450001833
0.22577154500018332
0.2258115450001834
0.22585154500018342
0.22589154500018346
0.22593154500018353
0.22597154500018354
0.22601154500018358
0.2260115450001836
0.2259215450001837
0.2259515450001837
0.22599154500018376
0.2260315450001838
0.22607154500018384
0.22609154500018386
0.2261315450001839
0.22617154500018397
0.226211545000184
0.22624154500018404
0.22628154500018405
0.22632154500018412
0.22636154500018416
0.2263715450001842
0.22640154500018422
0.22644154500018424
0.2264815450001843
0.22652154500018434
0.22656154500018438
0.22660154500018445
0.22664154500018446
0.2266815450001845
0.22672154500018454
0.22676154500018458
0.2268015450001846
0.22683154500018465
0.22679154500018472
0.22675154500018477
0.22670154500018477
0.22662154500018483
0.22656154500018488
0.2265515450001849
0.22659154500018497
0.22661154500018502
0.22664154500018505
0.22668154500018506
0.22672154500018513
0.22662154500018517
0.2265515450001852
0.22655154500018523
0.22657154500018525
0.2266115450001853
0.22665154500018536
0.22667154500018538
0.22671154500018542
0.22675154500018543
0.22679154500018553
0.22679154500018553
0.22673154500018558
0.22676154500018564
0.22680154500018568
0.2268415450001857
0.22685154500018576
0.2268415450001858
0.22680154500018582
0.22682154500018586
0.2268415450001859
0.22688154500018595
0.22692154500018596
0.22696154500018603
0.22700154500018607
0.22704154500018608
0.22708154500018618
0.2271215450001862
0.2271615450001862
0.22720154500018627
0.2272415450001863
0.22728154500018632
0.22732154500018636
0.22736154500018643
0.22740154500018647
0.2274415450001865
0.22748154500018655
0.2275215450001866
0.22756154500018663
0.22753154500018666
0.22747154500018668
0.22748154500018677
0.2275215450001868
0.2275615450001868
0.2276015450001869
0.2276415450001869
0.22768154500018695
0.22772154500018701
0.22774154500018703
0.22778154500018707
0.2278115450001871
0.22776154500018714
0.2278015450001872
0.22784154500018725
0.22788154500018726
0.2279115450001873
0.22794154500018735
0.22798154500018739
0.22802154500018745
0.22805154500018748
0.22803154500018752
0.22794154500018754
0.22773154500018758
0.2275615450001876
0.2274815450001877
0.2275215450001877
0.22756154500018774
0.22759154500018777
0.22762154500018783
0.22766154500018787
0.2277015450001879
0.22768154500018795
0.22771154500018798
0.22775154500018804
0.22779154500018808
0.2278315450001881
0.22787154500018814
0.22789154500018816
0.22793154500018822
0.22797154500018826
0.2280115450001883
0.22798154500018833
0.2278815450001884
0.22785154500018842
0.22789154500018846
0.22793154500018853
0.22797154500018854
0.22801154500018855
0.22805154500018865
0.22809154500018866
0.2281215450001887
0.22816154500018873
0.2282015450001888
0.22824154500018884
0.22828154500018888
0.22832154500018892
0.22836154500018896
0.22838154500018898
0.22842154500018905
0.22846154500018906
0.2284915450001891
0.22853154500018913
0.2285715450001892
0.2286115450001892
0.22865154500018928
0.22869154500018932
0.22870154500018935
0.22863154500018937
0.2286515450001894
0.22869154500018948
0.2287115450001895
0.22874154500018953
0.22876154500018958
0.22880154500018962
0.2288115450001897
0.22885154500018967
0.22889154500018974
0.22893154500018978
0.22897154500018982
0.22900154500018985
0.2290415450001899
0.22908154500018993
0.22912154500019
0.22916154500019
0.22920154500019008
0.22924154500019012
0.22928154500019013
0.2293115450001902
0.22935154500019025
0.22938154500019028
0.2294215450001903
0.22941154500019034
0.22945154500019038
0.2294915450001904
0.2295315450001905
0.2295315450001905
0.22945154500019055
0.2294715450001906
0.2295115450001906
0.22952154500019065
0.22955154500019068
0.2295815450001907
0.2296215450001908
0.22963154500019084
0.22967154500019088
0.22970154500019088
0.22967154500019094
0.22955154500019098
0.22906154500019102
0.22890154500019105
0.22877154500019112
0.22849154500019114
0.2283015450001912
0.2282415450001912
0.22823154500019127
0.2282715450001913
0.22831154500019132
0.2283515450001914
0.2283915450001914
0.22830154500019145
0.2280915450001915
0.22802154500019153
0.22796154500019156
0.22795154500019163
0.22793154500019164
0.22792154500019168
0.22787154500019177
0.2277815450001918
0.22781154500019182
0.22785154500019184
0.2278915450001919
0.22793154500019194
0.22797154500019198
0.22796154500019203
0.22790154500019208
0.2278715450001921
0.22780154500019215
0.22784154500019216
0.2278815450001922
0.22792154500019227
0.2279615450001923
0.22800154500019232
0.2280415450001924
0.22808154500019243
0.22812154500019244
0.22816154500019245
0.22820154500019255
0.22823154500019258
0.22827154500019264
0.22830154500019267
0.22829154500019272
0.2282815450001927
0.2282315450001928
0.2281615450001928
0.2281915450001929
0.2282315450001929
0.22823154500019296
0.22827154500019295
0.22831154500019302
0.22835154500019303
0.2283815450001931
0.22841154500019314
0.22845154500019318
0.22849154500019322
0.22850154500019326
0.2285015450001933
0.22853154500019332
0.22855154500019337
0.2285115450001934
0.22855154500019345
0.2285915450001935
0.2286315450001935
0.2286715450001936
0.2287115450001936
0.22875154500019362
0.22879154500019372
0.22883154500019373
0.22886154500019376
0.2289015450001938
0.22893154500019386
0.22888154500019392
0.22872154500019395
0.22865154500019397
0.228641545000194
0.22868154500019405
0.22872154500019412
0.22876154500019413
0.22880154500019415
0.2288415450001942
0.22888154500019425
0.22892154500019427
0.22896154500019436
0.22900154500019437
0.22903154500019443
0.22907154500019444
0.22911154500019448
0.22915154500019452
0.22918154500019458
0.22922154500019462
0.22926154500019463
0.2293015450001947
0.22933154500019476
0.22930154500019478
0.22926154500019483
0.22919154500019484
0.22913154500019486
0.22900154500019493
0.22888154500019497
0.22879154500019502
0.22879154500019505
0.2288315450001951
0.22885154500019514
0.22881154500019515
0.22876154500019522
0.22879154500019525
0.22883154500019529
0.22887154500019535
0.22891154500019537
0.2289415450001954
0.22898154500019546
0.2290115450001955
0.2290515450001955
0.22907154500019555
0.22911154500019562
0.22915154500019566
0.22917154500019568
0.22902154500019575
0.2288715450001958
0.2288515450001958
0.22876154500019583
0.2287515450001959
0.2287915450001959
0.22881154500019596
0.22876154500019602
0.22871154500019605
0.2286415450001961
0.22854154500019616
0.22835154500019617
0.2283415450001962
0.22838154500019625
0.2284215450001963
0.22844154500019634
0.22848154500019638
0.2285215450001964
0.22856154500019646
0.22859154500019652
0.22863154500019653
0.22867154500019657
0.2287115450001966
0.22872154500019665
0.22864154500019668
0.2286115450001967
0.22855154500019675
0.2284415450001968
0.22842154500019685
0.2284415450001969
0.22846154500019694
0.22850154500019695
0.228541545000197
0.22858154500019703
0.2286115450001971
0.2286015450001971
0.22863154500019717
0.22867154500019723
0.22869154500019725
0.22872154500019728
0.22864154500019732
0.2286315450001974
0.2286515450001974
0.22864154500019745
0.22868154500019747
0.22872154500019753
0.22876154500019757
0.22880154500019761
0.22881154500019765
0.2288415450001977
0.22888154500019772
0.22888154500019778
0.22881154500019782
0.22874154500019783
0.22865154500019788
0.22865154500019794
0.228651545000198
0.228691545000198
0.22873154500019807
0.2287215450001981
0.22874154500019814
0.22878154500019818
0.22881154500019818
0.22885154500019825
0.2288915450001983
0.22893154500019833
0.22896154500019839
0.2290015450001984
0.22903154500019843
0.22906154500019849
0.2290615450001985
0.22909154500019854
0.22908154500019862
0.22912154500019863
0.2291615450001987
0.22920154500019874
0.22924154500019878
0.2292615450001988
0.22930154500019884
0.2293415450001989
0.22938154500019892
0.22938154500019897
0.229411545000199
0.22941154500019906
0.22939154500019907
0.22937154500019913
0.22938154500019914
0.2293215450001992
0.22925154500019926
0.22914154500019926
0.22917154500019932
0.22921154500019936
0.2292515450001994
0.22929154500019944
0.22932154500019947
0.2293615450001995
0.22940154500019957
0.2294415450001996
0.22948154500019963
0.2295215450001997
0.2295615450001997
0.22959154500019974
0.2296215450001998
0.22965154500019985
0.2296915450001999
0.22973154500019993
0.22977154500019994
0.2298115450002
0.22985154500020002
0.22989154500020006
0.22991154500020014
0.22994154500020017
0.22998154500020018
0.23002154500020025
0.2300415450002003
0.2300815450002003
0.23012154500020038
0.2301315450002004
0.23017154500020046
0.2302115450002005
0.2302515450002005
0.23029154500020055
0.2303215450002006
0.23036154500020065
0.23040154500020069
0.23044154500020073
0.23040154500020077
0.23044154500020078
0.23048154500020085
0.2305115450002009
0.23055154500020092
0.23057154500020097
0.230391545000201
0.230061545000201
0.2297115450002011
0.2295215450002011
0.22931154500020118
0.2291315450002012
0.22897154500020125
0.22889154500020129
0.22892154500020132
0.22896154500020133
0.22900154500020142
0.22904154500020144
0.22908154500020148
0.22912154500020154
0.22916154500020156
0.2292015450002016
0.22924154500020166
0.22928154500020168
0.22932154500020174
0.22936154500020178
0.2293915450002018
0.22943154500020183
0.2294715450002019
0.22951154500020193
0.22953154500020195
0.229551545000202
0.22956154500020204
0.2296015450002021
0.22964154500020215
0.22960154500020216
0.2295815450002022
0.22949154500020225
0.2294815450002023
0.22951154500020232
0.2294715450002024
0.22937154500020238
0.22935154500020247
0.22938154500020247
0.22942154500020254
0.22946154500020255
0.2294915450002026
0.22948154500020265
0.2294915450002027
0.22950154500020273
0.22954154500020277
0.2294915450002028
0.22936154500020287
0.22904154500020285
0.22894154500020292
0.22880154500020297
0.22867154500020304
0.22868154500020305
0.22872154500020309
0.22875154500020312
0.22879154500020316
0.2288315450002032
0.22887154500020324
0.22891154500020325
0.2289415450002033
0.22895154500020334
0.2288915450002034
0.22887154500020343
0.2289015450002035
0.22891154500020353
0.22895154500020357
0.2289515450002036
0.22876154500020365
0.2286815450002037
0.22864154500020373
0.22860154500020377
0.22856154500020381
0.22853154500020384
0.2285615450002039
0.22853154500020392
0.22853154500020398
0.22857154500020402
0.22861154500020406
0.2286415450002041
0.22868154500020413
0.22872154500020417
0.22876154500020418
0.22879154500020424
0.2288315450002043
0.22887154500020432
0.22891154500020433
0.2289515450002044
0.22899154500020444
0.2289915450002045
0.2290215450002045
0.22905154500020455
0.2290915450002046
0.22912154500020462
0.2291615450002047
0.22919154500020472
0.22920154500020476
0.2292415450002048
0.22928154500020484
0.22932154500020488
0.22936154500020492
0.22939154500020495
0.229361545000205
0.22923154500020504
0.2291415450002051
0.22912154500020512
0.22906154500020517
0.22899154500020522
0.2289515450002052
0.22881154500020529
0.2288015450002053
0.22884154500020537
0.22888154500020538
0.22892154500020545
0.22894154500020544
0.2289515450002055
0.22898154500020554
0.2290015450002056
0.22903154500020564
0.22906154500020567
0.22906154500020573
0.22905154500020575
0.22909154500020582
0.22913154500020586
0.22917154500020587
0.2292115450002059
0.22925154500020598
0.22929154500020602
0.22933154500020603
0.2293715450002061
0.22941154500020614
0.22944154500020617
0.22939154500020617
0.22943154500020627
0.2294615450002063
0.2295015450002063
0.22950154500020636
0.2294015450002064
0.22927154500020644
0.2292715450002065
0.2292215450002065
0.22921154500020657
0.22925154500020659
0.22929154500020663
0.2293315450002067
0.2293715450002067
0.22941154500020677
0.22942154500020678
0.22944154500020683
0.2294815450002069
0.2295215450002069
0.22956154500020695
0.22960154500020702
0.22964154500020706
0.2296815450002071
0.22972154500020714
0.22976154500020715
0.2297415450002072
0.22972154500020725
0.22975154500020728
0.22979154500020732
0.22978154500020737
0.2297815450002074
0.22978154500020745
0.22978154500020748
0.22979154500020751
0.22983154500020755
0.22987154500020762
0.22987154500020762
0.22985154500020769
0.22989154500020773
0.22993154500020777
0.2299715450002078
0.23000154500020784
0.23004154500020785
0.23008154500020792
0.23012154500020796
0.23016154500020797
0.23020154500020806
0.23024154500020808
0.2302815450002081
0.23032154500020818
0.2303615450002082
0.23038154500020824
0.23035154500020827
0.23027154500020833
0.23021154500020832
0.23025154500020842
0.23029154500020843
0.2303115450002085
0.2303415450002085
0.23038154500020858
0.2304115450002086
0.23044154500020864
0.23043154500020868
0.23047154500020872
0.23049154500020877
0.2304715450002088
0.23051154500020882
0.23055154500020889
0.2305915450002089
0.23063154500020894
0.230671545000209
0.23071154500020902
0.23071154500020907
0.23067154500020912
0.23049154500020916
0.2303115450002092
0.23009154500020923
0.22964154500020925
0.22899154500020932
0.22870154500020937
0.2286715450002094
0.22868154500020943
0.22872154500020947
0.2287615450002095
0.22880154500020952
0.2288415450002096
0.22888154500020963
0.2289115450002097

Avalanche_Distribution:
68
12
11
1144
30
1
1
138
20
13
341
117
1
9
3
3
11
1
7
1
14
1
1
1
7
1
6
11
1
60
48
39
13
1
1
27
8
23
6
65
6
3
561
1
67
31
2
1
4
1
4
21
60
1
2
55
1
1
4
1
2
454
24
12
54
2
29
205
1
12
2
11
60
2
3
1
2
2
12
6
2
16
5
1
2
1
4
1
9
4
12
87
43
1
7
4
95
22
32
1
1
405
2
5
3
5
46
1
2
5
1
7
1
18
18
8
5
1
4
3
26
17
1
1
3
1
2
1
1
8
10
37
37
6
1
5
33
1
2
2
1
8
35
2
6
50
6
1
15
28
34
4
9
1
1
1
3
1
1
2
9
2
9
1
1
1
45
186
3
7
279
112
14
1
3
24
1
2
2
2
41
25
8
187
9
2
2
96
1
3
2
14
4
7
1
3
2
3
6
1
38
9
15
39
1
1
34
8
8
2
35
5
2
1
2
16
1
19
12
14
11
6
1
6
7
3
2
1
27
3
1
20
1
19
2
2
9
3
5
60
1
1
5
74
2
5
45
17
11
28
15
4
6
3
6
64
9
5
251
3
1
3
1
1
1
1
1
2
1
7
1
1
2
2
25
3
4
1
4
11
2
1
18
13
1
3
4
17
1
22
14
102
5
1
1
2
3
2
1
18
2
1
124
7
1
3
56
11
22
379
1
1
1
21
1
12
108
16
2
1
2
121
13
48
9
46
5
11
2
38
2
3
2
8
8
1
2
3
5
3
2
1
2
1
52
2
1
15
2
3
1
2
1
1
3
22
1
1
1
2
1
1
1
10
18
2
1
165
43
63
1
7
2
1
1
12
1
5
155
3
25
1
1
7
3
2
1
1
4
1
76
16
2
5
2
54
53
61
44
18
2
1
4
53
3
31
2
15
18
2
20
2
10
1
1
1
77
1
1
6
1
2
28
1
2
1
16
2
1
2
3
1
1
1
5
18
3
1
1
3
184
98
33
1
6
26
4
1
1
8
10
1
41
5
1
1
87
20
1
1
2
1
63
73
2
1
53
4
7
2
18
7
4
47
7
1
1
1
5
6
2
4
5
1
11
40
1
1
1
1
2
1
2
3
1
8
1
203
1
4
3
32
30
5
1
5
1
114
1
1
3
16
4
71
11
1
1
1
3
2
1
4
1
95
1
1
3
1
3
1
9
10
1
48
5
4
1
13
17
3
10
1
31
2
1
1
6
8
240
3
1
