
Branching_global:
1.000000004
1.0000004040000108
1.000000297000021
1.0000007040000307
1.00000081700004
1.0000009180000486
1.0000011840000573
1.0000014600000644
1.0000017620000725
1.0000012410000794
1.000001576000086
1.0000017110000945
1.0000008030001037
0.9999968620001091
0.9999964180001127
0.9999949370001159
0.9999885560001187
0.9999807700001184
0.9999814120001179
0.9999818860001186
0.999979708000118
0.9999800140001174
0.9999803700001194
0.999981015000118
0.9999791780001177
0.9999798000001182
0.9999798570001173
0.9999799420001177
0.999980431000117
0.9999771070001173
0.9999766730001176
0.9999768990001175
0.9999768390001192
0.9999769390001174
0.9999766070001171
0.9999736900001167
0.9999747810001189
0.9999748440001178
0.9999750630001172
0.999975454000118
0.9999754750001182
0.9999758950001174
0.9999764840001176
0.9999768450001161
0.999976808000118
0.9999772350001187
0.9999764970001177
0.9999714590001163
0.9999618360001181
0.9999580040001164
0.9999507440001149
0.9999360490001171
0.9999322450001163
0.9999331460001168
0.9999322040001166
0.999932854000117
0.9999328370001156
0.9999330460001156
0.9999328100001162
0.999933394000114
0.9999335720001137
0.9999339040001144
0.9999343840001138
0.9999345570001144
0.9999351090001135
0.9999361590001138
0.9999363550001151
0.9999350280001147
0.9999319360001149
0.9999250670001133
0.999921737000111
0.999922462000113
0.9999206730001131
0.9999213330001114
0.9999212390001131
0.9999208820001111
0.9999171510001129
0.9999164420001121
0.9999151180001106
0.9999146750001094
0.9999116770001107
0.9999119600001102
0.9999124720001106
0.9999135830001108
0.9999129480001098
0.999913370000111
0.9999139220001103
0.9999147360001113
0.9999144360001083
0.9999135900001094
0.9999101050001081
0.9999090480001087
0.9999099750001057
0.9999030680001078
0.9998992110001088
0.9998975870001078
0.9998905030001083
0.999890425000107
0.9998851960001071
0.9998825880001078

Autocorrelation:
249999.99369269525
2475.2479587138187
3367.003628692342
1420.4549834797144
1223.9906480542818
1089.3250610137648
844.5950536984027
684.9319766363913
567.5373665411342
805.8022212300709
634.518231876697
584.4540036654798
1245.3303515621815
-318.67382592595413
-279.1731547943319
-197.5108614231616
-87.38153515923779
-52.001580401845146
-53.79764968340136
-55.205418434406624
-49.2800049173431
-50.03452480935454
-50.941935356648756
-52.67266334936973
-48.02562648241841
-49.5044507830755
-49.644538265795354
-49.85491957507889
-51.100731843629035
-43.680974908545465
-42.86827888268879
-43.287669561661154
-43.17552888924429
-43.362754197441
-42.74733075971991
-38.00786200601645
-39.652143033556875
-39.751448029535624
-40.10055484409815
-40.73933560487227
-40.77421986825151
-41.48466925211929
-42.52373902687156
-43.18671679846071
-43.11781687839058
-43.92658127261475
-42.547260071564516
-35.03681488059476
-26.20220419698409
-23.811291661678045
-20.301595219457806
-15.636472080039587
-14.758558391773636
-14.957468130183834
-14.749632770917517
-14.892419926231458
-14.888650296222078
-14.935127465909018
-14.882667158117012
-15.01316245297138
-15.053392956939614
-15.12900861423749
-15.239685341618573
-15.279973104693886
-15.409957558032854
-15.663415061523628
-15.711653373734901
-15.39074548133694
-14.691554556030493
-13.344755108484565
-12.776929959340213
-12.896402176439153
-12.605548393378038
-12.711310554626483
-12.696139211271381
-12.638848831902092
-12.069651731353014
-11.96723499556777
-11.780560774984004
-11.71939452887124
-11.321579193457405
-11.357973428049835
-11.424415462764497
-11.571297223460027
-11.486886856470033
-11.54284526903402
-11.61687029977518
-11.727779235071743
-11.686658158288823
-11.572234644642121
-11.123589221084409
-10.994310455030078
-11.107525553998434
-10.316010546863923
-9.921217650071162
-9.763885382503377
-9.132170301376057
-9.125669290224675
-8.709997890614682
-8.51651699799816

Average_Activity:
0.0
0.0
0.0
0.0
0.0
0.0
0.0
0.0
0.0
0.0
0.0
0.0
0.0
0.0
0.0
0.0
0.0
0.0
0.0
0.0
0.0
0.0
0.0
0.0
0.0
0.0
0.0
0.0
0.0
0.0
0.75
6.75
10.0
4.75
2.25
3.5
3.5
0.75
0.0
0.0
0.0
0.0
0.0
0.0
0.0
0.0
0.0
0.0
0.0
0.0
0.0
0.0
0.0
0.0
0.0
0.0
0.0
0.0
0.0
0.0
0.0
0.0
0.0
0.0
0.0
0.0
0.0
0.0
0.0
0.0
0.0
0.0
0.0
0.0
0.0
0.0
0.0
0.0
0.0
0.5
0.0
0.0
0.5
0.25
0.0
0.0
0.0
0.0
0.0
2.0
6.5
4.75
1.75
1.0
0.0
0.0
0.0
0.0
0.0
0.0
0.25
1.0
0.25
0.0
0.0
0.0
0.0
0.0
0.0
0.0
0.0
0.0
0.5
0.0
1.25
2.0
4.25
4.25
1.75
0.0
0.25
1.25
0.75
0.0
0.0
0.0
0.25
0.25
0.0
0.0
0.25
0.0
0.0
0.0
0.0
0.0
0.0
0.0
0.0
0.25
0.0
0.0
0.5
2.25
5.0
1.5
0.25
0.0
0.0
0.0
0.75
0.0
1.25
2.25
0.5
0.0
0.0
0.0
0.0
0.0
0.0
0.0
0.0
0.5
0.0
0.0
0.0
0.25
0.0
0.0
0.0
0.0
0.0
0.0
0.0
0.25
0.0
0.0
0.0
0.75
0.25
0.0
0.0
0.0
0.0
0.0
0.0
0.75
3.0
1.0
0.0
0.0
0.0
0.0
0.25
0.0
0.0
0.0
0.0
0.0
0.25
1.0
1.5
0.0
1.25
0.25
0.0
0.25
1.25
2.0
1.25
3.0
4.25
1.75
3.75
3.5
2.75
3.25
6.0
6.0
10.0
6.0
0.5
0.0
0.0
0.0
0.0
0.0
0.0
0.0
0.0
0.0
0.0
0.0
0.0
0.0
0.25
0.25
1.0
0.0
0.5
0.0
0.0
0.25
0.0
0.25
0.0
1.25
0.25
0.0
1.0
0.0
0.0
1.0
0.0
0.0
0.0
0.0
0.0
1.25
3.5
3.0
0.25
0.0
0.25
0.0
0.0
0.5
0.0
0.0
0.0
0.0
2.0
2.0
0.5
0.0
0.0
0.0
1.25
5.25
13.75
16.75
13.0
7.75
6.75
0.75
0.0
0.0
0.0
0.0
0.0
1.0
4.25
2.0
2.5
4.0
1.5
0.0
0.0
0.0
0.0
0.0
0.0
0.0
0.0
0.0
0.25
0.0
2.5
2.25
8.5
15.0
19.0
19.5
20.5
22.5
28.0
39.5
30.5
24.0
14.0
12.0
6.0
1.25
0.0
0.0
0.0
0.0
0.0
0.0
0.0
0.0
0.5
0.0
0.75
1.25
0.0
0.0
0.0
0.25
0.5
1.5
4.25
6.25
6.25
2.75
1.75
3.5
3.5
8.5
12.5
8.5
5.0
2.75
2.0
2.75
4.5
0.5
0.25
2.5
4.5
2.25
1.5
0.25
0.0
0.0
1.75
1.0
4.5
7.5
11.0
10.25
8.5
10.0
16.25
11.75
7.75
5.5
5.75
9.0
12.25
17.5
12.75
10.5
15.0
17.75
19.75
17.75
18.25
15.5
18.25
22.25
24.75
29.5
23.75
25.5
19.75
19.0
25.0
19.25
18.5
17.5
25.75
27.75
41.25
46.25
52.5
44.5
39.25
38.75
30.75
10.25
6.75
8.5
11.25
14.5
12.0
9.5
8.25
9.5
15.25
12.5
9.75
3.0
0.25
0.0
0.0
0.0
0.25
0.0
0.25
0.75
0.0
0.0
0.0
0.0
0.0
0.0
0.0
0.0
0.0
0.0
0.0
0.0
0.0
0.0
0.0
0.0
0.0
0.0
0.0
0.0
0.0
0.0
0.0
0.0
0.0
0.0
0.0
0.0
0.0
0.0
0.0
0.0
0.0
0.0
0.0
0.0
0.0
0.0
0.0
0.0
0.0
0.0
0.0
0.0
0.0
0.0
0.0
0.0
0.0
0.0
0.25
4.25
4.5
5.0
3.75
4.25
3.25
7.0
16.25
17.5
24.5
20.0
15.75
12.25
7.75
6.5
1.75
0.25
0.0
0.0
0.0
0.0
0.0
0.0
0.0
0.0
0.0
0.0
0.0
0.0
0.0
0.0
0.0
0.0
0.0
1.5
0.5
0.0
0.0
0.0
0.0
0.0
0.0
0.0
0.0
0.0
0.0
0.0
0.0
0.0
0.0
0.0
0.0
0.0
0.0
0.0
0.0
0.0
0.0
0.0
0.0
0.0
0.0
0.0
0.0
0.0
0.0
0.0
0.0
0.0
0.0
0.0
0.0
0.0
0.0
0.0
0.0
0.0
0.0
0.0
0.0
0.0
0.5
0.0
0.0
0.0
0.0
0.0
0.0
0.0
0.0
0.0
0.5
0.0
0.0
0.0
0.25
0.0
0.0
2.25
7.75
5.25
3.25
7.5
12.75
11.0
14.25
10.25
6.75
12.75
5.75
4.25
5.0
4.0
2.75
3.5
2.0
1.75
0.25
0.0
0.0
0.0
0.0
0.0
0.0
0.0
0.0
0.0
0.0
0.0
0.0
0.25
0.25
0.0
0.0
0.0
0.0
0.0
0.0
0.5
2.0
0.5
0.25
0.0
0.25
0.0
0.0
0.0
0.0
0.0
0.0
0.0
0.25
0.0
0.0
0.0
0.0
0.0
0.0
0.25
0.5
0.0
1.0
0.0
0.0
0.75
0.25
0.0
0.0
0.0
0.0
0.0
0.0
0.0
0.5
0.0
0.0
0.25
2.25
2.5
0.5
0.0
0.0
1.0
0.25
0.25
1.25
0.25
0.0
0.0
0.0
0.0
0.0
1.0
1.0
0.5
0.0
0.0
0.0
0.0
0.0
0.0
0.0
0.0
0.0
0.0
0.0
0.0
0.0
0.5
0.25
0.25
0.75
0.0
0.0
0.0
0.0
0.0
0.0
0.0
0.0
1.5
1.25
4.25
4.75
2.75
0.75
1.0
0.0
0.0
1.75
6.5
10.0
15.25
22.75
31.75
28.75
17.75
16.5
17.0
21.75
21.5
11.75
10.0
2.0
3.5
1.5
0.0
0.0
0.0
0.5
1.25
0.75
4.75
2.0
0.25
0.0
0.5
2.25
4.0
6.25
10.25
3.25
1.75
0.25
0.25
0.25
0.0
0.0
0.0
0.25
0.25
1.5
0.0
0.0
0.0
0.0
0.5
0.0
0.0
0.0
2.0
6.25
6.0
2.25
1.0
0.75
0.75
0.25
0.0
0.25
0.75
1.0
0.0
0.25
0.0
0.0
0.0
0.25
2.75
0.25
0.0
0.0
0.0
0.25
0.0
0.25
0.5
1.0
0.25
1.25
0.75
0.0
1.75
4.5
6.5
5.0
2.75
1.0
1.25
1.0
3.25
1.25
0.0
0.0
0.0
0.0
0.0
0.0
0.0
0.0
1.0
2.0
5.75
5.25
2.25
0.5
0.0
0.0
0.0
0.0
0.0
0.0
0.5
1.25
0.0
0.0
0.0
0.0
0.0
0.0
0.0
0.5
0.25
0.0
0.0
0.0
0.0
0.25
0.0
0.0
0.0
0.25
0.0
0.75
3.0
5.75
1.0
0.0
0.5
0.25
0.0
0.0
0.0
0.5
3.0
1.75
8.5
9.5
4.25
9.5
15.0
20.0
16.75
11.5
16.75
16.25
14.25
15.0
10.5
6.5
7.5
7.0
0.75
0.25
0.0
0.0
1.25
0.5
0.25
0.0
0.0
0.0
0.0
0.0
0.0
0.0
0.0
0.0
0.0
0.0
0.0
0.0
0.25
3.0
1.25
0.0
0.0
0.0
0.0
0.0
0.0
0.0
0.0
0.0
0.0
0.0
0.0
0.0
0.0
0.0
0.0
0.0
0.0
0.0
1.25
0.0
0.0
0.0
0.0
0.0
0.0
0.0
0.0
0.0
0.0
0.0
0.0
0.0
0.0
0.0
0.0
0.0
0.0
1.25
0.0
0.0
0.0
0.0
0.0
0.0
0.0
0.0
0.0
0.0
0.0
0.25
0.0
0.0
0.25
1.5
2.5
0.0
0.0
0.0
0.0
0.0
0.0
0.0
0.0
0.0
0.0
0.0
0.0
0.0
0.0
0.0
0.0
0.0
0.0
0.0
0.0
0.0
0.0
0.0
0.0
0.0
0.0
0.0
0.0
0.0
0.0
0.75
3.5
6.75
1.75
0.0
0.0
0.0
0.0
0.0
0.0
0.0
0.0
0.0
0.0
0.0
0.0
0.0
0.0
0.0
0.0
0.0
0.0
0.0
0.0
0.0
0.0
0.0
0.0
0.0
0.0
0.0
0.0
0.0
0.0
0.0
0.0
0.0
0.0
0.0
0.0
0.0
0.0
0.0
0.0
0.0
0.0
0.0
0.0
0.0
0.0
0.0
0.0
0.0
0.0
0.0
0.25
1.0
2.0
0.25
0.0
0.0
0.0
0.0
0.0
0.0
0.0
0.0
0.0
0.0
0.0
0.0
0.0
0.0
0.0
0.0
0.0
0.0
0.0
0.0
0.0
0.0
0.0
0.0
0.0
0.0
0.0
0.0
0.0
0.0
0.25
1.0
1.0
0.0
0.0
0.0
0.0
1.0
0.0
0.0
0.0
0.5
1.25
0.5
0.0
0.25
2.5
6.25
3.25
0.0
0.0
0.0
0.0
0.0
0.0
0.0
1.0
1.5
0.0
0.25
0.25
0.0
1.25
1.25
0.0
0.0
0.0
0.5
1.5
0.5
0.0
0.0
0.0
0.0
0.0
0.0
0.0
0.0
0.25
2.5
0.25
0.0
0.0
0.0
0.25
4.5
7.25
6.25
3.5
4.75
2.5
0.0
0.0
0.0
0.0
0.0
0.25
2.0
1.0
0.0
0.0
1.75
2.0
1.5
3.0
7.75
9.5
2.5
1.5
4.75
5.0
9.25
11.25
13.75
13.75
12.25
5.0
2.0
4.0
6.75
6.75
7.75
6.25
8.0
9.0
11.75
21.75
24.75
25.0
31.25
30.5
33.25
34.0
38.75
60.75
61.75
68.75
54.75
56.25
42.25
47.0
50.75
47.5
27.0
19.75
14.0
12.25
16.5
4.75
2.75
0.0
0.0
2.25
4.75
3.0
0.75
0.0
0.0
0.0
0.0
0.0
0.0
0.0
0.0
0.5
6.25
3.75
9.75
14.0
15.5
6.25
3.25
2.75
3.25
2.25
5.75
14.25
16.75
14.75
25.25
28.75
45.0
48.0
58.0
42.5
37.25
31.0
37.0
31.75
21.25
21.25
17.25
20.25
21.5
9.75
6.25
5.75
5.75
10.75
8.0
7.0
10.5
7.5
7.0
13.25
16.5
8.5
18.0
36.0
44.0
38.75
22.25
22.5
33.5
28.5
23.5
15.75
10.0
17.5
11.5
15.0
32.0
48.25
53.5
52.0
62.5
62.75
52.5
63.0
48.0
48.75
60.25
46.5
41.0
41.75
38.0
26.75
25.5
9.25
13.0
10.0
12.0
9.5
8.25
4.5
3.0
3.5
1.75
2.5
1.25
0.0
0.0
0.75
0.5
0.0
0.25
0.0
0.0
0.0
0.0
0.0
0.0
0.5
0.0
0.0
0.0
1.0
1.0
0.0
0.0
0.75
1.0
1.0
0.0
0.0
0.0
0.0
0.0
0.0
0.0
0.0
0.75
0.0
0.0
2.5
3.0
0.5
0.0
0.0
0.0
0.0
0.0
0.0
0.0
0.0
0.0
0.75
0.0
0.75
0.5
3.25
1.75
2.0
4.75
4.5
2.5
1.0
1.75
1.0
0.0
0.0
0.0
0.0
0.0
0.25
1.25
0.25
0.0
0.0
0.75
3.25
4.5
2.0
0.25
2.0
7.75
4.25
1.25
0.0
0.5
0.0
0.0
0.0
0.0
0.0
0.0
0.0
0.0
0.0
0.0
0.0
0.0
0.0
0.0
0.0
0.0
0.0
0.0
0.0
0.0
0.0
0.0
0.5
0.5
0.0
1.5
3.5
3.25
1.75
1.0
0.0
0.0
0.0
0.0
0.5
0.0
0.0
0.0
0.25
3.25
4.75
2.25
0.0
0.0
0.0
0.0
0.0
0.0
0.0
0.0
0.0
0.0
0.0
0.0
0.0
0.0
0.0
1.5
0.25
0.5
0.0
0.0
0.0
0.0
0.0
1.0
2.0
1.5
3.25
2.0
0.75
0.25
0.0
0.0
0.75
0.0
0.0
0.0
0.0
0.0
0.0
0.0
0.0
0.0
0.0
0.0
0.0
0.0
0.0
0.0
0.0
0.0
0.0
0.0
0.0
0.0
0.0
0.0
0.0
0.0
0.25
0.0
0.0
0.0
0.0
0.0
0.0
0.0
0.0
0.0
0.0
0.0
0.0
0.0
0.0
0.0
0.0
0.0
0.0
0.0
0.0
0.0
0.0
0.0
0.0
0.0
0.0
0.0
0.0
0.0
0.0
0.0
0.0
0.0
0.0
0.0
0.0
0.0
0.0
0.0
0.0
0.25
0.0
0.0
0.0
0.0
0.0
0.0
0.0
0.0
0.0
0.0
0.0
0.0
0.0
0.0
0.0
0.0
0.0
0.0
0.0
0.0
0.0
0.0
0.0
0.0
0.0
0.0
0.0
0.0
0.0
0.0
0.0
0.0
0.0
0.0
0.0
0.0
0.25
0.0
0.0
0.0
0.0
0.0
0.0
0.0
0.0
0.0
0.0
0.0
0.0
1.0
0.0
0.0
0.0
0.0
0.25
0.75
0.0
0.25
1.25
1.0
0.0
0.0
0.0
0.0
0.25
0.0
0.0
0.0
0.25
0.0
0.0
0.0
0.0
0.0
0.0
0.0
0.0
0.0
0.0
0.0
0.0
0.0
1.0
2.5
1.5
1.25
0.0
0.0
0.0
0.0
0.0
0.0
0.0
0.0
0.5
0.0
0.0
0.0
0.0
0.0
0.0
0.0
0.0
0.0
0.0
0.0
1.25
2.0
0.0
0.0
0.25
0.0
0.0
0.0
0.0
0.0
0.0
0.0
0.0
0.0
0.0
0.0
0.0
0.0
0.0
0.0
0.0
0.0
0.0
0.0
0.0
0.0
0.0
0.5
0.0
2.0
2.75
3.0
5.75
1.75
0.0
1.25
3.5
2.5
0.0
0.0
0.5
1.0
0.5
0.0
1.25
3.75
3.5
9.75
17.25
21.5
14.5
5.25
6.25
4.5
0.75
0.0
0.0
0.0
0.25
0.0
0.0
1.0
1.75
2.25
4.75
2.75
3.75
6.25
8.0
5.5
8.25
14.75
8.75
15.75
19.25
9.25
10.25
15.0
24.25
19.0
19.0
25.25
26.75
33.25
28.75
23.25
23.25
26.5
22.5
14.75
19.5
18.5
16.5
20.75
15.5
10.25
15.0
14.0
11.0
13.5
19.5
17.75
12.5
17.25
9.5
6.75
7.75
2.5
0.0
0.0
0.5
0.0
3.5
13.0
14.25
10.25
7.75
7.5
19.25
26.25
27.75
27.5
20.5
16.0
11.25
6.75
2.75
1.75
0.0
0.0
0.0
0.0
0.0
0.0
0.25
0.0
0.0
0.0
0.5
0.0
0.25
0.0
0.0
0.0
0.0
0.25
0.25
0.75
0.25
0.0
0.0
0.0
0.0
0.0
0.0
0.0
0.0
0.0
0.25
2.25
0.25
1.75
8.75
8.0
12.75
13.5
9.75
6.0
2.25
0.25
0.0
0.0
0.0
0.25
0.25
1.0
2.5
2.75
0.0
0.0
0.0
0.0
0.5
4.25
6.75
4.75
3.25
0.0
0.5
2.5
0.5
0.0
0.0
0.0
0.0
0.25
0.0
1.0
1.0
0.75
0.0
0.0
0.0
0.0
0.0
0.25
0.0
0.0
0.0
0.0
0.0
0.0
0.0
0.0
0.0
0.0
0.0
0.0
0.0
0.0
0.0
0.0
0.0
1.0
2.25
3.0
5.0
5.0
1.25
2.0
3.0
1.75
0.0
0.25
0.0
0.0
0.0
0.0
0.0
0.0
0.0
0.0
0.0
0.0
0.0
0.0
1.5
3.75
6.0
7.25
5.25
5.75
11.0
7.5
8.5
5.0
11.0
7.75
12.75
14.25
13.0
17.75
11.5
6.5
6.0
5.25
4.75
4.25
8.0
3.5
7.5
12.0
8.0
6.5
5.75
3.25
3.0
3.5
11.75
14.5
16.25
13.75
22.0
27.25
20.0
4.0
4.25
6.25
7.75
0.25
0.0
0.0
0.0
0.0
0.0
0.0
0.5
0.75
0.75
0.0
0.0
0.0
0.0
0.75
0.5
0.5
5.25
7.5
6.0
14.0
11.75
14.0
9.75
3.75
5.0
7.0
6.25
5.5
1.25
0.5
0.0
0.0
0.0
0.0
0.0
0.0
0.0
0.0
0.0
0.0
0.25
0.0
0.0
0.0
0.5
0.0
0.0
0.0
1.0
3.0
5.5
0.5
0.0
0.0
0.0
0.0
0.0
0.0
0.25
2.0
2.75
3.25
6.0
8.75
7.75
8.75
10.75
11.5
10.5
17.25
19.0
28.25
30.5
25.5
13.75
7.5
4.25
4.25
4.75
3.0
1.75
0.75
0.0
0.0
0.0
0.0
0.0
0.0
0.0
0.0
0.0
0.0
0.0
0.0
0.0
0.0
0.0
0.0
0.0
0.0
0.0
0.0
0.0
0.0
0.0
0.0
0.0
0.0
0.0
0.0
0.0
0.0
0.0
0.0
0.0
0.0
0.0
0.0
0.0
0.0
0.0
0.0
0.0
0.0
0.0
0.0
0.0
0.0
0.0
0.0
0.0
0.0
0.0
0.0
0.0
0.0
0.0
0.0
0.0
0.0
0.0
0.0
0.0
0.0
0.0
1.0
0.25
0.0
0.0
0.0
0.0
0.0
0.0
0.0
0.0
0.0
0.0
0.0
0.0
1.0
0.0
0.0
0.0
0.0
0.0
0.0
0.0
0.0
0.0
0.0
0.25
0.0
0.0
0.0
0.0
0.0
0.0
0.0
0.0
0.0
0.0
0.0
0.0
0.0
0.0
0.0
0.0
0.0
0.0
0.0
0.0
0.0
0.0
0.0
1.0
0.25
0.0
0.25
0.25
0.0
0.0
0.0
1.5
1.25
3.0
6.5
6.5
3.75
3.25
1.0
0.0
0.0
0.0
0.0
0.0
0.0
0.0
0.0
0.25
0.25
0.0
0.0
0.0
0.0
0.0
0.0
0.0
0.0
0.0
0.25
0.0
0.0
0.25
0.0
0.0
0.0
0.0
0.0
0.0
0.0
0.25
0.0
1.75
0.0
0.0
1.0
0.0
0.0
0.0
0.0
0.5
0.0
0.5
0.0
0.25
0.25
0.0
0.0
0.0
0.0
0.0
0.0
0.0
0.0
2.0
3.75
4.75
1.25
0.25
0.75
0.0
0.5
0.5
0.0
0.0
0.0
1.0
1.5
2.5
1.5
0.25
0.0
0.5
1.5
2.75
1.5
0.5
0.0
0.25
1.0
0.0
0.0
0.0
0.0
0.0
0.25
0.25
0.0
0.75
2.25
2.0
2.25
2.0
0.5
0.0
0.0
0.0
0.0
0.5
2.5
6.25
7.5
7.5
5.25
7.0
11.25
14.75
23.25
28.0
36.0
39.5
21.25
15.75
14.5
10.0
5.5
0.5
1.75
3.5
0.75
0.0
0.0
0.0
0.0
0.0
0.75
2.0
4.75
8.0
11.75
11.0
14.5
11.5
6.5
4.5
1.75
0.25
0.0
0.0
0.0
0.0
0.25
0.0
0.0
0.0
0.0
0.0
0.0
0.0
0.0
0.0
0.0
0.0
0.0
0.0
0.0
0.75
0.0
0.0
0.0
0.5
2.0
4.5
6.25
6.25
0.5
0.0
0.0
0.25
1.75
1.25
0.0
0.25
0.0
0.25
0.0
0.0
0.25
0.0
0.0
2.0
6.0
5.25
6.0
7.5
8.5
14.0
20.0
14.5
15.0
14.75
9.25
13.5
15.0
30.75
42.5
37.5
24.75
29.25
41.5
24.25
12.5
10.25
15.5
10.5
11.75
20.25
19.0
22.75
20.5
15.25
14.25
22.25
24.75
23.5
15.5
10.75
10.0
14.25
15.25
11.25
9.25
8.0
3.0
1.75
0.5
0.25
0.5
0.0
1.0
1.75
0.0
0.0
0.25
0.0
0.0
0.0
0.0
0.0
0.5
1.0
0.75
1.25
3.25
6.25
4.75
2.0
2.75
2.75
3.5
11.0
16.75
18.5
25.25
20.25
16.25
13.75
13.0
14.25
25.5
31.5
29.0
23.5
24.5
34.75
24.0
28.75
32.0
27.25
29.25
27.25
22.5
14.5
9.5
8.25
1.75
1.0
3.75
0.0
0.0
0.0
0.0
0.0
0.0
0.0
0.0
0.0
0.0
0.0
0.0
0.0
0.0
0.0
1.0
2.0
3.5
14.0
7.0
6.25
5.75
0.0
0.0
0.0
0.0
0.0
0.0
0.0
0.0
0.0
0.0
0.75
1.25
1.25
4.5
8.0
7.0
5.75
14.0
19.0
17.25
31.25
34.5
28.0
15.25
13.25
13.75
20.0
30.75
37.5
33.75
30.0
21.25
20.0
14.0
10.75
11.0
13.25
11.75
7.0
2.5
0.75
0.0
0.0
0.0
0.0
0.0
0.0
1.75
3.25
3.75
2.0
1.75
2.75
3.75
7.0
8.25
9.25
7.5
1.5
2.5
0.0
0.0
0.0
0.0
0.0
0.0
0.0
0.0
0.0
0.0
0.0
0.0
0.0
0.0
0.0
0.0
0.0
0.0
0.0

Average_Alpha:
0.250000001
0.2500000050000001
0.25000000900000025
0.2500000130000003
0.25000001700000046
0.2500000210000005
0.2500000250000007
0.25000002900000073
0.2500000330000009
0.25000003700000095
0.25000004100000117
0.2500000450000011
0.25000004900000133
0.2500000530000014
0.25000005700000155
0.2500000610000016
0.25000006500000177
0.2500000690000018
0.250000073000002
0.25000007700000204
0.25000008100000226
0.2500000850000022
0.2500000890000024
0.2500000930000025
0.25000009700000264
0.2500001010000027
0.25000010500000286
0.2500001090000029
0.2500001130000031
0.25000011700000313
0.25000011800000327
0.25000009500000336
0.2500000590000035
0.25000004400000353
0.2500000390000037
0.25000002900000373
0.2500000190000039
0.25000002000000393
0.2500000240000041
0.25000002800000415
0.2500000320000043
0.25000003600000437
0.25000004000000453
0.2500000440000045
0.2500000480000047
0.2500000520000047
0.2500000560000049
0.2500000600000049
0.2500000640000051
0.25000006800000507
0.2500000720000053
0.2500000760000053
0.25000008000000545
0.25000008400000545
0.2500000880000056
0.25000009200000567
0.25000009600000583
0.2500001000000059
0.25000010400000605
0.25000010800000605
0.25000011200000627
0.25000011600000627
0.25000012000000643
0.25000012400000643
0.25000012800000665
0.25000013200000665
0.2500001360000068
0.2500001400000068
0.250000144000007
0.250000148000007
0.2500001520000072
0.25000015600000725
0.2500001600000074
0.2500001640000074
0.25000016800000757
0.2500001720000076
0.2500001760000078
0.2500001800000078
0.25000018400000795
0.250000186000008
0.25000019000000817
0.2500001940000082
0.2500001960000084
0.25000019900000836
0.2500002030000086
0.2500002070000086
0.25000021100000874
0.2500002150000088
0.25000021900000896
0.25000021500000896
0.25000019300000914
0.2500001780000092
0.2500001750000093
0.2500001750000093
0.2500001790000095
0.25000018300000953
0.25000018700000964
0.25000019100000964
0.25000019500000986
0.25000019900000986
0.25000020200001005
0.25000020200001005
0.25000020500001024
0.25000020900001024
0.25000021300001035
0.2500002170000104
0.25000022100001057
0.25000022500001057
0.25000022900001073
0.25000023300001073
0.2500002370000109
0.25000024100001095
0.2500002430000111
0.2500002470000111
0.2500002460000113
0.25000024200001125
0.25000022900001145
0.2500002160000115
0.25000021300001163
0.2500002170000116
0.25000022000001176
0.2500002190000118
0.25000022000001193
0.250000224000012
0.2500002280000121
0.25000023200001215
0.2500002350000123
0.2500002380000123
0.2500002420000125
0.25000024600001247
0.2500002490000126
0.25000025300001266
0.25000025700001277
0.2500002610000128
0.250000265000013
0.250000269000013
0.25000027300001315
0.2500002770000131
0.2500002810000133
0.25000028400001334
0.25000028800001345
0.25000029200001345
0.2500002940000136
0.25000028900001364
0.25000027300001376
0.2500002710000138
0.25000027400001396
0.25000027800001395
0.2500002820000141
0.2500002860000141
0.25000028700001425
0.25000029100001425
0.2500002900000144
0.2500002850000144
0.2500002870000146
0.2500002910000146
0.2500002950000147
0.25000029900001475
0.2500003030000149
0.2500003070000149
0.250000311000015
0.25000031500001507
0.2500003190000152
0.25000032100001524
0.25000032500001534
0.25000032900001534
0.2500003330000155
0.25000033600001553
0.2500003400000157
0.2500003440000157
0.25000034800001586
0.2500003520000158
0.25000035600001597
0.25000036000001596
0.25000036400001613
0.25000036700001615
0.25000037100001626
0.2500003750000163
0.2500003790000165
0.25000038000001645
0.2500003830000166
0.2500003870000166
0.25000039100001675
0.25000039500001675
0.2500003990000169
0.25000040300001697
0.250000407000017
0.25000040800001705
0.2500004000000172
0.2500004000000172
0.2500004040000174
0.2500004080000174
0.25000041200001755
0.25000041600001754
0.2500004190000177
0.2500004230000177
0.25000042700001784
0.25000043100001784
0.250000435000018
0.250000439000018
0.25000044200001814
0.25000044200001814
0.25000044000001825
0.2500004440000183
0.25000044300001845
0.2500004460000185
0.2500004500000186
0.2500004530000186
0.25000045200001875
0.25000044800001875
0.2500004470000189
0.2500004390000189
0.25000042600001904
0.25000042300001907
0.25000041200001916
0.25000040200001916
0.2500003950000193
0.25000038600001934
0.2500003660000194
0.25000034600001947
0.25000031000001954
0.25000029000001955
0.25000029200001966
0.25000029600001966
0.25000030000001977
0.2500003040000198
0.25000030800001993
0.25000031200001993
0.25000031600002
0.25000032000002004
0.25000032400002015
0.2500003280000202
0.25000033200002025
0.25000033600002025
0.25000034000002036
0.2500003440000204
0.2500003470000205
0.2500003500000205
0.25000035000002063
0.25000035400002063
0.25000035600002074
0.25000036000002074
0.25000036400002085
0.2500003670000208
0.2500003710000209
0.250000374000021
0.2500003780000211
0.2500003770000211
0.2500003800000212
0.2500003840000212
0.25000038400002134
0.25000038800002133
0.2500003920000215
0.25000039200002155
0.2500003960000217
0.25000040000002177
0.25000040400002194
0.25000040800002193
0.2500004120000221
0.2500004110000221
0.25000040100002224
0.2500003930000223
0.2500003960000225
0.25000040000002255
0.25000040300002263
0.2500004070000227
0.25000041100002285
0.2500004130000229
0.25000041700002307
0.2500004210000231
0.25000042500002323
0.2500004290000233
0.2500004250000234
0.25000042100002345
0.2500004230000236
0.2500004270000237
0.2500004310000237
0.2500004350000238
0.250000434000024
0.250000417000024
0.2500003660000241
0.25000030300002424
0.2500002550000243
0.25000022800002436
0.2500002050000245
0.25000020600002454
0.25000021000002465
0.2500002140000247
0.2500002180000248
0.25000022200002486
0.25000022600002497
0.250000226000025
0.2500002130000251
0.2500002090000252
0.25000020300002535
0.25000019100002535
0.25000018900002546
0.2500001930000255
0.25000019700002557
0.2500002010000257
0.2500002050000258
0.25000020900002584
0.25000021300002595
0.250000217000026
0.2500002210000261
0.25000022500002617
0.25000022800002625
0.2500002320000263
0.2500002260000264
0.2500002210000265
0.2500001910000266
0.25000013500002666
0.25000006300002675
0.24999998900002676
0.24999991100002686
0.2499998250000269
0.249999717000027
0.24999956300002701
0.24999944500002708
0.2499993530000271
0.24999930100002718
0.24999925700002723
0.24999923700002724
0.24999923600002727
0.24999924000002732
0.24999924400002738
0.24999924800002743
0.24999925200002746
0.2499992560000275
0.2499992600000275
0.24999926400002756
0.24999926800002759
0.24999927000002767
0.2499992740000277
0.24999927500002775
0.24999927400002778
0.24999927800002783
0.24999928200002786
0.24999928600002788
0.24999928900002794
0.249999291000028
0.24999928900002802
0.24999927600002808
0.24999925500002812
0.24999923400002813
0.2499992270000282
0.24999922400002822
0.24999921400002828
0.2499992040000283
0.24999917400002836
0.24999912800002838
0.24999909800002842
0.24999908200002846
0.2499990750000285
0.24999907100002852
0.24999906400002858
0.2499990500000286
0.2499990520000286
0.24999905500002864
0.24999904900002867
0.2499990350000287
0.24999903000002877
0.24999902800002877
0.24999903100002882
0.24999903500002885
0.24999903900002887
0.24999903600002893
0.24999903600002893
0.24999902200002896
0.24999899600002903
0.249998956000029
0.24999891900002905
0.24999888900002906
0.2499988530000291
0.24999879200002914
0.24999874900002916
0.2499987220000292
0.24999870400002921
0.24999868500002925
0.24999865300002927
0.2499986080000293
0.24999854200002933
0.24999849500002932
0.24999845700002937
0.24999840100002937
0.24999833400002938
0.2499982590000294
0.24999819200002943
0.24999812300002944
0.24999806500002944
0.24999799600002945
0.2499979110000295
0.24999781600002952
0.2499977020000295
0.2499976110000295
0.24999751300002954
0.2499974380000295
0.24999736600002953
0.24999727000002953
0.24999719700002954
0.24999712700002955
0.24999706100002952
0.24999696200002955
0.24999685500002955
0.24999669400002955
0.24999651300002956
0.24999630700002956
0.24999613300002954
0.24999598000002954
0.24999582900002956
0.24999571000002957
0.24999567300002956
0.24999565000002955
0.24999562000002953
0.24999557900002956
0.24999552500002956
0.24999548100002955
0.24999544700002954
0.24999541800002953
0.24999538400002955
0.24999532700002952
0.24999528100002957
0.24999524600002954
0.24999523800002957
0.24999524100002954
0.24999524500002956
0.24999524900002956
0.24999525300002956
0.24999525600002953
0.24999526000002953
0.24999526300002956
0.24999526400002958
0.24999526800002958
0.24999527200002955
0.24999527600002955
0.24999528000002955
0.24999528400002952
0.24999528800002954
0.24999529200002954
0.24999529600002954
0.24999530000002954
0.24999530400002953
0.24999530800002956
0.24999531200002953
0.24999531600002953
0.24999532000002955
0.24999532400002955
0.24999532800002952
0.24999533200002952
0.24999533600002952
0.24999534000002954
0.24999534400002954
0.24999534800002954
0.24999535200002954
0.2499953560000295
0.2499953600000295
0.24999536400002953
0.24999536800002953
0.2499953720000295
0.24999537600002952
0.24999538000002952
0.2499953840000295
0.24999538800002952
0.24999539200002951
0.2499953960000295
0.2499954000000295
0.2499954040000295
0.2499954080000295
0.24999541200002948
0.24999541600002953
0.24999542000002953
0.24999542400002953
0.2499954280000295
0.2499954320000295
0.24999543600002952
0.24999544000002952
0.2499954440000295
0.2499954480000295
0.2499954520000295
0.24999545600002948
0.2499954600000295
0.2499954640000295
0.24999546700002953
0.2499954540000295
0.24999544000002952
0.24999542400002953
0.24999541300002948
0.24999540000002948
0.2499953910000295
0.2499953670000295
0.2499953060000295
0.24999524000002948
0.24999514600002948
0.2499950700000295
0.24999501100002947
0.24999496600002952
0.2499949390000295
0.2499949170000295
0.2499949140000295
0.2499949170000295
0.24999492100002949
0.24999492500002946
0.24999492900002948
0.2499949330000295
0.2499949370000295
0.24999494100002947
0.24999494500002947
0.24999494900002947
0.2499949530000295
0.24999495700002947
0.2499949610000295
0.2499949650000295
0.24999496900002946
0.24999497300002949
0.2499949770000295
0.2499949810000295
0.24999498500002948
0.24999498300002948
0.24999498500002948
0.24999498900002948
0.2499949930000295
0.2499949970000295
0.2499950010000295
0.2499950050000295
0.2499950090000295
0.2499950130000295
0.2499950170000295
0.2499950210000295
0.24999502500002946
0.24999502900002948
0.2499950330000295
0.2499950370000295
0.24999504100002948
0.2499950450000295
0.2499950490000295
0.2499950530000295
0.24999505700002947
0.24999506100002952
0.24999506500002952
0.2499950690000295
0.2499950730000295
0.24999507700002951
0.2499950810000295
0.24999508500002948
0.2499950890000295
0.24999509300002953
0.2499950970000295
0.2499951010000295
0.24999510500002953
0.24999510900002953
0.2499951130000295
0.24999511700002952
0.24999512100002952
0.24999512500002954
0.24999512900002951
0.2499951330000295
0.2499951370000295
0.24999514100002954
0.24999514500002953
0.24999514900002953
0.24999515300002953
0.2499951570000295
0.24999516100002953
0.24999516500002952
0.24999516700002952
0.2499951710000295
0.24999517500002952
0.24999517900002954
0.2499951830000295
0.24999518700002954
0.24999519100002954
0.24999519500002954
0.2499951990000295
0.2499952030000295
0.24999520500002956
0.24999520900002956
0.24999521300002953
0.24999521700002952
0.24999522000002952
0.24999522400002958
0.24999522800002955
0.24999522300002955
0.24999519600002953
0.24999517900002952
0.24999517000002952
0.24999514400002953
0.24999509700002956
0.24999505700002952
0.24999500400002955
0.24999496700002954
0.24999494400002956
0.24999489700002953
0.24999487800002954
0.24999486500002957
0.24999484900002955
0.24999483700002953
0.24999483000002953
0.24999482000002954
0.2499948160000295
0.24999481300002951
0.2499948160000295
0.24999482000002954
0.24999482400002954
0.24999482800002953
0.24999483200002953
0.24999483600002953
0.24999484000002953
0.24999484400002953
0.24999484800002955
0.24999485200002955
0.24999485600002952
0.24999486000002955
0.24999486400002954
0.24999486700002957
0.24999487000002954
0.24999487400002954
0.24999487800002954
0.24999488200002953
0.24999488600002953
0.24999489000002953
0.24999489400002955
0.24999489600002955
0.24999489200002956
0.24999489400002955
0.24999489700002953
0.24999490100002952
0.24999490400002952
0.24999490800002955
0.24999491200002952
0.24999491600002954
0.24999492000002954
0.24999492400002954
0.2499949280000295
0.24999493200002953
0.24999493500002953
0.24999493900002953
0.24999494300002953
0.24999494700002953
0.24999495100002952
0.2499949550000295
0.24999495900002952
0.24999496200002955
0.24999496400002955
0.24999496800002954
0.24999496800002954
0.24999497200002951
0.2499949760000295
0.2499949770000295
0.24999498000002954
0.2499949840000295
0.24999498800002953
0.24999499200002953
0.24999499600002953
0.2499950000000295
0.24999500400002952
0.24999500800002952
0.24999501000002955
0.24999501400002952
0.24999501800002952
0.24999502100002952
0.24999501600002952
0.24999501000002955
0.24999501200002952
0.24999501600002952
0.24999502000002954
0.24999502000002952
0.24999502300002951
0.24999502600002949
0.2499950250000295
0.2499950280000295
0.24999503200002954
0.24999503600002954
0.2499950400000295
0.2499950440000295
0.2499950480000295
0.2499950480000295
0.24999504800002953
0.24999505000002953
0.2499950540000295
0.24999505800002952
0.24999506200002952
0.24999506600002952
0.2499950700000295
0.24999507400002952
0.24999507800002954
0.24999508200002954
0.2499950860000295
0.2499950900000295
0.2499950940000295
0.24999509800002953
0.24999510200002953
0.24999510400002953
0.24999510700002953
0.24999511000002952
0.24999511100002952
0.2499951150000295
0.24999511900002952
0.24999512300002955
0.24999512700002952
0.2499951310000295
0.2499951350000295
0.24999513900002954
0.2499951430000295
0.2499951410000295
0.2499951400000295
0.24999512700002952
0.2499951120000295
0.24999510500002953
0.2499951060000295
0.24999510600002953
0.24999511000002952
0.2499951140000295
0.24999511100002952
0.2499950890000295
0.24999505300002953
0.24999499600002953
0.24999490900002952
0.24999478600002953
0.24999467500002948
0.2499946080000295
0.24999454600002952
0.2499944820000295
0.24999439900002948
0.24999431700002953
0.24999427400002952
0.24999423800002948
0.2499942340000295
0.24999422400002946
0.2499942220000295
0.2499942260000295
0.24999423000002952
0.24999423400002949
0.2499942360000295
0.24999423500002949
0.24999423600002948
0.2499942210000295
0.2499942170000295
0.2499942200000295
0.24999422400002946
0.24999422600002946
0.2499942210000295
0.2499942090000295
0.24999418800002945
0.24999415100002947
0.24999414200002945
0.24999413900002945
0.24999414200002945
0.24999414500002945
0.24999414800002948
0.24999415200002942
0.24999415600002947
0.24999416000002947
0.24999416300002947
0.24999416600002944
0.24999416400002947
0.24999416800002944
0.24999417200002944
0.24999417600002943
0.2499941800000295
0.24999418200002946
0.24999418600002946
0.24999419000002945
0.24999419400002945
0.24999419000002945
0.24999416900002944
0.24999414900002945
0.24999414400002945
0.24999414400002945
0.24999414500002945
0.24999414600002945
0.24999414900002948
0.24999415300002945
0.24999415600002947
0.24999415700002947
0.24999415700002947
0.24999416100002947
0.24999416400002947
0.24999416800002944
0.24999417200002944
0.2499941760000295
0.2499941790000295
0.24999417200002944
0.24999417500002943
0.24999417900002946
0.24999418300002946
0.24999418700002946
0.24999419000002945
0.24999419400002948
0.24999419700002945
0.24999419900002945
0.24999419900002945
0.24999420200002945
0.24999420100002948
0.24999420200002948
0.24999420600002947
0.24999420300002947
0.24999418900002945
0.24999416700002944
0.24999415100002947
0.24999414400002945
0.24999414400002945
0.24999414300002945
0.24999414300002945
0.24999413400002948
0.24999413300002946
0.24999413700002948
0.24999414100002945
0.24999414500002945
0.24999414900002945
0.24999415300002947
0.24999415700002947
0.24999416100002947
0.24999416500002947
0.24999416500002947
0.24999416100002947
0.24999414200002945
0.24999412500002943
0.24999412000002946
0.24999412200002946
0.2499941260000295
0.24999413000002946
0.24999413400002948
0.24999413800002945
0.24999414200002945
0.24999414600002945
0.2499941480000295
0.24999414700002945
0.24999415100002947
0.24999415500002947
0.24999415900002947
0.24999416300002947
0.24999416700002944
0.24999417100002946
0.24999417500002946
0.24999417700002946
0.2499941800000295
0.24999418400002946
0.24999418800002945
0.24999419200002948
0.24999419600002945
0.24999419900002948
0.24999420300002947
0.24999420700002947
0.24999421100002944
0.24999421400002944
0.24999421800002944
0.24999421900002947
0.24999421100002944
0.24999419200002948
0.24999419200002948
0.24999419600002948
0.24999419800002948
0.24999420100002948
0.24999420500002947
0.24999420900002944
0.24999421300002944
0.24999421500002944
0.24999420700002947
0.24999420400002947
0.24999417400002946
0.24999414000002945
0.24999412700002943
0.24999409300002948
0.24999403700002948
0.24999396100002946
0.24999389800002944
0.24999385600002946
0.24999379300002947
0.24999373200002944
0.24999367900002942
0.24999362300002945
0.24999358500002944
0.24999356300002945
0.24999353700002944
0.24999351300002945
0.24999351400002945
0.24999351700002945
0.24999352100002944
0.24999352500002942
0.24999352400002944
0.24999352600002941
0.24999352900002947
0.24999353300002947
0.24999353700002944
0.24999354100002943
0.24999354500002943
0.24999354900002946
0.24999355300002946
0.24999355700002943
0.24999356100002945
0.24999356500002942
0.24999356900002945
0.24999357300002942
0.24999357700002944
0.2499935810000294
0.24999358400002944
0.24999357600002944
0.24999357500002942
0.24999357900002941
0.2499935830000294
0.24999358700002944
0.24999359100002944
0.2499935950000294
0.24999359900002943
0.24999360300002943
0.24999360700002946
0.24999361100002943
0.24999361500002942
0.24999361900002942
0.2499936230000294
0.24999362700002942
0.24999363100002941
0.24999363500002944
0.2499936390000294
0.2499936430000294
0.2499936470000294
0.24999365100002938
0.24999365000002938
0.24999365400002937
0.24999365800002943
0.24999366200002943
0.2499936660000294
0.2499936700000294
0.2499936740000294
0.2499936780000294
0.2499936820000294
0.2499936860000294
0.2499936900000294
0.24999369400002938
0.24999369800002938
0.2499937020000294
0.2499937060000294
0.2499937100000294
0.24999371400002937
0.2499937180000294
0.2499937220000294
0.2499937210000294
0.24999372500002937
0.24999372900002936
0.24999373300002942
0.2499937370000294
0.24999374100002938
0.24999374500002938
0.24999374900002938
0.24999375300002935
0.24999375700002935
0.2499937610000294
0.24999376500002937
0.24999376800002937
0.24999377200002937
0.24999377600002937
0.24999377900002936
0.24999377700002937
0.24999377100002937
0.2499937750000294
0.24999377900002936
0.24999378300002936
0.24999378700002936
0.2499937910000294
0.24999379500002936
0.24999379900002935
0.24999380300002935
0.24999380700002935
0.24999381100002932
0.24999381500002935
0.24999381900002937
0.24999382300002934
0.24999382700002934
0.24999383100002934
0.24999383500002936
0.24999383900002936
0.24999384300002936
0.24999384700002936
0.24999385100002933
0.24999385500002932
0.24999385900002935
0.24999386300002935
0.24999386700002932
0.24999387100002934
0.24999387500002934
0.24999387900002934
0.24999388300002934
0.24999388700002934
0.24999389100002936
0.24999389200002933
0.2499938820000293
0.24999385900002932
0.24999385600002932
0.24999386000002932
0.24999386400002932
0.24999386800002932
0.24999387200002934
0.24999387600002934
0.2499938800000293
0.2499938840000293
0.2499938880000293
0.24999389200002928
0.24999389600002933
0.24999390000002933
0.24999390400002933
0.2499939080000293
0.2499939120000293
0.24999391600002932
0.24999392000002932
0.2499939240000293
0.24999392800002931
0.24999393200002934
0.2499939360000293
0.2499939400000293
0.2499939440000293
0.24999394800002933
0.2499939520000293
0.2499939560000293
0.24999396000002935
0.24999396400002932
0.24999396800002932
0.24999397200002932
0.24999397600002934
0.24999398000002934
0.24999398400002934
0.24999398800002934
0.24999399200002934
0.2499939960000293
0.24999400000002933
0.24999400400002933
0.24999400800002933
0.24999401200002933
0.24999401600002935
0.24999402000002935
0.24999402400002932
0.24999402800002932
0.24999403200002934
0.24999403600002934
0.24999404000002934
0.24999404400002936
0.24999404800002936
0.24999405200002933
0.24999405600002933
0.24999406000002936
0.24999406300002935
0.24999406300002935
0.24999405900002933
0.24999406200002935
0.24999406600002935
0.24999407000002935
0.24999407400002935
0.24999407800002937
0.24999408200002934
0.24999408600002934
0.24999409000002937
0.24999409400002934
0.24999409800002936
0.24999410200002936
0.24999410600002936
0.24999411000002936
0.24999411400002935
0.24999411800002935
0.24999412200002935
0.24999412600002935
0.24999413000002937
0.24999413400002937
0.24999413800002934
0.24999414200002937
0.24999414600002934
0.2499941500000294
0.24999415400002936
0.24999415800002936
0.24999416200002936
0.24999416600002936
0.24999417000002938
0.24999417400002938
0.24999417800002938
0.24999418200002935
0.24999418500002937
0.24999418500002937
0.2499941850000294
0.2499941890000294
0.2499941930000294
0.24999419700002937
0.24999420100002936
0.24999420100002936
0.24999420500002936
0.2499942090000294
0.24999421300002939
0.24999421500002939
0.24999421400002939
0.24999421600002938
0.2499942200000294
0.24999422300002938
0.24999421700002938
0.24999419600002937
0.2499941870000294
0.2499941910000294
0.2499941950000294
0.24999419900002937
0.2499942030000294
0.24999420700002942
0.2499942110000294
0.24999421500002939
0.24999421500002939
0.24999421300002939
0.24999421700002938
0.2499942200000294
0.24999422300002938
0.2499942270000294
0.2499942260000294
0.2499942250000294
0.2499942290000294
0.2499942330000294
0.2499942370000294
0.24999423900002943
0.24999423700002937
0.2499942390000294
0.24999424300002943
0.24999424700002942
0.24999425100002942
0.2499942550000294
0.24999425900002942
0.24999426300002944
0.2499942670000294
0.2499942710000294
0.2499942740000294
0.2499942680000294
0.2499942710000294
0.2499942750000294
0.24999427900002943
0.2499942830000294
0.24999428600002943
0.2499942720000294
0.24999424700002942
0.2499942260000294
0.2499942160000294
0.24999420100002942
0.24999419500002942
0.24999419900002942
0.24999420300002945
0.24999420700002944
0.24999421100002944
0.24999421500002944
0.24999421800002944
0.2499942140000294
0.24999421400002944
0.24999421800002944
0.24999422200002944
0.24999421900002944
0.24999421500002944
0.24999421300002944
0.24999420500002942
0.24999417800002946
0.24999414400002945
0.2499941380000294
0.24999413600002943
0.24999412100002943
0.24999410500002944
0.24999407200002943
0.24999403100002945
0.2499939800000294
0.24999392900002942
0.24999388400002942
0.2499938680000294
0.24999386400002946
0.24999385200002944
0.24999382900002942
0.24999380600002943
0.24999377900002945
0.24999375800002943
0.24999373000002942
0.24999369800002944
0.24999365500002943
0.24999357200002942
0.2499934770000294
0.24999338100002944
0.24999326000002942
0.24999314200002942
0.2499930130000294
0.2499928810000294
0.24999273000002942
0.2499924910000294
0.2499922480000294
0.2499919770000294
0.2499917620000294
0.2499915410000294
0.24999137600002938
0.2499911920000294
0.2499909930000294
0.2499908070000294
0.24999070300002937
0.2499906280000294
0.24999057600002939
0.24999053100002938
0.24999046900002939
0.2499904540000294
0.24999044700002937
0.24999045100002937
0.2499904550000294
0.2499904500000294
0.24999043500002938
0.24999042700002935
0.24999042800002935
0.24999043200002935
0.24999043600002935
0.24999044000002937
0.24999044400002934
0.24999044800002934
0.24999045200002934
0.24999045600002937
0.24999046000002934
0.24999046200002933
0.24999044100002935
0.24999043000002932
0.24999039500002934
0.2499903430000293
0.24999028500002934
0.24999026400002933
0.24999025500002933
0.24999024800002934
0.24999023900002934
0.24999023400002932
0.2499902150000293
0.24999016200002933
0.24999009900002933
0.2499900440000293
0.2499899470000293
0.24998983600002933
0.24998966000002928
0.2499894720000293
0.2499892440000293
0.24998907800002934
0.2499889330000293
0.2499888130000293
0.24998866900002928
0.24998854600002932
0.2499884650000293
0.2499883840000293
0.2499883190000293
0.24998824200002928
0.24998816000002927
0.2499881250000293
0.2499881040000293
0.24998808500002925
0.2499880660000293
0.24998802700002928
0.24998799900002927
0.24998797500002928
0.24998793700002928
0.24998791100002926
0.24998788700002927
0.24998783800002924
0.24998777600002928
0.24998774600002924
0.2499876780000293
0.24998753800002924
0.24998736600002924
0.24998721500002927
0.24998713000002926
0.24998704400002925
0.24998691400002923
0.24998680400002923
0.24998671400002923
0.24998665500002923
0.24998661900002925
0.24998655300002923
0.24998651100002922
0.24998645500002922
0.24998633100002923
0.24998614200002922
0.24998593200002922
0.24998572800002922
0.2499854820000292
0.2499852350000292
0.24998502900002922
0.24998478100002922
0.24998459300002918
0.2499844020000292
0.2499841650000292
0.2499839830000292
0.2499838230000292
0.2499836600000292
0.24998351200002922
0.2499834090000292
0.24998331100002918
0.2499832780000292
0.24998323000002917
0.2499831940000292
0.2499831500000292
0.24998311600002918
0.24998308700002916
0.24998307300002914
0.24998306500002918
0.2499830550000292
0.24998305200002918
0.24998304600002916
0.24998304500002916
0.24998304900002916
0.24998305300002915
0.24998305400002915
0.24998305600002912
0.24998306000002918
0.24998306300002918
0.24998306700002917
0.24998307100002914
0.24998307500002914
0.24998307900002914
0.24998308300002917
0.24998308700002914
0.24998308900002914
0.24998309300002913
0.24998309700002913
0.24998310100002913
0.24998310100002913
0.24998310100002913
0.24998310500002913
0.24998310900002912
0.24998311000002912
0.24998311000002912
0.24998311000002912
0.2499831140000291
0.2499831180000291
0.24998312200002912
0.24998312600002914
0.24998313000002909
0.2499831340000291
0.2499831380000291
0.24998314200002908
0.24998314300002908
0.2499831470000291
0.2499831510000291
0.24998314500002908
0.24998313700002908
0.24998313900002908
0.24998314300002908
0.24998314700002908
0.24998315100002907
0.24998315500002907
0.24998315900002907
0.2499831630000291
0.2499831670000291
0.24998317100002906
0.24998317500002906
0.24998317600002906
0.24998318000002906
0.24998318100002906
0.24998318300002903
0.24998317400002906
0.24998317100002904
0.24998316700002907
0.24998315200002907
0.24998313800002905
0.24998313200002903
0.24998313200002903
0.24998312900002903
0.249983129000029
0.24998313300002903
0.24998313700002905
0.24998314100002902
0.24998314500002902
0.24998314900002902
0.24998315200002902
0.24998315100002902
0.24998315400002905
0.24998315800002902
0.249983162000029
0.24998316300002904
0.249983154000029
0.24998314000002902
0.249983136000029
0.24998313900002905
0.249983135000029
0.24998310800002901
0.24998309500002902
0.24998309400002902
0.249983098000029
0.249983100000029
0.24998310400002902
0.24998310800002901
0.24998311200002898
0.24998311600002898
0.24998312000002898
0.24998312400002898
0.24998312800002895
0.24998313200002897
0.249983136000029
0.24998314000002897
0.24998314400002897
0.24998314800002897
0.24998315200002896
0.24998315600002896
0.24998316000002896
0.24998316400002896
0.24998316800002895
0.24998317200002895
0.24998317600002895
0.24998318000002895
0.24998318400002892
0.24998318800002894
0.24998319000002897
0.24998319200002897
0.24998319600002897
0.24998319400002897
0.24998318400002892
0.24998317500002895
0.24998317200002895
0.24998317200002895
0.24998317600002895
0.24998318000002895
0.24998318400002892
0.24998318800002892
0.24998319000002892
0.2499831940000289
0.24998319800002888
0.2499832020000289
0.2499832050000289
0.24998319600002888
0.24998318100002895
0.2499831760000289
0.2499831800000289
0.2499831840000289
0.2499831880000289
0.24998319200002891
0.24998319600002888
0.24998320000002888
0.24998320400002888
0.2499832080000289
0.24998321200002888
0.24998321600002887
0.2499832200000289
0.24998322400002887
0.24998322800002887
0.24998323200002887
0.2499832360000289
0.24998323400002886
0.2499832370000289
0.24998323900002886
0.2499832430000289
0.24998324700002889
0.24998325100002888
0.24998325500002885
0.24998325900002885
0.24998325900002885
0.24998325500002883
0.24998325300002885
0.24998324400002883
0.24998324000002883
0.24998324100002883
0.24998324400002883
0.24998324800002886
0.24998325200002885
0.2499832530000288
0.24998325700002885
0.24998326100002882
0.24998326500002885
0.24998326900002882
0.24998327300002882
0.24998327700002884
0.2499832810000288
0.2499832850000288
0.24998328900002884
0.24998329300002883
0.2499832970000288
0.2499833010000288
0.2499833050000288
0.2499833090000288
0.2499833130000288
0.24998331700002882
0.24998332100002882
0.2499833250000288
0.2499833290000288
0.24998333300002878
0.24998333700002878
0.24998334100002878
0.2499833450000288
0.2499833490000288
0.24998335300002877
0.24998335600002877
0.24998336000002877
0.24998336400002877
0.24998336800002877
0.24998337200002876
0.2499833760000288
0.2499833800000288
0.24998338400002876
0.24998338800002876
0.24998339200002878
0.24998339600002875
0.24998340000002875
0.24998340400002877
0.24998340800002877
0.24998341200002874
0.24998341600002874
0.24998342000002874
0.24998342400002876
0.24998342800002873
0.24998343200002876
0.24998343600002876
0.24998344000002873
0.24998344400002873
0.24998344800002872
0.2499834520000287
0.24998345600002875
0.24998346000002872
0.24998346400002874
0.2499834680000287
0.2499834720000287
0.2499834760000287
0.2499834800000287
0.24998348400002873
0.24998348800002873
0.24998349200002873
0.2499834960000287
0.2499835000000287
0.2499835040000287
0.24998350800002866
0.2499835120000287
0.2499835160000287
0.24998351900002871
0.24998352300002868
0.24998352700002868
0.24998353100002868
0.24998353500002868
0.24998353900002868
0.2499835430000287
0.24998354700002867
0.24998355100002867
0.24998355500002867
0.24998355900002867
0.24998356300002866
0.24998356700002866
0.2499835710000287
0.24998357500002868
0.24998357900002868
0.24998358300002865
0.24998358700002865
0.24998359100002865
0.24998359500002862
0.24998359900002867
0.24998360300002867
0.24998360700002867
0.24998361100002864
0.24998361500002864
0.24998361900002863
0.24998362300002863
0.24998362700002863
0.24998363100002866
0.24998363500002865
0.24998363900002862
0.24998364300002862
0.24998364700002865
0.24998365100002862
0.24998365500002862
0.24998365900002864
0.24998366300002864
0.2499836660000286
0.2499836700000286
0.2499836740000286
0.24998367800002866
0.24998368200002857
0.24998368600002863
0.24998369000002862
0.2499836940000286
0.2499836980000286
0.2499837020000286
0.2499837060000286
0.2499837100000286
0.24998371400002858
0.2499837140000286
0.2499837180000286
0.24998372200002858
0.24998372600002858
0.24998373000002858
0.24998373300002857
0.24998373400002857
0.24998373800002857
0.24998374100002857
0.24998374000002857
0.24998374000002857
0.24998374400002857
0.24998374800002857
0.24998375200002856
0.24998375600002856
0.24998375900002856
0.24998376300002856
0.24998376700002853
0.24998377100002855
0.24998377400002852
0.24998377800002858
0.24998378200002855
0.24998378600002855
0.24998379000002854
0.24998379400002851
0.24998379800002854
0.24998380200002854
0.24998380600002854
0.24998381000002853
0.24998381400002853
0.24998381800002853
0.2499838220000285
0.24998382600002853
0.2499838260000285
0.24998382000002853
0.24998381800002853
0.24998381700002853
0.2499838210000285
0.2499838250000285
0.2499838290000285
0.24998383300002855
0.2499838370000285
0.2499838410000285
0.24998384500002852
0.2499838490000285
0.24998385100002848
0.24998385500002848
0.24998385900002848
0.2499838630000285
0.24998386700002848
0.24998387100002847
0.2499838750000285
0.24998387900002847
0.24998388300002847
0.24998388700002847
0.24998389100002846
0.24998389500002846
0.24998389400002846
0.2499838900000285
0.24998389400002846
0.24998389800002846
0.24998390100002849
0.24998390500002848
0.24998390900002845
0.24998391300002845
0.24998391700002845
0.24998392100002842
0.24998392500002842
0.24998392900002847
0.24998393300002847
0.24998393700002844
0.24998394100002844
0.24998394500002843
0.24998394900002843
0.24998395300002843
0.24998395700002843
0.24998396100002845
0.24998396500002842
0.24998396900002845
0.24998397300002842
0.2499839770000284
0.24998398100002842
0.2499839850000284
0.2499839890000284
0.24998399100002838
0.2499839950000284
0.24998399100002844
0.2499839840000284
0.24998397600002842
0.2499839570000284
0.2499839540000284
0.2499839580000284
0.2499839570000284
0.2499839470000284
0.24998394100002838
0.24998394500002838
0.24998394900002835
0.24998395100002838
0.24998395100002838
0.24998395300002837
0.24998395700002837
0.2499839560000284
0.24998394500002838
0.24998393500002838
0.24998390000002838
0.24998383500002838
0.24998375300002837
0.24998369900002837
0.24998368200002835
0.24998366100002836
0.2499836470000284
0.24998364800002834
0.24998365200002837
0.24998365600002836
0.24998366000002836
0.24998366300002833
0.24998366700002836
0.24998367100002836
0.24998367100002833
0.24998366800002833
0.24998366300002833
0.2499836480000283
0.24998364100002834
0.24998363000002832
0.24998360900002833
0.24998358100002832
0.2499835630000283
0.24998353400002832
0.24998347900002832
0.2499834480000283
0.2499833890000283
0.24998331600002832
0.24998328300002834
0.2499832460000283
0.24998319000002828
0.2499830970000283
0.2499830250000283
0.24998295300002832
0.24998285600002831
0.24998275300002828
0.2499826240000283
0.2499825130000283
0.2499824240000283
0.24998233500002828
0.24998223300002828
0.2499821470000283
0.24998209200002827
0.24998201800002828
0.2499819480000283
0.24998188600002827
0.24998180700002826
0.24998174900002829
0.24998171200002828
0.24998165600002828
0.24998160400002825
0.24998156400002827
0.24998151400002827
0.24998144000002825
0.24998137300002826
0.24998132700002823
0.24998126200002826
0.24998122800002823
0.24998120500002824
0.24998117800002825
0.24998117200002823
0.24998117600002825
0.24998118000002825
0.24998118200002825
0.24998118600002822
0.24998117600002823
0.2499811280000282
0.24998107500002822
0.24998103800002822
0.24998101100002823
0.24998098500002822
0.2499809120000282
0.24998081100002822
0.24998070400002823
0.2499805980000282
0.2499805200000282
0.2499804600000282
0.24998041900002818
0.24998039600002817
0.2499803890000282
0.2499803860000282
0.2499803900000282
0.2499803940000282
0.24998039800002816
0.2499804020000282
0.2499804060000282
0.24998041000002819
0.24998041300002818
0.24998041700002818
0.24998042100002818
0.24998042500002815
0.24998042700002815
0.24998043100002817
0.24998043400002817
0.24998043800002817
0.24998044200002817
0.24998044600002817
0.24998045000002816
0.24998045300002814
0.24998045600002813
0.24998045700002813
0.24998046000002813
0.24998046400002813
0.24998046800002813
0.24998047200002815
0.24998047600002815
0.24998048000002815
0.24998048400002812
0.24998048800002814
0.24998049200002814
0.2499804960000281
0.24998049900002814
0.24998049400002817
0.24998049700002814
0.24998049400002811
0.24998046300002813
0.24998043500002814
0.24998038800002811
0.2499803380000281
0.2499803030000281
0.24998028300002811
0.24998027800002812
0.2499802810000281
0.2499802850000281
0.2499802890000281
0.2499802930000281
0.24998029600002808
0.24998029900002808
0.24998029900002808
0.2499802930000281
0.2499802860000281
0.2499802900000281
0.2499802940000281
0.24998029800002808
0.24998030200002808
0.24998030400002808
0.24998029100002808
0.2499802680000281
0.24998025300002807
0.24998024400002805
0.24998024800002805
0.2499802500000281
0.24998024400002805
0.24998024600002808
0.24998025000002808
0.24998025400002807
0.24998025800002807
0.24998026200002807
0.24998026500002807
0.24998026900002804
0.24998026900002804
0.24998026900002804
0.24998027000002804
0.24998027400002806
0.24998027800002806
0.24998028200002803
0.24998028600002803
0.24998029000002803
0.24998029300002805
0.24998029700002802
0.24998030100002802
0.24998030500002802
0.249980309000028
0.24998031300002801
0.24998031700002804
0.24998032100002804
0.249980325000028
0.249980329000028
0.249980333000028
0.249980337000028
0.249980341000028
0.24998034500002803
0.24998034900002802
0.249980353000028
0.249980357000028
0.24998036100002802
0.24998036100002802
0.249980356000028
0.249980348000028
0.249980332000028
0.24998031600002799
0.24998031500002799
0.249980311000028
0.249980303000028
0.24998030000002797
0.24998030400002796
0.24998030700002802
0.249980311000028
0.24998031500002799
0.24998031900002798
0.24998032300002795
0.24998032700002795
0.24998033100002798
0.24998033500002795
0.24998033900002795
0.24998034300002797
0.24998034700002797
0.24998035100002794
0.24998035500002794
0.24998035300002794
0.24998034200002794
0.24998032200002795
0.2499802970000279
0.24998028000002792
0.24998026100002796
0.24998022100002795
0.24998019500002794
0.2499801650000279
0.24998014900002793
0.24998010900002793
0.24998008200002791
0.2499800350000279
0.2499799820000279
0.24997993400002794
0.24997986700002792
0.2499798250000279
0.24997980300002792
0.2499797830000279
0.2499797660000279
0.24997975100002792
0.2499797380000279
0.2499797100000279
0.2499797000000279
0.2499796740000279
0.2499796300000279
0.2499796020000279
0.2499795800000279
0.2499795610000279
0.24997955200002786
0.2499795440000279
0.24997953400002787
0.24997949100002786
0.24997943700002787
0.24997937600002784
0.24997932500002787
0.24997924100002786
0.24997913600002786
0.24997906000002787
0.24997904800002788
0.24997903500002785
0.24997901400002787
0.24997898700002788
0.24997899000002785
0.24997899400002785
0.24997899800002785
0.24997900200002787
0.24997900600002781
0.24997901000002784
0.24997901400002784
0.24997901600002784
0.24997901700002786
0.24997901800002784
0.24997902200002783
0.24997902600002783
0.24997903000002783
0.2499790340000278
0.2499790350000278
0.24997903700002783
0.24997903900002785
0.2499790220000278
0.2499789960000278
0.2499789760000278
0.2499789240000278
0.2499788810000278
0.24997882900002782
0.2499787940000278
0.24997878300002782
0.2499787670000278
0.24997874300002781
0.2499787220000278
0.24997870400002778
0.24997870300002778
0.24997870500002778
0.24997870900002778
0.2499787130000278
0.24997871700002777
0.24997872100002777
0.2499787250000278
0.24997872900002777
0.24997873300002776
0.24997873700002776
0.2499787410000278
0.24997874500002773
0.24997874800002778
0.24997875200002778
0.24997875600002778
0.24997876000002775
0.24997876200002775
0.24997876600002775
0.24997877000002774
0.24997877400002771
0.24997877400002774
0.24997876600002775
0.24997874800002773
0.24997875000002773
0.24997875400002773
0.24997875800002775
0.24997876200002775
0.24997876600002775
0.24997877000002774
0.24997877400002771
0.24997877700002774
0.24997877300002774
0.24997876600002775
0.24997875700002772
0.2499787370000277
0.24997870600002772
0.24997867900002768
0.2499786480000277
0.2499786090000277
0.24997856700002774
0.24997852900002773
0.2499784640000277
0.24997839200002772
0.24997828300002772
0.2499781650000277
0.2499780670000277
0.2499780160000277
0.2499779900000277
0.2499779770000277
0.2499779640000277
0.24997794900002768
0.2499779410000277
0.24997793800002768
0.24997793900002768
0.24997794300002768
0.24997794700002768
0.24997795100002768
0.24997795500002767
0.24997795900002767
0.24997796300002767
0.24997796700002767
0.24997797100002764
0.24997797500002764
0.2499779790000277
0.2499779830000277
0.24997798700002766
0.24997799100002766
0.24997799500002765
0.24997799900002765
0.24997800300002765
0.24997800700002767
0.24997801100002764
0.24997801500002761
0.24997801900002764
0.24997802300002764
0.24997802700002764
0.24997803100002763
0.24997803500002763
0.24997803900002763
0.24997804300002763
0.24997804700002763
0.24997805100002762
0.24997805500002762
0.2499780590000276
0.24997806300002762
0.24997806700002764
0.2499780710000276
0.2499780750000276
0.2499780790000276
0.2499780830000276
0.24997808700002758
0.2499780910000276
0.2499780950000276
0.24997809900002757
0.2499781030000276
0.2499781070000276
0.2499781110000276
0.2499781150000276
0.2499781190000276
0.24997812300002759
0.2499781270000276
0.24997813100002758
0.24997813500002758
0.24997813900002758
0.24997814300002755
0.24997814700002755
0.2499781510000276
0.2499781550000276
0.24997815900002757
0.24997816300002756
0.24997816700002756
0.24997817100002753
0.24997817500002753
0.24997817900002756
0.24997818300002758
0.24997818700002752
0.24997819100002755
0.24997819100002755
0.24997819400002755
0.24997819800002755
0.24997820200002752
0.24997820600002751
0.24997821000002754
0.24997821400002754
0.24997821800002754
0.24997822200002753
0.24997822600002753
0.2499782300000275
0.2499782340000275
0.24997823800002753
0.24997824200002752
0.24997824200002752
0.24997824600002752
0.24997825000002752
0.24997825400002752
0.2499782580000275
0.2499782620000275
0.2499782660000275
0.24997827000002748
0.2499782740000275
0.2499782780000275
0.2499782820000275
0.24997828500002747
0.2499782890000275
0.24997829300002752
0.24997829700002752
0.2499783010000275
0.2499783050000275
0.2499783090000275
0.24997831300002746
0.24997831700002746
0.24997832100002748
0.2499783250000275
0.24997832900002748
0.24997833300002748
0.24997833700002747
0.24997834100002747
0.24997834500002744
0.24997834900002747
0.2499783530000275
0.24997835700002746
0.24997836100002746
0.24997836500002746
0.24997836900002743
0.24997837300002743
0.24997837700002748
0.24997837700002742
0.24997838000002745
0.24997838400002745
0.24997838700002745
0.24997839000002745
0.24997839400002744
0.2499783980000274
0.2499784020000274
0.2499784000000274
0.2499783990000274
0.24997839100002744
0.2499783690000274
0.2499783470000274
0.24997833600002742
0.24997832700002742
0.2499783270000274
0.24997833100002742
0.24997833500002742
0.24997833900002742
0.2499783430000274
0.24997834700002738
0.2499783510000274
0.24997835500002738
0.24997835900002738
0.2499783620000274
0.2499783650000274
0.24997836900002737
0.24997837300002737
0.24997837700002737
0.2499783810000274
0.24997838500002736
0.2499783890000274
0.2499783930000274
0.24997839700002736
0.24997840100002736
0.24997840400002735
0.24997840800002735
0.24997841200002735
0.24997841500002738
0.24997841900002737
0.24997842300002737
0.24997842700002734
0.24997843100002737
0.24997843500002737
0.24997843900002736
0.24997844300002736
0.24997844600002733
0.24997845000002736
0.24997844700002733
0.24997845100002736
0.24997845500002733
0.24997845500002733
0.24997845900002733
0.24997846300002732
0.24997846700002735
0.24997847100002732
0.24997847300002732
0.24997847700002732
0.24997847900002731
0.2499784830000273
0.2499784860000273
0.2499784890000273
0.24997849300002734
0.2499784970000273
0.2499785010000273
0.2499785050000273
0.24997850900002733
0.2499785130000273
0.2499785170000273
0.2499785210000273
0.2499785170000273
0.2499785060000273
0.2499784910000273
0.2499784900000273
0.2499784930000273
0.2499784940000273
0.24997849800002728
0.24997850000002728
0.24997850200002728
0.24997850600002727
0.24997851000002724
0.24997851400002727
0.24997851400002727
0.24997851200002727
0.24997850600002727
0.24997850400002727
0.24997850700002727
0.24997851100002724
0.24997851300002724
0.24997851100002724
0.24997850400002725
0.24997850200002728
0.24997850400002727
0.24997850800002727
0.24997851100002724
0.24997851100002724
0.24997851500002724
0.24997851900002724
0.24997852300002724
0.2499785270000272
0.2499785310000272
0.24997853400002723
0.24997853700002726
0.24997854100002723
0.24997854200002723
0.24997853700002723
0.24997853300002723
0.2499785280000272
0.2499785240000272
0.2499785260000272
0.2499785300000272
0.2499785340000272
0.24997853800002717
0.2499785420000272
0.2499785440000272
0.24997853800002717
0.2499785170000272
0.2499784910000272
0.2499784650000272
0.2499784480000272
0.24997842400002718
0.24997838300002717
0.2499783280000272
0.24997823900002716
0.2499781310000272
0.24997799100002718
0.24997783700002718
0.24997775600002717
0.24997769700002714
0.24997764300002717
0.2499776070000272
0.24997758900002717
0.24997759100002717
0.24997758800002717
0.24997757800002718
0.24997757900002715
0.24997758300002715
0.24997758700002715
0.24997759100002714
0.24997759500002711
0.24997759900002714
0.2499776000000271
0.2499775960000271
0.24997758100002715
0.2499775530000271
0.24997751000002713
0.24997747000002712
0.24997741600002713
0.24997737400002712
0.2499773520000271
0.24997733800002714
0.2499773350000271
0.2499773380000271
0.2499773420000271
0.24997734600002713
0.2499773500000271
0.2499773540000271
0.2499773570000271
0.2499773610000271
0.2499773650000271
0.24997736900002712
0.24997737300002712
0.24997737700002712
0.2499773810000271
0.24997738500002709
0.24997738900002708
0.24997739300002705
0.2499773970000271
0.2499774010000271
0.2499774050000271
0.24997740900002707
0.24997741300002707
0.24997741400002707
0.2499774180000271
0.24997742200002707
0.24997742600002706
0.24997742800002706
0.24997742400002707
0.24997741000002707
0.24997738900002708
0.24997736800002707
0.24997737000002707
0.24997737400002706
0.24997737800002703
0.24997738100002703
0.24997737800002703
0.24997737700002703
0.24997738100002703
0.24997738400002703
0.24997738800002703
0.24997739100002703
0.24997739500002703
0.24997739900002702
0.24997740200002705
0.24997740600002702
0.24997741000002702
0.24997740600002702
0.24997738600002703
0.24997736900002704
0.249977349000027
0.249977323000027
0.249977293000027
0.249977241000027
0.249977165000027
0.249977111000027
0.249977055000027
0.249977000000027
0.249976967000027
0.249976917000027
0.24997686100002697
0.249976742000027
0.24997657600002698
0.249976430000027
0.249976335000027
0.249976222000027
0.24997606000002698
0.24997596700002697
0.24997592100002697
0.24997588400002702
0.249975826000027
0.24997578800002695
0.24997574500002695
0.249975668000027
0.24997559600002695
0.249975509000027
0.24997543100002695
0.24997537400002692
0.24997532100002695
0.24997523600002697
0.24997514100002696
0.24997505100002695
0.24997499300002696
0.24997495400002698
0.24997491800002694
0.24997486500002694
0.24997480800002694
0.24997476700002697
0.24997473400002693
0.24997470600002694
0.24997469800002695
0.24997469500002695
0.24997469700002695
0.24997470000002692
0.24997470200002692
0.24997470600002694
0.24997470600002694
0.24997470300002692
0.2499747070000269
0.24997471100002694
0.2499747140000269
0.2499747180000269
0.24997472200002693
0.24997472600002693
0.2499747300000269
0.2499747340000269
0.2499747360000269
0.2499747360000269
0.2499747370000269
0.24997473600002693
0.24997472700002693
0.2499747060000269
0.2499746910000269
0.2499746870000269
0.24997468000002687
0.24997467300002688
0.24997466300002688
0.24997462300002687
0.24997456000002688
0.2499744900000269
0.24997439300002688
0.24997431600002687
0.24997425500002685
0.24997420400002687
0.24997415600002687
0.24997410300002684
0.24997400500002687
0.24997388300002685
0.24997377100002682
0.24997368100002687
0.24997358700002684
0.24997345200002685
0.24997336000002685
0.24997324900002685
0.24997312500002683
0.24997302000002683
0.24997290700002683
0.24997280200002683
0.24997271600002682
0.24997266200002685
0.24997262800002681
0.24997259900002683
0.2499725960000268
0.2499725960000268
0.2499725850000268
0.24997258900002686
0.24997259300002683
0.24997259700002683
0.24997260100002683
0.24997260500002683
0.2499726090000268
0.2499726130000268
0.2499726170000268
0.24997262100002682
0.2499726250000268
0.2499726290000268
0.2499726330000268
0.24997263700002678
0.24997264100002678
0.2499726450000268
0.24997264500002678
0.24997264100002678
0.24997263100002678
0.24997257900002676
0.24997255500002677
0.24997253400002678
0.24997251500002676
0.24997251900002676
0.24997252300002673
0.24997252700002676
0.24997253100002678
0.24997253500002678
0.24997253900002675
0.24997254300002675
0.24997254700002675
0.24997255100002674
0.24997255500002674
0.24997255600002674
0.24997255500002674
0.24997255400002677
0.24997254000002675
0.24997251200002674
0.24997248800002675
0.24997246900002673
0.24997241700002673
0.24997234500002674
0.24997228000002672
0.24997215900002673
0.2499720250000267
0.24997191700002672
0.24997186000002672
0.24997181100002672
0.24997176000002674
0.2499716840000267
0.2499715650000267
0.24997141900002667
0.24997128800002671
0.24997117200002672
0.2499710910000267
0.24997101500002672
0.2499709630000267
0.2499709240000267
0.2499708840000267
0.24997083500002668
0.24997079200002667
0.24997076800002668
0.24997076200002669
0.24997076300002669
0.24997076700002668
0.24997077100002668
0.24997077500002665
0.24997077900002665
0.2499707830000267
0.2499707870000267
0.24997078400002667
0.24997077500002665
0.24997076400002666
0.24997076000002666
0.24997075700002666
0.24997075000002666
0.24997073900002664
0.24997071500002666
0.24997068600002667
0.24997065300002663
0.24997062700002665
0.24997062500002665
0.24997061900002662
0.24997062300002665
0.24997062700002665
0.24997063100002662
0.24997063500002661
0.24997063900002664
0.24997064300002664
0.24997064700002658
0.24997065100002663
0.24997065500002663
0.2499706590000266
0.2499706630000266
0.2499706670000266
0.24997067100002662
0.24997067500002662
0.2499706790000266
0.24997068300002662
0.24997068700002661
0.24997069100002658
0.2499706950000266

Avalanche_Distribution:
129
2
2
1
64
5
1
2
54
9
2
1
1
38
3
16
2
1
1
4
19
1
1
10
6
1
221
1
5
2
1
1
6
4
4
32
1
1
1
18
261
61
1
1060
2
8
1
309
45
4034
1
4
619
8
2
2
1
492
2
11
2
1
1
1
2
1
3
4
2
22
5
7
10
2
1
4
58
6
1
960
7
1
29
1
113
2
1
1
7
2
66
7
4
1
7
1
13
1
1
6
9
83
9
21
67
7
3
1
1
42
1
2
779
1
7
1
18
5
5
1
17
51
14
1
8
4
9
49
10
1
1
10
1
9
12
116
13
3971
43
7759
5
1
2
8
11
3
24
3
3
92
7
42
62
2
4
43
1
2
42
7
2
40
3
3
1
1
1
4
4
10
1
1
25
2
13
1
2
61
29
8
351
2
1
2687
2
864
1
2
1
2
4
11
252
1
1
25
78
14
1
8
3
1
97
1
1541
5
3
5
392
1
2
40
931
5
4
1
5
2
107
2
1
1
1
7
4
2
2
2
47
4
2
2
27
27
1
4
1
1
37
2
1
1026
21
3
308
1
1
3
2
78
13
1
1
1
2897
3
11
1
6
3
2277
19
158
1916
220
