
Branching_global:
1.000000004
1.0000004040000108
1.000000804000022
1.0000012040000323
1.0000016040000437
1.0000020040000543
1.0000023860000653
1.000002793000076
1.0000031780000873
1.0000035510000975
1.0000039230001088
1.0000042970001193
1.0000046930001305
1.000005100000141
1.0000054870001522
1.000005861000163
1.000006228000174
1.0000066130001846
1.0000070080001955
1.0000074170002065
1.0000077190002175
1.0000056960002282
0.9999994000002371
0.9999985340002424
0.9999986970002473
0.9999990180002525
0.9999994360002579
0.9999998330002632
1.0000001280002677
1.0000006660002734
1.0000008780002774
1.0000011930002848
1.000001525000292
1.000002017000302
1.000002137000307
1.000002466000313
1.0000031540003225
1.0000034790003294
1.000003675000334
1.0000043080003453
1.0000044980003506
1.0000051110003623
1.0000053080003692
1.0000045970003775
1.0000051310003875
1.0000055100003946
1.0000058480004046
1.0000061700004117
1.0000064590004234
1.0000066210004295

Autocorrelation:
249999.99369269525
2475.2479587138187
1243.7815606601082
830.565261743775
623.4418795327722
499.00248247567214
419.11197218387025
358.03844226647186
314.6638016127743
281.6113061208792
254.90745189249103
232.72099621586702
213.08380965040467
196.07892594769254
182.24944701153868
170.61984348919478
160.56568497984844
151.2177950381374
142.6945599459639
134.82589735202473
129.5509562538839
175.5622907202983
-1666.666825351279
-682.1278529029333
-767.459354052785
-1018.3297007229758
-1773.0499560532335
-5988.032888913803
7812.4841597985705
1501.5013851760632
1138.9523041999312
838.2232672159158
655.7380793403385
495.7862463196231
467.9461510861223
405.51545257433526
317.0581720855252
287.4393920159507
272.10931880320305
232.12675808616717
222.3215142388555
195.65691344507792
188.39536255357697
217.53365594644367
194.89426817080192
181.48869026850883
170.9991201798619
162.07504347990655
154.82321782705256
151.03507712292546

Average_Activity:
0.0
0.0
0.0
0.0
0.0
0.0
0.0
0.0
0.0
0.0
0.0
0.0
0.0
0.0
0.0
0.0
0.0
0.0
0.0
0.0
0.0
0.0
0.0
0.0
0.0
0.0
0.0
0.0
0.0
0.0
0.0
0.0
0.0
0.0
0.0
0.0
0.0
0.0
0.0
0.0
0.0
0.0
0.0
0.0
0.0
0.0
0.0
0.0
0.0
0.0
0.0
0.0
0.0
0.0
0.0
0.0
0.0
0.0
0.0
0.0
0.0
0.0
0.0
0.0
0.0
0.0
0.0
0.0
0.0
0.0
0.0
0.0
0.0
0.0
0.0
0.0
0.0
0.0
0.0
0.0
0.0
0.0
0.0
0.0
0.0
0.0
0.0
0.0
0.0
0.0
0.0
0.0
0.0
0.0
0.0
0.0
0.0
0.0
0.0
0.0
0.0
0.0
0.0
0.0
0.0
0.0
0.0
0.0
0.0
0.0
0.0
0.0
0.0
0.0
0.0
0.0
0.0
0.0
0.0
0.0
0.0
0.0
0.0
0.0
0.0
0.0
0.0
0.0
0.75
0.0
0.0
0.0
0.0
0.0
0.25
0.0
0.0
0.0
0.0
0.0
0.0
0.0
0.0
0.0
0.0
0.0
0.0
0.0
0.0
0.0
0.0
0.0
0.0
0.0
0.0
0.0
0.0
0.0
0.0
0.0
0.0
0.0
0.0
0.0
0.0
0.0
0.0
0.0
0.0
0.0
0.0
0.0
0.0
0.0
0.0
0.0
0.0
0.0
0.0
0.0
0.0
0.0
0.0
0.0
0.0
0.0
0.0
0.0
0.0
0.0
0.0
0.0
0.0
0.0
0.0
0.0
0.0
1.0
0.25
0.0
0.0
0.0
0.0
0.0
0.0
0.0
0.0
0.0
0.0
0.0
0.0
0.75
0.0
0.0
0.0
0.0
0.0
0.0
0.0
0.0
0.0
0.0
0.0
0.0
0.0
0.0
0.0
0.0
0.0
0.0
0.0
0.0
0.0
0.0
0.0
0.0
0.0
0.0
0.25
1.0
0.25
0.75
0.0
0.0
0.0
0.0
0.0
0.25
0.0
0.0
0.0
0.0
0.0
0.0
0.0
0.0
0.0
0.0
0.0
0.5
0.25
0.0
0.0
0.5
0.0
0.0
0.0
0.0
0.0
0.0
0.0
0.0
0.0
0.0
0.0
0.0
0.0
0.0
0.0
0.0
0.0
0.0
0.0
0.0
0.0
0.0
0.0
0.0
0.0
0.0
0.0
0.0
0.0
0.0
0.0
0.0
0.0
0.0
0.0
0.0
0.0
0.0
0.0
0.0
0.0
0.0
0.0
0.0
0.0
0.0
0.0
0.0
0.0
0.0
0.0
0.0
0.0
0.0
0.0
0.0
0.0
0.0
0.0
0.0
0.0
0.0
0.0
0.0
0.0
0.0
0.0
0.0
0.0
0.0
0.0
0.0
0.0
0.0
0.0
0.0
0.25
0.0
0.0
0.0
0.0
0.0
0.0
0.0
0.0
0.0
0.0
0.0
0.0
0.0
0.0
0.0
0.0
0.0
0.0
1.25
1.0
0.0
0.0
0.0
0.0
0.0
0.0
0.0
0.0
0.0
0.0
0.0
0.0
0.0
0.0
0.0
0.75
0.25
0.0
0.0
0.25
1.5
0.0
0.0
0.0
0.0
0.0
0.0
0.0
0.0
0.0
0.0
0.0
0.0
0.0
0.0
0.0
0.0
0.0
0.0
0.0
0.0
0.0
0.0
0.0
0.0
0.0
0.0
0.0
0.0
0.0
0.0
0.0
0.0
0.0
0.0
0.0
0.0
0.0
0.0
0.0
0.0
0.0
0.0
0.0
0.0
0.0
0.0
0.0
0.0
0.0
0.25
0.0
0.0
0.0
0.0
0.0
0.0
0.0
0.0
0.0
0.0
0.0
0.0
0.0
0.0
0.0
0.0
0.0
0.0
0.0
0.0
0.0
0.0
0.0
0.0
0.0
0.0
0.0
0.0
0.0
0.0
0.0
0.0
0.0
0.0
0.0
0.0
0.0
0.0
0.0
0.0
0.0
0.0
0.0
0.0
0.0
0.0
0.0
0.0
0.0
0.0
0.0
0.0
0.0
0.0
0.0
0.0
0.0
0.75
0.0
0.0
1.25
0.25
0.0
0.0
0.0
0.0
0.0
1.0
1.75
1.5
6.25
10.0
10.25
15.5
13.0
13.25
19.75
25.0
20.25
13.0
3.75
0.5
0.0
0.0
0.0
0.0
0.0
0.0
0.0
0.0
0.0
0.0
0.0
0.0
0.0
0.0
0.0
0.0
0.0
0.0
2.0
7.25
14.0
26.0
28.0
23.25
31.75
41.0
30.75
19.25
17.75
13.5
18.0
27.25
18.75
19.5
27.75
26.25
26.25
30.0
14.75
13.75
12.75
5.0
4.25
4.25
1.5
0.0
0.0
0.0
0.0
0.0
0.0
0.0
0.0
0.0
0.0
0.0
0.0
0.0
0.0
0.0
0.0
0.0
0.0
0.0
0.0
0.0
0.0
0.0
0.0
0.0
0.0
0.0
0.0
0.0
0.0
0.0
0.0
0.0
0.0
0.0
0.0
1.75
2.5
2.75
0.75
0.0
0.0
0.0
0.0
0.0
0.0
0.0
0.0
0.0
0.0
0.0
0.0
0.0
0.0
0.0
0.0
0.0
0.0
0.0
0.0
0.0
0.0
0.0
0.0
0.0
0.0
0.0
0.0
0.0
0.0
0.0
0.0
0.0
0.0
0.0
0.0
0.0
0.0
0.0
0.0
0.0
0.25
2.5
2.25
1.75
1.25
0.0
0.0
0.0
0.0
0.0
0.0
0.0
0.0
0.0
0.0
0.0
0.0
0.25
0.0
0.0
0.0
0.0
0.0
0.0
0.0
0.0
0.0
0.0
0.0
0.0
0.0
0.0
0.0
0.0
0.0
0.0
0.0
0.0
0.0
0.0
0.0
0.0
0.0
0.0
0.0
0.0
0.0
0.0
0.0
0.0
0.0
0.0
0.0
0.0
0.0
0.0
0.0
0.0
0.0
0.0
0.0
0.0
0.0
0.0
0.0
0.0
0.0
0.0
0.0
0.0
0.0
0.0
0.0
0.0
0.0
0.0
0.0
0.0
0.0
0.0
0.0
0.0
0.0
0.0
0.0
0.0
0.0
0.0
0.0
0.0
0.0
0.0
0.0
0.0
0.0
0.0
0.0
0.0
0.0
0.0
0.0
0.0
0.0
0.0
0.0
0.0
0.0
0.0
0.0
0.0
0.0
0.0
0.0
0.0
0.0
0.0
0.0
0.0
0.0
0.0
0.0
0.0
0.0
0.0
0.0
0.0
0.0
0.0
0.0
0.0
0.0
0.0
0.0
3.0
5.0
3.5
1.0
0.0
0.0
0.0
0.0
0.0
0.0
0.0
0.0
0.0
0.0
0.0
0.0
0.0
0.0
0.0
0.0
0.0
0.0
0.25
0.0
0.0
0.0
0.0
0.0
0.0
0.0
0.0
0.0
0.0
0.0
0.0
0.0
0.0
0.0
0.0
0.0
0.0
3.25
1.5
0.0
2.0
0.25
0.25
0.0
0.0
0.0
0.0
0.0
0.0
0.0
0.0
0.0
0.0
0.0
0.0
0.0
0.0
0.0
0.0
0.0
0.0
0.0
0.0
0.0
0.0
0.0
0.0
0.0
0.0
0.0
0.0
0.0
0.0
0.0
0.0
0.0
0.0
0.0
0.0
0.0
0.0
0.0
0.0
0.0
0.0
0.0
0.0
0.0
0.0
0.0
0.0
0.0
0.0
0.0
0.0
0.0
0.0
0.0
0.0
0.0
0.0
0.0
0.0
0.0
0.0
0.0
0.0
0.0
0.0
0.0
0.0
0.0
0.0
0.0
0.0
0.0
0.0
0.0
0.0
0.0
0.0
0.0
0.0
0.0
0.25
0.0
0.0
0.0
0.0
0.0
0.0
0.0
0.0
0.0
0.0
0.0
0.0
0.0
0.0
0.0
0.0
0.0
0.0
0.0
0.0
0.0
0.0
0.0
0.0
0.0
0.0
0.0
0.0
0.0
0.0
0.0
0.0
0.0
0.0
0.0
0.0
0.0
0.0
0.0
0.0
0.0
0.0
0.0
0.0
0.0
0.0
0.0
0.0
0.0
0.0
0.75
0.0
0.0
0.0
0.0
0.0
0.0
0.0
0.0
0.0
0.0
0.0
0.0
0.0
0.0
0.0
0.0
0.75
0.0
0.0
0.0
0.0
0.0
0.25
0.0
0.0
0.0
0.0
0.0
0.0
0.0
0.0
0.0
0.0
0.0
0.0
0.0
0.0
0.0
0.0
0.0
0.0
0.0
0.0
0.0
0.0
0.0
0.0
0.0
0.0
0.0
0.0
0.0
0.0
0.0
0.0
0.0
0.0
0.0
0.0
0.0
0.0
0.0
0.0
0.0
0.0
0.0
0.0
0.0
0.0
0.0
0.75
0.5
0.0
0.0
0.0
0.0
0.0
0.0
0.0
0.0
0.0
0.0
0.0
0.0
0.0
0.0
0.0
0.0
0.0
0.0
0.0
0.0
0.0
0.0
0.0
0.0
0.0
0.0
0.0
0.0
0.0
0.0
0.0
1.25
3.75
3.0
7.5
11.5
9.75
10.25
8.0
4.0
2.5
2.0
1.25
0.75
0.0
0.0
0.0
0.0
0.0
0.0
0.0
0.0
0.0
0.0
0.0
0.0
0.0
0.0
0.0
0.0
0.0
0.0
0.0
0.0
0.0
0.0
0.0
0.0
0.0
0.0
0.0
0.0
0.0
0.0
0.0
0.0
0.0
0.0
0.0
0.0
0.0
0.0
0.0
0.0
0.0
0.0
0.0
0.0
0.0
0.0
0.0
0.0
0.0
0.0
0.0
0.0
0.0
0.0
0.0
0.0
0.0
0.0
0.0
0.0
0.0
0.0
0.0
0.5
0.0
0.0
0.0
0.0
0.0
0.0
0.0
0.0
0.0
0.0
0.0
0.0
0.0
0.0
0.0
0.0
0.0
0.0
0.0
0.0
0.0
0.0
0.0
0.0
0.0
0.0
0.0
0.0
0.0
0.0
0.0
0.0
0.0
0.0
0.0
0.0
0.0
0.0
0.0
0.0
0.0
0.0
0.0
0.0
0.0
0.0
0.0
0.0
0.0
0.0
0.0
0.0
0.0
0.0
0.0
0.0
0.0
0.0
0.0
0.5
2.75
5.0
8.25
1.25
1.0
3.25
0.25
0.0
0.0
0.0
0.0
0.0
0.0
0.0
0.0
0.0
0.0
0.0
0.0
0.0
0.0
0.0
0.0
0.0
0.0
0.0
0.0
0.0
0.0
0.0
0.0
0.0
0.0
0.0
0.0
0.0
0.0
0.0
1.0
2.5
3.0
3.0
8.75
8.0
6.25
4.75
2.75
4.75
7.0
4.25
3.25
2.5
0.0
0.0
0.0
0.0
0.0

Average_Alpha:
0.250000001
0.2500000050000001
0.25000000900000025
0.2500000130000003
0.25000001700000046
0.2500000210000005
0.2500000250000007
0.25000002900000073
0.2500000330000009
0.25000003700000095
0.25000004100000117
0.2500000450000011
0.25000004900000133
0.2500000530000014
0.25000005700000155
0.2500000610000016
0.25000006500000177
0.2500000690000018
0.250000073000002
0.25000007700000204
0.25000008100000226
0.2500000850000022
0.2500000890000024
0.2500000930000025
0.25000009700000264
0.2500001010000027
0.25000010500000286
0.2500001090000029
0.2500001130000031
0.25000011700000313
0.2500001210000033
0.25000012500000335
0.2500001290000035
0.25000013300000357
0.25000013700000373
0.2500001410000038
0.25000014500000395
0.250000149000004
0.25000015300000417
0.2500001570000042
0.2500001610000044
0.25000016500000444
0.25000016900000466
0.2500001730000046
0.2500001770000048
0.2500001810000049
0.25000018500000504
0.2500001890000051
0.25000019300000526
0.2500001970000053
0.2500002010000055
0.2500002050000055
0.25000020900000575
0.2500002130000057
0.2500002170000059
0.25000022100000596
0.2500002250000061
0.2500002290000062
0.25000023300000634
0.2500002370000064
0.25000024100000656
0.2500002450000066
0.2500002490000068
0.25000025300000683
0.250000257000007
0.25000026100000705
0.2500002650000072
0.25000026900000727
0.25000027300000743
0.2500002770000075
0.25000028100000765
0.2500002850000077
0.25000028900000787
0.2500002930000079
0.25000029700000814
0.2500003010000081
0.2500003050000083
0.25000030900000836
0.2500003130000085
0.2500003170000086
0.25000032100000874
0.2500003250000088
0.25000032900000896
0.250000333000009
0.25000033700000923
0.2500003410000092
0.2500003450000094
0.25000034900000945
0.2500003530000096
0.25000035700000967
0.25000036100000983
0.2500003650000099
0.25000036900001005
0.2500003730000101
0.25000037700001027
0.2500003810000103
0.2500003850000105
0.25000038900001054
0.2500003930000107
0.25000039700001075
0.2500004010000109
0.250000405000011
0.25000040900001114
0.2500004130000112
0.25000041700001135
0.2500004210000114
0.25000042500001163
0.25000042900001157
0.2500004330000118
0.25000043700001184
0.250000441000012
0.25000044500001206
0.2500004490000122
0.2500004530000123
0.25000045700001244
0.2500004610000125
0.2500004650000127
0.25000046900001266
0.2500004730000129
0.25000047700001293
0.2500004810000131
0.25000048500001315
0.2500004890000133
0.25000049300001337
0.25000049700001353
0.2500005010000136
0.25000050500001375
0.2500005090000138
0.250000510000014
0.250000514000014
0.25000051800001416
0.2500005220000142
0.25000052600001443
0.25000053000001443
0.2500005330000146
0.2500005370000147
0.25000054100001484
0.2500005450000149
0.25000054900001506
0.2500005530000151
0.2500005570000153
0.2500005610000153
0.2500005650000155
0.25000056900001555
0.2500005730000157
0.25000057700001577
0.25000058100001593
0.250000585000016
0.25000058900001615
0.2500005930000162
0.25000059700001637
0.25000060100001636
0.2500006050000166
0.25000060900001664
0.2500006130000168
0.25000061700001686
0.250000621000017
0.2500006250000171
0.25000062900001724
0.2500006330000173
0.25000063700001746
0.25000064100001745
0.2500006450000177
0.2500006490000177
0.2500006530000179
0.25000065700001795
0.2500006610000181
0.25000066500001816
0.2500006690000183
0.2500006730000184
0.25000067700001855
0.2500006810000186
0.2500006850000187
0.25000068900001876
0.250000693000019
0.250000697000019
0.2500007010000192
0.2500007050000192
0.2500007090000194
0.2500007130000194
0.25000071700001963
0.2500007210000197
0.25000072500001985
0.25000072900001985
0.25000073300002
0.25000073700002007
0.2500007410000203
0.2500007450000203
0.25000074900002045
0.2500007530000205
0.2500007570000207
0.2500007610000207
0.25000076500002094
0.25000076900002094
0.2500007730000211
0.25000077700002116
0.2500007810000214
0.2500007810000214
0.25000078400002157
0.2500007880000216
0.2500007920000218
0.25000079600002184
0.25000080000002195
0.25000080400002206
0.2500008080000222
0.2500008120000223
0.25000081600002244
0.2500008200000225
0.25000082400002266
0.2500008280000227
0.2500008320000229
0.2500008330000229
0.25000083700002307
0.2500008410000231
0.2500008450000233
0.25000084900002334
0.2500008530000235
0.25000085700002356
0.2500008610000237
0.2500008650000238
0.25000086900002394
0.250000873000024
0.25000087700002416
0.2500008810000242
0.2500008850000244
0.2500008890000244
0.2500008930000246
0.2500008970000246
0.2500009010000248
0.2500009050000248
0.25000090900002503
0.250000913000025
0.25000091700002525
0.25000092100002524
0.25000092500002546
0.25000092900002546
0.2500009330000257
0.2500009370000257
0.2500009400000259
0.25000094000002593
0.2500009430000261
0.25000094400002615
0.2500009480000263
0.2500009520000263
0.25000095600002653
0.2500009600000266
0.25000096400002675
0.2500009670000268
0.25000097100002694
0.250000975000027
0.25000097900002716
0.2500009830000272
0.2500009870000274
0.2500009910000274
0.2500009950000276
0.2500009990000276
0.2500010030000278
0.25000100700002786
0.25000101100002803
0.2500010130000281
0.2500010160000282
0.2500010200000283
0.25000102400002844
0.2500010260000285
0.2500010300000287
0.2500010340000287
0.2500010380000289
0.25000104200002893
0.25000104600002915
0.25000105000002915
0.25000105400002937
0.25000105800002936
0.25000106200002953
0.2500010660000296
0.25000107000002975
0.2500010740000298
0.25000107800003
0.25000108200003
0.25000108600003024
0.25000109000003023
0.25000109400003045
0.2500010980000305
0.2500011020000306
0.25000110600003067
0.25000111000003084
0.2500011140000309
0.2500011180000311
0.2500011220000311
0.2500011260000313
0.2500011300000313
0.25000113400003154
0.25000113800003154
0.25000114200003176
0.25000114600003176
0.2500011500000319
0.250001154000032
0.2500011580000322
0.2500011620000322
0.25000116600003236
0.2500011700000324
0.25000117400003263
0.25000117800003263
0.25000118200003285
0.25000118600003285
0.250001190000033
0.25000119400003307
0.25000119800003323
0.2500012020000333
0.2500012060000335
0.2500012100000335
0.2500012140000337
0.2500012180000337
0.25000122200003394
0.250001226000034
0.2500012300000341
0.25000123400003416
0.2500012380000343
0.2500012420000344
0.2500012460000346
0.2500012500000346
0.2500012540000348
0.2500012580000348
0.25000126200003503
0.250001266000035
0.25000127000003525
0.25000127400003525
0.2500012780000354
0.25000128200003546
0.2500012860000357
0.2500012900000357
0.25000129400003585
0.2500012980000359
0.2500013020000361
0.2500013060000361
0.25000131000003634
0.25000131400003633
0.2500013180000365
0.25000132200003655
0.2500013260000367
0.25000133000003677
0.25000133300003696
0.25000133700003696
0.2500013410000372
0.25000134500003723
0.2500013490000374
0.25000135300003745
0.2500013570000376
0.25000136100003767
0.25000136500003783
0.2500013690000379
0.25000137300003805
0.25000137700003805
0.25000138100003827
0.2500013850000383
0.2500013890000385
0.25000139300003854
0.2500013970000387
0.2500014010000387
0.2500014050000389
0.25000140400003895
0.2500014040000391
0.25000140800003917
0.25000141200003934
0.2500014160000394
0.25000142000003955
0.2500014240000396
0.25000142800003977
0.2500014320000398
0.25000143600004004
0.25000144000004004
0.25000144400004026
0.2500014480000402
0.2500014520000404
0.2500014560000405
0.25000146000004064
0.2500014640000407
0.2500014650000409
0.2500014680000409
0.25000147200004114
0.25000147600004113
0.2500014790000413
0.25000147700004133
0.25000148100004155
0.25000148500004155
0.25000148900004177
0.25000149300004176
0.25000149700004193
0.250001501000042
0.2500015050000422
0.25000150900004225
0.2500015130000424
0.2500015170000424
0.2500015210000426
0.25000152500004263
0.2500015290000428
0.25000153300004285
0.2500015370000431
0.25000154100004307
0.2500015450000433
0.2500015490000433
0.2500015530000435
0.2500015570000435
0.25000156100004367
0.2500015650000437
0.25000156900004394
0.25000157300004394
0.25000157700004416
0.25000158100004416
0.2500015850000444
0.2500015890000444
0.2500015930000446
0.2500015970000446
0.25000160100004476
0.2500016050000448
0.25000160900004503
0.25000161300004503
0.25000161700004525
0.25000162100004525
0.2500016250000454
0.25000162900004547
0.2500016330000457
0.2500016370000457
0.2500016410000459
0.2500016450000459
0.25000164900004607
0.2500016530000461
0.2500016570000463
0.25000166100004634
0.25000166500004656
0.25000166900004656
0.2500016730000468
0.25000167600004675
0.25000168000004697
0.250001684000047
0.2500016880000472
0.2500016920000472
0.2500016960000474
0.25000170000004746
0.2500017040000476
0.2500017080000476
0.2500017120000478
0.25000171600004784
0.25000172000004806
0.25000172400004805
0.2500017280000483
0.2500017320000483
0.2500017360000485
0.25000174000004854
0.2500017440000487
0.25000174800004876
0.25000175200004887
0.2500017560000489
0.25000176000004914
0.25000176400004914
0.25000176800004936
0.25000177200004936
0.2500017760000496
0.2500017800000496
0.2500017840000498
0.2500017880000498
0.25000179200005
0.25000179600005
0.25000180000005023
0.25000180400005023
0.25000180800005045
0.2500018120000505
0.2500018160000506
0.25000182000005067
0.2500018240000509
0.25000182800005094
0.2500018320000511
0.2500018360000511
0.25000184000005127
0.2500018440000513
0.25000184800005154
0.25000185200005154
0.25000185600005176
0.25000186000005176
0.250001864000052
0.250001868000052
0.2500018720000522
0.2500018760000522
0.25000188000005236
0.2500018840000524
0.25000188800005263
0.25000189200005263
0.25000189600005285
0.25000190000005285
0.25000190400005307
0.2500019050000531
0.25000190900005326
0.2500019130000533
0.2500019120000535
0.2500019150000535
0.2500019190000537
0.2500019230000537
0.2500019270000539
0.25000193100005397
0.25000193500005413
0.25000193500005413
0.2500019320000543
0.2500019300000544
0.25000190900005453
0.2500018730000546
0.25000183600005477
0.25000177800005485
0.250001730000055
0.2500016810000551
0.2500016060000552
0.25000151000005527
0.2500014330000554
0.2500013850000555
0.2500013740000556
0.25000137600005573
0.25000138000005584
0.25000138400005595
0.25000138800005606
0.25000139200005617
0.2500013960000562
0.25000140000005633
0.2500014040000565
0.25000140800005655
0.2500014120000567
0.25000141600005676
0.2500014200000569
0.250001424000057
0.2500014280000571
0.2500014320000572
0.2500014360000573
0.2500014400000574
0.2500014440000575
0.25000144800005764
0.2500014440000577
0.2500014190000578
0.25000136700005793
0.25000126700005804
0.25000115900005815
0.2500010700000582
0.2500009470000583
0.25000078700005846
0.2500006680000585
0.2500005950000586
0.2500005280000587
0.25000047800005876
0.25000041000005885
0.25000030500005893
0.250000234000059
0.2500001600000591
0.2500000530000591
0.24999995200005923
0.2499998510000592
0.24999973500005934
0.24999968000005934
0.24999962900005945
0.24999958200005945
0.24999956600005957
0.24999955300005958
0.24999954000005967
0.24999953800005967
0.24999954200005975
0.24999954600005977
0.24999955000005986
0.24999955400005988
0.24999955800005996
0.24999956200006
0.24999956600006007
0.2499995700000601
0.2499995740000602
0.24999957800006017
0.24999958200006028
0.24999958600006028
0.2499995900000604
0.2499995940000604
0.24999959800006047
0.24999960200006052
0.2499996060000606
0.2499996100000606
0.2499996140000607
0.2499996180000607
0.24999962200006082
0.24999962600006082
0.2499996300000609
0.24999963400006095
0.249999638000061
0.24999964200006106
0.2499996460000611
0.24999965000006114
0.24999965400006124
0.24999965800006124
0.24999966200006132
0.24999966600006135
0.24999967000006143
0.24999967400006146
0.2499996780000615
0.24999968200006153
0.24999967900006162
0.24999967300006165
0.2499996660000617
0.24999966700006174
0.24999967100006185
0.24999967500006187
0.24999967900006195
0.24999968300006195
0.24999968700006206
0.24999969100006206
0.24999969500006217
0.24999969900006216
0.24999970300006225
0.2499997070000623
0.24999971100006235
0.2499997150000624
0.24999971900006243
0.24999972300006248
0.24999972700006257
0.2499997310000626
0.24999973500006265
0.24999973900006267
0.24999974300006278
0.24999974700006278
0.24999975100006286
0.24999975500006288
0.24999975900006297
0.24999976300006296
0.24999976700006307
0.2499997710000631
0.24999977500006315
0.2499997790000632
0.24999978300006326
0.24999978700006328
0.24999979100006336
0.2499997950000634
0.24999979900006347
0.24999980300006347
0.24999980700006358
0.24999981100006358
0.24999981500006369
0.2499998190000637
0.24999982300006376
0.2499998270000638
0.24999983100006387
0.24999983400006393
0.24999982800006398
0.249999823000064
0.24999982000006407
0.2499998190000641
0.24999982300006418
0.24999982700006418
0.2499998310000643
0.2499998350000643
0.24999983900006442
0.2499998430000644
0.2499998470000645
0.2499998510000645
0.2499998550000646
0.24999985900006458
0.2499998630000647
0.24999986700006468
0.2499998700000648
0.24999987400006482
0.24999987800006487
0.24999988200006493
0.24999988600006498
0.24999989000006503
0.24999989400006506
0.2499998980000651
0.2499999020000652
0.24999990600006522
0.24999991000006527
0.2499999140000653
0.24999991800006538
0.2499999220000654
0.2499999260000655
0.2499999300000655
0.2499999340000656
0.24999993800006562
0.2499999420000657
0.24999994600006567
0.24999995000006578
0.2499999540000658
0.24999995800006589
0.2499999620000659
0.24999996600006597
0.24999997000006602
0.2499999740000661
0.2499999780000661
0.24999998200006618
0.2499999860000662
0.24999999000006629
0.2499999940000663
0.24999999800006636
0.2500000020000664
0.2500000060000665
0.2500000100000665
0.2500000140000666
0.2500000180000666
0.25000002200006666
0.2500000260000667
0.25000003000006676
0.2500000340000668
0.25000003800006687
0.25000004200006687
0.25000004600006703
0.25000005000006703
0.2500000540000671
0.2500000580000671
0.2500000620000672
0.2500000660000672
0.2500000700000673
0.2500000740000673
0.2500000780000674
0.2500000820000674
0.25000008600006746
0.2500000900000675
0.25000009400006756
0.2500000980000676
0.25000010200006767
0.25000010600006767
0.2500001100000678
0.25000011400006783
0.2500001180000679
0.2500001220000679
0.250000126000068
0.250000130000068
0.2500001340000681
0.2500001380000681
0.2500001420000682
0.2500001460000682
0.2500001500000683
0.25000015400006825
0.2500001580000684
0.2500001620000684
0.2500001660000685
0.25000017000006847
0.2500001740000686
0.25000017800006863
0.2500001820000687
0.25000018600006874
0.2500001900000688
0.2500001940000688
0.2500001980000689
0.2500002020000689
0.25000020600006895
0.250000210000069
0.2500002140000691
0.2500002180000691
0.25000022200006916
0.2500002260000692
0.25000023000006927
0.2500002340000693
0.2500002380000694
0.25000024200006943
0.25000024600006954
0.2500002500000696
0.2500002540000697
0.2500002580000697
0.2500002620000698
0.25000026600006986
0.25000027000006997
0.25000027400007
0.25000027800007013
0.2500002820000702
0.2500002860000703
0.25000029000007035
0.2500002940000704
0.25000029800007045
0.25000030200007056
0.2500003060000706
0.2500003100000707
0.2500003140000708
0.2500003180000709
0.25000032200007094
0.25000032600007105
0.25000033000007105
0.25000032200007116
0.25000030600007117
0.25000029600007134
0.25000029600007134
0.25000030000007145
0.2500003040000715
0.2500003080000716
0.2500003120000716
0.2500003160000718
0.25000032000007183
0.2500003240000719
0.25000032800007194
0.25000033200007205
0.2500003360000721
0.2500003400000722
0.2500003440000722
0.2500003480000723
0.2500003520000724
0.25000035600007253
0.25000036000007253
0.25000036400007264
0.2500003680000727
0.2500003710000728
0.2500003750000728
0.25000037900007294
0.250000383000073
0.2500003870000731
0.25000039100007315
0.25000039500007326
0.2500003990000733
0.25000040300007337
0.2500004070000734
0.25000041100007353
0.2500004150000736
0.2500004190000737
0.25000042300007375
0.25000042700007385
0.2500004310000739
0.250000435000074
0.250000439000074
0.2500004430000741
0.2500004340000742
0.25000043200007427
0.2500004360000743
0.25000043200007444
0.25000043500007446
0.2500004380000746
0.2500004420000746
0.2500004460000747
0.25000045000007476
0.25000045400007487
0.2500004580000749
0.25000046200007503
0.25000046600007503
0.25000047000007514
0.2500004740000752
0.2500004780000753
0.25000048200007535
0.25000048600007546
0.2500004900000755
0.2500004940000756
0.2500004980000757
0.25000050200007573
0.2500005060000758
0.2500005100000759
0.25000051400007595
0.25000051800007606
0.2500005220000761
0.2500005260000762
0.25000053000007627
0.2500005340000763
0.2500005380000764
0.2500005420000765
0.25000054600007654
0.25000055000007665
0.25000055400007665
0.25000055800007676
0.2500005620000768
0.2500005660000769
0.25000057000007697
0.2500005740000771
0.2500005780000771
0.25000058200007724
0.25000058600007724
0.25000059000007735
0.2500005940000774
0.2500005980000775
0.25000060200007757
0.2500006060000777
0.25000061000007767
0.2500006140000778
0.25000061800007783
0.25000062200007794
0.250000626000078
0.2500006300000781
0.25000063400007816
0.25000063800007827
0.25000064200007827
0.25000064600007843
0.25000065000007843
0.25000065400007854
0.2500006580000786
0.2500006620000787
0.25000066600007875
0.25000067000007886
0.25000067400007886
0.25000067800007897
0.2500006820000791
0.25000068600007913
0.25000069000007913
0.2500006940000793
0.25000069800007935
0.2500007020000794
0.25000070600007945
0.25000071000007956
0.2500007140000796
0.2500007180000797
0.2500007220000797
0.25000072600007983
0.2500007300000799
0.25000073400008
0.25000073800008005
0.25000074200008016
0.2500007460000802
0.2500007500000803
0.25000075400008037
0.2500007580000804
0.2500007620000805
0.2500007650000806
0.25000076900008067
0.2500007730000808
0.2500007770000808
0.2500007810000809
0.2500007850000809
0.25000078900008105
0.2500007930000811
0.2500007970000812
0.2500008010000812
0.2500008050000813
0.25000080900008137
0.2500008130000815
0.2500008170000815
0.25000082100008164
0.2500008250000817
0.25000082900008175
0.2500008330000818
0.2500008370000819
0.25000084100008196
0.2500008450000821
0.2500008490000821
0.2500008530000822
0.25000085700008223
0.25000086100008234
0.2500008650000824
0.2500008690000825
0.25000087300008256
0.2500008770000826
0.25000088100008266
0.25000088500008283
0.2500008890000828
0.25000089300008294
0.250000897000083
0.2500009010000831
0.2500009050000831
0.25000090900008326
0.25000091300008326
0.2500009170000834
0.2500009210000834
0.25000092500008353
0.2500009290000835
0.25000093300008364
0.25000093700008374
0.25000094100008385
0.25000094500008385
0.25000094900008396
0.250000953000084
0.2500009570000841
0.2500009610000841
0.25000096500008423
0.2500009660000843
0.2500009700000844
0.2500009740000844
0.2500009780000846
0.2500009820000846
0.2500009860000847
0.25000099000008474
0.25000099400008485
0.2500009980000849
0.250001002000085
0.250001006000085
0.2500010100000851
0.25000101400008523
0.2500010180000853
0.2500010220000853
0.2500010260000854
0.25000103000008544
0.2500010310000856
0.2500010350000856
0.2500010390000857
0.25000104300008574
0.25000104700008585
0.2500010510000859
0.250001054000086
0.25000105800008604
0.25000106200008615
0.2500010660000862
0.2500010700000863
0.25000107400008637
0.2500010780000865
0.2500010820000865
0.2500010860000866
0.2500010900000867
0.25000109400008674
0.25000109800008674
0.25000110200008685
0.2500011060000869
0.250001110000087
0.25000111400008707
0.2500011180000872
0.25000112200008723
0.25000112600008734
0.25000113000008733
0.25000113400008744
0.2500011380000875
0.2500011420000876
0.25000114600008766
0.25000115000008777
0.2500011540000878
0.25000115800008793
0.250001162000088
0.2500011660000881
0.2500011700000882
0.2500011740000883
0.25000117800008836
0.2500011820000885
0.2500011860000885
0.2500011900000887
0.25000119400008874
0.25000119800008885
0.2500012020000889
0.250001206000089
0.25000121000008907
0.25000121400008923
0.2500012180000893
0.25000122200008945
0.25000122600008945
0.2500012300000896
0.25000123400008967
0.2500012380000898
0.25000124200008983
0.25000124300008997
0.25000124500009
0.25000124900009013
0.2500012530000902
0.2500012570000903
0.2500012610000904
0.2500012650000905
0.25000126900009056
0.2500012730000907
0.2500012770000908
0.2500012810000909
0.25000128500009094
0.25000128900009105
0.25000129300009116
0.25000129700009127
0.2500013010000913
0.25000130500009143
0.2500013090000915
0.2500013130000916
0.2500013170000917
0.2500013210000918
0.25000132500009187
0.25000132900009203
0.2500013330000921
0.2500013370000922
0.25000134100009225
0.25000134500009236
0.2500013490000924
0.2500013530000925
0.25000135700009257
0.25000136100009274
0.2500013650000928
0.2500013690000929
0.2500013680000929
0.25000135700009307
0.25000134900009313
0.25000132300009326
0.25000128100009333
0.2500012460000935
0.25000120900009354
0.25000118100009366
0.25000116900009367
0.2500011630000938
0.2500011590000939
0.250001158000094
0.25000115900009406
0.2500011630000942
0.2500011670000942
0.25000117100009434
0.2500011750000944
0.2500011790000945
0.2500011830000946
0.2500011870000947
0.25000119100009477
0.2500011950000949
0.25000119900009493
0.25000120300009504
0.2500012070000951
0.2500012110000952
0.25000121500009526
0.2500012190000954
0.2500012230000955
0.2500012270000956
0.25000123100009564
0.25000123500009575
0.2500012390000958
0.25000124300009596
0.25000124700009596
0.25000125100009607
0.2500012550000962
0.2500012590000963
0.25000126300009634
0.25000126700009645
0.2500012710000965
0.2500012750000966
0.2500012790000967
0.25000128300009683
0.25000128700009683
0.250001291000097
0.25000129500009705
0.25000129900009715
0.2500013030000972
0.2500013070000973
0.2500013110000974
0.2500013150000975
0.2500013190000976
0.2500013230000977
0.2500013270000977
0.25000133100009786
0.2500013350000979
0.250001339000098
0.25000134300009813
0.2500013470000982
0.25000135100009824
0.2500013550000984
0.25000135900009846
0.25000136300009856
0.2500013670000986
0.2500013710000987
0.2500013750000988
0.25000137900009894
0.25000138300009894
0.25000138700009905
0.25000139100009916
0.25000139500009927
0.2500013990000993
0.25000140300009943
0.2500014070000995
0.2500014110000996
0.2500014130000997
0.2500014170000998
0.25000142100009987
0.2500014250001
0.25000142900010003
0.25000143300010014
0.25000143700010025
0.25000144100010036
0.25000144500010035
0.25000144900010046
0.25000145300010057
0.2500014570001007
0.2500014610001008
0.25000146500010084
0.25000146900010095
0.25000147300010106
0.2500014770001011
0.2500014810001012
0.2500014850001012
0.2500014890001014
0.25000149300010144
0.25000149700010155
0.2500015010001016
0.2500015050001017
0.2500015090001018
0.2500015130001019
0.250001517000102
0.2500015210001021
0.25000152500010214
0.25000152900010225
0.25000153300010236
0.25000153700010247
0.2500015410001025
0.25000154500010263
0.2500015490001027
0.2500015530001028
0.25000155700010285
0.25000156100010296
0.250001565000103
0.2500015690001031
0.2500015730001032
0.25000157700010334
0.2500015810001034
0.2500015850001035
0.25000158900010355
0.25000159300010366
0.25000159700010377
0.2500016010001038
0.2500016050001039
0.25000160900010404
0.2500016130001041
0.2500016170001042
0.25000162100010426
0.25000162500010437
0.2500016290001045
0.2500016330001046
0.2500016370001046
0.2500016410001047
0.2500016450001048
0.2500016490001049
0.25000165100010496
0.25000164400010505
0.25000162800010517
0.25000159900010527
0.25000159800010535
0.2500015980001054
0.2500015890001055
0.2500015920001056
0.2500015960001057
0.2500016000001058
0.25000160400010585
0.25000160800010596
0.250001612000106
0.2500016160001061
0.2500016200001062
0.2500016240001063
0.25000162800010634
0.25000163200010644
0.25000163600010655
0.25000164000010666
0.2500016440001067
0.2500016480001068
0.2500016520001069
0.250001656000107
0.25000166000010704
0.25000166400010715
0.25000166800010726
0.2500016720001073
0.2500016760001074
0.25000168000010753
0.2500016840001076
0.25000168800010764
0.25000169200010774
0.2500016960001078
0.2500017000001079
0.250001704000108
0.25000170800010807
0.25000171200010823
0.25000171600010823
0.2500017160001084
0.2500017100001084
0.2500017020001085
0.25000169400010863
0.2500016630001087
0.25000163500010875
0.2500016140001089
0.25000159900010893
0.250001592000109
0.2500015770001091
0.2500015530001092
0.2500015400001092
0.25000153100010936
0.2500015250001094
0.2500015290001095
0.2500015330001096
0.2500015370001097
0.25000154100010974
0.25000154500010985

Avalanche_Distribution:
3
1
5
3
6
3
1
3
2
1
9
4
7
1
3
6
619
2018
31
32
1
50
1
19
9
1
1
3
3
1
5
262
2
71
18
247
