
Branching_global:
0.8000000039999997
0.8000002639999999
0.8000005679999997
0.8000008669999993
0.800001189999999
0.8000014259999991
0.8000016559999987
0.8000017889999985
0.8000021139999983
0.800002473999998
0.800002857999998
0.8000026509999978
0.8000028579999976
0.8000030489999973
0.8000031069999971
0.8000034039999968
0.8000035049999967
0.8000037649999964
0.8000041429999962
0.800004246999996
0.8000045079999959
0.8000047649999956
0.8000051479999954
0.8000052559999952
0.800005354999995
0.8000054499999948
0.8000056059999946
0.8000057399999944
0.8000059439999941
0.8000062699999939
0.8000063599999937
0.8000064429999934
0.8000065049999934
0.8000068599999931
0.8000070569999929
0.8000072809999926
0.8000076809999925
0.8000079639999922
0.8000081449999921
0.8000087379999918
0.8000090449999916
0.8000092719999914
0.8000094409999912
0.8000092509999909
0.8000091659999907
0.8000094269999906
0.8000098959999904
0.8000100129999902
0.8000100299999899
0.8000103869999898
0.8000106619999895
0.8000110179999893
0.8000108649999892
0.800011031999989
0.8000111929999887
0.8000116059999884
0.8000115929999883
0.8000116779999881
0.8000121899999879
0.8000124339999876
0.8000125869999875
0.8000127929999872
0.800012921999987
0.8000131969999869
0.8000133509999865
0.8000135679999864
0.8000137719999861
0.800013913999986
0.8000137709999857
0.8000140099999855
0.8000141449999854
0.8000144929999852
0.8000146549999848
0.8000151029999846
0.8000150719999845
0.8000152549999843
0.8000154129999839
0.8000155489999838
0.8000160159999836
0.8000162099999834
0.8000164219999831
0.800016408999983
0.8000170919999827
0.8000172949999826
0.8000174899999822
0.8000181069999821
0.8000180899999819
0.8000180809999817
0.8000183359999814
0.8000186409999812
0.8000188719999811
0.8000186589999808
0.8000192899999806
0.8000194539999804
0.8000191589999802
0.80001947599998
0.8000198639999798
0.8000200449999796
0.8000201799999795
0.8000203319999792

Autocorrelation:
-0.004481420218140176
-0.004481426745164925
-0.004481434376784504
-0.004481441882906542
-0.004481449991551778
-0.004481455916151164
-0.004481461690138521
-0.004481465029015503
-0.004481473187944026
-0.004481482225557201
-0.004481491865713622
-0.004481486669062218
-0.004481491865713611
-0.0044814966607009624
-0.004481498116772222
-0.004481505572874446
-0.00448150810845632
-0.00448151463570851
-0.004481524125359145
-0.00448152673627457
-0.0044815332886800115
-0.004481539740682074
-0.004481549355953134
-0.004481552067315561
-0.004481554552733684
-0.004481556937733172
-0.004481560854158281
-0.004481564218271883
-0.00448156933976688
-0.004481577524138321
-0.004481579783632042
-0.004481581867389155
-0.004481583423931743
-0.004481592336411819
-0.004481597282224207
-0.004481602905900839
-0.004481612948211734
-0.004481620053170838
-0.004481624597342456
-0.004481639485210695
-0.004481647192792517
-0.004481652891899108
-0.0044816571348546665
-0.004481652364668429
-0.004481650230640665
-0.004481656783366937
-0.004481668558232028
-0.004481671495680283
-0.0044816719224892825
-0.004481680885495094
-0.00448168778979299
-0.004481696727748525
-0.0044816928864322885
-0.004481697079241799
-0.00448170112141804
-0.0044817114905084734
-0.004481711164119983
-0.004481713298199296
-0.004481726152927018
-0.004481732279031243
-0.004481736120407468
-0.004481741292465741
-0.004481744531284331
-0.004481751435756456
-0.004481755302269095
-0.004481760750546973
-0.004481765872441054
-0.004481769437687192
-0.004481765847333695
-0.004481771847997285
-0.004481775237499764
-0.004481783974904942
-0.004481788042328014
-0.004481799290544508
-0.00448179851220648
-0.0044818031069150666
-0.004481807073937951
-0.0044818104885955634
-0.004481822213962408
-0.004481827084901699
-0.0044818324077945705
-0.004481832081390438
-0.004481849230218537
-0.004481854327184067
-0.004481859223293649
-0.004481874715149174
-0.004481874288305846
-0.004481874062329993
-0.004481880464986845
-0.004481888123087958
-0.004481893923173458
-0.004481888575042184
-0.004481904418600158
-0.004481908536435003
-0.004481901129358848
-0.004481909088827984
-0.004481918831051523
-0.004481923375761455
-0.004481926765467566
-0.0044819305820310035

Average_Activity:
0.0
0.25
0.0
0.0
0.0
0.0
0.25
0.0
0.5
1.0
0.0
0.0
0.0
1.0
2.0
3.75
0.25
0.0
0.0
0.0
0.0
0.0
0.0
0.25
0.0
0.25
0.0
0.0
0.0
0.0
0.0
0.0
0.0
0.25
1.25
0.25
0.75
0.0
0.5
0.25
0.0
0.0
0.0
0.0
0.0
0.0
0.0
1.0
0.75
0.0
0.0
0.0
0.75
0.5
0.25
0.0
0.25
0.25
0.0
0.0
0.0
0.0
1.5
0.0
0.25
0.0
0.0
0.0
0.0
0.0
0.0
0.25
2.0
1.0
0.5
1.5
0.5
0.0
0.0
0.0
0.0
0.0
0.0
0.0
0.0
0.0
0.0
0.0
0.0
1.0
0.25
0.0
0.25
1.0
0.5
0.0
0.0
0.0
0.0
0.0
0.0
0.0
0.0
0.0
0.0
0.0
0.0
1.25
0.25
0.25
0.25
0.25
0.5
1.75
0.5
0.25
0.5
0.75
1.5
0.0
0.75
0.0
0.0
0.25
0.25
0.0
0.0
0.25
0.25
0.75
0.5
0.25
0.75
3.25
0.0
0.25
0.0
0.0
0.0
0.75
0.5
1.5
0.0
0.0
0.0
0.0
0.0
1.0
0.0
0.0
1.25
0.5
1.0
1.25
0.75
1.75
0.0
0.0
0.0
0.0
0.0
0.5
3.0
2.0
2.0
1.25
0.5
0.0
0.0
0.0
0.5
0.0
0.0
0.0
0.0
0.0
0.0
0.0
0.0
0.0
0.0
0.0
0.25
0.25
0.75
0.0
0.0
0.0
0.0
0.0
0.0
0.0
0.0
0.0
0.25
0.75
0.25
0.0
0.0
0.25
0.0
0.0
0.0
0.0
0.0
0.25
0.5
0.25
0.75
0.0
0.0
0.25
0.0
0.75
0.0
0.75
0.5
0.0
0.0
0.0
0.0
0.0
0.0
0.25
0.0
0.0
0.0
0.0
0.0
0.0
0.0
0.0
0.5
0.0
0.25
0.0
0.0
0.25
0.0
0.0
0.0
0.25
0.5
0.0
0.5
1.0
0.0
0.0
0.0
0.0
0.5
0.25
0.25
0.0
0.0
0.0
0.0
0.0
2.0
1.0
1.25
0.75
0.0
0.0
0.0
0.0
1.0
2.0
4.75
5.5
4.75
2.5
2.75
5.25
6.0
0.0
0.0
0.0
0.0
0.5
0.0
0.5
0.25
0.75
0.0
0.75
0.0
1.0
3.0
1.25
0.0
0.0
0.0
0.0
0.0
0.0
0.25
0.5
0.5
0.0
0.0
0.0
0.0
0.25
0.5
1.25
0.5
0.0
0.0
0.0
0.0
0.0
0.0
0.0
0.0
0.75
0.0
0.0
0.0
0.0
0.0
0.25
4.0
1.25
1.0
2.5
1.5
2.25
3.5
5.25
2.0
0.25
0.5
0.0
0.0
0.25
1.25
1.5
0.25
1.0
0.75
0.0
0.0
0.0
0.0
0.0
1.5
0.75
0.0
0.0
0.25
0.25
1.5
3.0
4.0
0.0
0.0
0.0
0.0
0.25
1.5
2.0
0.25
0.0
0.0
0.0
0.0
0.0
0.0
0.0
0.0
0.0
0.0
0.0
0.0
0.0
0.5
0.0
0.0
0.0
0.5
0.0
0.0
0.0
0.0
0.0
0.0
0.5
0.0
0.0
0.25
0.75
0.5
2.5
0.25
0.0
0.5
0.0
0.0
0.0
0.0
0.0
0.0
0.0
0.25
1.75
0.0
0.0
0.0
0.75
1.5
2.75
0.75
0.0
0.25
0.0
1.75
0.0
0.0
0.0
0.0
0.0
0.25
0.25
1.0
0.0
0.0
0.0
0.25
0.0
0.0
0.0
0.0
0.0
0.0
0.25
0.5
0.25
0.0
1.0
0.5
0.0
0.0
0.0
0.5
1.5
1.25
0.0
0.0
0.0
0.0
0.25
3.5
1.25
0.0
0.0
0.0
0.0
0.0
0.0
0.0
0.0
0.0
0.25
1.5
1.5
0.0
0.75
0.75
0.25
0.0
0.0
2.0
1.0
0.0
0.25
0.0
0.75
0.0
0.0
0.25
2.25
1.0
0.0
0.0
0.0
0.0
0.0
0.0
0.0
0.0
0.0
1.0
0.0
0.25
0.0
0.0
0.0
0.0
1.5
0.0
0.0
0.0
0.0
0.0
0.0
0.75
0.25
0.25
2.25
0.25
0.0
0.0
0.0
0.0
0.0
0.25
0.75
0.0
0.25
0.0
0.0
0.0
0.25
1.25
0.5
0.0
1.25
1.5
1.0
1.75
0.5
0.25
0.0
0.0
0.25
0.5
0.0
0.0
0.0
0.0
0.0
0.0
0.0
0.0
0.5
1.5
5.25
0.25
0.0
0.0
0.5
0.0
0.0
0.0
0.0
0.0
0.25
0.25
0.0
0.25
2.5
0.0
0.25
0.75
0.25
0.0
0.0
1.0
3.25
1.0
0.0
0.0
0.0
0.0
0.0
0.0
0.0
0.25
0.0
0.0
0.0
0.5
0.0
0.5
1.0
1.25
0.0
0.0
0.0
1.25
0.5
0.5
0.0
0.0
0.0
0.25
2.5
10.25
4.0
3.0
4.5
0.5
0.25
1.25
0.25
0.0
0.0
0.0
1.5
1.25
0.0
0.0
1.0
1.0
0.25
0.0
0.0
0.25
0.5
0.0
0.0
0.0
0.0
0.0
1.25
0.0
0.75
4.75
0.5
0.0
0.0
0.5
0.75
0.0
0.0
0.0
0.5
0.25
0.75
1.0
0.0
0.0
0.75
0.25
0.0
0.0
0.0
0.75
0.25
0.0
0.0
0.0
0.0
0.0
0.0
0.0
0.25
2.75
1.0
0.0
0.0
1.0
1.25
1.5
0.25
0.0
0.0
0.0
0.25
0.0
0.0
0.0
2.25
2.25
5.5
6.75
3.25
0.5
0.75
0.25
1.0
1.0
0.0
0.25
2.25
0.5
0.0
0.0
0.0
0.0
2.0
0.25
0.0
0.0
0.0
0.0
0.0
0.25
0.0
0.0
0.0
0.0
0.5
0.0
0.0
0.0
0.0
0.0
0.0
0.0
0.0
0.0
0.0
0.0
0.0
0.25
0.75
0.5
0.5
0.0
0.0
0.0
0.0
0.0
0.0
0.0
0.0
0.5
0.0
0.0
0.25
0.0
0.0
0.0
1.25
0.25
1.75
0.5
0.25
0.75
0.0
0.0
0.0
0.75
2.5
1.5
0.0
0.0
0.0
1.25
0.75
0.0
0.75
2.5
3.5
1.25
1.5
1.75
0.0
0.0
0.75
1.25
0.25
0.0
0.0
0.0
0.75
0.75
2.25
2.0
0.25
0.0
0.0
0.0
0.0
0.25
3.25
2.0
0.75
0.0
0.75
1.25
1.25
0.25
0.0
0.0
0.5
1.5
3.25
0.75
0.0
0.0
0.5
0.25
4.0
0.75
0.0
0.0
0.0
0.0
0.0
0.0
0.0
0.0
0.25
0.5
0.0
0.0
0.0
0.25
0.0
0.0
0.0
0.0
0.0
0.0
0.0
0.5
0.75
0.25
1.0
1.0
1.75
3.75
4.5
3.25
0.75
0.0
0.0
0.0
0.0
0.25
0.0
1.0
1.75
0.0
0.0
0.0
0.25
0.0
0.25
0.0
0.25
0.0
0.0
0.0
0.0
0.0
0.25
0.0
1.0
2.5
0.25
0.5
0.0
0.0
0.25
0.0
0.0
0.0
0.0
0.25
0.5
0.0
0.0
0.0
0.0
0.0
0.25
0.0
0.0
0.0
0.5
1.25
0.5
0.0
0.0
0.25
0.25
0.25
0.0
0.0
0.25
0.5
0.0
0.0
0.0
0.25
0.75
0.5
0.25
0.0
0.0
0.0
0.0
1.25
0.0
0.0
0.0
0.0
0.75
0.0
0.5
0.0
0.0
0.5
0.75
0.0
0.0
0.0
0.0
0.0
0.0
0.0
0.0
0.0
0.0
0.0
0.0
0.0
0.25
0.25
0.0
0.0
0.0
1.0
2.75
0.0
0.0
0.0
0.0
0.0
0.0
0.25
0.0
0.0
0.0
0.25
0.0
0.0
0.25
0.0
0.0
1.25
0.75
0.0
0.0
0.0
0.0
0.25
0.0
0.0
0.0
0.0
0.0
0.0
0.0
0.25
0.25
0.0
0.0
0.25
0.25
0.0
0.0
0.0
0.0
0.0
0.0
0.0
0.0
0.0
1.25
0.0
0.0
0.0
0.0
0.0
0.0
0.0
0.0
0.25
0.0
0.0
0.0
0.5
0.0
0.0
0.25
0.0
0.0
0.25
0.0
0.5
1.75
1.5
1.25
0.75
0.0
0.0
0.0
0.0
0.75
0.0
0.0
0.75
0.0
0.25
0.75
1.5
1.25
0.0
0.0
0.5
0.0
0.0
0.0
0.25
0.0
0.0
0.0
0.25
0.0
0.0
0.0
0.0
0.25
0.75
0.75
1.0
0.0
0.0
0.75
1.25
0.0
0.0
0.0
0.0
0.25
0.0
0.5
0.25
0.0
0.25
1.25
0.75
0.75
1.25
1.0
0.0
0.25
0.0
0.0
0.0
0.0
0.0
0.25
0.0
0.0
0.0
0.25
2.25
4.25
4.5
1.25
0.0
0.0
1.5
0.5
2.25
4.0
5.0
4.0
2.0
1.25
0.25
0.0
0.0
0.0
0.5
1.75
1.25
2.0
0.75
0.25
0.25
0.25
3.5
3.75
8.5
5.0
2.0
0.0
0.0
0.75
0.0
0.0
0.0
0.0
0.25
0.25
0.0
0.0
0.5
0.25
0.0
0.0
0.0
0.0
0.0
0.25
0.5
0.0
0.0
0.0
0.0
0.0
0.5
0.0
0.0
0.5
1.0
1.0
1.0
0.25
0.0
0.75
0.0
0.0
0.0
0.5
0.75
0.75
0.0
0.0
0.0
0.0
0.25
0.0
0.0
0.0
0.25
0.0
0.25
0.5
0.0
0.25
0.0
0.25
0.0
0.25
0.0
1.0
2.25
0.75
0.0
0.25
0.0
0.0
1.0
0.25
0.25
0.25
0.25
0.0
0.0
0.0
0.0
0.25
0.5
0.25
0.5
0.5
0.5
1.0
1.25
2.0
0.0
0.25
2.25
2.25
0.75
3.75
3.25
0.25
0.0
0.0
0.0
0.0
0.0
0.0
1.25
3.25
4.0
0.5
0.0
0.0
0.0
0.0
0.0
1.25
0.0
0.0
0.25
0.0
0.0
0.25
0.5
0.0
0.0
0.0
0.0
0.0
0.0
0.25
1.0
0.0
0.0
0.0
0.0
0.5
1.75
0.5
0.5
0.0
0.0
0.25
0.5
1.5
0.25
0.0
0.0
0.0
0.0
0.0
0.5
0.5
0.0
0.0
0.0
1.25
0.75
0.0
0.25
0.5
0.0
0.0
0.25
0.0
0.0
0.5
2.75
2.25
0.25
0.0
1.0
0.0
0.5
0.5
0.0
0.0
0.5
0.0
0.0
0.0
0.0
0.0
0.0
1.0
0.25
1.75
0.5
0.0
0.75
0.0
0.0
3.25
4.0
4.5
1.25
1.5
1.5
0.0
0.0
0.0
0.0
0.25
0.25
0.0
0.0
0.0
0.75
0.75
0.0
0.0
0.25
0.0
2.5
0.75
0.0
0.0
0.5
1.75
1.75
0.25
0.75
0.25
0.75
2.75
2.75
2.25
0.25
0.0
0.25
0.0
1.75
0.5
0.0
0.0
0.0
0.0
0.0
0.0
0.0
0.25
0.0
0.0
0.5
0.75
0.75
0.0
0.5
0.0
0.0
0.25
0.5
0.75
0.5
0.5
0.0
0.0
0.0
0.0
0.0
0.0
0.0
0.25
0.0
1.25
0.25
0.0
0.25
0.0
0.0
0.0
0.0
0.0
0.0
0.25
0.25
0.0
0.25
0.5
0.0
0.25
0.0
0.0
0.0
0.25
0.25
0.25
0.25
0.0
0.25
0.75
2.75
1.5
0.25
2.0
9.0
6.5
3.0
3.0
1.25
0.75
0.0
0.0
0.0
0.0
0.0
0.0
0.0
0.0
0.0
0.25
0.0
0.0
0.0
0.0
0.0
0.0
0.25
0.0
0.0
1.0
4.25
1.0
0.0
0.0
0.0
0.0
0.0
1.75
1.5
0.25
1.25
2.25
0.5
0.0
1.25
1.0
0.25
0.0
0.25
0.0
0.5
0.0
0.0
0.0
0.25
0.0
0.0
0.0
0.0
0.5
0.0
0.0
0.0
0.25
0.0
0.0
0.25
0.0
0.25
0.5
0.0
0.0
1.0
0.0
0.0
0.0
0.0
0.25
0.0
1.0
0.75
0.25
0.0
0.0
0.0
0.0
0.0
0.0
0.0
0.0
0.25
0.0
0.25
0.0
0.0
0.0
0.0
0.5
0.0
0.0
0.25
0.0
0.25
0.0
0.75
1.75
0.0
0.0
0.0
0.0
0.0
0.0
0.0
0.0
0.0
0.0
0.0
0.25
0.0
0.25
3.75
2.5
1.0
0.0
0.0
0.0
0.25
0.0
0.0
0.0
0.0
0.25
0.5
2.25
0.5
0.0
0.0
0.0
0.75
1.0
4.5
4.25
1.0
0.0
0.75
0.25
2.5
0.5
0.0
0.25
0.0
0.0
0.0
0.25
0.0
0.0
0.75
1.5
4.0
1.5
2.25
0.5
0.0
0.0
0.0
0.25
1.5
0.5
0.0
0.0
0.25
0.25
0.0
1.0
0.25
0.0
0.25
0.0
0.0
0.0
1.5
2.5
2.5
0.75
0.0
0.25
0.25
0.0
0.0
0.0
0.5
0.0
0.0
0.0
1.0
0.25
0.75
0.75
0.25
0.0
0.5
2.75
0.5
0.25
0.0
0.0
0.0
0.0
0.75
0.5
0.75
1.5
0.0
0.0
0.0
0.0
0.0
0.0
1.25
0.25
0.0
0.75
0.0
0.0
0.25
0.25
0.25
0.0
0.0
0.75
4.0
4.0
0.25
0.0
1.25
1.0
0.0
0.0
0.75
0.0
0.75
2.5
0.0
0.0
0.0
0.25
0.0
0.25
0.0
0.0
0.25
0.75
0.5
0.0
0.0
0.0
0.25
0.0
0.75
1.0
4.25
3.5
0.0
0.25
0.0
0.0
0.0
0.75
0.0
0.25
1.5
1.75
0.5
0.0
0.75
0.0
0.0
0.0
0.0
0.0
0.5
0.5
0.0
0.25
1.0
0.0
0.0
0.0
0.0
0.25
0.0
0.0
0.0
0.0
0.75
1.0
1.75
1.0
0.5
0.0
0.0
0.25
0.0
0.0
0.75
0.25
1.0
0.0
0.0
0.25
2.5
5.0
4.5
1.0
0.0
0.0
0.0
1.5
1.25
3.25
1.5
1.75
0.75
0.25
0.5
0.0
0.0
0.0
2.0
2.25
2.75
3.25
0.25
0.0
0.0
0.25
0.0
0.0
1.25
0.25
0.0
0.0
0.0
0.0
0.0
0.0
0.0
0.25
0.0
1.75
2.5
3.75
5.75
3.25
0.0
0.0
1.25
0.0
0.25
0.25
0.75
0.0
0.0
0.0
0.0
0.0
0.0
0.0
0.0
0.0
0.25
1.25
0.0
0.25
0.25
0.75
0.0
0.0
0.75
0.0
0.0
0.25
0.0
0.0
0.25
0.25
0.0
0.0
1.25
1.25
0.0
0.25
0.25
0.0
0.0
0.5
0.5
0.25
1.25
2.0
0.25
0.25
0.5
0.0
0.0
0.0
0.0
0.0
0.0
0.25
0.0
1.0
0.25
0.0
0.0
0.0
1.0
2.0
0.0
0.0
0.0
1.25
1.0
0.0
0.0
0.0
0.0
0.25
0.0
0.0
0.25
0.25
0.0
0.25
0.0
0.0
0.0
0.0
0.0
0.0
0.0
0.0
0.25
0.5
1.75
0.0
0.0
0.0
0.25
0.0
0.0
0.0
0.5
1.25
0.5
0.25
0.0
0.0
0.5
0.0
0.0
0.5
0.75
1.75
2.25
2.5
1.75
0.0
0.25
0.75
2.0
3.25
2.25
2.0
0.0
0.0
0.0
0.0
0.5
0.75
0.25
0.0
0.0
0.0
0.0
0.75
0.25
0.5
1.5
0.5
0.25
0.25
0.0
0.0
0.0
0.0
0.0
0.25
0.5
0.0
0.0
0.0
0.0
0.0
0.0
0.25
2.0
1.5
0.5
1.75
2.0
2.25
0.25
0.0
0.0
0.25
0.0
0.25
0.0
0.75
0.0
1.25
1.5
1.75
0.0
0.25
0.5
0.0
0.0
0.0
0.25
0.0
0.0
0.5
0.0
0.0
0.75
0.0
0.25
1.25
1.0
1.5
1.0
0.0
0.0
0.0
0.25
2.75
2.25
0.0
0.0
0.25
0.0
0.0
0.0
0.0
0.0
0.25
0.0
0.0
0.25
0.0
0.0
0.0
0.75
0.0
0.0
1.75
1.5
0.75
0.25
0.0
0.0
0.25
0.0
0.0
0.25
0.0
0.0
0.25
0.0
0.75
0.5
0.0
0.25
0.5
1.25
0.0
0.0
0.0
0.0
0.0
0.0
0.0
0.0
0.25
0.75
1.25
0.75
0.25
0.0
0.0
0.0
0.0
0.25
0.0
0.5
1.25
0.0
0.0
0.25
1.5
0.0
0.0
0.0
1.0
2.5
0.0
0.0
0.25
0.5
0.0
0.75
0.0
0.0
0.25
0.25
1.0
2.0
1.25
0.75
0.5
0.0
0.0
0.0
0.0
0.0
0.0
0.0
0.0
0.25
0.0
0.0
0.0
0.0
0.5
0.0
0.0
0.25
0.25
0.5
0.0
0.0
0.0
0.0
0.5
0.75
0.0
0.25
0.0
0.0
0.0
0.0
0.0
0.0
0.5
0.0
0.0
0.0
0.0
0.25
0.0
0.0
0.0
0.0
0.0
0.0
0.0
0.0
0.0
0.0
1.75
4.0
0.75
0.0
0.75
0.75
1.5
0.25
0.0
0.75
1.75
1.0
0.0
0.0
0.0
0.0
0.0
0.0
0.0
0.25
0.25
1.5
1.0
1.5
2.0
0.25
0.0
0.25
0.25
1.25
0.5
0.0
0.0
0.5
0.0
0.0
0.5
0.0
0.75
0.5
0.0
0.75
0.25
0.0
0.0
0.0
0.25
0.0
0.0
0.25
0.0
0.0
0.75
2.0
1.25
1.0
0.5
0.0
0.0
0.0
0.25
0.25
0.5
0.0
0.0
0.25
0.25
0.0
0.25
1.75
0.75
0.75
1.0
0.0
0.5
0.0
0.75
0.0
0.5
0.0
0.0
1.0
0.25
0.25
3.25
1.5
2.0
0.75
0.0
0.0
0.0
0.25
0.0
0.0
0.0
0.0
0.0
0.0
0.0
1.75
3.25
2.0
0.0
0.0
0.0
0.75
2.25
2.25
0.0
0.0
0.0
0.0
0.0
0.5
0.0
0.25
0.75
0.75
0.0
0.0
0.0
0.25
2.0
0.25
0.25
0.0
0.0
0.0
0.0
0.0
0.0
0.0
0.25
0.0
0.0
0.25
1.5
2.75
1.25
0.0
0.0
0.25
1.5
0.25
2.0
0.75
3.25
0.25
0.0
0.0
0.0
0.25
0.25
0.0
0.0
0.25
0.0
0.0
0.0
0.0
0.0
0.0
0.0
0.0
0.25
1.25
1.25
2.0
0.75
1.25
0.25
0.25
0.75
0.0
0.5
0.0
0.0
0.25
1.5
0.0
0.0
0.0
0.0
0.0
0.0
0.0
0.0
0.0
0.0
0.0
0.5
0.25
0.75
0.0
0.5
1.25
1.75
3.25
4.25
3.25
0.0
0.25
1.0
0.0
0.0
1.75
1.0
0.0
0.0
0.25
0.0
0.0
0.0
0.0
0.0
0.0
0.0
0.25
1.0
0.75
0.5
0.25
1.0
0.0
0.0
0.0
0.0
1.25
2.25
0.25
0.0
0.25
0.0
0.0
0.0
0.75
3.5
1.0
0.0
0.0
0.25
1.0
0.0
0.0
1.0
1.0
0.0
0.25
0.25
0.0
0.0
0.25
0.0
1.25
0.0
0.0
0.0
0.0
0.0
0.0
0.0
0.25
1.0
1.75
2.0
0.5
0.5
0.25
1.0
3.0
2.5
0.25
0.75
0.0
0.0
0.0
0.0
0.0
0.25
2.0
3.25
5.25
3.75
1.0
2.75
0.25
0.0
0.0
1.5
1.5
0.75
0.75
0.5
2.0
0.25
0.0
0.5
0.5
0.0
0.5
0.0
0.0
1.5
0.0
0.0
0.0
0.0
0.0
0.0
0.0
0.0
0.0
0.0
0.0
0.75
1.25
0.0
0.5
0.0
0.0
0.25
0.75
0.0
1.75
2.5
1.0
0.0
0.0
0.0
0.0
0.0
0.0
0.0
1.25
0.25
0.0
0.0
0.0
0.5
0.0
0.25
0.0
0.0
0.0
0.0
0.75
0.0
0.0
0.0
0.0
0.0
0.0
0.0
0.25
0.0
1.75
0.75
1.25
2.25
0.25
0.25
2.5
0.25
0.0
0.0
0.0
0.25
0.75
1.5
0.25
0.0
0.0
0.0
0.0
0.0
0.75
4.5
2.25
0.0
0.0
0.0
0.0
0.0
0.0
0.25
0.25
0.25
0.25
0.0
0.5
0.25
0.25
3.5
4.75
1.75
0.0
0.0
0.0
0.0
0.0
0.25
0.0
0.0
0.0
0.0
2.5
1.0
2.5
3.0
3.0
1.75
0.75
0.25
0.0
0.0
0.5
3.5
1.5
0.0
0.0
0.0
0.0
0.0
0.0
0.25
1.5
0.75
0.25
1.0
0.25
0.0
0.0
0.0
0.0
0.0
0.0
0.0
0.75
1.5
0.0
0.0
1.25
0.25

Average_Alpha:
0.20000000099999993
0.20000000400000004
0.20000000799999998
0.20000001199999998
0.2000000159999999
0.20000002
0.200000023
0.20000002699999994
0.20000002899999994
0.20000002900000002
0.200000033
0.20000003699999994
0.20000004099999993
0.20000004100000002
0.200000037
0.20000002599999994
0.20000002899999994
0.20000003299999997
0.20000003699999996
0.20000004099999993
0.2000000449999999
0.20000004899999999
0.20000005299999998
0.20000005599999993
0.2000000599999999
0.20000006299999998
0.20000006699999995
0.20000007099999992
0.2000000749999999
0.20000007899999997
0.20000008299999997
0.20000008699999988
0.20000009099999988
0.20000009399999996
0.20000009299999993
0.2000000959999999
0.20000009699999985
0.20000010099999993
0.20000010299999993
0.20000010599999987
0.20000010999999987
0.20000011399999995
0.20000011799999992
0.20000012199999986
0.20000012599999986
0.20000012999999994
0.20000013399999989
0.20000013399999986
0.20000013499999983
0.20000013899999994
0.2000001429999999
0.20000014699999985
0.20000014799999982
0.20000014999999993
0.2000001529999999
0.20000015699999982
0.20000015999999982
0.20000016299999993
0.20000016699999992
0.20000017099999987
0.20000017499999984
0.2000001789999999
0.2000001769999999
0.20000018099999983
0.20000018399999983
0.20000018799999988
0.20000019199999988
0.20000019599999982
0.2000001999999998
0.20000020399999988
0.20000020799999987
0.20000021099999982
0.2000002069999998
0.20000020699999987
0.20000020899999987
0.20000020699999982
0.20000020899999982
0.20000021299999987
0.20000021699999984
0.2000002209999998
0.20000022499999978
0.20000022899999986
0.20000023299999986
0.2000002369999998
0.20000024099999977
0.20000024499999985
0.20000024899999985
0.2000002529999998
0.20000025699999974
0.20000025699999988
0.20000025999999985
0.2000002639999998
0.20000026699999976
0.20000026699999984
0.20000026899999984
0.20000027299999976
0.20000027699999975
0.20000028099999986
0.2000002849999998
0.20000028899999978
0.20000029299999975
0.20000029699999983
0.20000030099999977
0.20000030499999974
0.20000030899999974
0.20000031299999982
0.2000003169999998
0.20000031599999973
0.2000003189999997
0.2000003219999998
0.20000032499999978
0.20000032799999973
0.2000003299999997
0.2000003269999998
0.20000032899999975
0.20000033199999973
0.20000033399999972
0.20000033499999978
0.20000033299999978
0.20000033699999972
0.20000033799999972
0.2000003419999998
0.20000034599999975
0.20000034899999972
0.20000035199999971
0.2000003559999998
0.20000035999999974
0.2000003629999997
0.20000036599999968
0.2000003669999998
0.20000036899999976
0.20000037199999968
0.20000037299999968
0.20000036399999976
0.20000036799999976
0.20000037099999968
0.20000037499999967
0.20000037899999976
0.20000038299999973
0.20000038399999964
0.20000038599999964
0.20000038399999975
0.2000003879999997
0.20000039199999967
0.20000039599999966
0.20000039999999972
0.2000004039999997
0.20000040399999966
0.20000040799999963
0.20000041199999977
0.2000004109999997
0.20000041299999963
0.20000041299999963
0.2000004119999997
0.20000041299999968
0.20000040999999966
0.20000041399999963
0.2000004179999997
0.20000042199999968
0.20000042599999965
0.20000042999999962
0.2000004319999997
0.20000042399999968
0.20000041999999965
0.20000041599999963
0.20000041499999968
0.20000041699999968
0.20000042099999962
0.20000042499999962
0.20000042899999967
0.20000043099999965
0.20000043499999962
0.2000004389999996
0.20000044299999967
0.20000044699999966
0.2000004509999996
0.20000045499999958
0.20000045899999963
0.20000046299999963
0.20000046699999963
0.20000047099999957
0.20000047499999965
0.20000047799999965
0.2000004809999996
0.2000004819999996
0.20000048599999964
0.20000048999999961
0.20000049399999958
0.20000049799999955
0.20000050199999964
0.20000050599999963
0.20000050999999958
0.20000051399999955
0.20000051799999963
0.2000005209999996
0.2000005219999996
0.20000052499999954
0.20000052899999962
0.2000005329999996
0.20000053599999956
0.20000053999999953
0.20000054399999959
0.20000054799999958
0.20000055199999955
0.20000055599999952
0.2000005589999996
0.20000056099999958
0.20000056399999955
0.20000056499999952
0.20000056899999957
0.20000057299999957
0.2000005759999995
0.2000005799999995
0.2000005809999996
0.20000058499999956
0.20000058599999948
0.2000005879999995
0.2000005919999996
0.2000005959999996
0.2000005999999995
0.2000006039999995
0.20000060799999955
0.20000061199999952
0.2000006149999995
0.2000006189999995
0.20000062299999957
0.20000062699999954
0.20000063099999948
0.20000063499999948
0.20000063899999956
0.20000064299999953
0.20000064699999948
0.2000006489999995
0.20000065299999956
0.20000065599999953
0.20000065999999947
0.20000066399999947
0.20000066699999955
0.2000006709999995
0.20000067499999946
0.2000006789999995
0.20000068199999954
0.2000006839999995
0.20000068799999945
0.20000068999999945
0.2000006899999995
0.2000006939999995
0.20000069799999945
0.20000070199999945
0.2000007059999995
0.2000007079999995
0.20000071099999941
0.2000007139999994
0.2000007179999995
0.2000007219999995
0.2000007259999994
0.2000007299999994
0.20000073399999949
0.20000072999999946
0.2000007299999994
0.2000007289999994
0.20000072999999946
0.20000073399999946
0.2000007379999994
0.20000074199999943
0.20000074599999948
0.20000074599999942
0.20000074199999943
0.2000007269999994
0.20000070899999947
0.20000069399999945
0.2000006879999994
0.2000006809999994
0.20000066399999947
0.20000064399999942
0.20000064799999942
0.20000065199999942
0.20000065599999944
0.20000065999999941
0.20000066199999939
0.2000006659999994
0.20000066799999944
0.2000006709999994
0.20000067199999938
0.20000067599999938
0.20000067699999943
0.20000068099999943
0.20000068099999935
0.20000067299999938
0.20000067199999944
0.2000006759999994
0.20000067999999938
0.20000068399999935
0.2000006879999994
0.2000006919999994
0.2000006959999993
0.20000069899999934
0.2000007009999994
0.2000007029999994
0.20000070699999936
0.20000071099999933
0.20000071499999938
0.20000071899999938
0.20000072199999935
0.20000072399999935
0.20000072299999938
0.20000072499999935
0.20000072899999935
0.20000073299999935
0.2000007369999994
0.20000074099999934
0.2000007449999993
0.2000007489999993
0.20000075299999934
0.20000075699999934
0.20000075799999933
0.2000007619999993
0.20000076599999936
0.20000076999999933
0.2000007739999993
0.2000007779999993
0.20000078099999932
0.2000007689999993
0.2000007679999993
0.2000007679999993
0.20000076199999933
0.20000075999999933
0.20000075499999928
0.2000007449999993
0.20000072799999935
0.2000007239999993
0.2000007269999993
0.2000007289999993
0.20000073299999935
0.20000073699999926
0.20000073999999926
0.20000073899999926
0.20000073699999935
0.2000007399999993
0.20000073999999926
0.20000074099999926
0.2000007449999993
0.2000007489999993
0.20000075299999923
0.20000075699999928
0.2000007609999993
0.20000075899999928
0.20000075999999928
0.20000076399999928
0.2000007679999993
0.20000077099999927
0.20000077399999924
0.20000077199999924
0.2000007639999993
0.20000075199999925
0.20000075599999922
0.20000075999999922
0.20000076399999928
0.20000076799999925
0.20000077099999924
0.20000076899999925
0.20000076499999928
0.20000076799999925
0.20000077199999924
0.20000077599999924
0.20000077999999927
0.20000078399999924
0.2000007879999992
0.20000079199999923
0.20000079599999926
0.20000079999999923
0.20000080399999923
0.20000080799999917
0.20000081199999922
0.20000081599999922
0.2000008199999992
0.20000082199999916
0.20000082599999922
0.2000008299999992
0.2000008339999992
0.2000008359999992
0.20000083999999924
0.20000084399999923
0.20000084799999918
0.20000085199999917
0.2000008559999992
0.2000008599999992
0.2000008619999992
0.20000086599999917
0.20000086999999922
0.20000087299999922
0.20000087399999916
0.20000087599999916
0.20000086999999922
0.2000008729999992
0.2000008769999992
0.20000087899999916
0.20000088299999919
0.20000088699999918
0.20000089099999913
0.20000089499999915
0.20000089899999915
0.20000090299999915
0.20000090699999912
0.20000090999999912
0.2000009069999992
0.20000091099999917
0.2000009149999991
0.20000091899999917
0.20000091999999917
0.20000091799999917
0.20000091099999912
0.20000091199999911
0.20000091599999917
0.20000091899999917
0.2000009229999991
0.2000009199999991
0.20000092399999914
0.20000092799999913
0.20000093199999913
0.2000009359999991
0.20000093999999916
0.20000094299999915
0.2000009459999991
0.2000009459999991
0.20000094999999912
0.20000095399999912
0.2000009579999991
0.2000009609999991
0.2000009649999991
0.2000009689999991
0.20000097299999908
0.20000097699999908
0.2000009809999991
0.2000009849999991
0.2000009879999991
0.20000098999999907
0.20000099299999907
0.20000099699999907
0.20000099699999904
0.20000099899999907
0.20000100299999912
0.2000010069999991
0.2000010109999991
0.20000101299999903
0.2000010109999991
0.20000100999999906
0.20000101399999903
0.20000101799999903
0.20000102199999906
0.20000102599999905
0.20000102899999905
0.20000101899999903
0.20000101799999906
0.20000102199999906
0.200001025999999
0.20000102999999905
0.20000103399999905
0.20000103799999902
0.20000104199999902
0.20000104599999902
0.20000104999999904
0.20000105399999904
0.200001056999999
0.20000105499999898
0.20000105299999904
0.20000105699999904
0.200001057999999
0.200001058999999
0.20000106199999904
0.200001065999999
0.200001069999999
0.20000106599999898
0.200001065999999
0.200001069999999
0.200001072999999
0.20000107699999897
0.200001077999999
0.200001081999999
0.20000108599999897
0.20000108899999897
0.20000108399999902
0.20000108399999897
0.20000108799999897
0.20000109199999896
0.200001095999999
0.200001099999999
0.20000110399999899
0.20000110799999896
0.200001111999999
0.200001115999999
0.20000111999999898
0.20000111999999892
0.20000112399999898
0.20000112699999897
0.20000113099999894
0.20000113499999891
0.20000113899999897
0.20000114299999897
0.20000114099999894
0.20000114499999894
0.20000114899999896
0.20000115299999896
0.20000115699999893
0.20000116099999896
0.20000116499999898
0.20000116599999893
0.20000116899999892
0.20000117199999892
0.20000116699999893
0.20000116999999895
0.20000117399999892
0.2000011779999989
0.20000118199999894
0.20000118599999894
0.2000011899999989
0.2000011929999989
0.20000119399999894
0.2000011979999989
0.2000012009999989
0.20000120499999888
0.20000120899999893
0.20000121299999893
0.2000012159999989
0.20000121499999887
0.20000121699999893
0.2000012209999989
0.20000121999999887
0.20000121799999887
0.20000121799999893
0.2000012149999989
0.20000121699999887
0.20000121999999884
0.2000012239999989
0.2000012279999989
0.20000123099999886
0.2000012329999989
0.20000123699999886
0.20000124099999889
0.20000124499999886
0.20000124899999883
0.20000125299999888
0.20000125699999888
0.20000126099999885
0.20000126499999885
0.20000126699999887
0.20000126499999885
0.20000124799999883
0.20000125099999883
0.20000125499999888
0.20000125899999888
0.2000012609999988
0.20000126499999882
0.20000126899999884
0.20000127299999884
0.2000012769999988
0.2000012809999988
0.20000128399999886
0.20000128699999886
0.20000129099999878
0.20000129399999877
0.20000128799999886
0.20000129199999883
0.20000129499999883
0.20000129599999877
0.20000129899999883
0.20000130299999883
0.2000013069999988
0.2000013069999988
0.20000129799999883
0.2000012979999988
0.2000013019999988
0.20000130599999877
0.20000130999999882
0.20000131399999882
0.20000131799999876
0.20000132199999876
0.2000013259999988
0.2000013289999988
0.20000133299999878
0.20000133699999878
0.20000134099999883
0.20000134299999878
0.20000134699999875
0.20000134899999875
0.20000134899999877
0.20000134799999875
0.20000135199999874
0.20000135599999874
0.2000013599999988
0.2000013589999988
0.2000013609999987
0.20000136299999874
0.20000136699999876
0.20000137099999876
0.20000137499999873
0.20000137799999873
0.20000137199999876
0.20000133499999873
0.2000013229999987
0.20000131499999874
0.20000130099999877
0.20000130299999871
0.2000013059999987
0.2000013049999987
0.20000130799999874
0.20000131199999874
0.20000131599999874
0.2000013199999987
0.20000131799999873
0.20000131699999874
0.2000013209999987
0.2000013249999987
0.20000132499999873
0.2000013249999987
0.2000013279999987
0.20000133199999867
0.20000133599999873
0.20000133899999872
0.2000013409999987
0.20000134499999872
0.2000013489999987
0.2000013529999987
0.2000013569999987
0.20000136099999866
0.20000135999999868
0.20000136399999868
0.20000136499999868
0.20000134999999866
0.2000013519999987
0.2000013559999987
0.20000135999999866
0.20000136199999866
0.2000013629999987
0.20000136699999865
0.20000137099999868
0.20000137499999868
0.20000137699999868
0.20000137999999867
0.20000138099999865
0.20000138099999865
0.20000138499999867
0.20000138899999864
0.20000138999999864
0.20000139299999864
0.20000139699999867
0.20000140099999866
0.2000014049999986
0.20000140599999863
0.20000140899999866
0.20000141299999866
0.20000141699999863
0.20000142099999862
0.20000142499999862
0.20000142899999865
0.2000014329999986
0.20000143699999862
0.20000143999999864
0.2000014329999986
0.2000014329999986
0.2000014369999986
0.20000144099999864
0.20000144099999864
0.2000014399999986
0.2000014379999986
0.20000144099999864
0.2000014449999986
0.20000144899999858
0.20000145299999858
0.2000014559999986
0.20000145999999858
0.2000014639999986
0.2000014679999986
0.2000014629999986
0.2000014579999986
0.2000014399999986
0.20000141699999857
0.2000014079999986
0.2000014099999986
0.20000141099999855
0.20000141399999857
0.2000014139999986
0.20000141399999857
0.20000141799999854
0.20000142099999857
0.20000141599999854
0.20000141799999857
0.20000142199999854
0.20000142599999857
0.20000142999999854
0.20000143399999853
0.20000142999999854
0.20000143299999854
0.20000143699999853
0.2000014409999986
0.2000014449999985
0.20000144899999855
0.20000145299999855
0.20000145599999855
0.20000145999999852
0.20000146399999852
0.20000146799999857
0.20000147199999857
0.20000147399999849
0.2000014779999985
0.20000148199999854
0.20000148599999854
0.20000148999999853
0.20000149399999853
0.20000149799999853
0.20000150199999853
0.2000015059999985
0.20000150999999852
0.20000151399999852
0.2000015179999985
0.20000152199999852
0.2000015249999985
0.20000152599999851
0.20000152799999854
0.20000152999999846
0.20000153399999848
0.2000015379999985
0.2000015419999985
0.20000154599999848
0.20000154999999847
0.2000015539999985
0.20000155799999847
0.20000156199999847
0.20000156399999847
0.2000015679999985
0.20000157199999846
0.20000157499999846
0.20000157899999846
0.20000158299999848
0.20000158699999845
0.20000158599999843
0.20000158899999843
0.20000158599999845
0.20000158799999845
0.20000159099999842
0.20000159199999842
0.20000159599999848
0.20000159999999848
0.20000160399999845
0.20000160499999844
0.20000159899999848
0.20000159699999842
0.20000160099999842
0.20000160499999842
0.20000160899999844
0.20000160799999844
0.20000160899999841
0.20000161299999844
0.20000161399999844
0.20000160799999842
0.20000159799999842
0.20000159699999842
0.20000159499999842
0.20000159199999842
0.20000159599999842
0.2000015999999984
0.2000016009999984
0.2000015999999984
0.2000016029999984
0.2000016069999984
0.20000161099999844
0.20000161499999838
0.20000161599999836
0.20000161699999836
0.20000161199999839
0.2000016079999984
0.20000161099999839
0.20000161499999838
0.20000161899999838
0.20000162299999838
0.20000162699999838
0.20000162999999835
0.20000162099999838
0.20000161699999836
0.20000161799999835
0.20000162199999835
0.20000162299999838
0.20000162199999835
0.20000162099999835
0.20000162399999835
0.20000162799999838
0.20000163199999835
0.20000163399999835
0.20000163199999832
0.20000162299999835
0.20000162399999835
0.20000162799999832
0.20000163199999835
0.20000163399999835
0.20000163699999834
0.20000162499999835
0.20000162599999832
0.20000162999999835
0.20000163399999835
0.20000163799999832
0.2000016419999983
0.20000164599999834
0.2000016499999983
0.20000165399999834
0.2000016579999983
0.2000016609999983
0.2000016629999983
0.2000016669999983
0.20000167099999827
0.20000167499999832
0.20000167799999832
0.20000168199999832
0.2000016859999983
0.2000016899999983
0.2000016939999983
0.20000169799999828
0.20000170199999828
0.2000017059999983
0.2000017079999983
0.20000170899999828
0.20000171199999828
0.2000017119999983
0.2000017119999983
0.20000170899999828
0.20000169799999828
0.20000168399999832
0.20000167499999827
0.20000167599999827
0.20000167999999827
0.20000168399999824
0.20000168799999826
0.20000169199999823
0.20000169499999826
0.20000169899999826
0.20000169899999826
0.20000169599999826
0.20000169999999823
0.20000170399999825
0.20000170799999825
0.20000171099999825
0.20000171499999822
0.20000171799999822
0.20000172199999824
0.20000172499999824
0.2000017289999982
0.20000173299999824
0.20000173699999824
0.2000017409999982
0.2000017449999982
0.20000174799999823
0.20000175199999826
0.2000017519999982
0.2000017459999982
0.2000017489999982
0.20000175099999823
0.2000017549999982
0.2000017589999982
0.20000176199999822
0.20000176599999822
0.2000017699999982
0.2000017739999982
0.2000017779999982
0.2000017809999982
0.20000178299999816
0.20000178699999815
0.2000017909999982
0.2000017949999982
0.20000179899999818
0.20000180299999817
0.20000180599999817
0.20000180999999817
0.20000181399999817
0.20000181799999817
0.2000018199999982
0.20000181899999817
0.20000182099999816
0.20000182499999816
0.20000182899999816
0.20000183199999816
0.20000183499999816
0.20000183799999816
0.20000184199999815
0.20000184599999818
0.20000184899999818
0.20000185099999818
0.20000185499999815
0.20000185899999814
0.20000186299999814
0.20000186599999814
0.20000186699999814
0.2000018689999981
0.2000018719999981
0.2000018759999981
0.20000187999999816
0.20000188399999813
0.2000018879999981
0.2000018869999981
0.20000189099999813
0.20000189499999813
0.20000189899999812
0.2000019029999981
0.20000190399999812
0.20000190799999812
0.20000190999999812
0.20000191399999812
0.2000019179999981
0.2000019199999981
0.2000019209999981
0.20000192499999808
0.20000192899999808
0.20000193299999808
0.20000193699999808
0.20000194099999805
0.2000019449999981
0.2000019489999981
0.2000019529999981
0.20000195699999807
0.2000019609999981
0.2000019649999981
0.20000196899999806
0.20000197299999806
0.20000197599999806
0.20000197899999808
0.20000198299999805
0.20000198699999805
0.20000199099999807
0.20000199099999807
0.20000198399999805
0.20000198799999805
0.20000199199999805
0.20000199599999807
0.20000199999999807
0.20000200399999804
0.20000200799999807
0.20000201099999804
0.20000201499999803
0.20000201899999803
0.20000202299999806
0.20000202599999803
0.20000202999999803
0.20000203399999802
0.20000203699999805
0.20000204099999802
0.20000204499999802
0.20000204399999802
0.20000204499999802
0.20000204899999802
0.200002052999998
0.20000205699999798
0.20000206099999804
0.20000206399999804
0.200002067999998
0.200002071999998
0.200002075999998
0.200002079999998
0.200002083999998
0.20000208799999797
0.20000209199999802
0.200002094999998
0.20000209799999796
0.200002101999998
0.200002105999998
0.20000210899999799
0.20000211199999796
0.20000211599999795
0.200002119999998
0.200002123999998
0.20000212799999798
0.20000213199999797
0.20000213599999797
0.20000213999999794
0.200002143999998
0.20000214799999794
0.200002146999998
0.200002150999998
0.20000215499999793
0.20000215899999793
0.20000216299999796
0.20000216699999795
0.20000217099999795
0.20000217499999795
0.20000217899999798
0.20000218199999795
0.20000218599999792
0.20000218999999794
0.20000219399999794
0.2000021959999979
0.20000219999999794
0.2000022039999979
0.20000220699999796
0.20000221099999793
0.2000022149999979
0.20000221799999793
0.20000222199999793
0.20000222399999792
0.20000222099999793
0.2000022189999979
0.20000221799999793
0.20000221899999793
0.20000222299999787
0.20000222699999787
0.20000223099999792
0.20000223499999792
0.20000223599999792
0.20000223999999786
0.2000022439999979
0.2000022449999979
0.2000022489999979
0.20000225199999788
0.20000225299999788
0.2000022509999979
0.2000022499999979
0.20000225399999785
0.20000225799999788
0.20000225999999788
0.20000226399999788
0.20000226799999785
0.20000227199999787
0.2000022749999979
0.20000227899999787
0.20000228299999784
0.20000228699999786
0.2000022899999979
0.20000229399999786
0.20000229799999783
0.20000230199999786
0.20000230599999785
0.20000230899999782
0.20000230999999782
0.20000231099999782
0.20000231099999782
0.20000231499999785
0.20000231899999785
0.20000231999999785
0.20000231899999785
0.20000232299999782
0.20000232699999781
0.2000023309999978
0.20000233499999784
0.20000233799999778
0.2000023419999978
0.20000234399999783
0.20000234699999783
0.2000023509999978
0.2000023539999978
0.2000023529999978
0.2000023539999978
0.20000235499999777
0.20000235399999777
0.2000023539999978
0.2000023579999978
0.2000023609999978
0.20000236499999777
0.2000023689999978
0.2000023729999978
0.2000023769999978
0.20000238099999776
0.20000238399999778
0.20000238799999778
0.20000239199999778
0.20000239599999775
0.20000239899999778
0.20000239399999775
0.20000238099999773
0.20000236699999777
0.20000236599999777
0.20000236999999776
0.20000237399999776
0.20000237199999776
0.20000237399999776
0.20000236899999776
0.20000235699999774
0.20000234099999772
0.20000232899999776
0.20000232499999776
0.20000232399999773
0.20000232699999776
0.20000233099999776
0.20000233499999776
0.20000233899999773
0.20000234099999772
0.20000233799999773
0.20000233699999773
0.20000233299999776
0.20000233399999773
0.20000233699999773
0.20000233999999772
0.20000234299999772
0.2000023329999977
0.2000023219999977
0.20000229199999772
0.20000227599999773
0.2000022719999977
0.20000227599999773
0.2000022799999977
0.2000022809999977
0.2000022849999977
0.20000228899999772
0.2000022929999977
0.2000022969999977
0.2000022999999977
0.20000230299999772
0.2000023069999977
0.20000231099999768
0.20000231299999768
0.20000231599999768
0.20000231999999768
0.20000232399999765
0.20000232799999765
0.2000023319999977
0.20000233599999767
0.20000233899999767
0.20000234099999767
0.20000234499999767
0.20000234899999764
0.20000235299999766
0.20000235699999763
0.20000236099999766
0.20000236299999766
0.20000236699999763
0.20000237099999765
0.20000237299999765
0.20000237299999765
0.20000237299999765
0.20000237299999765
0.20000237599999765
0.20000237999999762
0.20000238099999762
0.20000238499999762
0.20000238899999764
0.2000023929999976
0.2000023949999976
0.20000239599999764
0.2000023969999976
0.20000240099999764
0.2000024049999976
0.2000024089999976
0.20000241299999763
0.20000241599999763
0.20000241999999763
0.2000024239999976
0.20000242799999762
0.20000243099999762
0.2000024349999976
0.2000024379999976
0.2000024399999976
0.20000244399999761
0.20000244699999759
0.20000245099999758
0.20000245399999758
0.20000245799999758
0.20000246099999758
0.20000246499999755
0.20000246499999758
0.20000245999999758
0.2000024609999976
0.20000246499999758
0.20000246799999757
0.2000024719999976
0.20000247599999757
0.20000247599999757
0.20000247899999757
0.20000248199999757
0.20000248499999757
0.20000248799999754
0.20000249199999756
0.20000249599999756
0.20000249999999756
0.20000250399999756
0.20000250699999755
0.20000250899999752
0.20000251199999752
0.20000251399999752
0.20000251599999755
0.20000251799999755
0.20000251799999752
0.20000251699999752
0.20000251299999752
0.20000251699999752
0.2000025199999975
0.20000251499999752
0.20000250999999752
0.20000251099999752
0.2000024999999975
0.2000024909999975
0.2000024939999975
0.2000024979999975
0.20000250199999753
0.20000250599999747
0.2000025099999975
0.20000251399999752
0.2000025179999975
0.20000251699999752
0.20000250799999747
0.2000024959999975
0.2000024979999975
0.2000025019999975
0.2000025059999975
0.2000025099999975
0.20000251399999747
0.2000025179999975
0.20000251699999747
0.2000025209999975
0.2000025249999975
0.20000252799999746
0.20000253199999748
0.20000253599999746
0.20000253899999745
0.20000254099999745
0.20000254499999745
0.20000254899999748
0.20000255299999747
0.20000255699999742
0.20000256099999747
0.20000256499999744
0.20000256799999744
0.20000256799999744
0.20000257199999746
0.20000257599999743
0.20000257999999743
0.20000258399999743
0.20000258599999746
0.20000258299999746
0.20000258499999743
0.20000258699999746
0.20000259099999743
0.20000259499999742
0.20000259799999742
0.20000259999999742
0.20000259799999742
0.20000260099999742
0.2000026049999974
0.2000026089999974
0.20000261299999741
0.2000026169999974
0.20000262099999738
0.20000262299999738
0.2000026249999974
0.2000026289999974
0.20000263299999738
0.20000263699999737
0.2000026359999974
0.2000026369999974
0.2000026409999974
0.2000026439999974
0.2000026459999974
0.2000026499999974
0.2000026539999974
0.2000026569999974
0.20000266099999736
0.20000266499999736
0.20000266699999736
0.2000026599999974
0.2000026549999974
0.2000026579999974
0.20000266199999736
0.20000266199999736
0.20000266599999736
0.20000266799999736
0.20000266999999736
0.20000267399999735
0.20000267799999735
0.20000267999999735
0.20000268399999732
0.20000268799999735
0.20000269199999735
0.20000269599999734
0.20000269999999734
0.2000027039999973
0.2000027039999973
0.20000270699999734
0.2000027039999973
0.2000027059999973
0.2000027099999973
0.20000271099999734
0.20000271499999733
0.20000271899999733
0.2000027099999973
0.20000269799999734
0.2000026839999973
0.20000268299999732
0.20000268099999732
0.20000267899999732
0.2000026829999973
0.2000026869999973
0.2000026909999973
0.2000026949999973
0.2000026979999973
0.2000027009999973
0.20000270499999728
0.2000027089999973
0.2000027129999973
0.2000027139999973
0.2000027149999973
0.20000271899999728
0.20000272299999727
0.20000272599999727
0.2000027299999973
0.20000272399999727
0.20000272499999727
0.20000272899999727
0.2000027329999973
0.20000273499999727
0.20000273199999724
0.20000272899999727
0.20000273199999727
0.20000273299999727
0.20000273599999724
0.20000273699999727
0.20000272999999727
0.20000272299999727
0.20000271799999722
0.20000272099999725
0.20000272499999724
0.20000272799999727
0.20000273199999724
0.20000272899999724
0.2000027309999972
0.20000273499999724
0.20000273899999724
0.20000274299999724
0.20000274699999723
0.20000275099999723
0.20000275499999723
0.20000275899999725
0.20000276199999723
0.20000276599999722
0.20000276999999722
0.20000277199999722
0.2000027729999972
0.2000027739999972
0.2000027779999972
0.2000027799999972
0.20000278399999719
0.20000278799999718
0.20000279099999718
0.20000279299999715
0.20000279399999718
0.2000027959999972
0.20000279799999718
0.20000280199999718
0.20000280599999717
0.2000028099999972
0.20000281399999717
0.20000281799999714
0.2000028219999972
0.2000028259999972
0.2000028289999972
0.20000283299999716
0.20000283199999716
0.20000283499999716
0.20000283899999716
0.20000284199999716
0.20000284599999715
0.20000284999999718
0.20000285399999715
0.20000285799999717
0.20000286199999714
0.20000286599999714
0.20000286899999714
0.20000287199999714
0.20000287599999717
0.20000287899999716
0.20000288099999713
0.20000288499999713
0.20000288799999713
0.20000289199999713
0.20000289599999713
0.20000289999999712
0.20000290299999715
0.20000290599999712
0.20000290899999712
0.20000291199999715
0.20000291599999712
0.20000291899999711
0.20000291999999711
0.20000291299999712
0.20000291099999712
0.20000291399999712
0.2000029099999971
0.20000287799999708
0.20000285599999712
0.2000028479999971
0.2000028399999971
0.2000028389999971
0.2000028399999971
0.2000028439999971
0.2000028479999971
0.2000028519999971
0.20000285599999712
0.2000028599999971
0.20000286399999706
0.20000286799999709
0.20000287199999708
0.20000287599999705
0.20000287899999705
0.20000288299999705
0.20000288699999708
0.20000289099999707
0.20000289499999707
0.20000289899999707
0.20000290299999704
0.20000290599999707
0.20000290999999704
0.20000291399999706
0.2000029139999971
0.20000290099999704
0.200002900999997
0.20000290499999704
0.20000290899999706
0.20000291299999706
0.20000291699999703
0.20000292099999703
0.20000291799999703
0.200002915999997
0.200002918999997
0.200002917999997
0.20000291299999703
0.200002914999997
0.200002918999997
0.200002917999997
0.200002917999997
0.20000292099999703
0.200002924999997
0.20000292799999697
0.20000293199999702
0.200002933999997
0.20000293799999702
0.20000294199999702
0.20000294599999702
0.200002948999997
0.20000295299999699
0.20000295699999696
0.200002960999997
0.200002964999997
0.20000296699999698
0.20000297099999698
0.20000297499999697
0.20000297899999697
0.20000298199999697
0.20000298599999694
0.200002989999997
0.20000299299999696
0.200002996999997
0.20000299999999696
0.20000300199999696
0.20000300599999696
0.20000300999999696
0.20000300999999696
0.20000301399999695
0.20000301799999695
0.20000302199999695
0.20000302599999698
0.20000302899999695
0.20000303299999694
0.20000303299999694
0.20000303399999694
0.20000303699999694
0.20000304099999697
0.20000304499999694
0.20000304899999694
0.20000305299999696
0.20000305699999693
0.20000306099999693
0.20000306499999693
0.20000306899999692
0.20000307199999692
0.20000307599999695
0.20000307899999692
0.20000308299999695
0.20000308699999692
0.2000030909999969
0.2000030949999969
0.2000030969999969
0.2000031009999969
0.2000031049999969
0.2000031079999969
0.20000311199999693
0.2000031149999969
0.20000311899999687
0.2000031199999969
0.2000031169999969
0.2000031209999969
0.2000031249999969
0.20000312899999687
0.2000031329999969
0.2000031369999969
0.2000031409999969
0.20000314499999686
0.20000314899999688
0.20000315299999688
0.20000315699999685
0.20000316099999685
0.20000316399999687
0.2000031679999969
0.20000317099999684
0.20000315999999685
0.20000315399999688
0.20000315399999688
0.20000315799999685
0.20000316199999685
0.20000316599999685
0.20000316899999684
0.20000317299999681
0.2000031769999968
0.20000318099999687
0.20000318499999684
0.20000318799999683
0.20000318999999683
0.20000318499999684
0.20000318699999683
0.20000319099999683
0.20000319499999683
0.2000031989999968
0.20000319999999683
0.2000031999999968
0.2000031859999968
0.20000317299999681
0.20000317299999681
0.2000031769999968
0.2000031779999968
0.20000318099999684
0.2000031749999968
0.2000031769999968
0.2000031809999968
0.20000318399999678
0.2000031879999968
0.2000031919999968
0.2000031959999968
0.2000031989999968
0.2000032029999968
0.2000032069999968
0.2000032079999968
0.2000032059999968
0.2000031939999968
0.20000319199999678
0.20000318699999675
0.20000318899999678
0.20000319299999678
0.20000319699999675
0.20000320099999674
0.20000320399999674
0.20000320199999674
0.20000320399999674
0.20000320799999674
0.20000321199999677
0.20000321499999676
0.20000321799999676
0.20000322199999676
0.20000322199999676
0.20000322499999676
0.20000322899999673
0.20000323199999673
0.20000323599999675
0.20000323999999672
0.20000324399999672
0.20000324199999672
0.20000323599999675
0.20000322999999673
0.20000323099999673
0.20000323499999673
0.20000323799999672
0.20000324099999672
0.20000324499999672
0.20000324899999672
0.20000325299999672
0.20000325499999672
0.20000325899999669
0.2000032629999967
0.2000032669999967
0.2000032669999967
0.20000326999999668
0.20000327099999668
0.20000327199999668
0.20000327499999668
0.20000327899999668
0.20000328099999667
0.2000032739999967
0.2000032759999967
0.2000032789999967
0.20000328299999667
0.2000032869999967
0.20000329099999667
0.20000329499999667
0.20000329599999664
0.20000329799999667
0.20000329899999666
0.20000329699999667
0.20000330099999666
0.20000330499999666
0.20000330899999666
0.20000331299999663
0.20000331699999666
0.20000332099999668
0.20000331999999668
0.20000332299999665
0.20000332699999665
0.20000332799999665
0.20000333199999665
0.20000333599999665
0.20000333899999662
0.20000334199999661
0.20000334499999664
0.2000033489999966
0.2000033529999966
0.20000335399999664
0.20000334199999661
0.2000033299999966
0.2000033329999966
0.20000333699999664
0.20000333599999665
0.2000033359999966
0.20000333999999662
0.2000033439999966
0.2000033449999966
0.2000033489999966
0.2000033499999966
0.20000334399999659
0.2000033479999966
0.2000033519999966
0.2000033559999966
0.2000033589999966
0.20000336299999663
0.20000336599999657
0.20000336999999657
0.2000033739999966
0.2000033769999966
0.2000033779999966
0.2000033799999966
0.20000338399999656
0.20000338799999656
0.20000339199999656
0.2000033949999966
0.20000339899999656
0.20000339999999658
0.20000339999999656
0.20000338699999656
0.20000337699999657
0.20000338099999654
0.20000338399999654
0.20000338799999656
0.20000339199999656
0.20000339599999656
0.20000339699999653
0.20000340099999656
0.20000340399999655
0.20000340199999656
0.2000033989999965
0.20000340099999653
0.20000340499999655
0.20000340599999655
0.20000340999999652
0.20000341399999652
0.20000341799999655
0.20000342199999654
0.2000034259999965
0.2000034279999965
0.2000034299999965
0.2000034339999965
0.2000034369999965
0.2000034369999965
0.20000344099999653
0.20000344499999653
0.2000034489999965
0.2000034529999965
0.2000034559999965
0.2000034599999965
0.20000346399999652
0.20000346799999646
0.2000034719999965
0.2000034729999965
0.2000034729999965
0.20000346999999646
0.20000346999999646
0.20000347199999652
0.2000034759999965
0.20000347999999651
0.20000348299999648
0.20000348699999648
0.20000349099999648
0.20000349199999648
0.20000349499999645
0.20000349499999645
0.20000349899999645
0.20000350299999645
0.2000035059999965
0.20000349999999648
0.20000348399999643
0.20000346999999646
0.20000346999999644
0.20000347399999646
0.20000347799999646
0.20000348199999643
0.20000347999999643
0.20000347899999646
0.2000034699999964
0.20000346799999644
0.20000346499999647
0.20000346599999644
0.2000034689999964
0.20000347099999644
0.20000347499999643
0.20000347899999646
0.2000034829999964
0.20000347899999643
0.20000347399999643
0.2000034669999964
0.20000345799999641
0.20000346099999644
0.2000034649999964
0.2000034689999964
0.2000034719999964
0.2000034759999964
0.20000347999999638
0.20000347899999638
0.20000348199999637
0.2000034859999964
0.20000348999999643
0.2000034939999964
0.20000349799999637
0.2000035019999964
0.2000035059999964
0.2000035099999964
0.20000351299999639
0.20000351699999638
0.20000351399999639
0.20000350799999636
0.20000349699999637
0.20000347799999638
0.20000346899999635
0.20000347299999638
0.20000347699999635
0.20000347599999635
0.20000347999999638
0.20000348299999637
0.20000348599999634
0.20000348699999637
0.20000349099999637
0.20000349499999634
0.20000349899999634
0.20000350299999634
0.20000350699999633
0.20000351099999636
0.20000351499999633
0.20000351899999635
0.20000352299999632
0.20000352599999635
0.20000352499999632
0.20000352899999632
0.20000353199999632
0.20000353499999635
0.2000035359999963
0.20000353999999634
0.20000354399999634
0.20000354499999634
0.20000354899999634
0.2000035529999963
0.2000035559999963
0.20000355999999633
0.2000035639999963
0.20000356699999627
0.2000035699999963
0.20000357399999633
0.20000357799999627
0.2000035769999963
0.2000035759999963
0.2000035799999963
0.2000035829999963
0.2000035859999963
0.2000035899999963
0.20000359399999626
0.20000359599999626
0.20000359799999626
0.20000360099999626
0.20000359999999628
0.20000359599999626
0.20000359899999626
0.20000360199999626
0.20000360399999628
0.20000360799999625
0.20000361199999628
0.20000361599999628
0.20000361999999627
0.20000362399999624
0.20000362799999627
0.20000363099999624
0.20000363499999624
0.20000363499999624
0.20000363799999624
0.20000364199999626
0.20000364599999626
0.20000364999999623
0.20000364999999623
0.20000364599999626
0.20000364999999623
0.20000365399999623
0.20000365799999623
0.20000365699999623
0.20000365699999623
0.20000366099999622
0.2000036649999962
0.20000366899999622
0.20000367299999625
0.20000367599999624
0.2000036799999962
0.2000036839999962
0.2000036869999962
0.2000036899999962
0.20000369399999618
0.2000036969999962
0.2000037009999962
0.2000037049999962
0.20000370899999617
0.2000037129999962
0.2000037169999962
0.20000372099999617
0.20000372499999616
0.2000037289999962
0.20000373199999621
0.20000373399999613
0.20000373099999616
0.20000373499999619
0.20000373899999618
0.20000374299999618
0.20000374599999618
0.20000374999999615
0.20000375399999618
0.20000375799999615
0.20000375999999614
0.20000375899999615
0.20000376099999614
0.20000376399999611
0.20000376799999614
0.20000377199999617
0.20000377399999617
0.2000037779999961
0.20000378199999613
0.20000378399999613
0.20000378499999616
0.20000378199999613
0.2000037769999961
0.20000377099999614
0.20000376799999614
0.2000037719999961
0.20000377499999614
0.20000377599999616
0.2000037719999961
0.20000376299999612
0.20000375799999615
0.2000037539999961
0.20000375799999615
0.2000037619999961
0.20000376599999609
0.2000037699999961
0.2000037719999961
0.2000037729999961
0.20000377599999608
0.2000037799999961
0.2000037839999961
0.2000037879999961
0.20000379199999607
0.20000379299999607
0.2000037959999961
0.20000379799999607
0.20000379599999607
0.2000037979999961
0.2000038009999961
0.2000038039999961
0.20000380799999606
0.20000381199999606
0.20000381599999606
0.20000381999999603
0.20000382399999606
0.20000382699999608
0.20000382899999608
0.20000383299999605
0.20000383699999605
0.20000384099999605
0.20000384499999607
0.20000384899999604
0.20000385299999604
0.20000385599999607
0.20000385199999607
0.20000384999999601
0.200003851999996
0.20000384899999601
0.20000384499999604
0.20000383999999602
0.20000384299999605
0.20000384699999602
0.200003850999996
0.200003853999996
0.200003857999996
0.200003860999996
0.20000386499999603
0.200003865999996
0.200003869999996
0.20000386899999603
0.20000386699999603
0.20000386399999598
0.20000386799999598
0.200003870999996
0.20000387299999603
0.200003876999996
0.200003880999996
0.200003884999996
0.200003887999996
0.20000389199999596
0.20000389599999596
0.20000389799999602
0.20000390199999601
0.20000390599999596
0.20000390699999598
0.20000391099999598
0.200003913999996
0.20000391299999598
0.20000391299999598
0.20000391099999598
0.20000391099999598
0.20000391499999598
0.20000391899999595
0.20000392299999595
0.20000392599999595
0.20000391899999595
0.20000391399999598
0.20000391799999595
0.20000392199999595
0.20000392499999595
0.20000392899999594
0.20000393299999594
0.20000393699999594
0.20000394099999594
0.20000394499999596
0.20000394799999593
0.20000395199999593
0.20000395599999593
0.20000395899999593
0.20000396299999593
0.20000396699999592
0.20000397099999595
0.20000397199999592
0.20000397599999592
0.20000397999999592
0.20000397699999592
0.20000397499999592
0.20000397599999592
0.20000397899999592
0.20000398299999592
0.20000398699999591
0.20000398999999588
0.20000399399999588
0.2000039979999959
0.2000040009999959
0.20000400499999588
0.2000040089999959
0.2000040119999959
0.2000040159999959
0.20000401699999587
0.20000401899999587
0.20000402299999587
0.20000402599999587
0.20000402799999586
0.2000040269999959
0.20000403099999584
0.20000403499999586
0.2000040389999959
0.20000404299999588
0.20000404699999585
0.20000405099999585
0.20000405499999585
0.20000405899999582
0.20000406199999582
0.20000406299999585
0.20000406199999585
0.20000406299999585
0.20000406599999582
0.20000406999999587
0.20000407399999584
0.20000407799999584
0.20000408199999584
0.20000408499999583
0.20000408899999583
0.20000409099999583
0.2000040899999958
0.20000409399999583
0.20000409799999586
0.20000410099999585
0.20000409899999583
0.2000041029999958
0.20000410699999582
0.20000411099999582
0.20000411099999582
0.20000410499999582
0.20000410899999582
0.20000411299999582
0.2000041159999958
0.2000041179999958
0.2000041219999958
0.2000041229999958
0.20000412699999578
0.20000413099999578
0.20000413399999578
0.2000041369999958
0.20000413699999578
0.20000413299999575
0.20000413199999578
0.20000413299999575
0.20000413499999575
0.2000041389999958
0.2000041429999958
0.20000414699999577
0.20000415099999577
0.20000415499999577
0.20000415899999577
0.20000416299999577
0.20000416699999576
0.20000416999999576
0.20000417399999576
0.20000417799999576
0.20000418199999576
0.20000418599999578
0.20000418799999575
0.20000419199999575
0.20000419599999575
0.20000419899999577
0.20000420199999575
0.20000420399999574
0.20000420799999574
0.20000421199999574
0.2000042159999957
0.20000421999999574
0.2000042219999957
0.2000042229999957
0.20000422699999576
0.20000422999999573
0.2000042339999957
0.20000423799999573
0.20000424199999572
0.2000042459999957
0.2000042499999957
0.20000425399999572
0.20000425599999572
0.2000042599999957
0.2000042639999957
0.2000042679999957
0.20000427199999568
0.2000042749999957
0.20000427899999568
0.2000042829999957
0.2000042869999957
0.2000042909999957
0.2000042949999957
0.2000042989999957
0.20000430299999566
0.2000043069999957
0.20000431099999566
0.20000431499999569
0.20000431199999572
0.2000042999999957
0.20000430099999564
0.20000430499999566
0.20000430599999566
0.20000430699999566
0.20000430499999564
0.20000430799999566
0.2000043119999957
0.2000043129999957
0.20000430999999566
0.20000430999999566
0.20000431399999566
0.20000431799999563
0.20000432199999563
0.20000432599999568
0.20000432999999565
0.20000433399999565
0.20000433799999565
0.20000434099999564
0.20000434399999562
0.20000434199999567
0.20000434199999564
0.20000433999999565
0.20000433599999562
0.20000433899999565
0.2000043429999956
0.20000434599999561
0.2000043489999956
0.2000043479999956
0.2000043499999956
0.2000043539999956
0.20000435799999558
0.20000435999999558
0.2000043639999956
0.20000436799999563
0.20000436999999563
0.2000043739999956
0.20000437499999557
0.2000043769999956
0.2000043809999956
0.2000043819999956
0.20000438499999557
0.2000043889999956
0.2000043929999956
0.2000043969999956
0.20000439999999556
0.20000440399999556
0.20000440799999558
0.2000044109999956
0.20000441499999555
0.20000441899999555
0.20000441999999558
0.20000441599999555
0.20000441499999555
0.20000441499999555
0.20000441699999555
0.20000442099999555
0.20000442499999554
0.20000442899999551
0.20000443199999557
0.20000443499999557
0.20000443699999557
0.20000444099999556
0.20000444499999553
0.20000444799999553
0.20000445099999553
0.20000445499999556
0.20000445799999553
0.20000445499999556
0.2000044559999955
0.2000044569999955
0.2000044569999955
0.20000446099999553
0.2000044629999955
0.20000446699999555
0.20000446799999555
0.20000447199999552
0.20000447399999552
0.20000447799999552
0.20000448199999554
0.20000448199999551
0.20000448499999549
0.2000044879999955
0.20000447899999552
0.2000044769999955
0.2000044729999955
0.20000447399999546
0.20000447799999552
0.20000448199999551
0.20000448599999548
0.20000448899999548
0.20000449299999548
0.20000449699999548
0.20000450099999545
0.20000450499999547
0.2000045089999955
0.20000451299999547
0.20000451699999547
0.20000451399999547
0.20000450499999547
0.20000450099999545
0.20000450499999545
0.20000450899999545
0.20000451299999544
0.20000451399999544
0.20000450899999545
0.20000450399999545
0.20000450799999545
0.20000451199999542
0.2000045159999954
0.20000451999999544
0.20000452399999546
0.20000452599999546
0.20000452999999543
0.20000453299999543
0.20000453399999543
0.20000453499999543
0.20000453899999543
0.2000045429999954
0.20000454699999543
0.20000454999999542
0.2000045459999954
0.2000045489999954
0.20000455199999542
0.20000455599999542
0.2000045599999954
0.20000456399999542
0.20000456799999541
0.2000045719999954
0.2000045759999954
0.2000045799999954
0.2000045829999954
0.20000458699999538
0.20000459099999537
0.2000045939999954
0.2000045919999954
0.2000045849999954
0.20000458399999535
0.20000458799999538
0.20000459199999537
0.2000045949999954
0.20000459299999537
0.20000459599999537
0.2000045919999954
0.2000045929999954
0.20000458399999535
0.20000458699999535
0.20000459099999537
0.20000459499999534
0.20000459899999534
0.20000460199999537
0.20000460499999537
0.20000460899999536
0.20000461299999533
0.20000461599999533
0.20000461999999533
0.20000462399999533
0.20000462799999533
0.20000463199999532
0.20000463599999535
0.20000463999999535
0.20000464399999532
0.20000464799999532
0.20000465099999534
0.20000464999999534
0.20000464899999532
0.20000464499999535
0.20000464599999535
0.20000464499999532
0.20000464799999532
0.20000465099999531
0.20000465199999531
0.20000465599999528
0.20000465799999528
0.2000046619999953
0.20000466599999533
0.2000046689999953
0.20000466699999528
0.2000046709999953
0.2000046749999953
0.2000046789999953
0.20000468299999527
0.2000046869999953
0.2000046909999953
0.2000046949999953
0.20000469899999526
0.2000047029999953
0.20000470699999529
0.20000471099999526
0.20000471299999525
0.20000471599999528
0.20000471699999525
0.20000472099999528
0.20000472299999525
0.20000472199999528
0.20000471899999528
0.20000470999999528
0.20000469699999524
0.20000468799999524
0.20000469199999527
0.2000046949999953
0.20000469499999524
0.20000469899999523
0.20000470299999523
0.20000469999999523
0.20000469999999523
0.20000470399999523
0.20000470799999523
0.20000471099999523
0.2000047149999952
0.20000471899999525
0.20000472299999525
0.20000472699999522
0.20000473099999522
0.20000473499999522
0.2000047389999952
0.2000047419999952
0.2000047419999952
0.2000047429999952
0.2000047449999952
0.2000047479999952
0.20000474799999518
0.20000475199999523
0.2000047559999952
0.2000047599999952
0.2000047639999952
0.2000047629999952
0.2000047579999952
0.2000047609999952
0.2000047649999952
0.20000476799999517
0.20000477199999517
0.2000047759999952
0.20000477999999516
0.20000478099999516
0.2000047709999952
0.20000477099999517
0.2000047749999952
0.20000477899999516
0.20000478199999516
0.2000047819999952
0.20000478599999516
0.2000047899999952
0.2000047899999952
0.20000478999999516
0.20000479399999516
0.20000479699999515
0.20000479999999515
0.20000480399999515
0.20000480799999515
0.20000481099999512
0.20000481499999515
0.20000481399999512
0.20000481799999512
0.20000482199999514
0.20000482599999514
0.20000482999999514
0.20000483399999514
0.2000048379999951
0.20000484199999513
0.2000048449999951
0.2000048449999951
0.2000048419999951
0.2000048379999951
0.2000048399999951
0.2000048419999951
0.2000048449999951
0.2000048449999951
0.2000048369999951
0.2000048309999951
0.2000048339999951
0.2000048349999951
0.2000048389999951
0.20000484299999507
0.2000048469999951
0.2000048509999951
0.20000485499999507
0.20000485799999507
0.20000485399999507
0.2000048449999951
0.20000482799999508
0.20000481699999506
0.20000481699999506
0.20000480999999506
0.20000481299999506
0.20000481699999506
0.2000048209999951
0.2000048189999951
0.20000481699999506
0.20000481799999506
0.20000481899999506
0.20000482099999506
0.20000481699999506
0.20000481999999506
0.20000482399999503
0.20000482599999503
0.20000482799999503
0.20000483199999503
0.20000483399999508
0.20000483799999505
0.20000484199999505
0.20000483999999502
0.20000484399999505
0.20000484799999504
0.20000485199999501
0.200004855999995
0.20000485999999504
0.20000486399999504
0.20000486799999503
0.200004871999995
0.20000487599999503
0.200004879999995
0.200004883999995
0.200004884999995
0.200004883999995
0.200004887999995
0.20000488999999502
0.20000489399999496
0.20000489799999502
0.20000490099999502
0.20000490199999502
0.20000490599999501
0.20000490299999502
0.20000489699999496
0.20000489699999496
0.20000490099999496
0.200004904999995
0.20000490899999498
0.20000491299999498
0.20000491699999498
0.20000492099999498
0.20000492499999498
0.20000492399999495
0.20000492699999495
0.200004930999995
0.200004934999995
0.20000493899999497
0.20000494099999497
0.20000494499999497
0.20000494799999496
0.20000495199999496
0.20000495599999493
0.20000495999999499
0.20000496399999496
0.20000496499999496
0.20000496899999493
0.20000497299999495
0.20000497699999495
0.20000498099999492
0.20000498499999492
0.20000498899999494
0.2000049929999949
0.20000499599999494
0.2000049999999949
0.20000499699999494
0.20000499799999494
0.20000499699999494
0.2000049919999949
0.2000049949999949
0.2000049979999949
0.20000499199999494
0.20000499499999488
0.2000049989999949
0.20000500299999494
0.2000050069999949
0.2000050099999949
0.2000050109999949
0.2000050089999949
0.2000050119999949
0.2000050159999949
0.2000050199999949
0.20000502399999487
0.20000502799999487
0.2000050319999949
0.2000050329999949
0.2000050189999949
0.20000501399999487
0.20000501799999487
0.20000502199999487
0.2000050259999949
0.2000050299999949
0.20000503399999486
0.20000503799999486
0.2000050409999949
0.20000504399999489
0.20000504699999488
0.20000504999999486
0.20000505399999485
0.20000505599999485
0.20000505899999485
0.20000506199999485
0.20000505199999485
0.20000503699999483
0.20000503399999486
0.20000503799999483
0.20000504199999486
0.20000504599999486
0.2000050499999948
0.20000505399999483
0.20000505699999482
0.20000506099999485
0.20000506499999482
0.20000506899999482
0.20000507299999484
0.20000506699999482
0.20000506699999482
0.20000506099999485
0.2000050529999948
0.20000504499999483
0.2000050419999948
0.20000504299999483
0.20000504599999483
0.2000050499999948
0.2000050539999948
0.2000050559999948
0.2000050459999948
0.2000050439999948
0.2000050479999948
0.2000050519999948
0.2000050559999948
0.2000050599999948
0.20000506399999476
0.20000506799999476
0.20000507099999482
0.2000050689999948
0.20000506999999476
0.20000507299999476
0.2000050729999948
0.20000507599999479
0.20000507999999476
0.20000508399999478
0.20000508799999478
0.20000509199999475
0.20000509599999475
0.20000509999999475
0.20000510399999477
0.2000051049999948
0.20000510299999474
0.20000510699999474
0.20000511099999477
0.20000510999999474
0.2000051129999947

Avalanche_Distribution:
1
1
6
27
1
1
1
7
3
2
1
7
3
3
2
6
1
14
9
5
1
6
6
1
1
3
7
2
3
9
3
2
1
4
2
1
16
1
3
1
7
4
6
1
11
8
1
36
2
1
4
1
4
1
3
4
1
3
5
1
2
1
1
1
2
2
4
2
1
1
12
7
1
138
2
1
1
4
3
21
3
2
2
8
3
22
73
2
13
4
3
9
1
35
16
2
2
2
3
3
11
2
8
23
1
7
1
5
1
3
1
6
13
20
1
12
3
3
1
12
1
3
14
4
1
6
4
10
1
3
1
1
6
2
15
9
1
2
1
2
28
2
1
1
11
2
2
1
21
1
1
1
11
7
2
100
7
11
9
1
2
5
24
1
4
2
1
7
4
3
1
16
4
12
1
80
5
9
12
9
1
2
4
3
1
2
1
5
10
1
3
19
5
3
32
13
9
3
21
25
13
1
24
2
20
3
1
2
4
64
1
11
1
1
1
1
15
2
1
3
1
9
1
2
3
1
5
1
5
3
2
2
3
1
1
15
1
1
1
7
1
1
2
1
1
5
1
2
1
1
15
8
3
3
4
6
5
2
1
1
1
5
5
3
5
1
2
1
9
12
1
1
49
1
8
74
1
9
15
2
1
1
91
3
2
2
1
1
2
2
10
4
1
3
1
4
3
1
1
3
1
1
1
16
1
5
1
2
1
3
4
2
17
21
30
36
5
1
2
1
5
11
1
1
1
9
4
8
3
1
22
1
3
1
4
2
5
9
3
52
12
2
6
1
13
1
16
3
1
35
1
7
2
1
2
6
2
3
5
2
1
6
1
2
3
1
1
1
1
1
1
17
4
99
3
1
1
25
13
17
9
1
1
2
1
2
1
1
1
2
4
1
7
1
1
1
2
1
1
10
1
26
4
1
1
13
44
2
3
13
1
1
3
39
9
2
5
1
29
1
1
2
4
4
3
1
14
1
1
4
1
9
6
3
1
1
1
36
9
3
1
12
1
1
1
5
1
4
34
1
3
1
15
3
2
2
5
1
3
15
2
1
4
4
49
4
40
2
1
42
1
6
1
68
5
1
4
6
2
3
3
1
2
10
1
1
1
3
1
13
1
1
2
1
4
1
12
9
1
1
1
1
1
9
1
8
1
1
2
2
3
33
1
41
5
1
3
3
8
2
3
16
26
1
1
3
18
3
1
2
3
1
9
10
21
1
1
1
3
13
4
1
1
1
5
3
5
1
11
1
1
7
7
14
2
1
3
2
17
5
1
2
2
2
1
4
1
2
1
26
6
7
14
1
26
1
5
1
2
2
2
5
4
1
1
22
1
1
2
1
1
8
5
5
2
3
1
1
4
1
31
1
28
21
2
1
3
3
10
1
1
23
7
1
9
16
2
1
22
6
4
2
7
2
1
3
57
5
11
1
1
7
2
5
14
1
1
2
19
2
3
8
2
1
5
1
19
1
2
2
27
3
1
73
12
6
10
1
4
2
6
8
2
1
3
21
6
2
1
3
1
10
15
12
1
10
30
1
2
1
3
41
1
55
3
1
22
9
1
1
5
9
6
