
Branching_global:
1.00004
1.003990000000004
1.007820000000008
1.0116200000000117
1.0155100000000161
1.0194400000000199
1.0094200000000242
0.983690000000028
0.9602400000000321
0.961780000000036

Autocorrelation:
25.000499996641732
0.2511262345774589
0.12837658872033292
0.08655755704499112
0.06497324998552258
0.05193872477322353
0.1066563312017049
-0.06081070811305745
-0.02464752452322233
-0.025661064498755718

Average_Activity:
0.0
0.0
0.0
0.0
0.0
0.0
0.0
0.0
0.25
0.0
0.0
0.0
0.0
0.0
0.0
0.0
0.0
0.0
0.0
0.0
0.0
0.0
0.0
0.0
0.0
0.0
0.0
0.0
0.25
1.0
0.0
0.0
0.0
0.25
0.0
0.0
0.0
0.0
0.0
0.0
0.0
0.0
0.0
0.0
0.0
0.0
0.0
0.0
0.0
0.0
0.0
0.0
0.0
0.0
0.0
0.0
0.0
0.0
0.0
0.0
0.0
0.0
0.0
0.0
0.75
0.0
0.5
0.0
0.0
0.0
0.0
0.0
0.0
0.0
0.0
0.0
0.0
0.0
0.0
0.0
0.0
0.0
0.0
0.25
0.0
0.0
0.0
0.0
0.0
0.0
0.0
0.0
0.0
0.0
0.0
0.0
0.0
0.0
0.0
0.0
0.0
0.0
0.0
0.25
0.0
0.0
0.0
0.0
0.0
0.0
0.0
0.0
0.25
0.0
0.0
0.0
0.0
0.0
0.0
0.0
0.0
0.0
0.0
0.5
0.0
0.5
1.75
0.0
0.0
0.25
0.0
0.0
0.0
0.0
0.0
0.25
0.0
0.0
0.0
0.0
0.0
0.5
3.75
5.25
3.5
11.0
18.75
14.75
8.75
9.0
9.5
12.5
8.25
6.25
8.5
16.25
12.5
10.0
11.0
12.5
5.75
7.5
4.25
6.25
6.75
6.0
8.25
9.0
1.5
1.25
0.0
0.0
0.25
6.5
17.0
11.5
19.5
22.75
28.25
26.5
15.25
20.25
8.0
9.5
4.75
1.5
0.25
0.0
0.0
0.25
0.0
0.0
0.0
0.5
2.0
3.0
0.5
0.0
0.0
0.0
0.25
0.5
1.0
0.0
0.0
0.0
0.25
1.0
0.0
0.0
0.5
0.75
0.0
0.0
0.0
0.5
0.75
0.25
0.75
0.0
0.0
0.75
0.25
1.25
1.75
1.25
3.0
4.25
7.5
5.5
10.5
10.0
4.0
5.25
12.5
11.75
9.0
7.0
5.5
0.0
0.0
0.25
0.0
0.0
0.25
0.0
0.0
0.0
0.0
0.0

Average_Alpha:
0.25001
0.25005
0.2500900000000001
0.2501300000000001
0.25017000000000017
0.25021000000000015
0.2502500000000003
0.25029000000000023
0.2503200000000003
0.2503600000000003
0.2504000000000004
0.2504400000000004
0.2504800000000005
0.25052000000000046
0.25056000000000056
0.25060000000000054
0.2506400000000007
0.2506800000000006
0.2507200000000007
0.2507600000000007
0.2508000000000008
0.2508400000000008
0.2508800000000009
0.25092000000000086
0.25096000000000096
0.25100000000000094
0.25104000000000104
0.251080000000001
0.2511100000000011
0.2511100000000011
0.2511500000000012
0.2511900000000012
0.25123000000000134
0.25126000000000126
0.25130000000000136
0.25134000000000134
0.2513800000000015
0.2514200000000014
0.2514600000000015
0.2515000000000015
0.25154000000000165
0.2515800000000016
0.25162000000000173
0.25166000000000166
0.25170000000000176
0.25174000000000174
0.25178000000000184
0.2518200000000018
0.25186000000000197
0.2519000000000019
0.25194000000000205
0.251980000000002
0.2520200000000021
0.25206000000000206
0.25210000000000216
0.25214000000000214
0.2521800000000023
0.2522200000000022
0.25226000000000237
0.2523000000000023
0.2523400000000024
0.2523800000000024
0.25242000000000253
0.25246000000000246
0.2524700000000026
0.25251000000000257
0.25253000000000264
0.2525700000000026
0.2526100000000027
0.2526500000000027
0.2526900000000028
0.2527300000000028
0.2527700000000029
0.25281000000000287
0.25285000000000296
0.25289000000000295
0.2529300000000031
0.252970000000003
0.2530100000000031
0.2530500000000031
0.2530900000000032
0.2531300000000032
0.25317000000000334
0.2532000000000033
0.2532400000000034
0.25328000000000334
0.2533200000000035
0.2533600000000034
0.2534000000000035
0.2534400000000035
0.2534800000000036
0.2535200000000036
0.25356000000000367
0.25360000000000366
0.25364000000000375
0.25368000000000374
0.25372000000000383
0.2537600000000038
0.2538000000000039
0.2538400000000039
0.25388000000000405
0.253920000000004
0.2539600000000041
0.25399000000000405
0.2540300000000042
0.2540700000000041
0.2541100000000042
0.2541500000000042
0.2541900000000043
0.2542300000000043
0.25427000000000444
0.25431000000000437
0.2543400000000045
0.2543800000000045
0.2544200000000046
0.25446000000000457
0.25450000000000467
0.25454000000000465
0.25458000000000475
0.25462000000000473
0.2546600000000048
0.2547000000000048
0.2547400000000049
0.25476000000000487
0.25480000000000497
0.25482000000000493
0.25479000000000507
0.25483000000000505
0.25487000000000515
0.2549000000000051
0.2549400000000052
0.2549800000000052
0.2550200000000053
0.2550600000000053
0.2551000000000054
0.25513000000000535
0.25517000000000545
0.25521000000000543
0.25525000000000553
0.2552900000000055
0.2553300000000056
0.25535000000000563
0.25524000000000574
0.2550700000000057
0.25497000000000575
0.25457000000000574
0.25386000000000586
0.2533100000000058
0.25300000000000594
0.2526800000000059
0.252340000000006
0.25188000000000604
0.2515900000000061
0.2513800000000061
0.25108000000000613
0.2504700000000062
0.2500100000000062
0.24965000000000626
0.2492500000000063
0.24879000000000634
0.2486000000000064
0.24834000000000644
0.24821000000000645
0.24800000000000652
0.24777000000000654
0.2475700000000066
0.24728000000000663
0.24696000000000667
0.2469400000000067
0.24693000000000676
0.2469700000000068
0.2470100000000068
0.24704000000000687
0.24682000000000692
0.24618000000000695
0.24576000000000697
0.24502000000000704
0.24415000000000706
0.2430600000000071
0.24204000000000714
0.24147000000000718
0.2407000000000072
0.24042000000000727
0.24008000000000732
0.23993000000000733
0.2399100000000074
0.23994000000000743
0.23998000000000747
0.24002000000000748
0.2400500000000075
0.2400900000000076
0.24013000000000762
0.24017000000000766
0.2401900000000077
0.24015000000000777
0.24007000000000778
0.24009000000000782
0.24013000000000786
0.2401700000000079
0.24021000000000794
0.240240000000008
0.240260000000008
0.24026000000000805
0.24030000000000812
0.24034000000000816
0.24038000000000817
0.24041000000000823
0.24041000000000826
0.24045000000000832
0.24049000000000834
0.2405100000000084
0.24052000000000842
0.24056000000000846
0.2406000000000085
0.24064000000000854
0.2406600000000086
0.2406700000000086
0.24070000000000866
0.24071000000000867
0.24075000000000876
0.24079000000000877
0.2408000000000088
0.24083000000000884
0.24082000000000892
0.24079000000000894
0.240780000000009
0.24070000000000902
0.24057000000000905
0.2403100000000091
0.24013000000000914
0.2397500000000092
0.23939000000000923
0.23927000000000925
0.23910000000000928
0.23864000000000937
0.23821000000000936
0.23789000000000943
0.23765000000000946
0.23747000000000948
0.23751000000000955
0.23755000000000956
0.23758000000000962
0.23762000000000963
0.2376600000000097
0.23769000000000973
0.2377300000000098
0.2377700000000098
0.23781000000000987
0.23785000000000991
0.23789000000000993

Avalanche_Distribution:
1
5
1
3
2
1
1
1
2
1
8
1
1
956
766
1
1
24
1
1
5
5
5
4
1
4
4
12
388
1
1
