
Branching_global:
0.7999999999999998
0.8000003119999999
0.8000004589999996
0.8000006229999994
0.8000003649999992
0.800000753999999
0.8000009699999989
0.8000012719999986
0.8000015129999983
0.8000018099999981
0.8000016909999978
0.8000019479999977
0.8000020509999975
0.8000024129999973
0.8000025239999972
0.8000028739999968
0.8000027979999969
0.8000028219999965
0.8000032449999962
0.800003395999996
0.8000037319999959
0.8000039629999955
0.8000042669999953
0.8000040849999952
0.800004358999995
0.8000043119999948
0.8000049199999947
0.8000047319999943
0.8000047689999941
0.8000050689999939
0.8000053079999938
0.8000053809999936
0.8000053479999933
0.8000054779999931
0.8000059829999928
0.8000061079999926
0.8000064129999924
0.8000063069999923
0.8000062379999919
0.8000064849999918
0.8000067459999916
0.8000068659999913
0.8000071979999913
0.800007294999991
0.8000075919999908
0.8000078569999906
0.8000079979999903
0.8000084969999901
0.8000086239999898
0.8000087989999897
0.8000089829999895
0.8000091669999893
0.800009334999989
0.8000096689999889
0.8000099059999887
0.8000103919999885
0.8000104769999882
0.8000110609999881
0.8000113319999878
0.8000115889999877
0.8000117129999874
0.8000120119999872
0.800012091999987
0.8000126119999869
0.8000125869999866
0.8000130399999864
0.8000132219999861
0.8000134869999859
0.8000136479999858
0.8000137509999855
0.8000139909999853
0.800014487999985
0.8000147059999849
0.8000148939999847
0.8000150399999846
0.8000153809999841
0.8000157679999841
0.8000154349999838
0.8000158919999836
0.8000161849999834
0.8000166679999832
0.800016995999983
0.8000172649999828
0.8000172499999825
0.8000176889999824
0.8000181859999823
0.8000183379999819
0.8000186369999817
0.8000185389999815
0.8000190289999813
0.8000191129999811
0.8000193029999809
0.8000195729999807
0.8000196729999804
0.8000200009999802
0.8000204469999801
0.8000202769999798
0.8000207499999796
0.8000210139999795
0.8000211259999792

Autocorrelation:
-0.004481420117724545
-0.004481427950155954
-0.00448143164044456
-0.00448143575750761
-0.004481429280667535
-0.004481439046142065
-0.004481444468632681
-0.004481452050097433
-0.004481458100223072
-0.004481465556207001
-0.004481462568789909
-0.004481469020611065
-0.00448147160636503
-0.004481480694181559
-0.004481483480783793
-0.004481492267387575
-0.004481490359436723
-0.004481490961947354
-0.004481501581220999
-0.004481505372036367
-0.0044815138072486285
-0.004481519606473418
-0.004481527238373986
-0.004481522669272839
-0.004481529548032652
-0.00448152836809806
-0.004481543631975324
-0.004481538912213926
-0.004481539841102431
-0.0044815473726435295
-0.004481553372787369
-0.004481555205470128
-0.0044815543769969254
-0.004481557640680779
-0.00448157031887737
-0.004481573457054679
-0.004481581114223709
-0.004481578453041013
-0.0044815767207632105
-0.004481582921821087
-0.0044815894743724894
-0.00448159248704551
-0.004481600822126303
-0.004481603257381004
-0.004481610713794058
-0.004481617366841147
-0.004481620906771466
-0.004481633434649889
-0.004481636623117853
-0.004481641016682679
-0.004481645636210522
-0.004481650255746826
-0.00448165447359171
-0.004481662859089995
-0.004481668809295804
-0.00448168101102758
-0.004481683145081377
-0.004481697807335155
-0.004481704611252413
-0.004481711063692753
-0.004481714176938346
-0.004481721683893135
-0.004481723692446697
-0.004481736748083863
-0.004481736120407445
-0.004481747493928224
-0.00448175206343666
-0.004481758716856605
-0.004481762759131635
-0.0044817653451867554
-0.004481771370956554
-0.004481783849367292
-0.004481789322814418
-0.004481794043044412
-0.004481797708761032
-0.004481806270489779
-0.004481815987208354
-0.004481807626308721
-0.004481819100583453
-0.00448182645720281
-0.0044818385843730275
-0.004481846819834491
-0.004481853573937285
-0.004481853197313967
-0.004481864219846062
-0.004481876698716158
-0.004481880515203838
-0.004481888022653706
-0.004481885562015497
-0.004481897865230528
-0.004481899974359126
-0.0044819047450136585
-0.00448191152438036
-0.004481914035261535
-0.0044819222709693496
-0.004481933469566417
-0.004481929201036999
-0.004481941077610265
-0.004481947706419659
-0.004481950518647084

Average_Activity:
0.25
0.0
0.0
0.0
0.25
0.0
1.0
2.75
0.25
0.0
0.0
0.0
0.0
0.0
0.25
0.25
0.0
0.0
0.5
0.25
0.5
0.5
0.5
0.0
0.0
0.0
0.25
0.0
0.0
0.0
0.0
0.0
0.0
0.0
0.0
0.0
0.0
0.0
0.25
1.25
3.5
4.0
1.25
0.25
0.0
0.0
0.0
0.0
0.0
1.5
2.25
0.0
0.25
2.0
0.0
0.25
0.25
1.75
0.75
0.0
0.0
0.25
0.5
2.25
2.25
2.25
0.5
0.0
0.0
0.25
0.0
0.0
0.0
0.0
0.0
1.5
3.75
0.25
0.0
1.5
3.75
12.75
5.0
3.25
0.75
0.25
2.5
0.25
0.0
0.0
0.25
2.0
0.25
0.25
0.75
0.5
0.25
0.0
0.0
0.75
0.25
0.0
0.0
0.0
0.0
0.0
0.0
0.0
0.0
0.75
0.0
0.0
0.0
0.0
0.0
0.25
0.0
0.0
0.0
0.0
0.0
0.0
0.0
0.0
1.0
0.25
0.0
0.0
0.5
0.0
1.75
1.25
0.0
0.0
1.0
1.75
0.0
0.0
0.0
0.0
0.0
0.25
0.75
0.25
0.0
0.0
0.5
0.0
0.0
0.0
0.0
0.0
0.0
0.0
0.0
0.0
0.25
0.0
0.0
0.0
0.0
0.25
0.5
0.0
0.0
0.0
0.25
0.75
0.0
0.0
0.0
1.0
2.75
3.25
0.75
0.25
0.0
2.25
0.0
0.0
0.0
0.0
0.0
0.75
1.0
1.25
0.0
0.25
2.5
0.0
0.0
1.0
0.0
1.0
0.0
0.0
0.0
0.25
1.0
1.0
0.5
0.25
0.25
0.0
0.0
0.25
2.0
1.0
0.25
0.0
1.0
1.5
0.5
0.0
0.0
0.0
0.0
0.0
0.0
0.0
0.0
0.0
0.0
0.25
0.0
0.0
0.0
0.5
1.5
0.5
0.25
0.25
0.0
0.25
1.5
4.0
6.25
6.0
3.25
0.75
0.0
0.25
0.5
0.5
0.0
0.25
0.25
0.25
0.25
0.5
1.0
0.5
0.0
0.0
0.0
1.0
0.75
1.75
1.75
0.0
0.25
0.25
0.0
0.0
0.0
0.0
0.0
0.0
0.0
0.0
0.0
0.0
0.0
0.0
0.0
2.25
4.5
4.25
1.0
0.0
0.0
0.0
0.0
0.0
0.25
0.0
0.0
0.0
0.5
0.75
0.0
0.5
0.0
0.25
0.0
0.5
2.75
1.0
0.0
0.0
0.0
0.0
0.0
0.0
0.0
0.0
0.0
0.0
0.0
0.75
0.0
0.0
0.25
0.5
0.0
0.0
0.0
0.0
0.0
0.0
0.0
0.5
0.25
0.0
0.0
0.0
0.0
2.0
0.0
0.25
0.25
3.0
7.0
1.5
0.0
0.0
0.0
0.0
0.0
0.0
2.25
1.5
0.0
0.5
0.0
0.75
0.25
0.0
0.0
0.75
0.5
0.0
0.0
0.0
0.0
0.5
0.25
0.25
0.0
0.0
0.0
0.0
0.0
0.0
0.0
0.0
0.0
0.25
1.0
0.0
0.0
0.0
0.25
0.0
0.25
0.0
0.0
0.0
0.0
0.0
2.0
0.5
0.0
0.25
0.0
0.0
0.0
0.25
1.5
0.0
0.25
0.0
0.0
0.0
0.0
0.0
1.5
4.25
8.0
7.0
2.0
5.25
0.5
0.0
0.75
2.0
2.75
1.25
0.0
0.5
0.0
0.25
2.25
0.75
0.25
2.0
0.75
0.0
0.0
0.0
0.0
0.0
0.0
1.0
1.75
0.0
0.5
0.0
1.25
0.25
0.0
0.75
0.25
0.0
0.0
0.0
0.0
0.5
1.5
1.0
0.0
0.25
0.0
0.75
0.0
1.0
0.0
0.0
0.75
0.0
0.25
1.0
0.25
0.0
0.0
0.0
0.0
0.0
0.0
0.0
1.0
1.0
0.25
0.75
0.5
0.0
0.0
0.0
0.0
0.0
0.0
0.25
0.0
0.0
0.25
0.0
0.0
0.25
0.0
0.0
0.0
0.0
0.0
0.25
0.0
0.75
0.0
0.0
0.0
0.0
0.0
0.0
0.0
0.25
0.25
0.0
0.75
1.75
1.25
0.5
0.5
0.0
0.0
2.5
3.5
3.0
0.25
0.0
0.0
0.5
0.5
0.0
0.0
0.0
0.0
0.25
0.0
0.0
0.0
0.0
0.0
1.5
2.25
0.0
0.0
0.0
0.0
0.25
1.25
0.0
0.25
0.0
0.0
0.0
0.0
0.0
0.0
0.0
0.0
0.0
0.25
0.0
0.0
0.0
0.0
0.0
0.0
1.0
0.25
0.0
0.25
0.0
1.25
1.5
2.25
1.75
1.25
0.5
1.75
1.25
2.5
4.25
6.25
6.25
0.5
0.25
0.0
0.0
0.0
0.0
0.0
0.0
0.0
0.0
0.25
0.0
0.0
0.5
0.0
0.75
0.5
0.0
1.5
3.0
1.75
0.0
0.0
0.0
0.0
0.0
0.0
0.0
0.0
0.25
0.25
0.25
1.5
0.0
0.25
0.0
0.0
0.0
0.75
2.25
0.0
0.0
0.0
0.0
0.0
0.0
0.25
0.0
0.0
0.25
0.0
0.25
3.25
5.25
2.25
0.5
0.0
2.75
1.75
1.0
0.0
0.0
0.0
0.0
0.25
1.25
0.25
0.0
0.0
0.25
0.25
0.0
0.0
0.0
0.0
0.0
0.0
0.0
0.0
0.0
0.0
0.0
0.5
0.75
0.5
0.25
0.0
0.25
3.25
3.0
1.25
4.5
3.75
2.0
0.0
0.0
0.0
0.0
0.25
2.25
3.0
1.25
0.0
0.5
0.0
0.25
1.75
0.5
0.0
0.0
0.25
0.5
0.25
0.0
0.0
0.25
1.5
0.75
0.25
0.0
0.0
0.0
0.0
0.5
0.25
0.0
3.75
5.0
1.75
1.0
0.25
0.75
2.0
0.75
0.0
0.75
3.0
0.25
0.0
0.0
0.0
0.0
0.75
0.5
0.25
3.0
2.25
0.25
0.0
0.0
0.0
0.0
0.0
0.25
0.75
1.25
0.0
0.0
0.25
2.0
1.0
0.75
1.5
0.25
0.0
0.0
0.25
0.0
0.5
0.0
0.75
0.25
0.5
0.0
0.0
0.0
0.0
0.0
0.0
0.0
0.0
0.0
0.0
0.0
0.0
0.0
2.0
2.25
0.0
0.5
0.25
0.0
0.25
0.25
0.5
0.0
0.0
0.0
0.0
0.0
0.5
1.25
0.75
0.0
0.0
0.25
0.0
0.25
0.0
0.0
0.75
1.5
5.0
1.75
3.0
1.75
1.0
4.5
4.75
3.25
0.25
0.75
2.25
1.25
0.0
0.0
0.0
0.0
0.0
0.0
0.0
0.0
0.0
0.0
0.0
0.25
0.0
0.25
0.25
0.0
0.0
1.0
0.0
0.0
0.5
0.0
0.25
0.0
0.0
1.0
0.75
0.0
0.75
0.75
0.0
0.0
0.25
2.75
1.0
1.25
0.5
0.0
0.0
0.75
3.25
3.0
0.0
0.5
3.0
0.25
0.0
0.25
0.0
0.0
0.5
0.0
0.0
0.0
0.0
0.5
0.75
0.0
1.5
1.0
0.0
0.0
0.0
0.0
0.0
0.0
0.0
0.5
0.0
0.25
0.0
0.75
0.0
0.0
0.0
0.0
0.25
0.0
0.25
0.0
0.5
0.75
2.25
3.25
2.0
0.5
0.0
0.0
0.0
0.0
0.25
0.0
0.25
0.5
0.25
0.0
0.5
0.0
0.0
0.25
0.5
0.0
0.0
0.0
0.25
2.5
0.75
0.0
0.0
0.0
1.75
2.75
0.25
0.0
0.0
0.0
0.5
0.0
0.0
6.25
3.75
0.25
0.25
0.0
0.0
0.25
1.25
0.5
0.25
0.0
0.0
0.0
0.75
0.25
1.25
4.0
2.5
3.25
2.25
0.0
0.0
0.0
0.0
0.0
0.0
0.0
0.25
2.5
2.25
3.5
10.0
5.75
0.5
0.0
0.25
0.5
0.0
0.0
0.0
0.75
0.0
0.25
0.0
0.0
0.0
0.0
0.75
0.0
0.0
0.25
0.5
0.0
0.0
0.0
0.0
0.0
0.0
0.0
0.5
0.25
0.0
0.0
0.0
0.0
0.0
1.0
1.25
0.5
1.5
0.0
0.0
0.0
0.0
0.25
0.0
0.0
0.0
0.0
0.0
0.0
0.0
0.0
0.0
0.25
0.0
0.0
0.25
0.5
0.0
0.0
0.0
0.0
0.0
0.0
0.0
0.0
0.5
0.0
0.0
0.0
0.0
1.0
4.0
3.0
4.5
1.75
4.5
1.25
1.25
2.25
0.0
0.0
0.0
0.25
0.0
0.0
0.0
0.0
0.5
0.0
0.5
2.25
1.5
1.0
0.0
0.5
0.5
0.0
0.0
0.25
0.0
0.0
0.0
0.25
0.0
0.75
2.75
0.25
0.0
0.0
0.0
0.0
0.5
0.0
1.0
0.25
0.25
0.25
1.75
0.0
0.0
0.0
1.25
0.0
0.0
0.25
0.0
0.25
0.5
0.0
0.0
0.0
0.25
0.0
0.0
2.5
0.5
0.0
0.5
0.0
0.0
0.0
0.0
0.0
0.0
0.0
0.0
0.0
0.0
0.0
0.25
0.0
0.0
0.0
1.75
1.75
1.75
0.25
0.0
0.0
0.25
1.5
2.25
2.5
0.75
0.25
0.0
0.5
0.0
0.0
0.0
0.0
0.0
0.0
0.0
0.0
0.0
0.0
1.75
0.75
0.75
3.25
0.5
0.0
0.25
0.25
0.0
0.0
0.0
0.25
0.0
0.0
0.25
0.5
0.0
0.0
0.0
0.0
0.0
0.0
0.0
0.0
0.0
0.0
0.0
0.0
1.25
1.25
0.25
0.75
1.5
0.0
0.75
0.25
0.0
0.0
0.25
0.0
0.0
0.0
0.0
0.5
1.0
0.0
0.5
0.5
0.25
0.0
0.75
0.0
0.0
0.0
0.0
0.0
0.25
0.0
0.0
0.25
0.0
0.0
0.0
0.5
0.5
2.25
3.0
1.0
1.0
0.0
0.0
0.75
0.0
0.25
0.0
1.0
2.25
4.0
0.0
0.0
0.0
0.0
0.0
0.0
0.0
0.25
1.0
0.0
0.0
0.0
0.75
1.75
0.0
0.25
0.25
0.0
0.0
0.0
0.25
1.75
0.0
0.0
0.0
0.5
0.25
3.25
1.75
0.25
0.0
0.0
1.75
2.75
0.25
0.0
0.25
0.0
0.0
0.0
0.25
1.75
2.25
0.0
0.25
0.0
0.0
0.75
0.25
0.0
0.25
0.0
0.0
0.25
1.75
0.0
0.25
0.5
0.0
0.0
0.5
3.0
1.75
1.5
1.25
0.0
0.0
1.5
0.5
0.0
0.25
3.0
0.0
0.0
0.0
0.0
0.5
0.5
0.0
0.0
0.25
0.0
0.5
0.5
0.0
0.0
0.0
2.25
0.75
0.0
0.0
0.0
0.25
0.0
0.25
0.0
0.75
0.25
0.25
0.25
0.0
0.0
0.5
0.0
0.0
0.0
0.0
0.0
0.0
0.0
0.0
0.0
0.25
0.5
0.25
0.0
0.0
0.0
0.0
0.0
0.5
0.25
0.0
0.0
0.0
0.0
0.0
0.25
0.0
0.5
1.25
0.0
0.5
0.0
0.5
0.0
0.0
0.0
0.0
0.25
0.25
0.0
0.25
1.0
0.5
0.0
0.0
0.25
0.5
0.25
0.25
0.0
0.0
0.0
0.5
1.25
0.5
0.25
0.0
1.0
0.0
0.75
0.25
0.0
0.25
0.0
0.25
0.0
0.75
0.25
0.75
1.0
0.0
0.0
0.75
0.25
0.0
0.0
0.0
0.0
0.0
1.0
0.0
0.0
0.0
0.0
0.5
0.5
0.25
0.0
0.0
0.0
0.0
0.0
0.0
1.25
0.25
0.25
0.0
0.0
0.5
0.25
0.0
0.0
0.0
0.0
0.0
0.0
0.75
0.0
0.0
0.25
0.0
0.0
0.5
0.25
1.75
0.0
0.0
0.5
0.25
0.0
0.0
0.0
0.5
0.0
0.0
0.0
0.0
0.25
0.5
0.25
0.0
0.25
0.25
1.5
0.75
1.0
0.5
0.25
0.0
0.0
0.0
0.0
0.0
0.5
0.25
2.0
0.75
0.25
0.75
1.25
1.0
0.0
0.0
0.0
0.0
0.0
0.0
0.0
0.75
0.5
0.0
0.0
0.0
1.5
0.0
0.0
0.25
0.0
0.0
0.0
0.0
0.0
0.0
0.75
1.75
2.5
0.0
0.0
0.25
1.0
2.5
0.25
0.75
0.0
0.0
0.0
0.0
0.25
0.0
1.25
2.5
1.25
0.0
0.5
1.75
0.0
0.5
0.0
0.5
0.25
0.25
1.5
0.0
0.0
0.0
0.0
0.25
0.0
0.0
0.25
0.0
0.5
1.75
0.0
0.0
0.25
0.0
0.5
0.0
2.25
0.5
0.0
0.0
0.0
0.0
0.0
0.25
0.0
0.0
0.0
0.75
0.25
0.25
0.0
0.0
0.25
0.0
0.0
0.0
0.0
0.0
0.25
1.25
1.75
3.5
0.0
1.25
1.0
0.0
0.25
0.0
0.0
0.0
0.25
0.25
0.75
0.0
0.25
0.0
0.25
0.0
0.25
0.5
0.5
0.25
0.5
1.25
2.0
1.25
0.0
0.0
0.0
0.5
0.0
0.0
0.25
0.0
0.0
0.0
0.75
0.5
0.0
1.25
2.75
1.5
0.0
0.0
0.25
0.0
0.25
0.25
0.0
0.0
0.0
0.0
0.0
0.0
0.0
0.0
0.5
1.0
0.0
0.0
0.75
1.5
0.0
0.75
1.25
0.0
0.25
0.0
0.0
0.0
0.5
0.0
0.0
0.25
0.0
0.25
0.5
0.0
0.0
0.0
0.0
0.0
0.0
0.0
1.75
0.0
0.0
0.0
0.0
0.0
0.0
0.0
0.0
0.0
2.5
2.0
0.5
0.0
0.0
0.25
1.0
2.75
1.25
2.25
0.0
0.0
0.0
0.0
0.0
0.0
0.0
1.25
0.25
0.0
0.0
0.0
0.0
0.0
0.0
0.25
0.5
0.0
0.25
0.5
0.0
1.0
2.75
3.5
2.5
0.5
0.5
0.25
0.0
0.0
0.0
0.0
0.25
0.0
0.0
0.0
0.0
0.0
0.0
0.25
0.5
0.75
0.0
0.0
0.0
0.0
0.0
0.5
0.25
0.25
0.5
0.0
0.0
0.0
0.0
0.0
0.0
0.0
1.0
1.25
0.0
0.0
0.0
0.0
0.0
0.25
0.0
0.0
0.0
0.25
1.25
2.5
1.5
0.5
0.0
0.0
0.0
0.5
0.5
0.0
0.25
0.0
0.25
0.25
0.0
0.5
0.0
0.0
0.0
0.0
0.0
1.0
1.0
0.0
0.0
0.0
0.0
0.0
0.25
0.0
1.25
0.5
2.25
2.0
0.25
1.0
0.0
0.0
0.0
0.25
0.0
0.5
0.0
0.0
0.0
0.25
0.0
0.0
0.0
0.0
0.0
0.0
0.0
0.0
0.5
0.0
0.75
1.75
0.0
1.25
1.75
0.0
0.5
1.25
1.0
0.25
0.0
0.0
0.25
0.0
0.0
0.5
0.0
0.0
0.0
0.5
0.0
0.25
0.5
1.5
5.0
3.0
1.25
0.0
1.25
1.0
0.0
0.0
0.0
0.5
0.0
0.0
0.0
0.0
0.0
0.0
1.0
0.0
0.0
0.25
0.25
0.0
0.5
0.0
0.25
0.0
0.25
0.0
0.0
0.25
0.0
0.0
0.0
0.25
0.75
0.0
0.0
1.0
2.0
4.75
2.0
0.0
0.0
0.0
0.25
0.0
0.0
0.25
0.0
0.25
0.25
0.0
0.0
0.25
0.0
0.5
0.0
0.0
1.5
0.0
0.0
0.5
0.25
0.0
0.25
1.0
0.5
0.0
0.0
0.0
0.0
0.0
0.0
0.25
0.25
0.0
0.0
0.0
0.25
0.0
0.0
0.25
0.75
0.75
2.0
0.0
0.0
0.25
1.25
0.0
0.0
0.0
0.5
0.25
0.75
0.25
0.25
0.0
0.0
1.25
1.25
0.0
0.0
0.75
0.5
0.5
0.0
0.25
0.75
0.75
0.0
0.75
0.25
0.0
0.25
0.0
0.0
1.0
0.25
0.75
0.75
1.5
1.5
1.0
1.75
0.0
0.0
0.5
0.75
0.0
0.5
0.5
0.0
0.5
0.75
0.0
0.25
1.5
0.75
0.0
0.0
2.75
3.0
1.75
0.0
1.0
0.25
0.0
0.25
0.0
0.0
0.0
0.0
0.0
0.0
0.5
0.0
0.0
0.5
1.25
0.25
0.0
0.25
0.0
0.0
0.0
0.5
0.0
0.25
0.0
0.0
0.0
0.0
0.0
1.0
0.0
0.5
0.25
0.25
0.0
0.0
0.0
0.25
0.25
0.0
0.0
0.0
0.0
0.0
0.0
0.0
0.0
0.0
0.25
0.75
0.25
0.0
0.0
0.25
0.0
0.0
0.0
0.5
0.75
0.25
0.0
0.25
0.25
0.0
0.0
0.0
0.25
0.5
0.0
0.0
0.0
0.0
1.5
1.25
0.0
0.5
0.0
0.25
0.75
0.25
0.0
0.0
1.5
0.75
0.25
0.25
0.25
0.0
0.25
1.75
2.0
2.75
0.0
2.25
0.25
0.25
0.0
0.0
0.0
0.0
0.0
0.0
0.0
0.0
0.0
0.0
0.0
0.25
1.75
0.0
0.0
0.0
0.25
0.0
0.25
0.0
0.0
0.0
0.0
0.0
0.0
0.5
0.25
0.75
0.0
0.5
0.25
0.25
0.0
0.0
0.25
0.25
1.0
0.25
0.0
0.0
0.0
0.0
0.0
0.0
0.0
0.0
0.25
0.0
0.0
0.25
0.0
0.0
0.0
1.0
0.0
0.5
0.0
0.0
0.0
0.0
0.0
0.0
0.0
0.0
0.0
0.25
0.0
0.0
0.0
0.5
0.0
0.0
0.0
0.0
0.0
0.0
0.5
0.0
0.25
0.75
0.0
0.0
0.25
0.0
0.25
0.0
0.25
0.25
0.0
0.0
0.25
0.0
0.0
0.0
0.25
0.0
0.25
0.0
0.25
0.0
0.0
0.0
0.0
0.0
0.75
2.5
2.0
0.75
0.0
0.25
0.5
0.25
0.25
0.75
2.5
2.0
0.0
0.25
0.0
0.0
0.75
0.75
0.0
0.0
0.0
0.0
0.0
0.0
0.0
0.5
0.0
1.5
1.5
0.25
0.0
0.0
0.25
0.5
0.0
0.0
1.75
1.75
2.75
2.0
0.0
0.0
0.0
0.25
0.25
0.0
1.25
0.75
0.0
0.5
0.0
0.0
0.0
0.0
0.0
0.0
0.0
0.0
0.0
0.0
0.5
0.75
0.0
0.5
0.0
0.0
0.0
0.0
0.25
0.25
0.5
0.5
0.75
0.25
0.5
0.25
0.0
0.0
0.0
0.0
0.0
1.0
6.0
2.25
0.25
1.25
0.25
0.0
0.0
0.0
0.0
0.0
0.5
4.25
2.5
2.0
0.25
1.5
3.0
1.0
0.0
0.25
2.5
3.0
2.0
0.0
1.25
2.75
0.25
0.25
1.5
1.25
0.0
0.0
0.0
0.0
0.0
0.0
0.75
0.25
0.25
0.75
0.0
0.0
0.0
0.0
0.0
0.0
1.0
1.0
0.0
0.0
0.0
0.25
0.0
0.25
2.0
1.75
0.75
0.0
0.0
0.0
0.25
0.5
2.75
1.5
0.0
0.0
0.0
0.75
0.25
0.0
0.25
1.5
1.5
3.0
0.25
0.0
0.0
0.0
0.0
0.0
0.75
0.5
0.0
0.0
0.0
0.0
0.25
0.0
0.0
0.0
0.0
0.0
0.75
1.5
0.0
0.0
0.0
0.0
0.0
0.0
0.0
1.75
0.5
0.0
0.0
0.0
0.0
0.25
0.0
0.0
0.0
0.0
0.0
0.0
0.0
0.0
0.5
0.75
0.25
0.0
0.75
1.25
0.0
0.0
0.0
0.0
0.0
0.75
0.75
2.0
0.5
0.0
0.0
0.0
0.0
0.0
0.25
0.0
0.0
0.0
0.0
0.0
0.5
0.0
0.0
0.0
0.0
0.25
1.0
1.25
0.0
0.0
0.0
0.0
0.0
0.0
0.0
0.0
2.0
3.0
1.5
5.0
4.0
1.0
0.0
0.0
0.0
0.5
0.0
0.25
1.25
4.25
0.0
0.0
0.0
0.0
0.0
1.0
2.5
0.0
0.0
0.0
0.0
0.25
0.0
0.25
0.75
3.0
3.25
0.0
0.0
2.5
0.75
0.0
0.0
0.0
0.0
0.0
0.0
0.0
0.0
0.0
0.0
0.0
0.25
0.25
0.75
0.5
0.0
0.0
0.0
0.0
0.0
0.0
0.0
0.0
0.0
0.0
0.0
0.0
0.0
0.0
0.0
0.0
0.0
0.0
0.0
0.0
0.0
0.0
0.0
1.25
2.75
0.25
0.25
0.25
0.0
0.0
1.0
1.0
0.0
0.0
0.75
0.25
0.0
0.0
0.0
0.0
0.0
0.0
0.0
0.25
0.0
0.0
0.0
0.0
0.0
0.0
0.25
0.25
0.0
0.0
0.0
0.0
0.5
0.25
0.0
1.0
0.75
0.0
1.0
1.75
0.25
0.0
0.0
0.0
0.75
0.0
1.5
0.5

Average_Alpha:
0.19999999999999996
0.20000000400000004
0.20000000799999998
0.20000001199999998
0.2000000149999999
0.200000019
0.200000019
0.20000001199999998
0.2000000149999999
0.200000019
0.200000023
0.20000002699999994
0.2000000309999999
0.200000035
0.200000038
0.20000004099999993
0.2000000449999999
0.20000004899999999
0.20000005099999998
0.20000005399999993
0.2000000559999999
0.200000058
0.20000005999999995
0.20000006399999992
0.2000000679999999
0.200000072
0.20000007499999997
0.20000007899999991
0.20000008299999988
0.20000008699999994
0.20000009099999994
0.2000000949999999
0.20000009899999988
0.20000010299999996
0.20000010699999995
0.2000001109999999
0.20000011499999987
0.20000011899999998
0.20000012199999992
0.2000001209999999
0.20000011099999987
0.200000099
0.20000009799999993
0.20000010099999987
0.20000010499999984
0.20000010899999995
0.20000011299999992
0.20000011699999987
0.20000012099999984
0.20000011899999992
0.20000011399999995
0.20000011799999984
0.20000012099999984
0.20000011699999992
0.2000001209999999
0.20000012399999986
0.20000012699999983
0.20000012399999992
0.20000012499999992
0.20000012899999983
0.2000001329999998
0.20000013599999988
0.20000013799999988
0.20000013299999983
0.20000012799999978
0.20000012299999992
0.20000012499999992
0.20000012899999983
0.20000013299999983
0.20000013599999988
0.20000013999999988
0.20000014399999982
0.20000014799999982
0.20000015199999988
0.20000015599999987
0.20000015399999982
0.20000014299999977
0.20000014599999985
0.20000014999999985
0.2000001479999998
0.20000013699999977
0.20000008999999988
0.20000007399999983
0.2000000649999998
0.20000006599999978
0.20000006899999986
0.20000006299999984
0.20000006599999978
0.20000006999999978
0.20000007399999983
0.2000000769999998
0.20000007299999978
0.20000007599999975
0.20000007899999986
0.20000007999999983
0.20000008199999977
0.20000008499999974
0.20000008899999983
0.20000009299999982
0.20000009399999977
0.20000009699999977
0.2000001009999998
0.2000001049999998
0.20000010899999973
0.20000011299999979
0.2000001169999998
0.2000001209999998
0.20000012499999975
0.20000012899999972
0.20000012999999978
0.20000013399999977
0.20000013799999974
0.20000014199999974
0.2000001459999998
0.20000014999999977
0.20000015299999974
0.2000001569999997
0.2000001609999998
0.20000016499999976
0.20000016899999973
0.2000001729999997
0.20000017699999978
0.20000018099999978
0.2000001849999997
0.2000001849999997
0.20000018799999975
0.20000019199999974
0.20000019599999969
0.2000001979999997
0.20000020199999977
0.2000001989999997
0.2000001979999997
0.20000020199999968
0.20000020599999976
0.20000020599999974
0.20000020299999968
0.2000002069999997
0.20000021099999976
0.2000002149999997
0.20000021899999967
0.20000022299999967
0.20000022599999975
0.2000002269999997
0.20000022999999964
0.20000023399999964
0.20000023799999975
0.2000002399999997
0.20000024399999966
0.20000024799999966
0.2000002519999997
0.20000025599999968
0.20000025999999965
0.20000026399999965
0.2000002679999997
0.20000027199999967
0.20000027599999964
0.20000027899999964
0.20000028299999972
0.20000028699999967
0.20000029099999964
0.20000029499999966
0.20000029799999972
0.2000002999999997
0.20000030399999963
0.20000030799999963
0.20000031199999968
0.20000031499999965
0.2000003159999996
0.20000031999999962
0.2000003239999997
0.20000032799999964
0.20000032799999962
0.2000003209999996
0.20000031199999968
0.20000031299999965
0.2000003159999996
0.20000031999999962
0.20000031499999965
0.20000031899999965
0.2000003229999996
0.20000032699999956
0.20000033099999964
0.2000003349999996
0.20000033599999958
0.20000033599999958
0.20000033499999964
0.20000033899999964
0.20000034199999958
0.20000033599999958
0.20000033999999964
0.2000003439999996
0.20000034399999958
0.20000034799999958
0.20000034799999963
0.2000003519999996
0.20000035599999955
0.20000035999999954
0.20000036299999963
0.2000003629999996
0.20000036299999957
0.20000036499999957
0.20000036799999962
0.2000003709999996
0.20000037499999956
0.20000037899999956
0.20000038199999962
0.20000037799999956
0.20000037799999956
0.20000038099999956
0.2000003849999996
0.2000003849999996
0.20000038299999953
0.20000038499999953
0.20000038899999958
0.20000039299999955
0.20000039699999952
0.20000040099999952
0.20000040499999958
0.20000040899999955
0.20000041299999952
0.20000041699999951
0.20000042099999957
0.20000042499999957
0.20000042799999948
0.20000043199999953
0.2000004359999996
0.2000004399999995
0.2000004419999995
0.2000004399999995
0.20000044199999956
0.2000004449999995
0.2000004479999995
0.2000004519999995
0.20000045499999952
0.20000045299999952
0.2000004409999995
0.2000004199999995
0.20000039999999955
0.20000039099999953
0.20000039199999947
0.20000039599999944
0.2000003989999995
0.2000004009999995
0.2000004029999995
0.2000004069999995
0.20000040999999955
0.2000004129999995
0.20000041599999946
0.20000041899999949
0.2000004209999995
0.20000042099999948
0.20000042299999948
0.20000042699999945
0.2000004309999995
0.20000043499999948
0.20000043499999945
0.20000043599999945
0.2000004329999995
0.20000042999999945
0.20000043399999945
0.20000043699999945
0.20000043999999945
0.20000044399999944
0.20000044799999944
0.20000045199999944
0.20000045599999947
0.20000045999999946
0.20000046399999946
0.20000046799999943
0.20000047199999946
0.20000047599999943
0.20000047999999943
0.2000004839999994
0.20000048799999945
0.20000049199999945
0.20000048699999942
0.20000047299999937
0.20000045999999946
0.2000004599999994
0.2000004639999994
0.20000046799999938
0.20000047199999943
0.20000047599999943
0.20000047999999943
0.2000004829999994
0.20000048699999942
0.20000049099999942
0.20000049499999936
0.20000049699999936
0.20000049799999942
0.20000050199999939
0.20000050399999938
0.20000050799999938
0.2000005109999994
0.20000051499999938
0.20000051699999938
0.20000050999999938
0.20000050999999938
0.20000051399999938
0.20000051799999938
0.20000052199999938
0.2000005259999994
0.20000052999999937
0.20000053399999934
0.20000053799999934
0.20000054199999936
0.20000054599999936
0.20000054999999936
0.20000055399999933
0.20000055499999936
0.20000055899999936
0.20000056299999933
0.20000056599999932
0.20000056799999935
0.20000057199999935
0.20000057599999935
0.20000057999999934
0.20000058399999937
0.20000058799999934
0.2000005919999993
0.20000059599999928
0.20000059799999934
0.20000060099999933
0.20000060499999933
0.2000006089999993
0.20000061299999936
0.20000061699999933
0.20000061299999927
0.2000006169999993
0.20000061999999935
0.2000006229999993
0.2000006149999993
0.2000005909999993
0.20000058899999934
0.2000005929999993
0.20000059699999925
0.20000060099999928
0.20000060499999933
0.20000060899999927
0.2000006129999993
0.20000060799999925
0.2000006059999993
0.20000060999999927
0.20000061199999924
0.20000061599999927
0.2000006169999993
0.2000006199999993
0.20000062399999927
0.20000062799999926
0.2000006289999993
0.20000063099999926
0.20000063499999926
0.20000063899999923
0.20000064299999928
0.20000064699999925
0.20000064899999928
0.20000065199999922
0.20000065499999928
0.20000065899999925
0.20000066299999925
0.20000066699999922
0.20000067099999927
0.20000067499999924
0.20000067899999927
0.20000068299999924
0.20000068699999926
0.20000069099999923
0.2000006939999992
0.2000006939999992
0.20000069799999923
0.2000007019999992
0.20000070599999925
0.20000070899999922
0.20000071299999922
0.20000071599999922
0.20000071999999922
0.20000072399999919
0.20000072799999924
0.20000073199999924
0.20000073599999924
0.2000007319999992
0.20000073399999924
0.2000007379999992
0.20000074099999918
0.2000007449999992
0.20000074899999923
0.20000075299999917
0.20000075599999917
0.20000075399999917
0.20000075799999917
0.2000007609999992
0.20000076499999914
0.20000076899999916
0.2000007729999992
0.20000077699999919
0.20000078099999916
0.20000077899999916
0.20000076599999916
0.20000073799999915
0.20000071399999914
0.20000070999999914
0.20000069299999915
0.20000069499999915
0.20000069899999914
0.20000069999999914
0.20000069599999915
0.20000068899999918
0.20000068799999912
0.20000069199999915
0.20000069399999915
0.20000069799999914
0.20000070099999914
0.20000069599999912
0.20000069699999914
0.20000069999999914
0.2000006959999991
0.20000069699999912
0.20000070099999914
0.20000070499999914
0.2000007089999991
0.2000007129999991
0.20000071699999913
0.2000007209999991
0.20000072099999908
0.2000007179999991
0.2000007219999991
0.2000007239999991
0.20000072799999913
0.20000072699999907
0.20000072999999913
0.20000073399999913
0.20000073499999904
0.2000007379999991
0.20000074199999912
0.20000074599999912
0.2000007499999991
0.2000007539999991
0.2000007559999991
0.2000007539999991
0.20000075399999906
0.20000075799999906
0.2000007609999991
0.20000076499999908
0.20000076599999908
0.20000076999999908
0.20000076999999908
0.20000077399999908
0.20000077799999905
0.20000077899999905
0.20000078299999907
0.20000078599999907
0.20000078599999907
0.20000078899999907
0.20000079299999907
0.20000079699999906
0.200000800999999
0.20000080499999906
0.20000080899999903
0.20000081299999903
0.20000081699999903
0.20000081699999903
0.20000081699999905
0.20000081999999902
0.200000820999999
0.20000082299999902
0.20000082699999905
0.20000083099999905
0.20000083499999902
0.20000083899999901
0.200000842999999
0.20000084699999904
0.20000084999999898
0.200000853999999
0.20000085799999903
0.20000086099999903
0.200000864999999
0.200000868999999
0.20000087199999902
0.20000087599999902
0.20000087999999897
0.200000883999999
0.20000088799999902
0.200000891999999
0.20000089499999898
0.20000089899999898
0.200000899999999
0.20000090399999898
0.20000090799999895
0.20000091199999895
0.200000915999999
0.20000091999999897
0.20000092399999897
0.20000092799999897
0.20000093099999897
0.20000093399999894
0.20000093799999893
0.20000093899999896
0.20000093599999896
0.20000093499999896
0.20000093699999896
0.20000093899999893
0.20000094299999896
0.20000094699999899
0.20000094099999893
0.20000093099999894
0.20000092299999897
0.20000092599999894
0.20000092999999897
0.20000093399999894
0.20000093599999894
0.20000093799999893
0.2000009419999989
0.20000094599999893
0.20000094999999893
0.20000095399999895
0.20000095699999892
0.20000096099999892
0.20000096499999892
0.20000096899999892
0.20000097299999892
0.2000009769999989
0.20000097499999892
0.20000096999999892
0.20000097399999892
0.20000097799999889
0.2000009819999989
0.2000009859999989
0.20000098899999888
0.20000098799999888
0.2000009919999989
0.2000009949999989
0.2000009989999989
0.2000010029999989
0.20000100699999887
0.20000101099999892
0.20000101499999887
0.20000101899999886
0.2000010229999989
0.2000010269999989
0.20000103099999889
0.20000103399999886
0.20000103799999888
0.20000104199999888
0.20000104599999888
0.20000104999999885
0.20000105399999887
0.20000105799999887
0.20000105799999887
0.20000106099999887
0.20000106499999884
0.20000106799999887
0.20000107199999884
0.20000107099999884
0.20000106899999884
0.20000106399999884
0.20000106099999887
0.20000105999999884
0.20000106199999884
0.20000105899999884
0.20000105799999882
0.20000105199999882
0.20000103899999885
0.20000101799999886
0.20000099699999882
0.20000099899999882
0.20000100199999885
0.20000100599999882
0.2000010099999988
0.2000010139999988
0.2000010179999988
0.2000010219999988
0.20000102599999883
0.20000102999999883
0.2000010339999988
0.2000010369999988
0.2000010409999988
0.2000010449999988
0.2000010469999988
0.2000010509999988
0.2000010519999988
0.2000010539999988
0.2000010579999988
0.2000010559999988
0.20000104799999877
0.20000104499999877
0.20000104899999877
0.2000010529999988
0.2000010569999988
0.20000106099999876
0.20000106499999878
0.20000106899999878
0.20000107299999875
0.20000107699999875
0.20000107999999875
0.2000010829999988
0.20000108599999875
0.20000108399999875
0.20000108799999877
0.20000109099999874
0.2000010949999987
0.20000109899999874
0.20000110299999874
0.20000110399999874
0.20000109899999877
0.2000011029999987
0.20000110699999873
0.20000111099999873
0.20000111499999873
0.2000011189999987
0.20000112299999875
0.20000112599999872
0.20000112999999875
0.20000113399999872
0.20000113699999872
0.20000114099999872
0.20000114399999872
0.2000011349999987
0.2000011179999987
0.20000111299999873
0.20000111499999873
0.2000011189999987
0.20000111199999873
0.2000011089999987
0.20000110899999868
0.2000011129999987
0.2000011169999987
0.2000011209999987
0.2000011249999987
0.2000011279999987
0.2000011269999987
0.2000011299999987
0.20000113399999866
0.20000113799999866
0.20000114099999872
0.20000114399999872
0.20000114799999869
0.20000115199999866
0.20000115599999868
0.20000115999999865
0.20000116399999865
0.20000116799999865
0.20000117199999867
0.20000117599999867
0.20000117999999867
0.20000118399999864
0.20000118799999866
0.20000118999999866
0.2000011909999986
0.20000119299999863
0.20000119599999863
0.20000119999999866
0.20000120299999863
0.20000119399999863
0.20000118599999867
0.20000118499999867
0.20000117099999865
0.2000011599999986
0.20000115599999863
0.2000011599999986
0.20000116399999862
0.20000116799999862
0.20000117199999864
0.20000117499999862
0.2000011699999986
0.2000011619999986
0.2000011609999986
0.2000011649999986
0.20000116699999862
0.20000117099999862
0.2000011739999986
0.20000117099999862
0.20000117299999856
0.2000011769999986
0.20000118099999858
0.2000011839999986
0.2000011859999986
0.20000118899999855
0.20000119299999858
0.20000119699999858
0.20000119999999857
0.20000119799999858
0.20000119899999858
0.20000120199999855
0.2000012059999986
0.2000012099999986
0.2000012139999986
0.20000121799999857
0.20000121999999854
0.20000122299999853
0.2000012269999986
0.20000121599999854
0.20000119999999857
0.20000119699999852
0.20000119699999858
0.20000119999999857
0.20000120099999852
0.20000119699999852
0.20000119799999858
0.20000120199999855
0.20000120299999855
0.20000119499999852
0.20000119799999858
0.20000120199999855
0.20000120599999852
0.2000012099999985
0.20000121399999854
0.2000012149999985
0.2000012169999985
0.2000012199999985
0.20000121199999854
0.20000120699999852
0.20000120999999849
0.2000012139999985
0.2000012179999985
0.2000012219999985
0.2000012259999985
0.20000122999999848
0.2000012329999985
0.20000123399999847
0.20000123299999847
0.20000123699999847
0.20000124099999853
0.2000012439999985
0.2000012399999985
0.20000123999999847
0.20000124099999853
0.20000123899999847
0.20000124199999847
0.20000124599999847
0.2000012499999985
0.2000012529999985
0.20000125699999846
0.20000125899999846
0.20000126299999849
0.20000126399999846
0.20000126699999846
0.20000126899999845
0.20000127299999848
0.20000127699999848
0.20000128099999848
0.20000128499999847
0.20000128899999844
0.20000129299999844
0.20000129699999844
0.2000013009999984
0.20000130499999846
0.20000130899999846
0.20000131299999846
0.20000131699999843
0.20000132099999843
0.20000131699999843
0.20000131199999843
0.20000131599999837
0.20000131799999843
0.20000132099999843
0.20000132499999843
0.2000013279999984
0.20000133099999842
0.20000133299999842
0.2000013369999984
0.20000134099999842
0.20000134499999841
0.2000013489999984
0.2000013529999984
0.2000013549999984
0.2000013539999984
0.2000013549999984
0.20000135899999838
0.20000136299999838
0.20000136599999843
0.20000136999999835
0.20000137299999837
0.20000137699999837
0.2000013809999984
0.2000013819999984
0.20000137999999837
0.20000136399999838
0.20000136099999838
0.20000135299999838
0.20000134999999836
0.20000134999999836
0.2000013359999984
0.20000132099999837
0.20000131199999835
0.20000131499999832
0.20000131599999835
0.20000131099999838
0.20000130999999838
0.20000131399999832
0.20000131799999837
0.20000132199999837
0.20000132599999837
0.20000132999999834
0.20000133399999834
0.20000133799999836
0.20000134199999833
0.2000013459999983
0.20000134999999836
0.20000135399999835
0.2000013569999983
0.2000013609999983
0.20000136399999835
0.20000136699999832
0.2000013709999983
0.2000013749999983
0.20000137499999832
0.20000137899999834
0.20000138299999834
0.20000138499999828
0.2000013889999983
0.2000013919999983
0.2000013959999983
0.20000139999999828
0.20000139999999828
0.20000140099999827
0.20000140499999827
0.20000140599999827
0.20000140699999833
0.20000141099999832
0.2000014149999983
0.20000141799999824
0.2000014109999983
0.2000014109999983
0.20000140999999827
0.20000141199999824
0.20000141599999827
0.20000141999999826
0.20000142099999826
0.20000141199999824
0.20000140399999827
0.2000014079999983
0.20000140999999824
0.20000140199999822
0.20000140499999824
0.20000140899999827
0.20000141199999824
0.20000141599999824
0.20000141999999824
0.20000142199999824
0.2000014259999982
0.20000142999999823
0.20000143399999826
0.20000143799999826
0.20000143999999825
0.20000144099999823
0.20000144499999822
0.20000144299999822
0.20000144299999822
0.20000144699999822
0.20000145099999825
0.20000145499999822
0.20000145899999822
0.20000146299999821
0.20000146699999824
0.2000014709999982
0.2000014729999982
0.2000014769999982
0.2000014799999982
0.2000014839999982
0.20000148499999817
0.20000148899999817
0.20000149299999823
0.2000014969999982
0.2000015009999982
0.2000015039999982
0.2000015079999982
0.20000151099999816
0.20000151499999816
0.20000151699999819
0.2000015179999982
0.2000015129999982
0.20000150399999816
0.20000149999999817
0.20000150199999817
0.2000015059999982
0.20000150999999816
0.20000151399999813
0.20000151799999816
0.20000152099999816
0.20000152499999813
0.20000152799999812
0.20000152999999818
0.20000153299999818
0.20000153699999818
0.20000153899999812
0.20000154299999814
0.20000154699999814
0.20000154999999814
0.20000155199999814
0.20000155599999814
0.20000155999999814
0.20000156399999813
0.20000156699999813
0.20000156099999816
0.20000156199999813
0.2000015659999981
0.2000015699999981
0.20000157399999813
0.20000157099999813
0.20000156399999813
0.20000156699999813
0.2000015709999981
0.20000157499999813
0.20000157899999813
0.20000158099999812
0.2000015849999981
0.2000015889999981
0.20000156799999808
0.20000155699999805
0.2000015599999981
0.2000015629999981
0.2000015669999981
0.20000157099999807
0.20000157399999807
0.20000157299999807
0.20000157499999807
0.20000157799999807
0.20000158199999807
0.2000015859999981
0.20000158999999806
0.20000159099999806
0.2000015939999981
0.2000015929999981
0.20000158099999804
0.20000157499999804
0.20000156599999808
0.20000156099999808
0.20000156499999805
0.20000156899999805
0.20000157299999807
0.20000157699999807
0.20000158099999804
0.200001584999998
0.20000158899999806
0.20000159199999806
0.20000158599999804
0.200001580999998
0.20000157099999805
0.20000153499999807
0.20000151599999805
0.20000151799999802
0.20000152199999804
0.20000152499999804
0.200001526999998
0.200001530999998
0.20000153499999804
0.200001538999998
0.200001539999998
0.200001543999998
0.20000154699999803
0.20000155099999803
0.200001554999998
0.200001558999998
0.20000156299999802
0.20000156399999802
0.20000156799999796
0.200001571999998
0.20000157499999802
0.20000157699999802
0.20000158099999799
0.20000158499999798
0.200001588999998
0.200001592999998
0.20000159699999798
0.20000160099999795
0.200001604999998
0.200001606999998
0.20000160999999794
0.20000161399999797
0.200001617999998
0.200001621999998
0.20000162599999793
0.20000162999999796
0.200001629999998
0.20000162899999796
0.20000163099999793
0.20000162899999793
0.20000163299999799
0.20000163699999798
0.20000164099999795
0.20000164499999795
0.20000164799999795
0.20000165199999792
0.20000165599999792
0.20000165999999792
0.20000166399999797
0.20000166799999794
0.20000167199999794
0.20000167599999794
0.2000016799999979
0.20000168399999793
0.20000168699999793
0.20000169099999793
0.20000169499999793
0.20000169799999792
0.20000169999999792
0.2000017039999979
0.2000017079999979
0.2000017119999979
0.2000017159999979
0.20000171999999788
0.2000017239999979
0.2000017279999979
0.2000017319999979
0.2000017339999979
0.20000173799999788
0.20000174199999787
0.20000174599999787
0.20000174999999787
0.20000174999999792
0.20000173799999788
0.20000172999999785
0.20000171599999786
0.2000017129999979
0.20000169899999787
0.20000169799999787
0.20000169699999787
0.2000016919999979
0.20000169599999787
0.20000169999999787
0.20000170399999787
0.2000017069999979
0.20000171099999786
0.20000171499999786
0.20000171899999783
0.20000172299999786
0.20000172499999785
0.20000172899999785
0.20000173099999785
0.20000172599999785
0.20000172399999785
0.2000017239999978
0.20000172799999785
0.20000172999999785
0.20000173199999785
0.20000173599999782
0.20000173999999782
0.20000174299999782
0.20000174699999784
0.2000017509999978
0.2000017549999978
0.20000175799999784
0.20000176199999783
0.2000017629999978
0.20000175599999778
0.20000175899999784
0.20000176299999783
0.2000017669999978
0.2000017709999978
0.2000017749999978
0.20000177699999783
0.2000017809999978
0.20000178099999777
0.2000017839999978
0.2000017869999978
0.2000017899999978
0.2000017869999978
0.20000179099999782
0.2000017949999978
0.2000017989999978
0.20000179799999776
0.20000180199999779
0.20000180599999778
0.20000180899999775
0.20000181299999775
0.2000018159999978
0.2000018179999978
0.20000182199999775
0.20000182599999775
0.20000182999999777
0.20000183299999777
0.20000183699999774
0.20000184099999774
0.20000183499999774
0.20000183699999774
0.20000184099999774
0.20000184299999774
0.20000184699999773
0.20000185099999776
0.20000185499999776
0.20000185899999776
0.20000186299999775
0.20000186699999772
0.20000187099999772
0.20000187499999772
0.20000187899999775
0.20000188299999774
0.20000188699999774
0.2000018899999977
0.2000018939999977
0.20000189799999774
0.20000190199999773
0.2000018989999977
0.2000018959999977
0.2000018929999977
0.2000018959999977
0.2000018999999977
0.2000019039999977
0.20000190699999768
0.2000019049999977
0.20000189999999768
0.20000189399999768
0.2000018949999977
0.2000018979999977
0.2000019019999977
0.2000019039999977
0.20000190799999767
0.20000191199999767
0.20000191599999767
0.20000191999999767
0.20000192399999767
0.20000192799999766
0.20000193199999766
0.20000193599999766
0.20000193999999766
0.20000194399999766
0.20000194099999766
0.20000194199999766
0.20000194299999766
0.2000019339999976
0.20000193599999763
0.20000193999999766
0.20000194299999766
0.20000194599999765
0.20000194999999762
0.20000195399999765
0.20000195799999765
0.20000196099999762
0.20000196499999762
0.20000196899999764
0.20000197199999764
0.20000197399999764
0.2000019779999976
0.20000198199999764
0.20000198599999763
0.2000019899999976
0.2000019939999976
0.20000199799999763
0.20000200199999763
0.2000020059999976
0.2000020099999976
0.2000020139999976
0.20000201799999764
0.2000020219999976
0.20000202099999756
0.2000020199999976
0.20000202299999761
0.20000202399999759
0.2000020219999976
0.20000202599999758
0.20000202699999758
0.20000202999999758
0.20000203399999755
0.20000203799999758
0.20000204099999758
0.2000020449999976
0.20000204899999754
0.20000205299999757
0.2000020569999976
0.2000020589999976
0.20000205899999757
0.20000206299999757
0.20000206499999756
0.20000206699999756
0.20000206999999756
0.2000020739999976
0.20000207499999756
0.20000207899999753
0.20000208299999753
0.20000208699999755
0.20000209099999752
0.20000209499999755
0.20000209799999755
0.20000210199999754
0.20000210599999751
0.2000021089999975
0.20000211299999754
0.20000211699999756
0.20000212099999753
0.20000212299999753
0.20000212499999753
0.20000211999999754
0.20000211199999754
0.2000021119999975
0.2000021119999975
0.20000211599999754
0.20000211999999754
0.20000212099999748
0.2000021249999975
0.20000212799999753
0.20000213199999753
0.20000213199999753
0.20000212699999753
0.2000021149999975
0.20000211899999748
0.20000212299999748
0.20000212699999748
0.2000021309999975
0.2000021349999975
0.2000021389999975
0.2000021429999975
0.2000021459999975
0.2000021459999975
0.20000214999999746
0.20000215399999746
0.20000215799999746
0.20000215899999751
0.20000215599999746
0.20000215999999746
0.20000216299999748
0.20000216599999748
0.20000216999999745
0.20000217399999748
0.20000217799999745
0.20000218099999745
0.20000217799999742
0.20000218199999745
0.20000218599999747
0.20000218999999744
0.20000219199999741
0.20000219499999744
0.20000218599999744
0.20000218299999745
0.20000218599999744
0.20000218999999742
0.20000219399999744
0.20000219099999741
0.20000218399999745
0.20000218699999744
0.20000219099999741
0.2000021939999974
0.2000021979999974
0.2000022019999974
0.2000022059999974
0.2000022089999974
0.2000022059999974
0.2000022009999974
0.2000022049999974
0.20000220799999743
0.2000022119999974
0.2000022159999974
0.20000221699999743
0.2000022199999974
0.2000022239999974
0.2000022269999974
0.2000022309999974
0.2000022349999974
0.2000022379999974
0.20000223499999736
0.2000022389999974
0.2000022419999974
0.20000224399999741
0.20000224799999738
0.20000225199999738
0.20000225399999738
0.20000224599999736
0.20000224299999736
0.20000224099999736
0.20000223999999736
0.2000022439999974
0.20000224799999736
0.20000224599999733
0.20000224799999733
0.20000225199999733
0.20000225499999733
0.20000224699999733
0.20000225099999733
0.20000225499999735
0.20000225899999735
0.20000226299999732
0.20000226499999732
0.20000226699999732
0.20000227099999734
0.20000227499999731
0.2000022779999973
0.2000022819999973
0.20000228399999734
0.20000228599999734
0.2000022899999973
0.2000022939999973
0.20000229799999733
0.20000229299999733
0.2000022939999973
0.2000022979999973
0.2000023019999973
0.2000023059999973
0.2000023089999973
0.2000023129999973
0.20000231599999727
0.20000231999999726
0.2000023209999973
0.2000023239999973
0.2000023269999973
0.2000023299999973
0.20000233399999728
0.20000233799999725
0.20000233999999728
0.20000234399999728
0.20000234799999725
0.20000235199999727
0.20000235599999727
0.20000235999999727
0.20000236399999727
0.20000236799999727
0.20000237199999726
0.20000237599999723
0.20000237899999726
0.20000238099999726
0.20000238399999726
0.20000238799999726
0.20000239199999725
0.20000239599999725
0.20000239999999725
0.20000240399999722
0.20000240599999725
0.20000240899999724
0.20000241299999724
0.20000241699999724
0.20000242099999724
0.20000242499999724
0.20000242899999723
0.2000024319999972
0.20000243599999723
0.20000243799999723
0.2000024369999972
0.20000244099999723
0.20000244299999723
0.20000244699999722
0.20000244899999722
0.20000245299999722
0.20000245699999722
0.2000024609999972
0.20000246499999721
0.2000024679999972
0.2000024709999972
0.20000247499999718
0.20000247799999718
0.2000024779999972
0.2000024799999972
0.2000024839999972
0.20000248799999717
0.20000249099999717
0.20000249299999717
0.20000249599999717
0.2000024989999972
0.20000250299999717
0.20000250699999716
0.20000251099999716
0.20000251299999716
0.2000025119999972
0.20000251399999716
0.20000251699999716
0.20000252099999716
0.20000252099999716
0.20000252499999718
0.20000252599999715
0.20000252899999718
0.20000253299999712
0.20000253599999712
0.20000253999999715
0.20000254299999717
0.20000254699999714
0.20000254799999714
0.20000255099999714
0.20000255199999714
0.20000255199999714
0.20000255599999714
0.2000025599999971
0.2000025609999971
0.20000256399999713
0.20000256799999716
0.20000257199999713
0.20000257599999713
0.20000257999999713
0.20000258399999715
0.20000258399999712
0.2000025879999971
0.20000259199999712
0.20000259599999712
0.2000025999999971
0.20000260199999711
0.20000260399999711
0.2000026069999971
0.2000026109999971
0.20000261499999708
0.20000261899999708
0.2000026229999971
0.20000262699999713
0.2000026309999971
0.20000262999999707
0.2000026329999971
0.20000263599999707
0.2000026399999971
0.20000264399999707
0.20000264599999706
0.20000264899999706
0.20000265299999706
0.20000265699999706
0.20000266099999708
0.20000266499999705
0.20000266899999708
0.20000267299999705
0.20000267399999705
0.20000267799999705
0.20000268199999705
0.2000026849999971
0.20000268899999707
0.20000269299999704
0.20000269499999707
0.20000269799999706
0.20000269499999707
0.20000269899999706
0.20000270299999703
0.20000270499999703
0.20000270799999703
0.20000271199999703
0.20000271599999703
0.20000271999999703
0.20000272199999702
0.20000272599999702
0.20000272999999702
0.20000273399999702
0.20000273799999702
0.20000274099999701
0.20000274299999699
0.200002745999997
0.20000274999999698
0.20000275299999698
0.20000275599999703
0.20000275399999703
0.200002754999997
0.20000275499999698
0.20000275699999698
0.200002759999997
0.200002763999997
0.200002767999997
0.20000277199999697
0.200002775999997
0.200002779999997
0.200002781999997
0.20000278499999696
0.200002780999997
0.20000278199999696
0.20000278499999694
0.20000278599999693
0.20000278499999696
0.20000278499999694
0.20000278899999693
0.20000279299999696
0.20000279699999698
0.20000280099999695
0.20000280499999695
0.20000280899999695
0.20000281299999692
0.20000281399999692
0.20000281599999692
0.20000281999999692
0.20000282399999694
0.20000282799999694
0.20000282599999694
0.20000282999999694
0.20000283399999694
0.20000283699999694
0.20000284099999693
0.2000028449999969
0.20000284899999693
0.20000285299999696
0.2000028569999969
0.20000286099999692
0.20000286199999692
0.20000285899999692
0.2000028529999969
0.2000028569999969
0.2000028609999969
0.20000286399999692
0.2000028639999969
0.20000285799999687
0.2000028609999969
0.2000028619999969
0.2000028659999969
0.2000028699999969
0.2000028739999969
0.2000028779999969
0.20000288099999688
0.20000288499999688
0.20000288399999686
0.2000028779999969
0.2000028769999969
0.20000288099999688
0.20000288299999688
0.20000287999999689
0.20000288399999686
0.20000288599999685
0.20000288999999685
0.20000289199999688
0.20000289499999685
0.20000289799999685
0.20000289599999685
0.20000289999999687
0.20000290399999687
0.20000290799999687
0.20000291199999684
0.20000291499999684
0.20000291899999684
0.20000292299999683
0.20000292599999686
0.20000292999999683
0.20000293199999683
0.2000029289999968
0.20000293299999683
0.20000293699999686
0.2000029399999968
0.20000294399999682
0.20000294599999682
0.20000294999999685
0.20000294499999682
0.20000294699999682
0.20000295099999682
0.2000029549999968
0.2000029589999968
0.2000029629999968
0.2000029669999968
0.2000029699999968
0.20000297399999678
0.2000029779999968
0.2000029819999968
0.20000298299999678
0.20000298599999677
0.20000298899999677
0.2000029929999968
0.20000299699999682
0.20000299999999677
0.2000030039999968
0.2000030079999968
0.2000030119999968
0.20000301599999676
0.20000301999999678
0.20000302299999678
0.20000302199999678
0.20000301899999676
0.2000030089999968
0.20000301299999676
0.20000301199999676
0.20000301199999676
0.20000301599999676
0.20000301899999676
0.20000302299999675
0.20000302699999672
0.20000303099999675
0.20000303399999678
0.20000303699999677
0.20000303799999675
0.20000304199999674
0.20000304499999674
0.20000304899999674
0.20000305199999674
0.2000030559999967
0.20000305899999674
0.20000306099999673
0.20000306299999673
0.20000306599999673
0.2000030679999967
0.20000306699999673
0.20000306299999673
0.2000030619999967
0.20000306599999673
0.20000306999999673
0.2000030739999967
0.2000030759999967
0.20000307999999672
0.2000030839999967
0.2000030869999967
0.2000030909999967
0.20000309499999672
0.2000030989999967
0.2000030999999967
0.20000310199999669
0.2000031059999967
0.20000310499999668
0.20000309799999666
0.20000309599999666
0.20000309999999666
0.2000031039999967
0.20000310699999665
0.20000311099999668
0.20000311399999668
0.20000311699999668
0.20000312099999668
0.20000312499999665
0.20000312899999664
0.20000313299999667
0.20000313699999667
0.20000314099999664
0.20000314499999666
0.20000314899999666
0.20000315099999666
0.20000315099999666
0.20000315499999666
0.20000315899999666
0.20000315999999665
0.20000315799999663
0.20000316199999665
0.20000316299999663
0.20000316199999663
0.20000316599999662
0.20000316899999665
0.20000317299999665
0.20000317699999662
0.20000318099999664
0.20000318299999661
0.2000031869999966
0.2000031909999966
0.20000319399999664
0.2000031979999966
0.2000032009999966
0.2000032029999966
0.2000032069999966
0.2000032109999966
0.2000032149999966
0.2000032189999966
0.20000322299999662
0.20000322699999662
0.20000323099999662
0.20000322799999656
0.2000032319999966
0.20000323599999661
0.20000323999999658
0.20000324399999658
0.20000324799999658
0.2000032519999966
0.20000325599999658
0.20000325999999657
0.2000032639999966
0.20000325799999655
0.20000325399999655
0.20000325599999655
0.20000325999999655
0.20000326399999657
0.20000326699999657
0.20000326699999652
0.20000325999999655
0.20000325899999655
0.20000325399999655
0.20000325799999655
0.20000326199999655
0.20000326599999652
0.20000326999999654
0.2000032739999965
0.20000327799999656
0.20000328199999654
0.20000328099999654
0.20000328399999653
0.20000328799999653
0.20000329199999653
0.20000329599999653
0.20000329999999653
0.20000330399999652
0.20000330799999655
0.20000331099999652
0.20000331299999652
0.20000331699999652
0.20000331999999651
0.20000332199999651
0.20000332599999648
0.20000332599999648
0.20000331899999652
0.20000330899999652
0.2000033029999965
0.20000330499999652
0.20000330699999652
0.2000033099999965
0.2000033139999965
0.2000033179999965
0.20000332199999651
0.20000332599999648
0.20000332899999645
0.20000333299999648
0.20000333699999648
0.2000033409999965
0.20000334499999645
0.2000033489999965
0.20000335299999647
0.20000335599999647
0.20000335799999647
0.20000335899999647
0.20000336299999646
0.20000336699999646
0.20000337099999643
0.20000337499999646
0.20000337899999648
0.20000338099999646
0.20000338399999643
0.20000338699999645
0.20000338899999645
0.20000339299999648
0.20000339699999642
0.20000340099999642
0.20000340499999644
0.2000034089999964
0.20000341299999644
0.20000341699999644
0.20000341699999644
0.20000341599999644
0.20000341999999643
0.2000034239999964
0.2000034279999964
0.20000343199999646
0.20000343599999637
0.20000343899999637
0.20000344299999642
0.20000344699999642
0.2000034509999964
0.2000034539999964
0.2000034529999964
0.20000344699999642
0.2000034449999964
0.20000344699999642
0.2000034509999964
0.2000034549999964
0.2000034589999964
0.2000034609999964
0.20000346299999638
0.20000346699999638
0.20000346999999635
0.20000347399999638
0.2000034769999964
0.20000347999999638
0.20000348399999637
0.20000348599999637
0.20000348999999637
0.20000349399999634
0.20000349799999634
0.20000350199999636
0.2000035059999964
0.2000035059999964
0.20000350599999636
0.20000350999999633
0.20000351399999636
0.20000351799999636
0.20000352199999633
0.20000352599999632
0.20000352899999632
0.20000353299999635
0.20000353199999635
0.20000353399999635
0.20000352899999635
0.20000352499999632
0.20000352799999632
0.20000352799999632
0.20000353199999632
0.20000353599999632
0.20000353999999632
0.20000354299999634
0.20000354699999634
0.20000354899999634
0.2000035529999963
0.2000035569999963
0.2000035609999963
0.2000035639999963
0.2000035679999963
0.2000035719999963
0.20000357599999632
0.2000035799999963
0.2000035839999963
0.2000035879999963
0.20000359199999632
0.20000359599999631
0.20000359799999626
0.2000036019999963
0.2000036029999963
0.2000035999999963
0.20000360399999628
0.20000360299999626
0.20000359999999628
0.2000036039999963
0.20000360599999628
0.2000036049999963
0.20000360499999628
0.20000360799999628
0.20000361199999625
0.20000361599999625
0.20000361899999627
0.20000362299999624
0.20000362699999624
0.20000362899999627
0.20000363299999627
0.20000363699999626
0.20000364099999626
0.20000364299999626
0.20000364699999626
0.20000364999999623
0.20000365199999623
0.20000364999999623
0.20000363399999624
0.20000362599999624
0.20000362499999622
0.20000362899999624
0.20000362799999621
0.20000362799999621
0.2000036319999962
0.2000036359999962
0.2000036399999962
0.20000364199999623
0.2000036459999962
0.2000036499999962
0.2000036539999962
0.20000365799999623
0.20000366199999622
0.2000036659999962
0.2000036659999962
0.2000036699999962
0.2000036739999962
0.20000367699999624
0.20000367999999616
0.20000368399999618
0.20000368599999616
0.2000036899999962
0.20000369299999618
0.20000369699999618
0.20000369999999618
0.20000370399999617
0.20000370799999614
0.20000371099999617
0.20000371499999617
0.2000037189999962
0.20000372299999616
0.20000372599999616
0.20000372699999616
0.20000373099999616
0.20000373499999613
0.20000373499999616
0.20000373099999616
0.20000371599999614
0.20000371199999614
0.20000371599999617
0.2000037199999961
0.20000372399999614
0.20000372699999616
0.20000373099999616
0.20000373499999613
0.20000373799999613
0.20000374199999613
0.20000374499999615
0.20000374799999612
0.20000375199999612
0.20000375599999615
0.20000375899999615
0.20000376299999612
0.20000376499999611
0.2000037689999961
0.2000037729999961
0.2000037709999961
0.2000037749999961
0.20000377899999608
0.2000037809999961
0.20000378399999613
0.2000037879999961
0.20000379099999607
0.2000037909999961
0.2000037929999961
0.2000037969999961
0.2000038009999961
0.20000380499999607
0.20000380899999606
0.2000038129999961
0.2000038169999961
0.20000381999999609
0.20000382299999608
0.20000382699999608
0.20000383099999608
0.20000383499999605
0.20000383799999605
0.20000384199999607
0.2000038459999961
0.20000384899999607
0.20000384999999607
0.20000385099999607
0.20000384699999602
0.20000385099999607
0.20000385499999607
0.20000385799999607
0.20000385699999607
0.20000386099999606
0.20000386499999603
0.20000386899999606
0.20000387099999603
0.20000387399999606
0.20000387499999606
0.20000387799999603
0.20000388099999603
0.20000388499999602
0.20000388899999605
0.20000388799999602
0.20000388699999605
0.20000389099999602
0.20000389499999602
0.20000389599999602
0.20000389799999602
0.20000389999999602
0.20000390399999599
0.20000390699999598
0.200003907999996
0.200003908999996
0.200003912999996
0.200003913999996
0.200003916999996
0.200003920999996
0.20000392399999598
0.200003927999996
0.20000393199999597
0.20000393199999597
0.20000393499999597
0.20000393599999597
0.20000393699999597
0.20000393499999597
0.20000393299999594
0.20000393299999597
0.200003929999996
0.20000393399999597
0.20000393799999597
0.20000393999999597
0.20000394099999597
0.20000394499999596
0.20000394699999594
0.20000394899999593
0.20000395299999596
0.20000395499999596
0.20000395599999593
0.20000395999999593
0.20000396299999595
0.20000396099999596
0.20000396199999593
0.20000396599999595
0.20000396999999595
0.20000396299999593
0.20000395499999593
0.20000395199999593
0.20000395599999593
0.20000395599999593
0.20000395899999593
0.2000039629999959
0.2000039659999959
0.20000396999999592
0.20000397399999595
0.20000397799999592
0.20000398199999592
0.20000398599999591
0.20000398999999588
0.2000039919999959
0.2000039959999959
0.2000039999999959
0.2000040019999959
0.20000400099999588
0.2000040039999959
0.2000040079999959
0.2000040109999959
0.2000040149999959
0.20000401899999587
0.20000402299999587
0.20000402499999587
0.2000040289999959
0.20000403199999586
0.2000040359999959
0.2000040399999959
0.20000404399999588
0.20000404799999585
0.20000405199999588
0.20000405199999588
0.20000405599999588
0.20000405799999588
0.20000406099999585
0.20000406399999585
0.20000406799999584
0.20000407199999587
0.20000407599999584
0.20000407899999584
0.20000408199999584
0.20000408599999583
0.20000408999999586
0.20000409399999583
0.20000409799999586
0.20000410199999583
0.20000410599999582
0.20000410999999582
0.20000411399999585
0.20000411799999582
0.20000412099999584
0.20000412199999582
0.2000041249999958
0.20000412899999584
0.2000041329999958
0.2000041359999958
0.2000041399999958
0.20000414399999583
0.2000041479999958
0.20000414999999577
0.20000415099999577
0.20000415399999583
0.20000415799999582
0.2000041609999958
0.2000041639999958
0.2000041679999958
0.20000417199999582
0.2000041759999958
0.20000417899999579
0.20000418099999578
0.20000418499999578
0.20000418899999575
0.20000419299999578
0.20000419699999578
0.20000419499999578
0.20000419399999578
0.20000419799999578
0.20000419999999577
0.20000420399999574
0.20000420699999574
0.20000420799999574
0.2000042109999958
0.2000042149999958
0.20000421899999574
0.20000421699999574
0.20000421799999576
0.20000422099999576
0.20000422399999576
0.20000422699999576
0.20000423099999573
0.20000423399999573
0.20000423099999573
0.20000422699999576
0.20000421999999576
0.20000422399999576
0.2000042189999957
0.20000422199999573
0.20000422499999576
0.20000422899999576
0.2000042329999957
0.20000423699999573
0.20000424099999575
0.20000424499999572
0.2000042489999957
0.20000425299999572
0.20000425699999572
0.20000426099999571
0.2000042649999957
0.2000042689999957
0.20000427199999568
0.2000042689999957
0.20000427299999568
0.20000427699999568
0.20000428099999568
0.2000042839999957
0.20000428799999564
0.2000042909999957
0.2000042949999957
0.2000042989999957
0.20000430299999566
0.20000430699999566
0.2000043109999957
0.20000431499999566
0.20000431699999566
0.20000431999999568
0.20000432099999566
0.20000432499999568
0.20000432699999568
0.20000432999999565
0.20000433299999565
0.20000433699999565
0.20000434099999564
0.20000434399999562
0.20000434699999567
0.20000434699999567
0.20000434999999567
0.20000435399999567
0.20000435799999564
0.20000436199999566
0.20000436599999563
0.20000436999999566
0.20000437399999563
0.20000437799999563
0.20000438199999562
0.20000438499999565
0.20000438899999562
0.20000439299999562
0.20000439599999562
0.20000439999999559
0.20000440399999564
0.20000440799999564
0.2000044079999956
0.20000441199999563
0.20000441399999563
0.2000044179999956
0.2000044219999956
0.2000044259999956
0.2000044299999956
0.20000443399999562
0.2000044379999956
0.20000444199999562
0.2000044459999956
0.20000444999999561
0.20000445299999559
0.20000445699999558
0.20000446099999558
0.20000446499999558
0.20000446699999558
0.20000447099999555
0.20000447499999557
0.20000447899999557
0.20000448299999557
0.20000448699999554
0.20000449099999554
0.2000044929999956
0.20000449699999556
0.20000449999999556
0.20000450099999556
0.20000450499999556
0.20000450899999556
0.20000451199999555
0.20000451599999555
0.20000451899999555
0.20000452299999555
0.20000452599999555
0.20000452899999552
0.20000453299999554
0.20000453699999554
0.20000453999999554
0.20000454399999554
0.20000454799999554
0.2000045519999955
0.20000455499999553
0.20000455899999553
0.20000456199999553
0.20000456599999553
0.20000456899999552
0.2000045729999955
0.2000045769999955
0.2000045809999955
0.20000458499999552
0.20000458899999551
0.2000045899999955
0.20000458399999552
0.2000045799999955
0.20000458099999552
0.2000045849999955
0.2000045879999955
0.20000458999999549
0.20000459299999548
0.2000045959999955
0.20000459699999548
0.20000459099999546
0.2000045869999955
0.20000459099999546
0.20000459399999546
0.2000045979999955
0.20000460199999548
0.20000460299999548
0.20000460399999548
0.20000460799999548
0.20000461199999547
0.20000461599999544
0.20000461999999544
0.20000462399999547
0.20000462799999544
0.20000463199999546
0.20000463399999546
0.20000463799999546
0.20000463599999546
0.20000463399999546
0.20000463699999543
0.20000464099999543
0.20000464499999543
0.20000464799999543
0.20000464999999543
0.20000465399999542
0.20000465799999545
0.20000465499999545
0.20000465199999543
0.20000464499999543
0.2000046409999954
0.20000464499999543
0.20000464899999543
0.20000465299999542
0.2000046559999954
0.20000465899999542
0.2000046629999954
0.2000046619999954
0.20000466299999542
0.20000466699999542
0.20000466899999542
0.20000467299999541
0.2000046769999954
0.2000046809999954
0.20000468499999538
0.20000468899999538
0.20000469299999538
0.2000046969999954
0.20000470099999537
0.2000047049999954
0.2000047089999954
0.2000047109999954
0.20000471199999537
0.20000471599999536
0.20000471799999536
0.2000047219999954
0.20000472599999536
0.20000472999999536
0.20000473399999538
0.20000473699999538
0.20000473999999538
0.20000474199999535
0.20000474399999535
0.20000474499999535
0.20000474799999535
0.20000474999999535
0.20000475299999537
0.20000475699999531
0.2000047609999953
0.20000476499999537
0.20000476899999534
0.20000477299999533
0.20000477299999533
0.20000475299999534
0.20000474799999535
0.20000475099999535
0.20000474999999535
0.20000475299999534
0.20000475699999531
0.20000476099999534
0.2000047649999953
0.2000047689999953
0.20000477299999533
0.2000047749999953
0.2000047619999953
0.20000475599999532
0.20000475199999532
0.2000047549999953
0.20000475299999532
0.2000047449999953
0.2000047449999953
0.2000047489999953
0.2000047519999953
0.2000047459999953
0.2000047379999953
0.20000473399999527
0.20000473799999527
0.20000473699999527
0.20000472999999527
0.20000473299999527
0.20000473599999527
0.2000047339999953
0.20000473299999527
0.20000473699999527
0.20000474099999524
0.20000474499999527
0.2000047489999953
0.2000047529999953
0.20000475699999526
0.20000475799999526
0.20000476099999526
0.20000476399999526
0.20000476499999525
0.20000476899999522
0.20000477299999525
0.20000477699999528
0.20000478099999525
0.20000478499999524
0.20000478899999524
0.20000478899999524
0.20000478899999521
0.20000479299999524
0.20000479699999524
0.2000048009999952
0.2000048039999952
0.20000480799999523
0.2000048109999952
0.20000480699999523
0.2000048039999952
0.2000048049999952
0.20000480899999523
0.2000048129999952
0.20000481699999523
0.20000481999999523
0.20000482199999522
0.20000481499999517
0.20000481299999517
0.2000048169999952
0.20000482099999523
0.2000048249999952
0.20000482599999517
0.20000482899999517
0.2000048329999952
0.2000048359999952
0.20000483399999516
0.20000483199999516
0.20000482399999517
0.20000482699999517
0.20000483099999516
0.20000483499999516
0.2000048389999952
0.20000484299999519
0.20000484699999516
0.20000484799999516
0.20000484999999515
0.20000485399999515
0.20000485799999515
0.20000486199999515
0.20000486599999517
0.20000486899999514
0.20000487299999514
0.20000487699999514
0.20000488099999514
0.20000488499999514
0.20000488899999516
0.20000488999999513
0.20000488799999513
0.20000489199999516
0.20000489599999513
0.20000489999999513
0.20000490399999513
0.20000490799999512
0.2000049119999951
0.20000491599999512
0.20000491299999512
0.20000491499999512
0.20000491899999515
0.20000492299999514
0.20000492699999511
0.2000049309999951
0.2000049339999951
0.20000493799999508
0.20000494199999508
0.2000049459999951
0.2000049499999951
0.20000495399999507
0.2000049579999951
0.2000049619999951
0.20000496599999507
0.2000049679999951
0.2000049689999951
0.20000497199999506
0.2000049759999951
0.2000049769999951
0.20000497599999512
0.20000497999999506
0.20000498399999508
0.20000498799999508
0.20000499199999508
0.20000499599999505
0.20000499699999505
0.20000499799999505
0.20000499399999508
0.20000499599999505
0.20000499999999505
0.20000500399999505
0.2000050079999951
0.20000501199999504
0.20000501599999504
0.20000501899999504
0.20000502299999504
0.20000502699999503
0.20000503099999503
0.20000503499999503
0.20000503899999503
0.20000504099999503
0.20000504499999502
0.20000504899999505
0.20000505299999502
0.20000505699999502
0.20000505999999502
0.20000505999999502
0.20000505899999502
0.20000506299999501
0.200005066999995
0.200005070999995
0.20000507499999504
0.20000507899999503
0.200005082999995
0.200005086999995
0.20000509099999503
0.200005086999995
0.20000507899999495
0.20000507699999498
0.20000506099999502
0.200005048999995
0.200005048999995
0.20000505299999496
0.200005056999995
0.200005060999995
0.200005062999995
0.20000506699999496
0.20000506999999498
0.20000506899999496
0.20000505599999496
0.200005059999995
0.200005063999995
0.20000506799999498
0.20000507199999495
0.20000507599999498
0.20000507599999498
0.20000506999999493
0.20000507399999495
0.20000507799999498
0.20000508199999495
0.20000508599999495
0.20000508899999495
0.20000509299999492
0.20000509599999494
0.20000509699999494
0.20000508899999495
0.20000507999999492
0.20000508399999492
0.20000508799999495
0.2000050819999949
0.2000050829999949
0.20000508699999495
0.20000509099999494
0.20000509499999491
0.2000050989999949
0.20000510299999494
0.20000510699999496
0.2000051109999949
0.2000051149999949
0.20000511899999493
0.2000051229999949
0.2000051269999949
0.2000051299999949
0.20000513299999492
0.20000513399999492
0.2000051359999949
0.2000051399999949
0.20000514399999492
0.20000514799999491
0.20000515199999488
0.20000515599999488
0.20000515999999488
0.20000516399999488
0.20000516799999488
0.20000517199999487
0.2000051759999949
0.20000517999999487
0.20000518399999487
0.20000518799999487
0.2000051919999949
0.2000051959999949
0.20000519999999486
0.20000520399999488
0.20000520799999486
0.20000521199999485
0.20000521599999485
0.20000521999999488
0.20000522399999485
0.20000522799999487
0.20000522699999487
0.20000521999999485
0.20000522299999485
0.20000522599999485
0.20000522899999482
0.20000523299999484
0.20000523699999484
0.20000523699999484
0.2000052369999948
0.20000524099999484
0.20000524499999484
0.20000524599999484
0.2000052489999948
0.2000052529999948
0.20000525699999483
0.20000526099999483
0.2000052649999948
0.2000052689999948
0.20000527299999482
0.20000527699999482
0.2000052799999948
0.2000052839999948
0.2000052879999948
0.2000052919999948
0.20000529599999478
0.2000052999999948
0.2000053039999948
0.20000530699999478
0.20000530999999477
0.20000531399999477
0.20000531799999482
0.2000053219999948
0.20000532599999477
0.2000053279999948
0.2000053309999948
0.20000533499999476
0.20000533499999476
0.20000533599999476
0.20000533999999479
0.20000533999999476
0.20000533699999476
0.20000533999999476
0.20000534399999478
0.20000534799999475
0.20000535199999475
0.20000535299999475
0.20000535699999475
0.20000535499999478
0.20000535699999475

Avalanche_Distribution:
1
1
15
1
1
1
2
3
4
1
1
40
1
15
9
1
11
1
1
29
1
1
22
108
12
10
1
5
1
4
3
1
5
2
12
11
1
4
2
1
3
4
31
1
9
7
5
11
4
4
5
6
1
1
1
12
1
12
1
10
2
88
2
3
1
1
1
2
2
4
1
4
10
7
1
1
48
1
5
2
1
17
3
1
2
2
1
8
1
47
15
2
3
1
5
1
2
1
5
1
1
10
1
7
1
114
26
1
2
13
1
11
11
2
5
1
2
2
12
1
3
4
3
1
5
8
1
5
1
1
1
1
3
1
1
17
2
37
2
2
1
15
6
1
1
5
1
32
93
1
1
2
5
25
1
1
7
1
12
1
1
46
22
7
1
1
2
5
1
72
27
2
10
2
1
1
1
9
1
3
42
5
14
16
3
2
22
1
2
7
13
10
1
1
1
4
2
17
2
1
2
2
1
9
1
1
2
1
52
1
54
17
1
1
1
4
2
1
7
1
5
12
11
28
15
1
2
5
10
2
1
3
1
1
2
32
2
1
1
1
2
1
2
3
1
13
19
2
40
1
1
8
1
4
53
98
1
2
1
3
1
3
3
1
2
9
8
1
1
1
2
2
94
1
2
1
20
4
1
1
15
2
4
1
2
7
5
1
1
2
1
12
2
1
9
12
1
29
1
2
10
18
2
1
3
11
9
3
1
1
6
2
3
3
1
1
2
23
8
3
1
29
5
10
1
1
8
1
1
22
18
1
1
1
16
1
4
1
8
3
32
8
13
4
1
4
12
1
1
3
2
1
2
1
3
3
1
7
2
2
2
5
2
3
2
9
1
4
3
1
1
1
3
1
1
6
4
4
2
1
2
5
2
1
2
3
1
2
8
3
2
3
1
1
10
4
3
3
11
4
9
5
6
1
20
16
3
1
20
1
8
2
2
1
7
1
1
9
1
2
11
1
4
1
1
13
14
8
1
1
1
4
1
1
3
2
3
18
2
1
3
2
22
1
2
6
9
8
1
2
1
1
2
7
20
1
29
5
1
1
2
2
1
39
2
2
1
1
1
5
1
2
1
2
9
1
22
2
2
2
1
2
2
8
1
7
18
4
1
1
1
1
2
10
12
11
1
1
2
2
2
1
43
9
2
4
2
1
1
1
1
1
4
4
35
1
1
1
1
1
2
6
3
5
2
1
1
1
1
4
10
6
2
4
1
1
10
3
1
3
1
6
4
1
4
1
4
14
11
2
3
4
5
10
30
5
1
2
2
5
1
1
2
1
4
2
1
1
1
1
1
4
1
2
4
1
1
3
11
2
1
1
3
9
1
2
27
10
1
8
1
1
2
4
3
1
1
5
1
1
1
4
1
1
1
2
2
1
3
1
1
2
1
1
1
1
24
1
3
1
21
1
3
3
2
13
1
2
33
1
1
8
2
1
4
2
1
1
3
1
3
3
1
1
36
6
1
37
23
31
16
2
11
4
4
8
1
19
2
18
4
13
13
5
1
3
6
9
1
5
1
8
3
13
1
2
10
66
2
1
22
4
10
1
1
28
13
1
1
3
2
17
1
1
1
7
4
1
1
1
2
1
7
11
1
3
8
