
Branching_global:
3.997000000000001e-09
3.8523099999999967e-07
7.250769999999981e-07
1.0448960000000017e-06
1.3215730000000081e-06
1.5563070000000106e-06
1.7563820000000033e-06
2.002085999999997e-06
2.1959879999999914e-06
2.418411999999986e-06
2.523848999999989e-06
2.6875889999999985e-06
2.8142130000000087e-06
2.8649520000000187e-06
3.0575270000000284e-06
3.2987470000000403e-06
3.4253650000000474e-06
3.6319070000000583e-06
3.796174000000065e-06
3.8551150000000745e-06
4.053716000000084e-06
4.053956000000096e-06
4.161864000000114e-06
4.2054370000001245e-06
4.419368000000143e-06
4.471127000000147e-06
4.587728000000166e-06
4.713963000000175e-06
4.774921000000187e-06
4.868312000000192e-06
4.880692000000204e-06
5.153635000000223e-06
5.251859000000239e-06
5.212998000000246e-06
5.382269000000269e-06
5.430905000000282e-06
5.467165000000289e-06
5.5796850000003e-06
5.627201000000313e-06
5.768985000000321e-06
5.773306000000326e-06
5.833500000000344e-06
5.969244000000358e-06
5.926271000000358e-06
6.183060000000377e-06
6.205521000000382e-06
6.308052000000386e-06
6.377702000000405e-06
6.343372000000418e-06
6.431719000000421e-06
6.479866000000412e-06
6.569550000000431e-06
6.892607000000426e-06
6.805355000000429e-06
6.817082000000439e-06
6.964074000000431e-06
6.982021000000449e-06
7.1271600000004395e-06
7.1349740000004405e-06
7.384006000000444e-06
7.177703000000424e-06
7.37195900000045e-06
7.4120260000004504e-06
7.490653000000418e-06
7.487114000000439e-06
7.746707000000419e-06
7.549589000000445e-06
7.808163000000408e-06
7.763715000000438e-06
7.828322000000448e-06
7.962708000000414e-06
8.101929000000438e-06
8.053643000000406e-06
8.066118000000433e-06
8.058744000000417e-06
8.02492800000042e-06
8.1786220000004e-06
8.173761000000372e-06
8.332568000000384e-06
8.37195700000038e-06
8.506017000000372e-06
8.443426000000348e-06
8.664565000000321e-06
8.96524000000029e-06
8.76714500000031e-06
8.781933000000315e-06
8.571057000000292e-06
8.721873000000264e-06
8.831550000000248e-06
9.101279000000232e-06
8.919471000000251e-06
9.165256000000208e-06
9.342530000000172e-06
9.200754000000179e-06
9.46195900000013e-06
9.423138000000117e-06
9.332071000000146e-06
9.485132000000103e-06
9.660883000000093e-06
9.836997000000087e-06

Autocorrelation:
-5.1712399865655326e-05
-6.770745353364508e-05
-7.073642570508526e-05
-7.261323984434481e-05
-7.387331450899792e-05
-7.477644729993921e-05
-7.545885845217226e-05
-7.621183919092262e-05
-7.675257698435985e-05
-7.732517119456877e-05
-7.75811714994864e-05
-7.79613661043207e-05
-7.824219268943392e-05
-7.835173669271944e-05
-7.87531539912818e-05
-7.922694869813404e-05
-7.946407822009163e-05
-7.98355215601651e-05
-8.011846739266042e-05
-8.021748744880377e-05
-8.054203781999684e-05
-8.054242187406066e-05
-8.071319791339918e-05
-8.078110581958352e-05
-8.110619862831743e-05
-8.118286647504504e-05
-8.135289443305834e-05
-8.153293925862275e-05
-8.161844060116486e-05
-8.174767843202023e-05
-8.176465428705566e-05
-8.213007120918406e-05
-8.225761994171712e-05
-8.220739728256647e-05
-8.242391914931404e-05
-8.248507897487252e-05
-8.25303790622047e-05
-8.266937264949089e-05
-8.272736642171793e-05
-8.289801923540327e-05
-8.290316485322276e-05
-8.297451423203111e-05
-8.31331882999212e-05
-8.308328463931034e-05
-8.337712533823588e-05
-8.340234058083431e-05
-8.351648745826183e-05
-8.359314980425973e-05
-8.355545108879603e-05
-8.365212660457676e-05
-8.370434778501442e-05
-8.380076547668484e-05
-8.41392388051059e-05
-8.404914660561309e-05
-8.406131103347413e-05
-8.421232821114068e-05
-8.42305846038127e-05
-8.437680924019718e-05
-8.438461122833343e-05
-8.462961753972928e-05
-8.442714937106468e-05
-8.461792453478737e-05
-8.465675301104746e-05
-8.473244549059259e-05
-8.472905278958035e-05
-8.49744541136852e-05
-8.478875036923235e-05
-8.503154918690658e-05
-8.499029273995615e-05
-8.505019646730271e-05
-8.517349668616008e-05
-8.529942554977027e-05
-8.525595441204157e-05
-8.526720612882085e-05
-8.526055696013224e-05
-8.523000012879495e-05
-8.536803140910745e-05
-8.536369886422099e-05
-8.550414925630816e-05
-8.55386414775953e-05
-8.565503619817467e-05
-8.560088356492953e-05
-8.579074606947495e-05
-8.604255763658972e-05
-8.58774576964856e-05
-8.588988870761431e-05
-8.571095893595484e-05
-8.583929311241919e-05
-8.593147121651279e-05
-8.61541968845922e-05
-8.600468235692288e-05
-8.620622217597004e-05
-8.634882525392608e-05
-8.623495918607074e-05
-8.64436394946836e-05
-8.641292878346677e-05
-8.634047422984897e-05
-8.646192166961434e-05
-8.659938957615203e-05
-8.673508272558325e-05

Average_Activity:
0.25
1.25
2.0
2.0
1.0
0.5
1.25
0.75
0.25
1.5
1.0
1.0
1.0
1.25
1.0
1.5
0.5
1.5
1.0
0.0
1.75
0.75
0.5
0.5
1.25
0.75
0.25
0.75
1.75
1.5
0.75
0.5
0.75
0.5
1.75
1.25
1.25
1.25
1.25
0.5
0.75
1.5
1.5
1.25
0.75
0.5
1.25
0.75
0.25
1.0
1.25
1.5
0.75
0.25
1.25
1.0
1.25
0.25
1.25
0.75
0.75
1.25
1.75
1.0
0.75
1.0
1.25
0.5
0.75
1.0
0.5
0.75
0.5
1.5
0.25
0.75
1.0
1.5
1.25
1.25
0.5
0.25
0.5
1.0
1.0
1.5
0.5
0.25
1.5
0.25
1.5
0.25
1.75
1.75
0.5
1.25
0.75
0.75
2.0
1.5
1.25
1.25
1.0
1.5
0.5
1.0
0.5
0.75
1.0
1.0
1.75
1.25
1.75
0.25
0.75
1.25
0.5
1.75
1.5
1.5
1.25
1.75
1.5
0.75
1.5
0.5
1.25
0.25
1.0
0.5
1.5
1.0
1.5
1.25
1.0
0.5
0.75
1.5
0.75
0.25
1.75
0.5
0.75
1.0
1.5
2.0
1.0
0.5
1.25
2.0
1.0
1.0
1.75
1.5
1.75
1.5
1.5
1.25
0.5
0.5
1.0
1.0
0.25
1.75
0.75
1.5
0.75
1.0
1.0
1.0
0.75
1.25
0.5
0.75
0.25
1.0
0.75
0.75
0.25
1.0
1.25
1.75
1.0
1.25
0.75
0.25
1.25
0.75
1.25
1.25
0.0
1.5
0.5
1.0
1.25
1.25
1.25
0.5
1.0
0.5
0.25
0.75
1.25
0.5
0.25
1.75
1.5
1.25
0.75
0.25
1.25
1.25
1.0
1.0
0.25
1.25
0.5
1.25
0.75
1.0
0.75
0.75
1.25
0.75
0.75
0.75
1.5
0.25
1.0
0.75
0.75
1.5
2.75
0.5
0.25
0.75
1.25
1.25
1.0
1.0
0.75
2.0
1.25
1.25
0.5
0.0
2.25
1.25
1.25
1.5
1.25
1.25
1.0
0.5
1.5
1.25
1.75
0.5
1.75
0.25
1.0
1.0
0.75
1.0
0.75
1.75
1.0
1.0
1.5
0.75
1.25
1.25
1.25
2.0
0.25
1.5
0.75
1.0
2.25
0.5
0.75
0.5
0.5
0.5
1.5
1.25
2.25
1.0
2.0
1.0
0.75
0.75
0.75
0.5
0.75
1.75
0.75
1.0
1.0
1.25
1.25
1.25
0.5
2.5
1.0
2.0
0.5
1.5
0.5
1.0
0.5
1.75
0.75
0.75
1.0
0.75
1.5
1.75
1.25
1.5
1.25
1.0
1.0
2.0
1.0
1.25
0.75
2.25
0.75
1.0
1.0
1.0
1.0
1.0
1.0
0.25
0.5
1.25
1.5
0.75
1.5
1.0
0.25
0.75
0.75
0.5
1.0
0.75
0.25
1.25
0.5
2.5
1.0
1.25
1.0
1.5
1.0
0.5
1.25
1.0
0.75
0.5
0.5
0.75
1.25
0.25
0.5
0.5
1.25
1.75
1.75
0.5
0.75
0.5
0.5
1.0
0.0
1.0
0.25
0.5
0.5
0.0
0.75
1.5
0.75
0.0
0.5
1.0
0.75
0.75
1.5
0.5
1.5
0.25
0.0
0.5
1.0
0.75
0.5
1.25
1.5
1.0
0.25
0.75
0.75
1.0
0.75
0.25
0.25
0.75
1.25
0.75
0.75
1.0
1.25
0.75
0.75
0.75
1.25
1.25
0.25
1.25
0.75
0.25
1.0
2.0
0.5
1.75
1.0
1.0
1.0
1.25
1.25
0.75
1.5
0.75
0.5
0.0
1.25
1.25
0.5
0.75
1.0
0.5
1.5
1.0
1.0
1.25
1.0
0.25
0.75
0.75
0.5
1.0
0.75
1.5
0.75
1.25
0.75
2.0
1.0
0.75
1.75
1.0
0.5
1.75
1.5
1.25
1.5
1.0
0.75
1.25
1.5
0.75
0.75
0.5
1.0
2.0
1.0
1.0
1.0
1.0
0.25
1.5
0.5
0.25
1.25
0.75
0.5
0.75
1.0
1.0
0.75
1.0
2.25
0.75
0.75
0.25
1.5
0.5
0.75
0.75
0.25
1.0
1.25
1.5
0.75
1.5
0.5
1.25
1.0
1.0
0.5
1.5
0.25
0.75
0.25
0.75
1.25
0.75
1.5
1.75
0.25
2.5
1.5
0.75
1.0
3.0
0.25
1.25
0.5
0.75
1.75
0.75
0.25
1.5
0.0
0.0
1.5
0.75
1.25
1.25
1.0
1.0
1.5
1.0
1.0
2.25
1.25
1.5
1.25
1.5
0.75
0.5
1.25
1.75
0.25
0.0
1.25
3.0
1.0
0.5
1.5
0.5
1.0
0.5
0.75
2.25
1.0
0.75
0.25
1.25
1.0
0.0
0.75
1.0
0.25
1.0
1.25
1.5
0.0
0.25
2.0
0.75
1.0
1.0
1.0
1.0
1.25
2.5
0.75
0.25
0.5
1.25
2.25
1.5
1.0
1.0
0.75
0.75
0.5
1.25
0.25
1.25
1.75
1.25
1.0
1.0
1.5
0.75
0.5
0.75
0.0
1.0
0.5
0.25
0.25
1.25
1.75
0.25
0.75
0.5
1.0
1.5
0.5
1.0
1.0
1.25
1.0
0.5
1.25
1.25
1.25
0.75
1.25
0.75
1.0
2.0
0.75
1.0
0.75
0.75
1.0
0.75
0.75
0.75
0.75
1.5
0.75
1.25
1.0
0.75
1.25
0.25
0.75
0.75
1.5
0.5
1.0
0.5
0.25
0.75
1.75
1.5
0.75
1.0
0.75
0.5
1.5
1.25
0.25
1.5
1.25
1.25
1.0
2.5
0.5
2.25
2.25
0.75
1.0
0.5
0.75
0.75
1.25
0.5
0.75
1.5
0.5
1.25
0.25
0.25
0.75
0.75
0.75
1.0
2.0
0.75
1.0
1.25
1.25
1.75
0.5
1.25
1.25
0.75
0.75
1.25
1.0
1.25
0.5
2.25
1.0
0.75
0.75
2.0
0.75
1.0
2.0
0.75
0.25
1.75
0.75
1.25
1.0
0.5
1.25
1.75
1.0
1.5
1.25
0.5
0.25
1.25
0.0
1.0
0.75
1.0
1.25
0.75
0.25
0.75
0.5
1.0
1.0
1.25
1.75
1.25
1.5
0.75
1.5
1.25
1.25
0.5
1.25
2.25
0.25
0.5
0.5
1.0
0.75
0.75
0.25
1.25
1.0
1.0
0.5
0.25
1.0
0.75
0.5
1.0
0.5
0.25
1.25
0.25
0.5
1.75
0.5
0.5
0.75
0.75
0.5
1.0
1.0
2.0
0.75
0.75
1.75
0.75
1.75
1.5
1.25
0.25
1.25
1.5
1.0
1.25
2.0
0.5
1.0
1.25
1.5
0.5
1.25
0.5
0.75
1.0
1.5
2.0
1.25
1.0
1.0
0.5
1.25
1.25
1.75
0.5
0.75
1.75
0.5
0.75
0.25
0.75
1.5
1.25
1.5
0.5
0.5
0.75
0.75
2.0
0.5
2.0
1.0
0.75
1.5
0.5
1.0
0.75
1.25
0.75
1.25
0.5
0.25
1.25
1.5
0.75
0.5
1.0
1.5
0.5
1.75
1.0
0.25
0.25
0.75
1.25
1.75
0.75
1.5
2.25
0.75
1.0
0.75
1.75
1.75
1.25
0.75
0.25
1.0
1.75
1.5
0.75
1.5
0.75
0.25
1.5
1.25
2.0
1.0
1.0
0.5
0.75
0.25
1.0
1.0
0.75
1.25
1.0
0.75
0.5
1.25
0.5
1.25
0.25
1.75
0.75
0.5
0.75
0.75
1.25
1.5
0.25
2.0
1.25
0.75
1.5
1.5
0.5
1.25
1.75
0.75
1.5
1.75
0.5
1.25
0.5
1.0
1.25
0.5
1.0
0.0
0.0
1.25
1.0
1.0
0.75
1.25
0.75
1.25
1.25
1.5
1.25
1.25
1.25
0.5
1.25
1.0
1.5
1.0
1.75
1.0
0.0
1.25
0.5
0.25
1.25
1.5
0.75
1.0
0.5
1.25
1.0
1.25
1.25
0.0
0.75
1.25
1.75
1.0
0.75
0.5
0.25
0.5
1.25
0.5
1.0
1.75
3.0
1.25
0.5
1.25
0.5
1.25
1.0
1.0
0.75
0.75
1.5
1.25
1.0
1.0
1.25
1.25
0.5
0.5
1.75
1.0
0.75
0.75
1.25
1.5
1.0
0.25
0.5
1.0
0.25
0.5
2.5
0.0
0.75
1.25
0.75
2.0
1.0
1.0
0.75
1.0
0.25
1.75
1.0
1.0
0.75
0.0
1.0
1.0
1.75
1.25
1.25
1.5
0.75
1.0
1.0
1.5
1.25
0.75
0.0
0.75
1.0
1.5
2.0
1.25
0.5
1.25
0.5
1.25
1.5
0.25
0.75
0.75
1.75
0.25
2.0
1.5
1.25
0.5
1.5
1.25
1.5
2.0
0.5
0.75
1.25
0.25
0.25
1.25
1.0
1.0
1.25
1.0
1.25
0.75
0.5
0.5
1.0
0.75
1.5
0.75
1.25
1.5
1.0
0.5
1.0
1.0
0.25
1.0
0.25
0.5
0.75
0.5
1.25
1.0
0.75
0.75
1.0
1.25
0.0
1.0
1.0
1.75
0.25
0.5
2.0
0.75
0.0
0.25
1.0
0.25
1.5
0.75
1.25
0.75
0.75
0.5
1.75
2.0
1.0
1.0
0.75
1.25
0.75
1.0
1.0
1.25
0.0
1.0
1.25
0.75
1.25
0.0
0.75
1.25
1.75
1.0
1.25
0.75
0.5
0.75
1.5
0.5
0.0
1.5
0.75
0.5
1.25
1.0
0.75
0.5
0.75
0.75
1.0
1.5
1.25
0.5
0.25
1.5
0.0
0.5
1.25
1.0
1.5
0.75
2.0
1.0
0.5
1.75
2.0
0.75
0.25
1.75
0.5
0.75
1.25
0.25
1.0
1.25
1.25
1.5
1.25
1.25
2.25
0.25
0.25
1.5
1.5
0.5
0.75
0.25
1.25
2.25
0.75
1.0
1.0
2.0
1.0
0.75
1.0
1.25
0.75
0.75
0.25
1.5
1.0
1.5
0.5
1.25
0.5
1.75
1.0
0.75
0.25
0.75
1.0
3.0
1.25
1.0
1.5
1.0
1.25
1.25
0.5
1.25
1.25
1.25
1.5
1.25
1.25
0.5
1.25
0.5
0.0
1.5
1.75
0.75
0.5
0.75
0.75
1.25
0.75
0.5
1.0
0.5
0.5
1.25
0.0
1.5
1.5
1.25
2.25
1.0
1.5
0.25
0.75
1.0
0.75
1.0
1.25
1.0
1.0
1.25
1.0
1.5
0.25
1.75
1.25
1.25
0.25
0.25
1.25
1.5
0.25
1.25
0.5
0.25
1.0
1.75
0.75
1.25
0.75
1.25
0.75
1.0
1.0
0.75
1.75
0.25
1.0
1.0
0.5
1.0
1.75
0.75
1.0
1.0
0.5
0.75
0.5
1.0
0.75
0.5
1.25
0.5
0.75
1.25
0.75
0.75
1.25
0.5
1.75
1.0
0.75
0.0
0.75
0.75
1.5
1.5
1.0
1.5
1.25
0.75
0.75
1.5
0.25
1.5
2.0
1.25
1.75
1.5
1.25
0.25
1.25
0.75
2.0
1.25
1.25
1.0
1.25
0.5
0.5
1.5
1.25
1.0
1.25
0.75
0.75
1.25
1.0
1.5
1.0
0.5
1.0
1.75
0.75
0.75
2.5
0.75
0.75
0.25
1.0
1.75
1.5
0.5
0.5
0.75
0.5
1.0
1.75
0.5
0.75
0.5
1.0
0.5
1.0
0.25
1.25
2.0
1.0
0.5
0.75
0.25
0.25
0.5
0.75
0.75
0.75
1.25
0.5
0.25
1.0
1.0
0.75
1.5
1.0
1.0
1.5
0.25
1.0
0.5
1.5
0.5
1.0
1.25
1.5
1.0
0.5
1.25
0.5
1.25
1.0
1.0
0.5
1.25
0.75
0.25
0.75
2.0
1.5
2.0
0.5
0.25
1.25
1.75
0.75
0.25
0.0
0.75
1.0
1.25
1.0
0.25
2.25
1.75
1.5
1.25
0.75
0.75
0.5
2.0
0.75
1.0
1.25
1.0
1.75
1.25
1.25
0.5
1.25
0.25
1.75
0.75
2.5
1.5
1.25
2.25
1.0
2.25
0.75
0.5
1.25
0.5
3.0
0.0
0.5
0.5
0.5
0.5
1.25
1.0
0.75
1.75
1.5
0.5
1.75
1.75
1.0
0.5
0.5
2.0
0.25
1.25
2.25
0.25
0.5
1.5
2.25
0.5
1.25
0.0
2.25
1.25
1.25
0.25
0.5
1.0
0.75
0.75
1.25
0.75
1.25
1.25
1.0
1.75
1.5
0.25
2.0
1.25
0.75
1.0
1.0
1.0
0.75
1.0
0.75
0.75
0.5
0.25
1.75
0.25
1.25
1.0
0.25
1.5
1.25
0.75
0.75
1.0
0.75
0.75
2.0
1.5
0.75
1.5
1.25
0.75
1.0
1.0
2.25
1.75
1.0
1.75
0.5
0.75
1.25
0.75
0.5
1.0
0.75
0.75
1.5
1.0
2.0
1.25
1.0
1.5
1.5
1.5
1.25
1.0
0.0
1.25
0.5
0.75
1.25
0.75
0.5
1.25
1.25
1.25
1.5
1.0
1.25
0.75
0.25
0.5
1.0
1.0
1.5
1.25
1.25
1.5
1.0
0.75
0.25
1.0
0.75
2.0
0.0
1.0
1.75
1.0
1.0
0.25
1.25
1.75
0.25
0.25
0.75
0.5
0.75
1.0
0.75
1.25
0.0
2.25
2.5
0.5
1.25
0.75
0.75
1.5
1.25
1.0
0.0
0.5
0.5
0.75
1.75
1.75
0.5
1.75
0.5
1.25
1.25
1.5
0.75
1.25
1.0
1.25
2.0
1.0
0.75
0.75
1.5
0.75
1.75
2.25
1.5
1.25
1.0
1.0
1.0
1.0
1.5
0.75
1.0
0.25
0.25
1.25
0.75
1.75
1.5
1.25
0.75
1.5
1.25
0.75
2.0
0.25
0.75
1.0
0.5
1.5
1.5
1.25
0.75
1.0
1.0
1.0
0.75
0.5
1.25
0.5
0.5
0.25
1.25
1.25
0.25
1.0
0.5
0.5
0.25
0.5
0.25
0.75
0.25
0.75
1.25
1.0
0.5
1.0
1.0
1.0
0.75
0.5
1.0
1.75
1.5
1.25
1.5
1.0
1.25
1.25
1.25
0.25
0.5
0.5
0.5
0.5
0.75
1.5
0.75
0.75
1.25
1.0
1.0
1.75
0.25
0.5
1.25
0.5
1.25
1.25
0.75
0.75
0.5
1.5
1.0
0.75
0.75
0.75
1.25
0.5
2.0
1.0
0.5
1.0
1.0
0.75
1.75
0.5
0.0
0.75
0.25
1.25
1.25
1.75
0.5
1.25
1.0
0.5
1.0
1.0
0.5
1.75
1.0
0.75
1.0
1.75
0.0
2.0
1.75
1.0
2.0
1.25
0.5
1.25
0.5
1.25
1.0
0.75
1.75
1.5
1.0
0.75
0.75
0.5
0.5
0.75
0.25
1.0
0.75
0.75
0.25
1.0
1.0
0.75
2.0
1.75
0.5
1.25
0.25
0.75
0.5
0.5
1.5
1.0
1.25
1.0
0.5
0.5
0.5
1.25
1.75
0.0
0.75
1.25
0.25
0.25
1.5
0.5
0.75
1.0
0.5
0.5
0.75
1.5
1.5
1.25
0.5
0.5
0.75
2.75
1.75
0.5
0.5
0.75
0.75
1.25
0.75
1.0
0.75
0.75
2.25
1.0
1.0
0.5
2.25
0.75
1.5
1.0
0.5
1.5
1.5
1.5
1.0
1.5
1.25
1.5
1.5
0.5
1.0
1.0
1.0
0.75
0.75
1.0
1.25
0.5
2.0
0.5
1.25
0.75
1.5
0.5
1.75
2.25
1.5
1.25
1.0
1.25
1.5
1.75
1.0
1.25
2.25
1.25
1.25
1.75
0.75
0.25
1.25
1.5
2.0
1.25
1.25
1.5
2.0
2.0
0.5
1.0
1.0
1.5
0.25
0.75
0.5
1.25
0.0
1.25
0.5
0.75
0.75
1.75
0.75
0.75
1.0
1.75
1.0
0.75
1.25
1.0
1.0
1.5
1.5
0.25
0.5
1.0
1.25
1.0
1.0
1.75
0.25
1.25
0.75
0.5
0.5
1.25
0.5
1.25
1.25
0.25
0.5
0.5
0.75
1.0
0.75
1.0
0.5
0.75
0.75
1.5
1.5
0.5
1.0
2.0
1.25
1.25
0.5
1.0
2.25
1.0
1.25
1.0
0.75
0.75
0.5
1.0
0.75
1.5
1.0
1.25
1.0
0.25
0.5
1.25
0.5
1.25
1.0
0.75
0.5
0.75
0.25
1.0
1.25
1.0
2.25
1.0
0.75
1.25
1.0
2.25
0.25
0.5
0.5
1.0
1.0
1.25
0.5
1.0
1.0
1.5
1.75
0.75
0.75
0.75
0.5
0.75
2.25
1.25
0.75
0.25
1.0
0.75
1.75
1.5
1.0
0.5
1.0
0.25
1.75
1.25
0.25
0.0
1.0
1.25
1.5
1.25
0.75
1.25
1.5
1.5
1.0
0.75
0.75
1.25
1.25
1.0
1.25
1.5
0.75
0.75
1.0
1.75
0.5
1.25
1.5
0.0
0.25
1.0
1.0
0.5
1.0
0.5
1.0
1.0
0.75
1.25
1.25
0.5
1.25
0.75
1.5
1.0
0.5
1.0
1.25
1.75
1.5
1.0
0.75
0.75
1.25
0.5
1.0
1.25
0.5
0.75
0.5
0.5
1.5
1.0
1.5
0.75
0.25
1.5
1.25
0.5
0.5
0.75
1.0
1.0
0.75
0.25
1.25
0.75
0.75
1.5
1.75
0.75
1.25
1.75
0.5
0.75
1.25
0.75
1.75
0.75
1.25
1.0
1.25
0.5
0.75
0.5
1.5
1.25
0.5
2.0
0.75
0.5
1.5
0.75
0.25
1.0
1.0
0.75
0.75
0.75
1.25
1.0
1.0
1.25
0.5
0.5
1.0
1.0
0.75
0.75
1.0
1.5
0.75
1.0
1.25
1.75
1.25
1.0
1.5
0.5
1.5
1.75
0.75
1.75
0.75
1.0
0.75
0.5
0.75
1.25
1.75
1.25
0.75
1.5
1.0
0.5
0.5
1.5
0.5
0.0
0.25
1.5
0.75
1.0
0.25
1.0
0.25
1.5
1.75
1.25
1.0
1.5
1.0
0.5
0.5
1.25
0.75
1.25
1.25
1.25
2.0
0.75
0.5
1.0
2.0
1.0
1.25
0.5
1.0
0.5
1.5
1.5
1.5
1.0
1.5
0.75
0.5
0.75
1.25
1.0
1.25
1.75
1.25
2.0
1.25
1.75
0.75
1.0
1.0
1.0
1.25
1.25
0.75
1.0
0.75
1.25
0.75
0.75
0.5
0.25
0.75
1.25
0.75
2.5
0.75
1.75
0.5
1.25
1.25
1.0
0.5
1.0
0.5
1.25
0.5
1.0
0.25
1.0
1.5
0.5
0.25
0.75
1.75
1.5
0.75
1.5
0.75
0.5
1.5
1.25
0.75
1.25
1.25
1.75
1.25
0.5
1.25
2.5
0.5
1.0
0.75
1.5
1.75
0.5
1.0
1.75
0.5
1.0
1.25
1.0
0.5
0.5
1.25
0.5
0.5
1.75
0.75
0.75
0.75
0.5
2.0
1.25
1.0
1.0
0.25
1.25
0.25
1.5
1.0
1.0
0.5
2.25
1.25
1.5
0.25
1.75
0.5
1.5
1.0
0.5
1.25
0.5
0.25
1.5
0.5
0.0
0.75
0.75
0.5
1.25
0.25
1.25
0.5
1.5
1.75
0.5
0.25
1.25
0.75
0.0
0.75
0.25
0.5
1.25
0.5
1.5
0.75
1.5
1.5
1.25
2.25
1.0
0.5
0.5
1.75
1.25
0.75
1.5
0.75
0.5
0.75
1.75
0.25
0.75
0.5
0.75
2.25
1.5
0.75
1.0
0.5
1.0
0.5
0.0
0.5
1.25
1.0
1.5
1.25
1.0
1.75
1.0
1.0
0.5
1.0
1.0
0.75
0.0
2.0
0.75
1.0
1.75
1.5
0.5
0.5
1.25
0.25
1.0
0.75
0.75
1.25
0.75
1.0
0.5
0.75
0.75
1.25
1.5
0.25
0.25
0.25
1.5
0.25
1.25
1.25
1.5
0.5
0.25
2.0
1.0
0.0
1.0
1.0
1.0
1.0
0.25
2.0
1.75
1.25
0.5
1.25
0.75
0.25
1.25
0.5
0.75
0.75
0.5
1.0
1.5
0.75
0.0
1.5
0.25
1.25
0.75
0.5
1.0
1.0
1.5
0.5
0.75
1.0
2.0
0.75
1.25
1.0
1.0
1.75
1.5
0.75
0.5
1.25
1.25
0.75
0.75
1.0
0.5
0.75
1.0
1.0
1.5
0.25
1.5
1.25
1.25
0.75
0.25
0.75
0.75
1.75
0.75
0.0
0.5
0.75
1.25
1.0
1.0
1.0
1.5
1.25
0.75
1.25
1.25
2.25
1.75
0.5
2.0
1.5
0.25
1.25
0.75
0.75
0.5
1.0
1.0
0.75
0.5
1.5
1.25
1.5
1.25
2.5
0.25
0.5
1.5
0.75
1.25
1.0
0.25
1.25
1.25
0.75
1.25
0.0
1.0
2.25
1.0
1.5
1.5
0.5
0.75
0.75

Average_Alpha:
9.990000000000006e-10
4.981e-09
8.919e-09
1.2825999999999999e-08
1.6764000000000004e-08
2.0723999999999994e-08
2.462199999999999e-08
2.8539999999999996e-08
3.251e-08
3.629800000000001e-08
4.014000000000002e-08
4.396300000000003e-08
4.777300000000005e-08
5.1515000000000055e-08
5.529400000000005e-08
5.903800000000004e-08
6.291300000000003e-08
6.651100000000002e-08
7.022299999999999e-08
7.422299999999999e-08
7.766799999999996e-08
8.145699999999997e-08
8.527999999999991e-08
8.910399999999995e-08
9.262999999999991e-08
9.633099999999991e-08
1.0023399999999985e-07
1.0391099999999988e-07
1.0713699999999984e-07
1.1047899999999986e-07
1.142009999999998e-07
1.1795599999999982e-07
1.216469999999998e-07
1.253859999999998e-07
1.2850199999999976e-07
1.3182299999999974e-07
1.3510599999999975e-07
1.3847399999999976e-07
1.4171199999999967e-07
1.453989999999997e-07
1.489169999999997e-07
1.519609999999997e-07
1.5495499999999966e-07
1.5823799999999965e-07
1.6171099999999967e-07
1.6549299999999964e-07
1.686209999999996e-07
1.7205899999999957e-07
1.758689999999996e-07
1.7908899999999957e-07
1.8209299999999949e-07
1.850339999999995e-07
1.8858999999999955e-07
1.9237699999999953e-07
1.952949999999995e-07
1.9861499999999943e-07
2.015919999999995e-07
2.0551299999999947e-07
2.085479999999994e-07
2.1192899999999938e-07
2.152689999999995e-07
2.1838699999999948e-07
2.2065799999999967e-07
2.237499999999996e-07
2.2698299999999978e-07
2.2994699999999978e-07
2.326279999999999e-07
2.3609599999999987e-07
2.3928300000000004e-07
2.4221400000000005e-07
2.456590000000002e-07
2.4897100000000017e-07
2.523960000000003e-07
2.546520000000003e-07
2.5835500000000044e-07
2.6161400000000045e-07
2.6486000000000053e-07
2.677370000000006e-07
2.702430000000007e-07
2.732340000000007e-07
2.7659500000000084e-07
2.8027100000000083e-07
2.8365700000000096e-07
2.86330000000001e-07
2.892960000000011e-07
2.913770000000011e-07
2.9468900000000124e-07
2.9849000000000124e-07
3.0038200000000127e-07
3.040280000000013e-07
3.0668100000000145e-07
3.1031700000000155e-07
3.121590000000015e-07
3.143940000000016e-07
3.1764300000000175e-07
3.197600000000018e-07
3.2301900000000176e-07
3.2623600000000184e-07
3.2793400000000196e-07
3.29599000000002e-07
3.3192000000000204e-07
3.343790000000021e-07
3.370740000000022e-07
3.389070000000022e-07
3.4243300000000223e-07
3.452680000000023e-07
3.4858700000000243e-07
3.518310000000025e-07
3.5487400000000255e-07
3.572430000000025e-07
3.585780000000027e-07
3.608020000000027e-07
3.6214100000000266e-07
3.656890000000028e-07
3.683220000000029e-07
3.7029000000000293e-07
3.7336400000000287e-07
3.74416000000003e-07
3.7599900000000313e-07
3.783220000000032e-07
3.8017200000000307e-07
3.8079200000000303e-07
3.8230700000000287e-07
3.8557800000000285e-07
3.877120000000027e-07
3.907130000000027e-07
3.9241400000000255e-07
3.959050000000026e-07
3.9785900000000235e-07
4.0082700000000243e-07
4.0171200000000224e-07
4.0453400000000226e-07
4.057690000000021e-07
4.0761700000000213e-07
4.1040000000000193e-07
4.13321000000002e-07
4.1623100000000184e-07
4.1746400000000184e-07
4.2030300000000164e-07
4.237470000000018e-07
4.2498300000000155e-07
4.2872400000000153e-07
4.316580000000014e-07
4.340590000000014e-07
4.357250000000013e-07
4.370620000000013e-07
4.3958900000000107e-07
4.4241400000000117e-07
4.4394800000000095e-07
4.44838000000001e-07
4.4701300000000085e-07
4.487990000000009e-07
4.4903700000000077e-07
4.506040000000007e-07
4.502930000000006e-07
4.512420000000006e-07
4.5198100000000045e-07
4.5339300000000047e-07
4.5672900000000033e-07
4.595620000000004e-07
4.617370000000002e-07
4.6364100000000023e-07
4.675240000000001e-07
4.680950000000001e-07
4.7045699999999996e-07
4.70931e-07
4.735099999999998e-07
4.7609499999999984e-07
4.782559999999997e-07
4.801779999999997e-07
4.827519999999996e-07
4.833359999999996e-07
4.863539999999995e-07
4.884709999999995e-07
4.919409999999994e-07
4.944209999999993e-07
4.968879999999992e-07
4.987649999999993e-07
5.020549999999991e-07
5.049479999999992e-07
5.06469999999999e-07
5.07565999999999e-07
5.098139999999989e-07
5.10975999999999e-07
5.138659999999988e-07
5.173219999999989e-07
5.186349999999986e-07
5.213959999999986e-07
5.237449999999986e-07
5.249659999999986e-07
5.289659999999985e-07
5.300109999999984e-07
5.328279999999983e-07
5.342589999999984e-07
5.349539999999983e-07
5.362389999999983e-07
5.38908999999998e-07
5.421089999999981e-07
5.43986999999998e-07
5.46737999999998e-07
5.505589999999979e-07
5.537089999999979e-07
5.555839999999979e-07
5.587169999999978e-07
5.624689999999976e-07
5.615649999999976e-07
5.615309999999975e-07
5.625949999999976e-07
5.655539999999974e-07
5.689579999999974e-07
5.707299999999973e-07
5.722289999999972e-07
5.738779999999972e-07
5.752699999999972e-07
5.784129999999972e-07
5.789179999999971e-07
5.811889999999969e-07
5.81823999999997e-07
5.832109999999969e-07
5.855579999999969e-07
5.879669999999968e-07
5.910369999999968e-07
5.927009999999968e-07
5.949249999999966e-07
5.969629999999966e-07
5.982689999999967e-07
5.989769999999966e-07
6.025269999999965e-07
6.037489999999965e-07
6.068979999999964e-07
6.091809999999963e-07
6.088249999999962e-07
6.060329999999963e-07
6.085219999999962e-07
6.115869999999963e-07
6.137419999999961e-07
6.143539999999961e-07
6.144169999999961e-07
6.15746999999996e-07
6.18590999999996e-07
6.210859999999962e-07
6.200149999999964e-07
6.202799999999963e-07
6.217429999999965e-07
6.247289999999966e-07
6.287289999999967e-07
6.267969999999968e-07
6.267629999999969e-07
6.26738999999997e-07
6.273849999999973e-07
6.285179999999972e-07
6.289929999999975e-07
6.316259999999975e-07
6.343179999999975e-07
6.350289999999977e-07
6.371099999999978e-07
6.365799999999978e-07
6.39271999999998e-07
6.39283999999998e-07
6.429649999999982e-07
6.440919999999982e-07
6.458109999999983e-07
6.482759999999984e-07
6.493009999999985e-07
6.511939999999986e-07
6.488559999999988e-07
6.493049999999987e-07
6.51638999999999e-07
6.51664999999999e-07
6.535729999999992e-07
6.543139999999991e-07
6.557809999999994e-07
6.573369999999994e-07
6.558629999999996e-07
6.596989999999996e-07
6.613779999999997e-07
6.630519999999998e-07
6.64242e-07
6.63458e-07
6.662830000000001e-07
6.687270000000002e-07
6.708340000000004e-07
6.737000000000004e-07
6.769180000000005e-07
6.776360000000005e-07
6.784950000000008e-07
6.760830000000007e-07
6.795650000000009e-07
6.78272000000001e-07
6.791910000000011e-07
6.806480000000011e-07
6.829860000000012e-07
6.849220000000012e-07
6.883090000000015e-07
6.899110000000014e-07
6.898380000000016e-07
6.916250000000017e-07
6.928620000000019e-07
6.951090000000019e-07
6.94545000000002e-07
6.955630000000021e-07
6.973410000000023e-07
7.000790000000024e-07
6.983380000000025e-07
6.988470000000024e-07
6.982340000000027e-07
7.013840000000027e-07
7.007770000000028e-07
7.037100000000029e-07
7.06375000000003e-07
7.089390000000031e-07
7.093610000000032e-07
7.116890000000033e-07
7.138710000000035e-07
7.148190000000036e-07
7.168720000000036e-07
7.178050000000038e-07
7.160200000000038e-07
7.17195000000004e-07
7.177520000000041e-07
7.184840000000042e-07
7.201040000000043e-07
7.223970000000044e-07
7.230040000000046e-07
7.245320000000045e-07
7.243130000000047e-07
7.269110000000047e-07
7.242910000000049e-07
7.260280000000048e-07
7.276880000000052e-07
7.290160000000051e-07
7.292980000000053e-07
7.318530000000054e-07
7.334000000000055e-07
7.353830000000057e-07
7.386320000000058e-07
7.419280000000058e-07
7.42378000000006e-07
7.429000000000059e-07
7.446880000000062e-07
7.454210000000063e-07
7.455280000000064e-07
7.491590000000066e-07
7.521470000000066e-07
7.547670000000067e-07
7.573580000000068e-07
7.587380000000068e-07
7.61584000000007e-07
7.651930000000071e-07
7.665250000000072e-07
7.691270000000073e-07
7.677760000000075e-07
7.690790000000074e-07
7.703810000000077e-07
7.724670000000077e-07
7.727850000000077e-07
7.731240000000078e-07
7.757190000000081e-07
7.776430000000079e-07
7.786560000000082e-07
7.805540000000081e-07
7.837060000000084e-07
7.859460000000085e-07
7.883650000000085e-07
7.883010000000087e-07
7.918400000000089e-07
7.948320000000088e-07
7.97630000000009e-07
7.977850000000091e-07
7.979450000000093e-07
7.960940000000094e-07
7.990570000000095e-07
8.017740000000094e-07
8.042820000000096e-07
8.067880000000097e-07
8.085030000000098e-07
8.125030000000098e-07
8.139640000000101e-07
8.1745300000001e-07
8.200820000000102e-07
8.228780000000102e-07
8.268780000000103e-07
8.291370000000104e-07
8.304930000000105e-07
8.325200000000105e-07
8.365200000000108e-07
8.390350000000107e-07
8.404930000000109e-07
8.432780000000109e-07
8.45240000000011e-07
8.469700000000111e-07
8.497910000000112e-07
8.503520000000112e-07
8.533520000000115e-07
8.573520000000115e-07
8.602230000000115e-07
8.615410000000116e-07
8.635660000000117e-07
8.663330000000119e-07
8.659500000000118e-07
8.64708000000012e-07
8.654950000000122e-07
8.690010000000123e-07
8.708020000000123e-07
8.718020000000124e-07
8.728990000000126e-07
8.742740000000126e-07
8.782150000000127e-07
8.813470000000128e-07
8.840260000000129e-07
8.86498000000013e-07
8.87498000000013e-07
8.895470000000132e-07
8.904670000000133e-07
8.922320000000132e-07
8.941950000000136e-07
8.955480000000135e-07
8.977940000000137e-07
8.984280000000138e-07
8.998720000000138e-07
9.031940000000139e-07
9.040500000000141e-07
9.055910000000142e-07
9.085910000000142e-07
9.098480000000143e-07
9.089310000000144e-07
9.116170000000145e-07
9.103470000000145e-07
9.116540000000147e-07
9.137920000000149e-07
9.151930000000148e-07
9.170080000000149e-07
9.166020000000149e-07
9.186630000000151e-07
9.192140000000152e-07
9.202140000000152e-07
9.229690000000152e-07
9.269690000000153e-07
9.278830000000154e-07
9.278440000000155e-07
9.307380000000157e-07
9.326950000000157e-07
9.326950000000158e-07
9.357650000000159e-07
9.360950000000159e-07
9.373750000000161e-07
9.37919000000016e-07
9.383800000000162e-07
9.394580000000163e-07
9.430950000000164e-07
9.450670000000164e-07
9.462650000000164e-07
9.482650000000166e-07
9.487600000000168e-07
9.517430000000168e-07
9.510950000000168e-07
9.54252000000017e-07
9.551230000000171e-07
9.581970000000173e-07
9.568660000000172e-07
9.578590000000173e-07
9.602740000000174e-07
9.618710000000175e-07
9.638010000000176e-07
9.666720000000176e-07
9.668140000000178e-07
9.654710000000177e-07
9.654120000000178e-07
9.64684000000018e-07
9.660790000000182e-07
9.68075000000018e-07
9.67075000000018e-07
9.669620000000182e-07
9.689780000000184e-07
9.717460000000184e-07
9.737460000000185e-07
9.740490000000186e-07
9.722540000000188e-07
9.740100000000186e-07
9.75380000000019e-07
9.771250000000188e-07
9.78538000000019e-07
9.815380000000189e-07
9.820050000000193e-07
9.842700000000193e-07
9.872700000000196e-07
9.868500000000192e-07
9.889630000000193e-07
9.915800000000195e-07
9.932020000000194e-07
9.941970000000196e-07
9.949960000000198e-07
9.972450000000198e-07
9.975400000000204e-07
9.946460000000203e-07
9.966420000000203e-07
9.984930000000204e-07
1.0023740000000208e-06
1.0016500000000207e-06
1.0036500000000209e-06
1.004725000000021e-06
1.0060140000000211e-06
1.0092420000000213e-06
1.0097950000000217e-06
1.0092560000000217e-06
1.0091710000000219e-06
1.010238000000022e-06
1.0099330000000221e-06
1.0125560000000221e-06
1.0126940000000223e-06
1.0139260000000227e-06
1.0159240000000226e-06
1.0187110000000228e-06
1.018302000000023e-06
1.021302000000023e-06
1.0233900000000232e-06
1.0263900000000233e-06
1.0284280000000234e-06
1.0284760000000235e-06
1.0298070000000238e-06
1.028412000000024e-06
1.0265130000000241e-06
1.029513000000024e-06
1.0241040000000243e-06
1.0240050000000243e-06
1.0257270000000244e-06
1.0259650000000247e-06
1.020548000000025e-06
1.024411000000025e-06
1.0242580000000252e-06
1.0262580000000253e-06
1.0273940000000254e-06
1.0245030000000256e-06
1.0264420000000258e-06
1.0301170000000258e-06
1.029814000000026e-06
1.0338140000000262e-06
1.0378140000000265e-06
1.0378090000000263e-06
1.0398560000000265e-06
1.0404750000000269e-06
1.039732000000027e-06
1.0402750000000269e-06
1.0417120000000271e-06
1.0408980000000271e-06
1.0426690000000273e-06
1.0429610000000273e-06
1.0397130000000276e-06
1.0396080000000277e-06
1.038346000000028e-06
1.0384350000000282e-06
1.0377130000000281e-06
1.0396010000000282e-06
1.0425910000000285e-06
1.0420110000000284e-06
1.0409870000000287e-06
1.0444060000000289e-06
1.048406000000029e-06
1.049046000000029e-06
1.0452410000000295e-06
1.0458380000000294e-06
1.0478380000000298e-06
1.0462970000000298e-06
1.04919800000003e-06
1.0499440000000301e-06
1.0531230000000302e-06
1.0541230000000305e-06
1.0522070000000305e-06
1.0531740000000308e-06
1.0550390000000308e-06
1.058778000000031e-06
1.0581150000000312e-06
1.0590880000000314e-06
1.0630880000000315e-06
1.0646930000000315e-06
1.0655830000000317e-06
1.069226000000032e-06
1.0692260000000321e-06
1.0686440000000322e-06
1.0698730000000322e-06
1.0738730000000323e-06
1.0768730000000325e-06
1.0760990000000325e-06
1.0776270000000326e-06
1.0798300000000328e-06
1.0811590000000329e-06
1.082028000000033e-06
1.0822230000000332e-06
1.0831660000000334e-06
1.0806890000000335e-06
1.0831920000000335e-06
1.086192000000034e-06
1.088803000000034e-06
1.0880960000000344e-06
1.085476000000034e-06
1.0854760000000345e-06
1.0854760000000347e-06
1.086177000000035e-06
1.088895000000035e-06
1.0898950000000352e-06
1.092536000000035e-06
1.0921820000000352e-06
1.0951820000000354e-06
1.0948500000000356e-06
1.094749000000036e-06
1.0958540000000357e-06
1.0968720000000361e-06
1.0983840000000363e-06
1.0971090000000365e-06
1.0996140000000364e-06
1.1016140000000366e-06
1.103170000000037e-06
1.107170000000037e-06
1.108482000000037e-06
1.110888000000037e-06
1.1144140000000373e-06
1.1181390000000374e-06
1.1171390000000378e-06
1.1162310000000375e-06
1.1192310000000377e-06
1.1215730000000378e-06
1.1241390000000379e-06
1.1260810000000381e-06
1.1262260000000383e-06
1.128226000000038e-06
1.1284240000000384e-06
1.1284240000000386e-06
1.1282560000000389e-06
1.1288550000000389e-06
1.131208000000039e-06
1.1316360000000392e-06
1.1326870000000392e-06
1.1331710000000394e-06
1.1342210000000394e-06
1.1336870000000395e-06
1.1352810000000399e-06
1.13712600000004e-06
1.13478600000004e-06
1.13578600000004e-06
1.1370060000000403e-06
1.1393160000000403e-06
1.1422610000000405e-06
1.1430590000000405e-06
1.1442090000000405e-06
1.1452090000000408e-06
1.1466300000000408e-06
1.1479890000000408e-06
1.1481450000000411e-06
1.1501970000000412e-06
1.1491970000000414e-06
1.1505370000000413e-06
1.1527030000000416e-06
1.1517220000000416e-06
1.1552900000000418e-06
1.1575090000000417e-06
1.1590910000000422e-06
1.1601490000000421e-06
1.162149000000042e-06
1.1638380000000423e-06
1.1669220000000423e-06
1.1699220000000423e-06
1.1718020000000426e-06
1.1700470000000426e-06
1.1685610000000427e-06
1.169561000000043e-06
1.171509000000043e-06
1.1725090000000428e-06
1.1753500000000433e-06
1.1744080000000433e-06
1.1734080000000435e-06
1.1764080000000437e-06
1.1762300000000435e-06
1.1768870000000436e-06
1.1767850000000437e-06
1.1777480000000439e-06
1.1748230000000438e-06
1.1771190000000436e-06
1.1746480000000443e-06
1.171529000000044e-06
1.1738370000000443e-06
1.1746450000000444e-06
1.1769220000000443e-06
1.1791790000000442e-06
1.1804760000000446e-06
1.1808500000000444e-06
1.1837480000000447e-06
1.1854730000000447e-06
1.1846990000000451e-06
1.188098000000045e-06
1.187611000000045e-06
1.1906110000000453e-06
1.1939540000000454e-06
1.1953370000000455e-06
1.1980020000000456e-06
1.199226000000046e-06
1.200264000000046e-06
1.1972290000000459e-06
1.1983430000000461e-06
1.1994360000000462e-06
1.1990660000000464e-06
1.1991700000000463e-06
1.1977930000000464e-06
1.1999960000000464e-06
1.2001700000000466e-06
1.2004270000000465e-06
1.201625000000047e-06
1.202625000000047e-06
1.2029590000000471e-06
1.204819000000047e-06
1.2052770000000471e-06
1.2087680000000474e-06
1.2064190000000475e-06
1.2072990000000475e-06
1.2084470000000476e-06
1.2095910000000476e-06
1.2066530000000476e-06
1.2078690000000478e-06
1.2081730000000477e-06
1.2070450000000477e-06
1.208045000000048e-06
1.211459000000048e-06
1.2099760000000479e-06
1.2117590000000484e-06
1.2113940000000483e-06
1.2117770000000485e-06
1.2149640000000486e-06
1.2152980000000487e-06
1.2129610000000488e-06
1.2142350000000488e-06
1.2152210000000489e-06
1.2147780000000492e-06
1.2171530000000489e-06
1.2201530000000493e-06
1.2207680000000493e-06
1.2247680000000494e-06
1.2258690000000497e-06
1.2276460000000499e-06
1.2285620000000502e-06
1.22841700000005e-06
1.2303430000000504e-06
1.2335990000000505e-06
1.2345990000000506e-06
1.2373640000000507e-06
1.2386310000000507e-06
1.239017000000051e-06
1.2399390000000512e-06
1.237554000000051e-06
1.237631000000051e-06
1.2373250000000513e-06
1.2399010000000515e-06
1.2403130000000514e-06
1.2399570000000517e-06
1.2391010000000518e-06
1.2426660000000522e-06
1.2441010000000522e-06
1.2411080000000524e-06
1.2441080000000526e-06
1.2461080000000525e-06
1.2487740000000527e-06
1.249338000000053e-06
1.250338000000053e-06
1.2530240000000533e-06
1.2568850000000534e-06
1.2567650000000536e-06
1.2578720000000537e-06
1.2585900000000538e-06
1.260590000000054e-06
1.2642450000000543e-06
1.2651380000000544e-06
1.2668270000000546e-06
1.2690580000000546e-06
1.2705620000000548e-06
1.273097000000055e-06
1.2760970000000553e-06
1.2765190000000551e-06
1.2805170000000552e-06
1.2831060000000555e-06
1.2821920000000557e-06
1.2850600000000556e-06
1.2875460000000559e-06
1.2893400000000558e-06
1.290340000000056e-06
1.2927640000000565e-06
1.2941980000000567e-06
1.2943200000000567e-06
1.2954880000000568e-06
1.2973860000000569e-06
1.2992310000000572e-06
1.2982390000000569e-06
1.3007240000000573e-06
1.2987310000000573e-06
1.2967310000000574e-06
1.2972080000000577e-06
1.3002080000000579e-06
1.300987000000058e-06
1.301502000000058e-06
1.3017170000000585e-06
1.3013720000000587e-06
1.3001030000000586e-06
1.3030350000000588e-06
1.303880000000059e-06
1.3028800000000594e-06
1.3015070000000594e-06
1.3044410000000593e-06
1.3049500000000596e-06
1.3069500000000598e-06
1.3079500000000598e-06
1.3081570000000605e-06
1.3068870000000603e-06
1.3048010000000606e-06
1.304645000000061e-06
1.306342000000061e-06
1.308059000000061e-06
1.3106790000000613e-06
1.3116130000000612e-06
1.3123340000000614e-06
1.3113990000000617e-06
1.3133990000000618e-06
1.3144200000000618e-06
1.312467000000062e-06
1.3149690000000622e-06
1.3161050000000622e-06
1.3191050000000624e-06
1.3201050000000627e-06
1.3191660000000626e-06
1.3188880000000628e-06
1.3173940000000628e-06
1.3193940000000634e-06
1.3213940000000633e-06
1.3239280000000636e-06
1.3254080000000636e-06
1.3239750000000638e-06
1.326158000000064e-06
1.3238550000000643e-06
1.3252300000000644e-06
1.3272950000000646e-06
1.3255060000000646e-06
1.327506000000065e-06
1.3283450000000648e-06
1.3305960000000653e-06
1.3316780000000653e-06
1.3336280000000654e-06
1.3339890000000658e-06
1.3359890000000658e-06
1.339009000000066e-06
1.338501000000066e-06
1.338652000000066e-06
1.3400570000000662e-06
1.3420570000000666e-06
1.3429390000000668e-06
1.3435430000000668e-06
1.345543000000067e-06
1.345397000000067e-06
1.346516000000067e-06
1.349711000000067e-06
1.3527110000000676e-06
1.3543130000000674e-06
1.3533130000000677e-06
1.3542500000000675e-06
1.355308000000068e-06
1.3534970000000681e-06
1.3507600000000684e-06
1.3524480000000686e-06
1.3524480000000686e-06
1.3543510000000686e-06
1.351887000000069e-06
1.350441000000069e-06
1.3500910000000688e-06
1.351915000000069e-06
1.3554450000000692e-06
1.3572580000000695e-06
1.3560480000000697e-06
1.3543180000000696e-06
1.3560980000000699e-06
1.3552770000000698e-06
1.3571840000000702e-06
1.3601840000000702e-06
1.3584980000000702e-06
1.3605230000000704e-06
1.3577700000000703e-06
1.3597040000000705e-06
1.3597040000000707e-06
1.3617040000000709e-06
1.364103000000071e-06
1.367625000000071e-06
1.3689620000000715e-06
1.3697520000000717e-06
1.3707520000000718e-06
1.372022000000072e-06
1.3732930000000719e-06
1.3750490000000716e-06
1.377487000000072e-06
1.376487000000072e-06
1.3797980000000723e-06
1.3790440000000722e-06
1.3829830000000723e-06
1.3811620000000724e-06
1.3824260000000728e-06
1.384976000000073e-06
1.3864090000000729e-06
1.388853000000073e-06
1.389644000000073e-06
1.388543000000073e-06
1.3915430000000733e-06
1.3891860000000735e-06
1.3898690000000735e-06
1.3915470000000737e-06
1.3899180000000738e-06
1.3882870000000739e-06
1.390287000000074e-06
1.3903560000000738e-06
1.3890490000000744e-06
1.3900490000000744e-06
1.3904320000000742e-06
1.3880500000000741e-06
1.3909510000000741e-06
1.3904470000000746e-06
1.3927810000000745e-06
1.3932500000000745e-06
1.3922500000000748e-06
1.3946890000000748e-06
1.3946890000000753e-06
1.3986890000000753e-06
1.4026890000000756e-06
1.4019950000000755e-06
1.4025890000000756e-06
1.4040780000000759e-06
1.406244000000076e-06
1.4056650000000758e-06
1.4072660000000762e-06
1.4074950000000762e-06
1.4077450000000763e-06
1.4059760000000764e-06
1.4059880000000767e-06
1.4064210000000766e-06
1.4056860000000768e-06
1.4079620000000768e-06
1.408414000000077e-06
1.4093960000000772e-06
1.4087270000000774e-06
1.4101400000000774e-06
1.4079390000000776e-06
1.4096850000000775e-06
1.4136850000000778e-06
1.412899000000078e-06
1.4153540000000782e-06
1.4187620000000784e-06
1.4178710000000786e-06
1.4162780000000785e-06
1.4180910000000788e-06
1.420039000000079e-06
1.4220390000000791e-06
1.421463000000079e-06
1.4227160000000794e-06
1.4229360000000795e-06
1.4232120000000795e-06
1.4272120000000796e-06
1.4282280000000797e-06
1.4288670000000798e-06
1.42705400000008e-06
1.4270540000000801e-06
1.4285360000000802e-06
1.4309470000000804e-06
1.4341690000000804e-06
1.4366820000000803e-06
1.4368180000000805e-06
1.4388180000000806e-06
1.4400540000000807e-06
1.4381390000000803e-06
1.4339220000000804e-06
1.4338900000000803e-06
1.4365370000000808e-06
1.4370640000000807e-06
1.439174000000081e-06
1.4396510000000808e-06
1.4400410000000812e-06
1.441437000000081e-06
1.4439450000000811e-06
1.445263000000081e-06
1.4460620000000815e-06
1.4459230000000815e-06
1.4460010000000816e-06
1.4468070000000816e-06
1.4466550000000814e-06
1.4472220000000816e-06
1.4492810000000817e-06
1.4513340000000814e-06
1.4491550000000816e-06
1.4496430000000817e-06
1.4522090000000818e-06
1.454876000000082e-06
1.4539940000000822e-06
1.4526480000000819e-06
1.4526480000000823e-06
1.4556480000000823e-06
1.4576480000000827e-06
1.4578680000000824e-06
1.4613110000000826e-06
1.4633840000000826e-06
1.4585180000000828e-06
1.4625180000000828e-06
1.464077000000083e-06
1.4636220000000832e-06
1.4646220000000833e-06
1.4619530000000833e-06
1.4622710000000834e-06
1.4631150000000837e-06
1.464115000000084e-06
1.4649040000000837e-06
1.467904000000084e-06
1.465808000000084e-06
1.466330000000084e-06
1.467096000000084e-06
1.4680960000000846e-06
1.4720960000000847e-06
1.4720960000000847e-06
1.4730270000000847e-06
1.471747000000085e-06
1.4725680000000848e-06
1.4723730000000849e-06
1.472192000000085e-06
1.4743640000000852e-06
1.4761070000000855e-06
1.4761070000000857e-06
1.4741640000000854e-06
1.4758120000000856e-06
1.4768120000000857e-06
1.4808120000000857e-06
1.4821660000000859e-06
1.4831350000000863e-06
1.483316000000086e-06
1.480215000000086e-06
1.4801820000000864e-06
1.4821820000000863e-06
1.4819620000000866e-06
1.4839620000000867e-06
1.4830630000000865e-06
1.482113000000087e-06
1.485113000000087e-06
1.486113000000087e-06
1.4876030000000873e-06
1.4860630000000873e-06
1.4898430000000875e-06
1.4868780000000876e-06
1.486375000000088e-06
1.486137000000088e-06
1.488137000000088e-06
1.487692000000088e-06
1.4866920000000884e-06
1.4861280000000885e-06
1.4827720000000886e-06
1.485171000000089e-06
1.4870050000000888e-06
1.4873830000000888e-06
1.4907000000000891e-06
1.4946230000000892e-06
1.4954740000000892e-06
1.4958690000000893e-06
1.4959960000000896e-06
1.4949960000000898e-06
1.49631800000009e-06
1.4958020000000898e-06
1.49777500000009e-06
1.4997750000000902e-06
1.5017750000000903e-06
1.5043290000000905e-06
1.5056570000000908e-06
1.5046990000000906e-06
1.5056990000000906e-06
1.5060320000000912e-06
1.504974000000091e-06
1.5059210000000913e-06
1.5079210000000912e-06
1.5079210000000916e-06
1.5079860000000915e-06
1.5114200000000919e-06
1.5129260000000921e-06
1.5159260000000922e-06
1.517926000000092e-06
1.5193100000000922e-06
1.5222360000000925e-06
1.5212360000000926e-06
1.5212510000000928e-06
1.5228480000000929e-06
1.524563000000093e-06
1.5259670000000928e-06
1.5249670000000931e-06
1.5289670000000932e-06
1.5289670000000934e-06
1.5296100000000936e-06
1.5271550000000934e-06
1.5305380000000936e-06
1.5326030000000936e-06
1.532030000000094e-06
1.5351580000000938e-06
1.5391580000000942e-06
1.5421580000000942e-06
1.5423070000000943e-06
1.5453070000000947e-06
1.5450100000000945e-06
1.5466710000000949e-06
1.5462840000000948e-06
1.5481590000000949e-06
1.5497210000000952e-06
1.5519010000000954e-06
1.5493290000000954e-06
1.5453910000000955e-06
1.5461700000000956e-06
1.5467550000000957e-06
1.5484830000000958e-06
1.548124000000096e-06
1.549124000000096e-06
1.5493050000000962e-06
1.5500570000000964e-06
1.5494980000000967e-06
1.5534980000000968e-06
1.5549800000000964e-06
1.5545140000000966e-06
1.5555140000000965e-06
1.5561760000000968e-06
1.5601760000000969e-06
1.562134000000097e-06
1.562359000000097e-06
1.560039000000097e-06
1.5600390000000973e-06
1.5612350000000973e-06
1.5628540000000973e-06
1.5648540000000977e-06
1.5673250000000977e-06
1.5667470000000978e-06
1.569504000000098e-06
1.5735040000000984e-06
1.571504000000098e-06
1.5729740000000982e-06
1.5749740000000986e-06
1.5739740000000985e-06
1.5746810000000985e-06
1.5760000000000987e-06
1.5792260000000988e-06
1.580226000000099e-06
1.581667000000099e-06
1.5816870000000992e-06
1.5804730000000994e-06
1.5795250000000992e-06
1.5817050000000995e-06
1.5847050000000997e-06
1.5848130000000993e-06
1.5888130000000996e-06
1.5917690000000995e-06
1.5918900000000998e-06
1.5931740000000997e-06
1.5927910000001e-06
1.5947530000000999e-06
1.5908450000000998e-06
1.5911920000000998e-06
1.5938910000001e-06
1.5912750000000998e-06
1.5886690000001003e-06
1.5911850000001003e-06
1.5943520000001005e-06
1.5918460000001007e-06
1.5938460000001007e-06
1.5959480000001007e-06
1.5963290000001008e-06
1.599329000000101e-06
1.6003430000001013e-06
1.6004570000001013e-06
1.5996620000001013e-06
1.5990600000001017e-06
1.5985900000001016e-06
1.5990420000001016e-06
1.5964350000001012e-06
1.5997460000001015e-06
1.6027460000001018e-06
1.6022100000001016e-06
1.6018530000001017e-06
1.6038530000001018e-06
1.6057880000001019e-06
1.6087880000001021e-06
1.608700000000102e-06
1.6061260000001021e-06
1.6080770000001022e-06
1.6090200000001024e-06
1.6090200000001024e-06
1.6060290000001024e-06
1.6060290000001028e-06
1.6070290000001031e-06
1.6071670000001031e-06
1.6061670000001032e-06
1.6075930000001032e-06
1.609552000000103e-06
1.6132920000001032e-06
1.611514000000103e-06
1.6118920000001033e-06
1.6106600000001034e-06
1.6127500000001035e-06
1.6122560000001034e-06
1.6142870000001038e-06
1.6131250000001037e-06
1.6145560000001038e-06
1.615556000000104e-06
1.6185560000001043e-06
1.619957000000104e-06
1.6207690000001042e-06
1.6147840000001044e-06
1.6146260000001042e-06
1.6146960000001045e-06
1.6133340000001041e-06
1.6139490000001044e-06
1.6149160000001044e-06
1.6157690000001042e-06
1.6179830000001044e-06
1.6172400000001044e-06
1.616240000000104e-06
1.6156620000001045e-06
1.6139730000001044e-06
1.6130740000001042e-06
1.6138620000001041e-06
1.616798000000104e-06
1.6165180000001042e-06
1.6185180000001043e-06
1.6225180000001044e-06
1.6234260000001045e-06
1.6219570000001044e-06
1.6242180000001043e-06
1.6265480000001045e-06
1.6276080000001045e-06
1.6290990000001046e-06
1.6290950000001043e-06
1.6302530000001045e-06
1.6322530000001042e-06
1.6323300000001042e-06
1.6354910000001042e-06
1.6381450000001042e-06
1.6381990000001044e-06
1.6421990000001043e-06
1.6420130000001045e-06
1.6414680000001042e-06
1.640517000000104e-06
1.6359740000001038e-06
1.6359740000001038e-06
1.634956000000104e-06
1.637956000000104e-06
1.641704000000104e-06
1.642897000000104e-06
1.6447520000001042e-06
1.646037000000104e-06
1.645750000000104e-06
1.6472080000001039e-06
1.6475280000001042e-06
1.6466280000001044e-06
1.6466280000001044e-06
1.6464750000001042e-06
1.6498670000001042e-06
1.6487480000001042e-06
1.6479080000001045e-06
1.6479900000001045e-06
1.6511410000001046e-06
1.6541410000001047e-06
1.6537320000001048e-06
1.6519100000001045e-06
1.6557080000001047e-06
1.6557330000001045e-06
1.6578440000001044e-06
1.6612410000001043e-06
1.6612410000001045e-06
1.6584560000001045e-06
1.6594560000001046e-06
1.6584560000001045e-06
1.6594560000001048e-06
1.6585580000001048e-06
1.660296000000105e-06
1.661094000000105e-06
1.6610940000001051e-06
1.6633140000001052e-06
1.6613260000001048e-06
1.6643260000001048e-06
1.6667620000001051e-06
1.6667620000001051e-06
1.6687620000001053e-06
1.6687620000001055e-06
1.6672820000001055e-06
1.6689870000001055e-06
1.670358000000106e-06
1.6718290000001059e-06
1.6748140000001059e-06
1.6758140000001062e-06
1.677814000000106e-06
1.679311000000106e-06
1.6803110000001062e-06
1.6826360000001062e-06
1.6825750000001065e-06
1.6854370000001063e-06
1.6873570000001063e-06
1.6870630000001065e-06
1.6896070000001066e-06
1.6918950000001066e-06
1.6909320000001065e-06
1.6934700000001065e-06
1.6925240000001066e-06
1.6928450000001068e-06
1.6947700000001066e-06
1.6987700000001067e-06
1.699770000000107e-06
1.701138000000107e-06
1.6997330000001072e-06
1.698729000000107e-06
1.6987290000001072e-06
1.6986660000001072e-06
1.6982410000001073e-06
1.7001300000001074e-06
1.7023900000001073e-06
1.7011640000001073e-06
1.7041640000001076e-06
1.7033810000001075e-06
1.7006800000001075e-06
1.7004630000001075e-06
1.6974630000001077e-06
1.6967180000001074e-06
1.6960390000001077e-06
1.6997330000001076e-06
1.6988220000001077e-06
1.700517000000108e-06
1.697165000000108e-06
1.697717000000108e-06
1.699224000000108e-06
1.699224000000108e-06
1.6988010000001082e-06
1.701215000000108e-06
1.703384000000108e-06
1.702697000000108e-06
1.7017950000001078e-06
1.703007000000108e-06
1.703529000000108e-06
1.7051790000001083e-06
1.7064890000001082e-06
1.7066360000001085e-06
1.7073990000001083e-06
1.7069280000001078e-06
1.7070930000001082e-06
1.7090930000001083e-06
1.7090930000001083e-06
1.7075910000001086e-06
1.7088410000001085e-06
1.7105670000001085e-06
1.7067880000001088e-06
1.7094120000001086e-06
1.7104120000001087e-06
1.7140170000001091e-06
1.7156180000001088e-06
1.7126180000001088e-06
1.711091000000109e-06
1.713091000000109e-06
1.7150910000001091e-06
1.7163270000001091e-06
1.7183270000001093e-06
1.7191490000001093e-06
1.7180980000001095e-06
1.7200980000001095e-06
1.7215830000001098e-06
1.7237270000001097e-06
1.72426400000011e-06
1.7266700000001098e-06
1.7272170000001097e-06
1.73021700000011e-06
1.73033300000011e-06
1.7281010000001097e-06
1.7284390000001102e-06
1.7318640000001103e-06
1.73286700000011e-06
1.7358670000001102e-06
1.7388670000001105e-06
1.7413260000001104e-06
1.7423260000001104e-06
1.7440570000001104e-06
1.7465420000001108e-06
1.7475040000001106e-06
1.7498290000001107e-06
1.7528290000001109e-06
1.752829000000111e-06
1.752829000000111e-06
1.7540390000001113e-06
1.7532050000001113e-06
1.7538960000001115e-06
1.7542010000001115e-06
1.7528570000001114e-06
1.7568410000001115e-06
1.7576790000001116e-06
1.7596790000001113e-06
1.7592210000001116e-06
1.7612210000001117e-06
1.7629430000001116e-06
1.761943000000112e-06
1.7609000000001115e-06
1.7609000000001115e-06
1.7634550000001118e-06
1.764028000000112e-06
1.7660280000001119e-06
1.765528000000112e-06
1.7664650000001118e-06
1.7676150000001122e-06
1.7705400000001123e-06
1.7703280000001122e-06
1.7713280000001122e-06
1.7743280000001123e-06
1.7753280000001123e-06
1.7718000000001126e-06
1.7705770000001125e-06
1.767509000000112e-06
1.7701640000001123e-06
1.7731640000001123e-06
1.7736240000001125e-06
1.7717810000001125e-06
1.7730900000001126e-06
1.7760900000001126e-06
1.7800900000001127e-06
1.781723000000113e-06
1.781723000000113e-06
1.7824890000001126e-06
1.7835930000001122e-06
1.7868690000001124e-06
1.7833470000001124e-06
1.7813320000001125e-06
1.7802300000001121e-06
1.7801510000001125e-06
1.7835660000001127e-06
1.7857650000001127e-06
1.7877650000001126e-06
1.788086000000113e-06
1.7890860000001129e-06
1.7900370000001126e-06
1.7907770000001132e-06
1.7907770000001132e-06
1.789026000000113e-06
1.788026000000113e-06
1.7870260000001134e-06
1.789026000000113e-06
1.7894750000001132e-06
1.792723000000113e-06
1.791511000000113e-06
1.794551000000113e-06
1.790661000000112e-06
1.7899120000001121e-06
1.790175000000112e-06
1.7869080000001122e-06
1.7869080000001124e-06
1.7826500000001124e-06
1.7836500000001127e-06
1.7856500000001127e-06
1.7858440000001127e-06
1.7884380000001125e-06
1.7843970000001128e-06
1.7883970000001127e-06
1.7905870000001128e-06
1.7929740000001128e-06
1.7951330000001127e-06
1.7977930000001126e-06
1.7975940000001129e-06
1.7975940000001127e-06
1.7985940000001127e-06
1.7955940000001125e-06
1.7945170000001128e-06
1.7969430000001127e-06
1.7945360000001127e-06
1.7931930000001125e-06
1.7935730000001122e-06
1.7975440000001121e-06
1.799544000000112e-06
1.7973240000001118e-06
1.800324000000112e-06
1.8020880000001118e-06
1.7990300000001116e-06
1.8020300000001114e-06
1.8049010000001117e-06
1.8030720000001114e-06
1.7994250000001113e-06
1.8014250000001115e-06
1.8011570000001113e-06
1.8051570000001111e-06
1.8025300000001106e-06
1.8015300000001108e-06
1.801961000000111e-06
1.805364000000111e-06
1.8073640000001107e-06
1.8081160000001109e-06
1.8095530000001107e-06
1.811078000000111e-06
1.810841000000111e-06
1.812389000000111e-06
1.8137800000001112e-06
1.8141000000001109e-06
1.815122000000111e-06
1.812909000000111e-06
1.8120830000001107e-06
1.8159100000001107e-06
1.8136600000001108e-06
1.8146760000001105e-06
1.8157710000001104e-06
1.8157900000001105e-06
1.8165590000001108e-06
1.8170680000001106e-06
1.8180680000001105e-06
1.8186140000001108e-06
1.8208890000001107e-06
1.8231950000001108e-06
1.8261340000001106e-06
1.8291340000001108e-06
1.8284010000001107e-06
1.831401000000111e-06
1.8306660000001106e-06
1.8313330000001105e-06
1.8348980000001105e-06
1.8333310000001102e-06
1.8341900000001102e-06
1.8360340000001105e-06
1.8370340000001104e-06
1.8386770000001104e-06
1.8399910000001102e-06
1.8415150000001102e-06
1.8389890000001103e-06
1.8382140000001103e-06
1.8392140000001102e-06
1.8396780000001103e-06
1.8394790000001099e-06
1.8418620000001102e-06
1.8430040000001102e-06
1.8430040000001102e-06
1.8391000000001104e-06
1.8371150000001103e-06
1.83819600000011e-06
1.8369750000001096e-06
1.8395260000001097e-06
1.8405260000001096e-06
1.8397220000001096e-06
1.8411920000001097e-06
1.8432320000001097e-06
1.8434050000001096e-06
1.8444050000001097e-06
1.8462520000001099e-06
1.84751400000011e-06
1.8482380000001096e-06
1.8449550000001094e-06
1.8439550000001098e-06
1.8449040000001097e-06
1.8433360000001096e-06
1.8432190000001098e-06
1.8426150000001096e-06
1.8427040000001098e-06
1.8430520000001096e-06
1.8470520000001097e-06
1.84649900000011e-06
1.8492520000001097e-06
1.8503200000001097e-06
1.85163600000011e-06
1.8526360000001097e-06
1.8555780000001098e-06
1.85553900000011e-06
1.8555450000001097e-06
1.85472500000011e-06
1.8536750000001102e-06
1.8536750000001102e-06
1.8540750000001098e-06
1.8558300000001102e-06
1.8588300000001102e-06
1.86203400000011e-06
1.8620340000001101e-06
1.8638110000001098e-06
1.86242300000011e-06
1.86142300000011e-06
1.8612830000001101e-06
1.8592830000001104e-06
1.8602400000001102e-06
1.86176700000011e-06
1.86476700000011e-06
1.8648540000001105e-06
1.8667880000001103e-06
1.8666310000001102e-06
1.8706310000001103e-06
1.8708870000001106e-06
1.8687410000001104e-06
1.8689090000001104e-06
1.8689090000001104e-06
1.8719090000001106e-06
1.8716330000001106e-06
1.8724990000001108e-06
1.8754990000001106e-06
1.8792740000001108e-06
1.8817450000001104e-06
1.8837450000001104e-06
1.8847450000001102e-06
1.8855090000001101e-06
1.8865090000001104e-06
1.8855090000001101e-06
1.8895090000001102e-06
1.88476900000011e-06
1.87950700000011e-06
1.8815070000001102e-06
1.8810690000001102e-06
1.8823100000001106e-06
1.8833100000001102e-06
1.8818880000001101e-06
1.8808880000001103e-06
1.8821870000001101e-06
1.8861870000001102e-06
1.8881870000001104e-06
1.8901870000001103e-06
1.8915880000001104e-06
1.8893340000001103e-06
1.8872240000001103e-06
1.8899870000001103e-06
1.8875890000001104e-06
1.8904490000001103e-06
1.8899980000001106e-06
1.8896640000001105e-06
1.8887250000001104e-06
1.8910840000001105e-06
1.8927710000001103e-06
1.8940170000001102e-06
1.8942460000001101e-06
1.8908010000001103e-06
1.8922770000001102e-06
1.89327700000011e-06
1.89427700000011e-06
1.89265800000011e-06
1.89365800000011e-06
1.8949240000001098e-06
1.8911580000001094e-06
1.8900580000001093e-06
1.8900150000001094e-06
1.8908380000001094e-06
1.8908380000001096e-06
1.8913010000001095e-06
1.8922330000001094e-06
1.8920090000001094e-06
1.8937470000001095e-06
1.8943220000001095e-06
1.8973220000001095e-06
1.900322000000109e-06
1.8993220000001094e-06
1.9006450000001095e-06
1.8979410000001094e-06
1.8968800000001096e-06
1.8973050000001094e-06
1.8989130000001094e-06
1.8971490000001096e-06
1.8966780000001093e-06
1.8976780000001094e-06
1.8955240000001092e-06
1.8985240000001094e-06
1.8995240000001093e-06
1.9000990000001095e-06
1.9025040000001094e-06
1.9026220000001095e-06
1.9014440000001093e-06
1.9012700000001094e-06
1.9023390000001093e-06
1.9031060000001093e-06
1.9040450000001096e-06
1.9048460000001092e-06
1.9068130000001095e-06
1.9088130000001097e-06
1.909060000000109e-06
1.9116090000001093e-06
1.913609000000109e-06
1.9169490000001094e-06
1.9169280000001094e-06
1.9159280000001093e-06
1.918928000000109e-06
1.919904000000109e-06
1.921904000000109e-06
1.9242820000001087e-06
1.9272820000001085e-06
1.929440000000109e-06
1.932440000000109e-06
1.9339000000001087e-06
1.937873000000109e-06
1.938947000000109e-06
1.937995000000109e-06
1.937995000000109e-06
1.939995000000109e-06
1.940460000000109e-06
1.941260000000109e-06
1.941260000000109e-06
1.942260000000109e-06
1.944738000000109e-06
1.9455890000001092e-06
1.942589000000109e-06
1.941656000000109e-06
1.9406560000001092e-06
1.9396060000001095e-06
1.9396060000001095e-06
1.940652000000109e-06
1.9402140000001093e-06
1.940003000000109e-06
1.943743000000109e-06
1.9457430000001097e-06
1.9477960000001094e-06
1.9505440000001094e-06
1.9533270000001094e-06
1.954386000000109e-06
1.9532190000001094e-06
1.954396000000109e-06
1.955396000000109e-06
1.9562660000001094e-06
1.956879000000109e-06
1.957722000000109e-06
1.9553290000001087e-06
1.9583290000001094e-06
1.960329000000109e-06
1.960399000000109e-06
1.963261000000109e-06
1.962261000000109e-06
1.961337000000109e-06
1.962337000000109e-06
1.9639650000001087e-06
1.9659650000001084e-06
1.9652040000001084e-06
1.9661300000001085e-06
1.9671300000001077e-06
1.969052000000108e-06
1.9710040000001075e-06
1.9700040000001075e-06
1.972556000000108e-06
1.9708630000001072e-06
1.970874000000107e-06
1.973426000000107e-06
1.973426000000107e-06
1.973426000000107e-06
1.975656000000107e-06
1.9745710000001063e-06
1.9765710000001064e-06
1.9805710000001063e-06
1.9820140000001065e-06
1.9850140000001067e-06
1.9850200000001065e-06
1.9848420000001062e-06
1.9821690000001063e-06
1.984169000000107e-06
1.983169000000106e-06
1.984073000000106e-06
1.9860730000001065e-06
1.987377000000106e-06
1.987377000000106e-06
1.9900080000001065e-06
1.988061000000106e-06
1.988061000000106e-06
1.989107000000106e-06
1.9903620000001057e-06
1.9880350000001056e-06
1.9920350000001055e-06
1.988068000000106e-06
1.9865990000001054e-06
1.9877310000001053e-06
1.9843420000001056e-06
1.984259000000105e-06
1.9870400000001055e-06
1.986263000000106e-06
1.9882630000001056e-06
1.9889320000001056e-06
1.9894060000001056e-06
1.9904060000001052e-06
1.988351000000105e-06
1.9867620000001054e-06
1.9874670000001048e-06
1.988467000000105e-06
1.989467000000105e-06
1.991711000000105e-06
1.9937110000001043e-06
1.9950180000001046e-06
1.998018000000105e-06
1.998018000000105e-06
1.9990180000001045e-06
2.000018000000105e-06
2.0030180000001044e-06
2.0030180000001044e-06
2.004484000000105e-06
2.005624000000105e-06
2.0018490000001045e-06
2.0003970000001047e-06
2.0023970000001044e-06
2.0013970000001048e-06
2.0043970000001046e-06
2.0061830000001047e-06
2.008183000000105e-06
2.010382000000105e-06
2.0087220000001047e-06
2.0094540000001046e-06
2.008778000000105e-06
2.008778000000104e-06
2.0107780000001043e-06
2.012778000000105e-06
2.0150770000001046e-06
2.0142460000001047e-06
2.0120190000001045e-06
2.016019000000104e-06
2.0177130000001045e-06
2.016713000000105e-06
2.020689000000104e-06
2.0242990000001038e-06
2.022920000000104e-06
2.0259090000001037e-06
2.0269090000001034e-06
2.0273300000001034e-06
2.029330000000104e-06
2.031889000000104e-06
2.033315000000104e-06
2.0331860000001037e-06
2.032222000000104e-06
2.0312220000001037e-06
2.0334930000001035e-06
2.035493000000104e-06
2.036493000000104e-06
2.0311790000001044e-06
2.0291880000001034e-06
2.0319510000001037e-06
2.034573000000103e-06
2.0355730000001033e-06
2.0365770000001035e-06
2.0369410000001033e-06
2.037941000000103e-06
2.0379410000001034e-06
2.039541000000103e-06
2.040541000000103e-06
2.0369090000001033e-06
2.0369090000001033e-06
2.0369090000001033e-06
2.039389000000103e-06
2.034669000000103e-06
2.0366560000001033e-06
2.0346560000001027e-06
2.0351080000001025e-06
2.0376240000001033e-06
2.0363980000001034e-06
2.035163000000103e-06
2.0356210000001025e-06
2.0360290000001023e-06
2.0349850000001023e-06
2.033985000000102e-06
2.0324200000001024e-06
2.0312870000001023e-06
2.0339330000001025e-06
2.0339330000001025e-06
2.0339330000001025e-06
2.0339330000001025e-06
2.035533000000102e-06
2.037148000000102e-06
2.037148000000102e-06
2.036178000000102e-06
2.038178000000102e-06
2.0349600000001022e-06
2.0369600000001024e-06
2.038562000000102e-06
2.040009000000102e-06
2.038439000000102e-06
2.040439000000102e-06
2.0387430000001023e-06
2.036067000000102e-06
2.0348170000001015e-06
2.0339920000001018e-06
2.0349790000001017e-06
2.0347900000001018e-06
2.032790000000102e-06
2.030330000000102e-06
2.0311700000001022e-06
2.0301700000001013e-06
2.0260630000001012e-06
2.0254860000001016e-06
2.025696000000101e-06
2.023447000000101e-06
2.0251910000001004e-06
2.028191000000101e-06
2.029440000000101e-06
2.0293260000001004e-06
2.0266790000001e-06
2.0274520000001004e-06
2.0273090000001005e-06
2.0277670000001004e-06
2.0258990000001e-06
2.0228710000001e-06
2.0251280000000998e-06
2.025550000000099e-06
2.0255500000000996e-06
2.0246840000000994e-06
2.0286800000000996e-06
2.0296800000000996e-06
2.032148000000099e-06
2.0311480000000995e-06
2.035148000000099e-06
2.035157000000099e-06
2.0373240000000985e-06
2.0397090000000984e-06
2.042384000000098e-06
2.0410880000000977e-06
2.043008000000098e-06
2.0444020000000977e-06
2.0450580000000976e-06
2.0420580000000974e-06
2.0422240000000978e-06
2.043224000000098e-06
2.042532000000098e-06
2.042812000000098e-06
2.042812000000098e-06
2.042616000000097e-06
2.0416150000000973e-06
2.0446150000000975e-06
2.046615000000097e-06
2.046640000000097e-06
2.047224000000097e-06
2.0472240000000964e-06
2.048009000000097e-06
2.046697000000097e-06
2.0496970000000967e-06
2.048697000000097e-06
2.050355000000097e-06
2.052355000000097e-06
2.054782000000097e-06
2.0549310000000964e-06
2.057527000000097e-06
2.0565270000000964e-06
2.0555270000000967e-06
2.058527000000097e-06
2.060991000000097e-06
2.0629910000000965e-06
2.064130000000097e-06
2.0644740000000966e-06
2.0654740000000967e-06
2.065781000000096e-06
2.0677810000000957e-06
2.069763000000096e-06
2.070763000000096e-06
2.069086000000096e-06
2.0670860000000954e-06
2.069086000000096e-06
2.0697390000000956e-06
2.0685140000000954e-06
2.068008000000095e-06
2.068786000000095e-06
2.0714430000000956e-06
2.0720710000000956e-06
2.0698890000000946e-06
2.070018000000095e-06
2.0692710000000945e-06
2.0702260000000944e-06
2.072174000000094e-06
2.0732950000000946e-06
2.075516000000094e-06
2.076938000000094e-06
2.0795200000000943e-06
2.0788130000000936e-06
2.0790210000000935e-06
2.0781090000000937e-06
2.0781090000000937e-06
2.0811090000000935e-06
2.0831090000000932e-06
2.082834000000093e-06
2.085313000000093e-06
2.0853460000000925e-06
2.0855880000000924e-06
2.0865880000000925e-06
2.0896360000000928e-06
2.0906360000000924e-06
2.0936360000000922e-06
2.094604000000092e-06
2.0942260000000916e-06
2.0945700000000917e-06
2.0932240000000914e-06
2.0943280000000914e-06
2.0953280000000915e-06
2.0943280000000914e-06
2.094655000000091e-06
2.0909350000000916e-06
2.0939350000000914e-06
2.0961790000000906e-06
2.098709000000091e-06
2.099085000000091e-06
2.1000240000000902e-06
2.0990240000000906e-06
2.1017030000000906e-06
2.1017030000000906e-06
2.1020180000000902e-06
2.10076500000009e-06
2.0986300000000903e-06
2.1004460000000905e-06
2.1018520000000903e-06
2.1031790000000903e-06
2.1053510000000897e-06
2.10650000000009e-06
2.1064390000000897e-06
2.1057500000000903e-06
2.1072860000000895e-06
2.1109120000000897e-06
2.1118510000000887e-06
2.1137480000000888e-06
2.1122560000000882e-06
2.1108830000000887e-06
2.1120140000000883e-06
2.1140140000000885e-06
2.1155280000000883e-06
2.119103000000088e-06
2.1166080000000885e-06
2.115814000000088e-06
2.1188140000000876e-06
2.1228140000000874e-06
2.1243840000000876e-06
2.1240270000000873e-06
2.122027000000088e-06
2.1224860000000873e-06
2.1234860000000874e-06
2.122722000000087e-06
2.120722000000087e-06
2.120132000000087e-06
2.120659000000087e-06
2.1226950000000873e-06
2.1245000000000874e-06
2.1248180000000873e-06
2.1245420000000873e-06
2.1251800000000867e-06
2.1247540000000864e-06
2.123405000000086e-06
2.1244050000000863e-06
2.1259650000000865e-06
2.1268970000000864e-06
2.124758000000086e-06
2.126758000000086e-06
2.127625000000086e-06
2.1256250000000856e-06
2.1296250000000855e-06
2.133405000000086e-06
2.1334980000000855e-06
2.133814000000085e-06
2.135814000000085e-06
2.136117000000085e-06
2.1381170000000853e-06
2.139156000000085e-06
2.1391560000000845e-06
2.1407100000000847e-06
2.139849000000085e-06
2.139113000000085e-06
2.141129000000085e-06
2.1409610000000854e-06
2.1428260000000846e-06
2.142651000000084e-06
2.1430850000000844e-06
2.1450850000000837e-06
2.146962000000084e-06
2.1466030000000836e-06
2.1436030000000843e-06
2.1416030000000837e-06
2.1416030000000837e-06
2.142603000000084e-06
2.1436850000000836e-06
2.1444130000000838e-06
2.1464130000000835e-06
2.147215000000083e-06
2.146215000000083e-06
2.1482150000000837e-06
2.1502060000000834e-06
2.1522060000000835e-06
2.154781000000083e-06
2.1527810000000827e-06
2.1527810000000827e-06
2.1523230000000827e-06
2.154489000000083e-06
2.1574890000000826e-06
2.1566120000000827e-06
2.1571460000000827e-06
2.1594320000000826e-06
2.162031000000082e-06
2.1643400000000813e-06
2.1646450000000815e-06
2.1648500000000814e-06
2.166353000000081e-06
2.1695310000000813e-06
2.1712350000000813e-06
2.1729930000000815e-06
2.174024000000081e-06
2.172951000000081e-06
2.170822000000081e-06
2.171822000000081e-06
2.1723800000000805e-06
2.1706890000000806e-06
2.17268900000008e-06
2.17368900000008e-06
2.17362200000008e-06
2.1746220000000797e-06
2.1720200000000795e-06
2.1736280000000794e-06
2.1735700000000786e-06
2.174188000000079e-06
2.173786000000079e-06
2.176782000000079e-06
2.1786840000000788e-06
2.181639000000079e-06
2.179720000000079e-06
2.1796180000000783e-06
2.181618000000079e-06
2.1805560000000783e-06
2.1841740000000783e-06
2.186210000000078e-06
2.1856370000000778e-06
2.187239000000078e-06
2.1902390000000773e-06
2.1911830000000775e-06
2.1933400000000776e-06
2.1944320000000772e-06
2.195432000000077e-06
2.196976000000077e-06
2.197660000000077e-06
2.197660000000077e-06
2.198871000000077e-06
2.1985170000000767e-06
2.2008690000000764e-06
2.202869000000077e-06
2.203269000000076e-06
2.2037360000000757e-06
2.2047360000000754e-06
2.205736000000076e-06
2.2068150000000754e-06
2.2057400000000747e-06
2.207643000000075e-06
2.2076430000000745e-06
2.2066430000000744e-06
2.2064100000000746e-06
2.205410000000074e-06
2.206154000000074e-06
2.2041540000000745e-06
2.206154000000074e-06
2.205227000000074e-06
2.203038000000074e-06
2.204038000000074e-06
2.2010380000000737e-06
2.202423000000073e-06
2.2031690000000734e-06
2.204169000000073e-06
2.2061690000000728e-06
2.208097000000073e-06
2.207097000000073e-06
2.2047140000000726e-06
2.2041250000000727e-06
2.2051250000000723e-06
2.2043310000000724e-06
2.204935000000072e-06
2.2069350000000723e-06
2.2089350000000725e-06
2.2078940000000723e-06
2.2098940000000716e-06
2.213894000000072e-06
2.2168940000000717e-06
2.2151920000000713e-06
2.216238000000072e-06
2.2162570000000713e-06
2.2195890000000714e-06
2.2201470000000715e-06
2.223147000000071e-06
2.221211000000071e-06
2.220039000000071e-06
2.220522000000071e-06
2.2214720000000706e-06
2.221358000000071e-06
2.221358000000071e-06
2.224289000000071e-06
2.2262890000000704e-06
2.225771000000071e-06
2.227508000000071e-06
2.2272880000000702e-06
2.2273240000000704e-06
2.22841500000007e-06
2.22580900000007e-06
2.2269060000000703e-06
2.2289060000000696e-06
2.229792000000069e-06
2.226624000000069e-06
2.226624000000069e-06
2.226529000000069e-06
2.230167000000069e-06
2.2301670000000694e-06
2.2324070000000686e-06
2.230407000000069e-06
2.2296080000000686e-06
2.2284150000000685e-06
2.228947000000069e-06
2.2280430000000684e-06
2.2290430000000685e-06
2.231239000000068e-06
2.232694000000068e-06
2.2334680000000676e-06
2.2351040000000674e-06
2.2344630000000678e-06
2.231463000000067e-06
2.231305000000067e-06
2.228195000000067e-06
2.228372000000067e-06
2.2276750000000667e-06
2.228727000000067e-06
2.2287440000000664e-06
2.2297490000000664e-06
2.230827000000066e-06
2.2306420000000663e-06
2.2308000000000655e-06
2.2325240000000653e-06
2.2325240000000653e-06
2.2338190000000652e-06
2.2332650000000648e-06
2.2342650000000653e-06
2.2352650000000653e-06
2.2373630000000652e-06
2.2403630000000646e-06
2.2416700000000645e-06
2.2415810000000643e-06
2.242811000000064e-06
2.237596000000064e-06
2.2391870000000643e-06
2.237150000000064e-06
2.2408210000000637e-06
2.2406990000000637e-06
2.241245000000064e-06
2.241870000000064e-06
2.2438700000000634e-06
2.245237000000063e-06
2.2489240000000627e-06
2.248463000000063e-06
2.251416000000063e-06
2.2518950000000627e-06
2.2558470000000626e-06
2.2558470000000626e-06
2.2538470000000624e-06
2.2566130000000625e-06
2.259698000000062e-06
2.260698000000062e-06
2.257804000000062e-06
2.2567570000000614e-06
2.258857000000061e-06
2.256857000000061e-06
2.2582570000000613e-06
2.2607930000000614e-06
2.2615740000000604e-06
2.261263000000061e-06
2.262263000000061e-06
2.2618860000000605e-06
2.26204400000006e-06
2.2598520000000603e-06
2.25917600000006e-06
2.26117600000006e-06
2.26107100000006e-06
2.25652400000006e-06
2.2585460000000594e-06
2.2595400000000593e-06
2.260552000000059e-06
2.2585520000000587e-06
2.256141000000058e-06
2.258141000000058e-06
2.2589000000000577e-06
2.256751000000058e-06
2.2589630000000575e-06
2.2589630000000575e-06
2.257963000000057e-06
2.2594030000000574e-06
2.2622500000000566e-06
2.264250000000057e-06
2.2642210000000565e-06
2.266221000000057e-06
2.2682210000000564e-06
2.266295000000056e-06
2.267984000000056e-06
2.2689840000000557e-06
2.270257000000056e-06
2.2722570000000556e-06
2.2714410000000555e-06
2.2710160000000554e-06
2.2711000000000552e-06
2.2711000000000552e-06
2.274100000000055e-06
2.273571000000055e-06
2.276571000000055e-06
2.2758420000000544e-06
2.2758420000000544e-06
2.2764390000000537e-06
2.279202000000054e-06
2.2751950000000537e-06
2.275104000000054e-06
2.274451000000053e-06
2.2779540000000534e-06
2.276399000000053e-06
2.278399000000053e-06
2.277373000000053e-06
2.278276000000053e-06
2.2802760000000527e-06
2.2798910000000525e-06
2.281891000000052e-06
2.284891000000053e-06
2.282891000000052e-06
2.2852800000000523e-06
2.289280000000052e-06
2.2910330000000517e-06
2.2920330000000518e-06
2.294486000000051e-06
2.2938330000000515e-06
2.2968330000000513e-06
2.2958330000000508e-06
2.2978330000000514e-06
2.2974890000000508e-06
2.2950790000000507e-06
2.2977520000000506e-06
2.300752000000051e-06
2.3010160000000505e-06
2.30201600000005e-06
2.30601600000005e-06
2.30773200000005e-06
2.3107390000000493e-06
2.3130160000000493e-06
2.312498000000049e-06
2.315110000000049e-06
2.3138630000000483e-06
2.315083000000048e-06
2.313426000000048e-06
2.3114260000000477e-06
2.3113380000000483e-06
2.3093150000000477e-06
2.3103730000000477e-06
2.312736000000048e-06
2.315455000000047e-06
2.313852000000047e-06
2.312952000000047e-06
2.3139520000000467e-06
2.313196000000047e-06
2.3141960000000467e-06
2.317177000000046e-06
2.3181770000000463e-06
2.3160510000000464e-06
2.319051000000046e-06
2.321285000000046e-06
2.323780000000046e-06
2.3257780000000454e-06
2.3214040000000453e-06
2.3198540000000453e-06
2.320854000000045e-06
2.3209160000000454e-06
2.3229160000000447e-06
2.3234200000000442e-06
2.325420000000044e-06
2.3294200000000443e-06
2.331420000000044e-06
2.332353000000044e-06
2.3333280000000437e-06
2.332295000000044e-06
2.3319270000000434e-06
2.3319270000000434e-06
2.3306470000000428e-06
2.331381000000043e-06
2.3321380000000426e-06
2.3341380000000424e-06
2.3347180000000423e-06
2.334718000000042e-06
2.336315000000042e-06
2.340315000000042e-06
2.336837000000042e-06
2.3378370000000418e-06
2.339169000000042e-06
2.3361690000000415e-06
2.3350860000000414e-06
2.337086000000041e-06
2.3400550000000416e-06
2.3403840000000407e-06
2.343384000000041e-06
2.3440760000000406e-06
2.3450760000000406e-06
2.346089000000041e-06
2.3454690000000403e-06
2.3469840000000408e-06
2.3469840000000404e-06
2.34898400000004e-06
2.35078500000004e-06
2.3518660000000396e-06
2.3517800000000393e-06
2.3517040000000394e-06
2.354704000000039e-06
2.357704000000039e-06
2.3607040000000388e-06
2.3593130000000387e-06
2.3623130000000385e-06
2.3615740000000382e-06
2.3605740000000386e-06
2.358791000000038e-06
2.3607910000000384e-06
2.363791000000038e-06
2.3603460000000374e-06
2.3603710000000374e-06
2.3643710000000373e-06
2.3643710000000373e-06
2.365931000000037e-06
2.365931000000037e-06
2.366762000000037e-06
2.369804000000037e-06
2.3668610000000366e-06
2.364033000000036e-06
2.3641850000000364e-06
2.366185000000036e-06
2.366579000000035e-06
2.3679030000000357e-06
2.3709030000000355e-06
2.371332000000035e-06
2.3733320000000354e-06
2.3749910000000352e-06
2.3767280000000347e-06
2.379016000000034e-06
2.379110000000034e-06
2.3777200000000337e-06
2.3800950000000334e-06
2.384095000000034e-06
2.3829700000000338e-06
2.385970000000033e-06
2.3853610000000327e-06
2.3868990000000328e-06
2.3889660000000324e-06
2.389069000000032e-06
2.3890690000000325e-06
2.3882690000000316e-06
2.3903890000000317e-06
2.391389000000031e-06
2.391598000000031e-06
2.388528000000031e-06
2.3906950000000304e-06
2.3902400000000303e-06
2.39084700000003e-06
2.3923110000000297e-06
2.39226600000003e-06
2.3902660000000298e-06
2.3922010000000296e-06
2.394201000000029e-06
2.393201000000029e-06
2.3922010000000288e-06
2.3935640000000285e-06
2.395397000000029e-06
2.3960920000000284e-06
2.398092000000028e-06
2.400059000000028e-06
2.400059000000028e-06
2.400059000000028e-06
2.400223000000028e-06
2.4032230000000272e-06
2.4021760000000273e-06
2.4012880000000274e-06
2.4015800000000274e-06
2.402730000000027e-06
2.4057300000000268e-06
2.406730000000027e-06
2.4083840000000263e-06
2.406194000000027e-06
2.4071940000000265e-06
2.411194000000027e-06
2.4137230000000265e-06
2.414723000000026e-06
2.4142030000000262e-06
2.414687000000025e-06
2.415882000000025e-06
2.4158820000000245e-06
2.414797000000025e-06
2.414902000000024e-06
2.415902000000024e-06
2.4149020000000237e-06
2.415570000000023e-06
2.412408000000023e-06
2.4103110000000226e-06
2.4123110000000227e-06
2.4093060000000226e-06
2.4081710000000224e-06
2.411171000000022e-06
2.410171000000022e-06
2.4111710000000217e-06
2.412171000000022e-06
2.415508000000022e-06
2.4155080000000214e-06
2.4162140000000214e-06
2.4180290000000217e-06
2.420338000000021e-06
2.4205490000000206e-06
2.41984400000002e-06
2.4178440000000202e-06
2.41777000000002e-06
2.4150040000000198e-06
2.4180040000000196e-06
2.420246000000019e-06
2.4199650000000193e-06
2.421350000000019e-06
2.420350000000019e-06
2.4209070000000186e-06
2.4239070000000184e-06
2.423768000000018e-06
2.4237860000000182e-06
2.4254450000000172e-06
2.4260170000000173e-06
2.430017000000017e-06
2.430719000000017e-06
2.4266330000000166e-06
2.4274670000000163e-06
2.4256720000000157e-06
2.4243010000000157e-06
2.426514000000015e-06
2.4275140000000153e-06
2.4292280000000156e-06

Avalanche_Distribution:
26
1
8
2
10
8
9
8
6
1
3
8
2
2
2
4
1
3
1
1
9
6
1
4
2
3
12
3
2
5
5
2
6
6
7
2
2
5
2
3
1
2
2
5
8
1
1
7
2
5
1
8
2
1
4
8
5
6
7
3
1
3
2
3
2
5
1
1
3
15
5
1
1
1
1
1
1
5
8
2
1
3
4
4
2
1
7
7
2
5
2
1
15
7
6
9
3
3
1
1
2
21
7
1
3
4
2
1
2
5
6
11
12
1
3
4
3
4
2
1
4
1
6
2
3
11
4
2
2
2
6
2
1
7
1
1
4
3
10
6
2
1
4
10
6
22
6
6
5
1
2
1
4
3
1
1
7
9
3
4
5
3
7
1
2
3
1
2
2
3
3
1
3
1
6
10
3
2
4
5
13
6
3
3
10
5
2
6
1
2
1
5
1
1
1
9
6
4
2
1
3
7
4
3
1
4
2
2
7
1
7
1
6
1
3
3
1
4
5
2
4
4
2
17
1
1
5
6
4
1
6
9
2
8
2
9
2
3
5
6
6
4
2
2
2
10
8
2
8
2
4
4
2
5
8
4
10
11
4
12
2
5
4
11
2
3
1
3
2
2
9
4
7
12
2
3
3
3
1
2
9
1
2
4
6
3
5
1
4
1
11
13
7
2
1
5
7
3
3
1
4
15
11
3
5
1
1
11
4
5
12
3
4
4
4
1
6
2
3
3
4
6
2
2
6
3
1
4
3
2
4
2
1
1
5
1
1
14
2
3
6
6
3
1
7
3
3
3
2
6
2
1
2
3
16
2
1
2
2
2
4
4
1
1
3
3
9
1
4
4
2
1
4
2
8
1
6
3
2
5
7
4
3
2
1
4
2
1
1
1
1
2
5
2
1
3
8
2
3
2
4
10
3
3
2
4
9
2
7
4
4
2
5
2
5
11
1
2
8
3
1
5
2
12
3
1
7
2
1
3
3
1
4
1
2
5
5
6
10
2
5
11
7
4
4
1
7
3
5
13
3
1
2
14
1
3
4
4
1
4
2
4
3
2
3
2
1
2
3
7
4
2
5
9
2
1
1
3
3
3
2
1
2
3
4
9
1
8
1
1
9
5
1
6
3
2
1
2
8
3
10
6
5
6
2
5
13
2
4
1
4
7
2
1
6
6
3
5
3
3
7
9
1
4
14
8
3
6
5
13
5
15
1
2
6
2
4
2
3
12
1
3
1
5
4
1
6
1
4
5
2
4
1
10
1
6
6
1
7
14
3
14
6
10
4
2
3
2
6
5
2
8
2
3
2
4
3
5
6
1
1
9
3
2
2
2
1
10
1
1
4
6
2
4
1
1
6
4
5
7
2
4
11
3
4
2
3
5
2
1
2
3
3
4
3
7
5
2
6
6
6
2
1
4
1
1
3
8
5
3
1
3
3
1
12
1
11
9
10
2
1
17
3
3
1
2
3
4
5
1
1
9
3
4
4
3
1
4
7
6
4
5
5
9
4
6
4
2
3
2
7
2
2
10
4
2
1
2
8
1
5
4
5
3
1
9
3
4
5
2
14
6
7
1
5
4
3
12
1
1
2
2
2
4
6
13
6
9
11
1
4
11
2
2
1
3
3
3
1
5
2
2
4
1
1
1
1
3
4
5
2
1
4
1
1
2
7
2
1
2
2
3
1
1
5
11
1
2
3
7
3
6
1
6
1
5
9
5
1
5
10
13
2
2
5
1
4
3
15
4
1
6
2
9
8
2
2
3
9
3
1
3
7
11
1
1
3
2
11
1
8
4
1
7
2
1
1
5
6
3
5
2
1
4
7
2
1
2
3
7
1
1
9
2
1
1
3
2
11
2
15
2
8
5
9
6
2
3
7
2
7
2
7
3
10
1
10
8
1
2
1
4
2
2
3
9
2
3
3
2
1
2
4
1
8
3
1
3
3
5
2
4
1
3
8
2
3
12
1
1
8
4
11
6
8
3
4
4
1
3
1
4
11
8
3
2
5
15
6
7
3
1
6
7
8
5
2
1
4
7
3
4
2
5
2
2
5
5
3
12
4
1
2
1
1
1
7
2
2
2
22
2
2
1
5
1
3
8
5
2
8
8
2
8
4
3
1
7
2
3
2
14
4
1
1
5
2
11
2
1
7
9
2
5
4
2
3
11
2
3
2
4
4
7
10
1
8
6
10
3
2
1
2
2
9
10
3
7
2
5
6
1
3
2
1
7
1
8
11
2
4
4
17
1
1
8
1
1
5
6
2
9
8
1
1
1
5
2
7
1
6
1
9
1
2
3
5
1
4
1
1
2
2
1
1
1
8
2
4
2
2
5
4
1
3
2
6
2
8
1
2
1
2
3
3
3
3
5
3
3
1
1
7
8
4
4
2
1
5
3
13
6
3
3
5
1
2
1
4
7
8
2
3
1
6
3
1
1
3
5
2
10
3
2
2
1
2
3
8
2
4
1
1
2
4
11
7
16
7
10
1
8
2
2
4
2
1
4
5
2
9
4
1
14
2
14
3
1
1
16
1
3
4
1
7
4
1
3
3
8
2
2
6
4
6
8
1
11
2
1
1
1
6
12
7
12
6
6
1
11
12
6
1
6
2
1
6
7
3
2
4
2
2
3
3
1
1
4
1
3
5
10
6
4
12
4
1
1
2
4
1
14
1
1
8
11
5
4
3
6
1
11
1
5
2
1
4
7
3
5
3
2
6
1
6
1
3
7
1
2
2
6
4
9
1
8
2
3
2
3
1
4
1
5
2
3
5
3
4
5
1
9
5
2
1
1
16
2
7
6
1
3
3
3
1
7
9
12
7
3
5
3
14
4
4
2
3
3
1
6
5
7
2
3
1
2
5
11
3
1
1
4
7
3
3
10
3
3
1
4
13
1
3
1
4
4
7
1
3
1
1
1
5
1
3
1
5
9
3
2
3
2
1
2
2
3
1
3
5
1
1
1
6
2
3
10
2
9
1
4
4
5
4
5
6
4
2
7
7
5
1
2
5
4
3
8
13
1
2
1
15
1
3
8
3
3
5
4
13
2
6
1
2
4
8
10
2
9
5
5
2
4
1
1
10
18
16
9
3
1
1
5
2
12
2
2
1
1
2
5
2
2
7
3
8
14
3
1
2
2
8
1
14
1
17
2
5
13
4
2
3
4
3
4
6
1
5
4
3
15
1
9
4
3
3
5
5
2
1
3
3
3
2
8
1
2
5
2
1
3
8
3
6
3
1
16
1
3
6
5
11
16
1
12
4
4
1
2
2
1
4
4
8
16
4
2
4
10
2
9
6
1
3
5
3
2
3
2
5
11
4
3
2
1
3
2
2
4
5
4
21
2
3
2
10
14
1
4
1
1
4
8
2
3
1
3
4
2
1
5
19
2
7
1
9
4
1
4
2
2
3
7
7
6
4
1
3
5
2
8
10
1
14
2
3
3
3
3
23
2
6
4
7
4
6
1
4
3
1
7
14
5
3
6
5
1
4
6
1
1
2
6
3
9
5
7
4
4
3
1
1
5
2
2
1
1
4
6
5
2
1
1
1
1
1
4
3
4
1
2
3
1
2
6
4
3
1
1
4
8
14
6
15
1
1
3
2
2
3
6
5
3
3
16
1
6
2
1
7
2
2
3
2
1
10
3
2
3
5
1
2
1
7
4
2
4
4
2
6
3
1
4
17
1
2
8
1
1
2
6
1
1
11
2
5
7
10
12
5
7
3
2
2
4
4
3
14
4
3
1
2
1
3
2
1
1
7
3
1
8
3
15
4
4
2
1
2
1
7
4
7
4
1
1
2
2
10
3
5
1
1
4
2
1
1
6
1
1
3
2
6
5
9
1
4
20
2
3
2
7
6
1
3
12
3
4
2
12
6
3
3
18
15
13
3
4
6
1
2
3
10
11
5
4
7
16
11
9
11
2
4
15
8
1
4
5
1
3
20
7
3
21
8
6
1
1
2
2
5
7
3
11
2
1
3
3
7
4
2
1
5
10
8
3
2
4
5
3
5
5
3
5
3
2
2
5
2
5
6
1
1
2
3
3
3
5
2
3
3
9
4
1
1
23
4
9
2
8
6
3
2
4
2
7
9
1
3
1
2
5
2
5
1
5
1
2
1
2
5
7
6
9
6
5
10
1
1
1
2
1
5
6
1
2
8
4
3
6
4
2
3
2
3
9
6
2
1
5
2
13
5
5
1
4
9
15
6
9
4
6
2
3
2
8
3
2
3
2
4
8
3
2
11
1
1
9
1
1
1
9
4
2
3
1
6
4
3
5
9
10
1
1
2
9
11
4
3
1
2
6
1
4
5
1
1
3
2
2
3
7
6
4
6
5
2
2
6
5
3
9
3
13
2
3
11
2
4
3
1
9
3
8
5
1
2
5
4
9
8
4
1
8
1
1
2
6
3
4
5
2
12
1
2
2
2
2
4
3
1
3
12
8
13
10
2
6
7
13
4
3
3
2
12
8
6
4
2
1
1
6
2
1
1
5
4
3
1
4
1
17
8
3
6
1
2
4
3
5
5
1
7
7
2
1
2
19
3
3
1
1
4
13
1
12
1
1
1
3
9
5
2
23
7
3
5
4
3
10
3
4
3
5
3
3
2
3
5
3
11
3
4
3
2
5
4
2
3
1
6
1
6
1
4
1
1
9
2
1
2
6
8
1
8
1
2
1
1
6
3
4
11
7
5
2
5
11
1
4
16
2
8
5
4
7
2
2
1
1
5
4
7
3
3
4
1
8
6
3
1
4
3
2
1
6
1
3
4
2
12
3
5
1
8
1
3
7
2
2
4
1
1
3
3
1
1
2
4
2
1
4
1
5
1
7
9
6
3
3
1
2
2
3
2
3
6
10
2
5
11
2
1
2
3
5
5
3
9
1
1
1
9
1
1
3
1
2
1
18
1
5
4
1
1
1
1
8
6
2
4
12
3
4
2
4
1
5
1
8
3
4
14
3
5
1
6
1
3
2
3
5
2
2
2
2
5
4
4
1
1
1
6
1
8
5
3
2
1
12
1
9
2
4
1
4
4
8
5
1
1
4
4
5
2
3
5
2
9
2
7
5
3
2
3
1
4
6
5
1
11
5
5
6
3
11
2
2
3
3
4
2
4
5
1
3
4
4
6
1
9
2
5
3
1
2
4
7
2
1
1
1
3
7
6
1
14
3
10
18
13
1
1
1
6
1
3
2
6
2
5
2
4
11
5
10
1
2
4
2
3
5
1
3
1
5
5
3
5
4
9
4
12
1
1
3
6
