
Branching_global:
0.9800000040000002
0.9800002699999999
0.9800005629999996
0.9799995349999994
0.9799983329999991
0.9799957749999989
0.9799935619999988
0.9799931579999984
0.9799924999999983
0.9799920949999982
0.9799920139999979
0.9799893629999976
0.9799881439999975
0.9799855759999972
0.9799853549999971
0.9799847529999968
0.9799846279999965
0.9799843519999963
0.9799846919999962
0.979984478999996
0.9799839889999957
0.9799828769999955
0.9799831549999953
0.979982811999995
0.979983143999995
0.9799836299999947
0.9799830319999945
0.9799827989999942
0.9799824549999939
0.9799829729999939
0.9799823469999938
0.9799816079999935
0.9799810479999933
0.9799793789999931
0.9799777729999928
0.9799752149999925
0.9799727629999924
0.9799700649999923
0.9799695549999919
0.9799697419999917
0.9799683859999916
0.9799624649999913
0.9799624669999912
0.9799624529999907
0.9799626429999907
0.9799600569999904
0.9799586329999902
0.97995782599999
0.9799562729999898
0.9799549649999897
0.9799546189999894
0.9799524139999892
0.9799516729999889
0.9799502999999887
0.9799437429999885
0.9799415349999884
0.979941819999988
0.9799400749999879
0.9799406419999876
0.9799405519999875
0.9799407209999873
0.9799402619999871
0.9799370339999869
0.9799365429999866
0.9799353929999864
0.979934551999986
0.9799346979999859
0.9799347959999858
0.9799350149999856
0.9799356209999853
0.9799357599999852
0.9799352369999849
0.9799344409999847
0.9799334699999844
0.9799342589999843
0.9799341329999841
0.9799334139999839
0.9799326919999837
0.9799295249999834
0.9799299719999832
0.979927068999983
0.9799229179999829
0.9799226179999827
0.9799208709999825
0.9799207059999822
0.979920137999982
0.9799188969999818
0.9799164379999815
0.9799110909999813
0.9799087359999812
0.9799069289999809
0.9799039289999807
0.9799031749999805
0.9799029339999802
0.97990333099998
0.97990325599998
0.9799019129999796
0.9799005529999794
0.9798960349999792
0.979894558999979

Autocorrelation:
-0.04949832645285179
-0.04949899148458023
-0.04949972404000356
-0.04949715393999505
-0.04949414915809004
-0.04948775582410112
-0.04948222608437974
-0.04948121672033168
-0.04947957284337457
-0.04947856108836373
-0.04947835874227594
-0.04947173718371301
-0.04946869300453634
-0.04946228121371735
-0.049461729497081046
-0.04946022669274384
-0.04945991465998714
-0.049459225705463745
-0.04946007442027047
-0.049459542722031964
-0.049458319609418384
-0.04945554411476799
-0.049456237959520775
-0.04945538188765816
-0.0494562105048649
-0.04945742353022338
-0.04945593096827592
-0.049455349442360734
-0.04945449090524189
-0.04945578371365143
-0.04945422137060437
-0.049452377132924594
-0.049450979695728765
-0.04944681529748088
-0.04944280874884326
-0.04943642853692646
-0.04943031424208995
-0.049423588252633065
-0.049422317049791116
-0.04942278314998278
-0.04941940349769279
-0.049404651540373594
-0.04940465652182922
-0.049404621651658494
-0.04940509489382964
-0.049398654588879556
-0.049395108896952256
-0.049393099729198156
-0.04938923371909914
-0.0493859780722915
-0.049385116940141055
-0.04937962978759237
-0.04937778607666913
-0.04937437022215017
-0.04935806366527914
-0.049352575005073125
-0.049353283391936106
-0.04934894639154143
-0.049350355523241345
-0.049350131846223964
-0.04935055186360958
-0.04934941112282053
-0.04934139013243886
-0.049340170313265014
-0.04933731353663644
-0.049335224570758014
-0.04933558720863473
-0.049335830626059764
-0.049336374598082905
-0.04933787989762637
-0.049338225185423794
-0.049336926033895515
-0.04933494887014649
-0.049332537240809646
-0.049334496827100074
-0.04933418387902544
-0.0493323981632273
-0.0493306051253581
-0.04932274162030064
-0.049323851348878164
-0.04931664520143328
-0.04930634475062488
-0.04930560048413274
-0.049301266814095066
-0.049300857548227536
-0.04929944873291388
-0.04929637094715523
-0.04929027354109313
-0.04927702012015646
-0.04927118510208028
-0.049266708799013154
-0.04925927897217137
-0.049257411957827985
-0.04925681523610249
-0.04925779822516246
-0.049257612518964135
-0.0492542873745821
-0.04925092059257939
-0.049239739214777783
-0.04923608742336905

Average_Activity:
0.0
0.0
0.0
0.0
0.0
0.25
1.25
1.0
0.75
0.0
0.0
0.25
0.0
0.0
0.0
1.25
0.0
0.5
1.0
1.5
0.0
0.0
0.5
0.0
0.0
0.5
0.0
0.0
1.25
1.0
0.0
0.0
0.0
0.0
0.75
0.0
0.25
1.5
1.0
0.0
0.0
0.0
0.0
0.0
0.0
0.25
0.0
0.0
0.0
0.0
0.0
0.0
2.25
2.75
6.5
6.0
11.5
10.5
11.25
8.75
6.75
4.25
0.0
0.0
0.25
0.0
0.0
0.0
0.0
0.0
1.0
1.5
3.0
3.75
5.25
3.0
1.25
0.0
1.25
0.0
0.0
0.0
0.75
1.5
0.0
0.0
0.0
0.0
0.0
1.25
1.0
2.0
9.25
9.0
9.0
3.5
6.0
10.75
20.25
11.25
15.25
28.25
34.25
30.25
9.5
7.25
7.5
13.5
6.5
5.5
8.5
5.25
6.0
6.25
5.0
2.0
0.25
0.25
0.0
0.0
0.75
0.0
0.5
0.0
0.0
1.25
0.5
0.75
0.25
0.25
2.0
1.75
2.25
4.75
12.0
20.0
15.75
21.0
7.5
10.5
7.5
7.5
9.25
7.5
5.0
5.25
7.5
6.75
9.0
3.75
4.5
10.75
10.5
5.75
4.75
2.75
0.25
0.0
0.0
0.0
0.0
0.5
0.0
0.0
0.25
0.75
0.0
0.0
0.0
0.25
1.5
1.0
0.25
2.25
0.0
0.0
0.75
0.0
0.0
0.0
0.5
0.0
1.0
0.0
0.0
0.0
0.0
0.25
2.25
6.0
8.5
5.25
5.25
4.25
5.5
6.75
3.75
3.0
3.25
4.75
3.0
2.75
2.0
1.0
1.0
2.75
2.5
0.75
0.0
0.0
0.0
1.75
0.5
4.25
6.5
5.25
7.5
11.75
7.75
5.75
0.75
1.5
0.0
0.25
1.5
1.75
1.0
0.0
0.0
0.0
0.75
0.25
0.0
1.0
4.75
4.75
7.0
2.75
0.0
0.0
0.0
0.0
0.25
0.5
0.0
0.25
0.0
0.0
0.0
1.0
1.75
0.0
0.0
0.5
0.0
0.0
0.0
0.0
0.0
0.0
0.0
0.25
1.25
7.0
7.25
6.0
10.75
17.5
23.0
20.75
18.0
21.75
18.25
12.5
11.0
9.0
8.5
14.0
12.75
8.5
5.75
1.5
0.0
0.0
0.75
1.0
0.0
0.25
3.5
5.0
2.5
1.5
6.0
5.75
2.75
2.0
3.25
2.75
2.0
2.75
5.0
4.5
6.0
7.25
4.0
2.75
1.75
0.0
1.5
0.0
2.5
3.25
2.25
8.5
11.25
24.75
21.5
13.5
15.75
17.25
14.5
13.25
3.25
0.25
0.0
0.0
0.5
0.25
0.5
1.75
0.0
0.75
0.0
0.0
0.0
0.75
1.0
0.0
0.0
0.0
0.25
1.0
0.75
0.25
0.0
0.5
3.0
5.75
5.0
6.75
10.25
10.25
5.75
6.75
4.5
11.0
6.75
4.25
3.0
2.0
0.75
0.25
0.0
1.0
4.25
4.0
0.75
0.0
0.0
0.0
0.75
0.5
1.25
2.25
1.0
0.5
0.0
0.0
0.0
0.75
2.75
0.25
0.0
1.75
4.25
3.75
5.25
2.25
2.0
2.0
3.0
0.75
1.25
3.25
0.25
0.25
0.0
0.0
0.0
0.0
0.0
0.0
0.0
0.0
0.0
1.25
2.0
6.5
7.75
6.5
6.0
5.0
2.25
2.5
0.25
0.0
0.25
0.0
0.25
0.0
0.0
0.0
0.0
0.0
0.0
0.0
0.0
0.0
0.0
0.25
0.0
0.0
0.0
0.0
0.0
0.0
0.5
0.0
0.0
0.5
0.25
0.0
0.0
1.5
3.75
4.5
1.75
0.0
0.0
0.0
0.0
0.0
0.0
3.25
1.75
0.75
3.0
2.0
0.0
0.0
0.0
0.0
0.0
0.0
0.25
0.75
1.75
1.25
1.0
1.5
1.75
2.75
1.75
0.75
0.25
1.5
5.75
1.0
1.5
2.75
0.25
0.5
0.25
2.75
4.5
8.0
2.5
0.5
0.0
0.0
0.5
3.25
4.0
5.75
1.75
1.25
0.0
1.0
0.0
0.25
0.5
2.75
4.0
2.0
4.25
6.25
5.5
5.0
3.75
0.75
0.0
0.0
0.5
2.5
9.5
11.5
11.25
6.0
6.0
4.75
2.5
3.0
0.25
0.25
2.25
3.5
4.25
1.75
3.25
4.5
1.0
0.5
1.75
0.25
0.0
0.0
0.0
0.0
1.5
0.25
0.75
0.0
0.0
0.5
0.0
0.0
0.0
0.5
2.75
3.25
0.5
0.0
1.0
0.5
0.0
0.0
0.0
0.0
0.25
0.0
0.0
0.0
0.0
0.0
0.0
0.0
0.0
0.25
0.0
0.0
1.25
6.0
5.25
1.0
0.0
0.5
0.0
0.0
0.5
1.25
0.0
0.0
0.0
0.0
0.5
0.5
0.0
0.0
0.25
1.25
0.0
0.0
0.0
0.5
0.0
0.0
0.0
0.0
0.0
0.0
0.0
0.5
4.25
2.75
0.25
0.0
0.25
0.25
2.0
2.5
0.0
0.0
0.0
0.25
0.0
0.0
1.0
0.0
0.5
0.0
0.0
0.0
0.0
0.0
0.0
0.0
0.25
0.25
0.0
0.0
0.0
0.0
0.5
0.0
0.5
0.0
0.25
0.25
0.25
0.25
1.0
3.5
3.5
3.25
6.25
10.25
12.5
7.75
0.75
0.0
0.0
0.0
0.0
0.25
0.75
0.25
0.0
0.25
1.75
1.25
3.25
1.0
0.0
0.0
1.25
5.0
4.75
0.5
0.0
0.0
0.0
0.0
2.25
5.75
7.0
5.5
3.0
4.0
2.5
2.5
2.25
2.25
0.75
0.0
0.0
0.0
1.0
0.75
0.0
1.5
1.75
1.25
3.0
2.0
4.25
5.0
2.75
0.5
0.0
0.0
0.25
2.75
1.0
2.0
3.0
0.0
0.0
2.5
1.25
0.0
0.0
0.0
2.25
1.75
0.0
0.0
0.0
0.0
0.0
1.0
0.25
0.0
0.0
0.0
0.0
0.75
0.25
0.75
2.0
0.25
0.75
0.75
0.25
0.25
2.5
3.0
0.75
1.0
0.0
0.75
2.25
0.0
0.0
0.0
0.5
1.25
0.0
2.25
7.25
10.5
15.75
12.0
13.75
8.5
6.5
3.25
5.0
2.0
0.0
0.0
0.0
0.25
0.0
0.0
0.0
0.0
0.0
0.0
0.0
1.0
2.25
0.75
2.25
2.0
0.25
0.0
0.0
0.0
1.25
0.5
1.75
0.25
0.0
0.0
0.0
0.0
1.5
0.75
1.25
4.25
2.25
2.75
2.75
11.25
11.75
3.0
3.5
3.0
3.25
6.75
10.75
6.5
5.25
8.0
7.5
10.25
13.0
16.25
7.5
11.5
10.25
10.0
6.0
1.25
1.25
2.5
4.25
5.25
3.25
1.75
1.0
1.25
1.0
0.25
0.0
0.0
0.0
0.25
5.0
7.75
0.5
1.0
0.25
0.25
1.5
0.5
0.0
0.0
0.5
0.5
1.0
0.5
0.0
0.0
0.0
0.0
0.0
2.75
15.75
32.0
34.75
23.75
14.0
12.5
19.25
21.25
20.25
23.25
17.25
15.75
13.5
8.75
6.0
2.75
0.0
0.25
0.0
0.0
0.0
0.5
0.25
0.0
0.0
1.25
1.25
0.0
0.5
0.0
0.0
0.0
0.0
0.0
0.0
0.5
0.0
0.5
2.0
13.0
20.0
24.25
25.25
24.0
23.75
12.0
11.0
5.0
3.0
1.75
3.25
0.5
2.75
2.0
1.25
2.5
4.0
5.0
6.25
12.5
16.75
22.5
22.5
8.25
8.75
9.5
9.5
9.0
13.5
11.25
8.75
6.0
3.75
1.25
0.75
0.0
0.0
1.5
0.5
0.0
0.0
0.5
1.0
3.5
2.75
0.0
0.0
0.75
2.75
5.0
3.5
3.5
0.25
1.25
3.0
4.25
3.0
0.5
0.75
4.5
4.25
4.5
2.0
0.25
0.0
0.0
0.0
0.0
0.25
0.75
1.0
6.0
4.0
0.75
0.0
0.0
0.25
1.75
0.0
0.0
0.25
0.0
0.0
0.0
0.0
2.0
1.25
0.0
0.0
0.0
0.0
0.0
0.0
0.0
0.0
2.0
1.75
0.75
0.0
0.25
0.25
0.0
0.0
0.0
1.25
3.75
11.0
10.0
13.25
15.0
23.75
23.0
22.5
29.5
23.25
23.75
16.25
20.0
28.5
23.75
30.25
35.25
26.25
15.5
18.0
12.75
7.0
3.0
4.75
3.25
5.25
10.0
18.5
13.0
7.25
11.0
5.25
0.5
0.0
0.0
0.25
0.75
0.5
0.0
0.0
0.0
0.0
0.0
0.0
0.0
0.0
0.75
0.25
0.75
1.75
1.75
0.0
0.0
0.0
0.5
2.75
1.5
0.25
0.25
1.25
2.5
2.0
0.0
0.0
0.0
0.0
0.25
2.25
2.25
4.75
5.25
0.0
0.25
0.0
0.0
0.0
0.0
0.0
0.0
0.25
0.25
0.0
0.0
0.75
0.5
0.0
0.0
0.75
0.75
4.75
0.0
0.0
0.75
5.5
3.0
2.25
1.5
0.0
0.0
0.0
0.75
0.0
0.0
0.25
1.25
0.25
0.0
0.0
4.25
9.0
15.25
21.0
26.25
25.75
13.25
8.25
6.0
6.0
5.25
5.5
5.75
3.75
1.25
1.75
2.0
4.0
4.75
2.75
1.25
0.25
1.0
4.0
3.0
0.0
0.5
0.0
0.25
1.75
2.0
3.5
2.0
0.5
0.75
4.0
2.5
3.5
2.5
7.0
2.25
4.5
11.25
11.25
19.75
16.0
5.75
0.75
0.0
0.0
0.0
0.0
0.0
0.0
0.0
0.0
1.25
1.25
0.0
0.0
1.5
0.0
0.0
0.75
6.0
3.5
3.5
8.5
8.75
9.0
9.0
11.5
15.25
9.25
14.5
23.0
23.0
20.0
14.75
6.75
7.75
4.0
4.0
0.0
0.0
0.0
0.0
0.0
1.0
2.75
1.75
0.75
0.5
0.0
0.0
0.0
0.0
0.0
0.25
2.75
2.75
4.25
7.5
8.5
20.75
19.25
11.5
4.5
1.5
0.25
0.0
0.75
1.25
0.0
0.0
0.0
0.0
1.0
1.75
0.5
2.25
5.25
11.5
11.75
11.25
6.5
4.5
3.25
1.0
0.0
0.75
0.0
0.0
0.0
0.5
0.0
0.25
0.25
0.0
1.0
1.0
0.0
0.0
1.25
1.0
1.75
0.5
3.0
2.0
3.0
4.0
2.0
0.0
0.25
2.0
2.0
0.0
0.0
0.0
0.0
0.0
0.5
2.0
4.5
9.0
8.25
11.0
17.25
20.5
19.5
17.0
13.25
8.5
7.5
7.25
6.5
10.25
1.25
0.25
0.0
0.0
0.0
0.0
0.0
0.0
0.0
0.25
2.25
0.0
0.0
0.0
0.0
0.0
0.5
3.0
4.5
6.5
7.25
4.5
1.5
0.0
0.25
0.5
0.0
0.5
0.0
0.25
0.25
0.0
0.0
0.25
1.75
4.75
6.25
5.5
6.25
6.0
9.0
6.5
3.0
3.5
5.75
13.0
27.25
20.0
28.0
31.5
33.75
28.75
22.75
26.5
15.5
14.75
14.5
10.0
7.75
12.25
13.0
12.0
13.0
11.0
11.5
16.5
13.5
14.75
9.5
21.5
23.75
19.75
15.25
20.5
17.5
16.5
23.5
21.0
14.75
15.75
6.5
2.25
2.0
2.5
0.25
0.0
0.0
1.5
1.25
0.0
1.25
0.75
0.0
0.0
0.0
0.0
0.0
0.25
0.0
1.5
0.25
0.0
0.0
0.0
0.0
0.0
0.0
0.0
0.0
0.0
0.0
0.0
0.0
0.0
0.25
2.0
1.25
0.25
0.25
0.0
0.0
0.0
0.0
0.25
0.0
0.0
0.75
6.25
6.0
4.0
7.0
3.25
10.5
16.0
17.25
12.0
7.5
1.25
0.0
0.0
0.0
0.5
1.5
1.25
6.25
15.0
10.0
4.0
2.75
0.25
0.0
0.0
0.0
0.75
1.25
0.75
0.0
0.0
0.0
1.25
1.75
0.5
0.0
0.0
0.0
0.0
0.0
0.75
0.0
0.0
0.25
0.0
0.0
0.25
0.0
0.0
0.25
0.0
0.0
0.0
0.0
0.0
0.0
0.0
0.0
0.0
0.0
0.0
0.0
2.0
2.25
0.5
0.0
0.0
0.0
0.0
0.25
0.0
0.0
0.25
0.75
0.0
0.0
0.5
0.0
0.0
0.0
0.25
1.5
0.0
0.0
0.25
0.5
1.5
3.0
7.75
7.25
2.75
2.25
2.5
3.25
1.0
2.25
0.75
2.25
4.25
1.5
0.25
0.0
0.75
0.0
0.0
0.25
0.0
0.25
0.0
0.0
0.5
0.0
1.5
2.25
1.75
1.0
4.0
7.0
12.0
13.5
14.75
19.25
16.75
13.5
11.25
13.75
11.0
8.25
11.0
20.75
17.25
21.75
18.25
9.25
10.0
5.75
3.0
0.5
0.0
0.0
0.0
0.0
0.0
0.0
0.5
0.25
0.0
1.75
0.5
0.5
0.75
0.25
0.0
0.0
0.0
0.75
0.0
0.0
0.0
0.5
0.0
0.25
0.0
0.0
1.75
3.75
3.0
5.75
4.0
6.75
9.0
10.75
7.25
5.25
6.0
3.75
5.5
6.75
1.25
0.0
0.0
0.0
0.0
0.0
1.0
2.25
3.5
8.5
12.75
16.75
16.25
8.5
5.75
5.75
3.5
1.0
1.0
0.0
0.0
0.0
1.0
4.0
3.0
6.25
6.75
7.25
10.5
6.5
7.25
11.75
4.75
5.25
2.25
1.0
0.75
0.5
0.0
0.0
0.0
0.0
0.25
0.0
0.0
0.0
0.0
0.25
0.0
0.0
0.0
0.0
0.0
0.0
0.25
2.75
0.25
0.0
0.75
0.0
0.25
0.0
0.0
0.0
0.25
0.0
0.0
0.25
0.5
0.0
0.5
0.5
0.0
1.25
0.25
0.5
1.75
1.0
0.0
0.0
0.0
0.0
0.0
1.25
3.25
2.5
0.0
0.25
0.0
0.0
0.25
1.25
2.25
1.5
0.75
0.0
0.0
0.0
0.0
0.0
0.0
0.25
1.25
0.0
0.25
0.25
0.0
0.25
0.0
0.0
0.0
0.25
1.25
0.25
0.0
0.25
0.0
0.0
0.0
0.0
0.0
0.25
0.0
0.0
0.0
0.0
0.0
0.0
0.0
0.0
0.0
0.25
0.75
0.0
0.25
1.25
2.0
0.75
0.25
0.0
0.0
0.0
0.25
1.5
0.75
1.25
0.75
0.25
0.0
0.0
0.0
1.25
0.0
0.0
0.0
0.5
0.25
0.0
0.0
2.25
3.5
4.0
1.75
4.0
4.0
2.5
0.25
0.25
2.25
3.0
1.25
3.5
5.5
1.0
0.25
1.75
0.0
0.25
2.25
3.75
3.0
0.25
0.0
0.25
0.25
0.0
0.0
0.0
1.0
5.25
6.5
2.5
3.75
3.75
1.0
1.0
2.0
1.5
0.75
0.5
0.0
1.75
0.75
0.25
4.25
0.75
3.75
5.25
9.5
7.0
2.75
0.0
0.25
0.0
0.0
0.0
0.75
0.0
0.75
1.25
7.25
6.75
6.75
9.25
8.25
9.0
5.5
2.0
0.0
0.0
0.0
0.0
0.0
0.0
0.0
0.0
0.0
0.0
0.0
0.0
0.0
0.0
0.25
0.0
0.0
0.0
0.0
0.5
0.5
0.0
0.0
0.0
1.0
0.75
0.5
0.0
0.25
0.75
0.0
0.0
0.0
0.0
0.0
0.0
0.0
0.0
0.75
1.5
0.0
0.0
0.0
0.5
0.0
0.0
2.5
5.0
8.75
1.75
2.5
2.5
1.0
2.25
5.25
2.5
1.75
4.5
2.25
2.75
5.5
2.75
1.25
0.25
0.0
0.0
0.0
0.0
0.0
0.0
0.0
0.0
0.0
0.0
1.5
4.0
6.75
6.75
4.25
1.5
0.75
0.25
1.5
3.25
5.75
4.25
1.5
0.0
0.0
0.25
0.0
0.75
4.0
0.25
1.0
0.0
3.0
1.25
1.25
4.75
8.5
2.25
3.0
0.75
0.25
1.5
0.5
0.0
0.0
0.0
2.0
3.0
6.75
7.75
12.25
14.0
12.75
11.75
8.25
6.75
5.25
4.75
2.5
6.75
4.5
2.25
0.0
0.0
0.75
6.5
11.0
18.75
28.0
31.75
27.0
14.0
9.75
3.25
4.75
6.0
0.5
0.0
0.0
0.0
0.25
1.5
1.0
0.0
0.0
0.0
0.0
0.0
0.0
0.0
0.25
0.25
0.0
0.0
0.0
0.0
0.0
0.0
0.0
0.5
1.25
2.0
2.25
1.25
0.25
0.25
1.5
1.5
0.0
0.0
0.0
0.0
0.5
1.75
6.5
12.5
15.75
17.75
16.25
19.0
15.75
15.25
13.5
17.5
21.75
13.5
12.5
18.0
23.25
23.75
17.75
6.75
7.25
16.5
23.75
21.75
20.5
21.25
15.75
10.75
11.25
5.75
3.0
3.25
2.0
0.25
0.0
1.0
1.5
0.0
0.0
0.0
0.0
0.75
0.0
0.0
0.25
1.0
1.5
2.25
3.75
2.75
2.75
1.5
0.0
0.0
0.25
1.25
2.0
3.0
1.75
0.0
0.0
0.0
0.25
2.25
0.0
0.0
0.0
0.25
0.0
0.0
0.0
0.0
0.0
0.5
2.0
5.0
13.25
16.25
11.0
12.5
11.75
16.5
12.75
5.0
6.5
5.0
7.0
18.25
19.75
24.0
16.0
1.25
0.0
0.0
0.0
0.0
0.25
0.25
0.0
0.0
1.0
0.0
0.25
0.75
0.0
2.25
2.0
0.0
0.0
0.0
0.0
0.0
0.0
0.0
0.0
0.75
0.25
1.0
2.0
0.75
1.5
0.0
0.0
0.0
0.25
1.0
1.0
3.0
1.25
0.0
0.0
1.0
3.5
1.5
4.75
6.0
7.0
7.0
4.75
6.25
5.0
3.5
1.75
0.0
0.75
0.0
0.75
0.25
0.0
1.75
0.0
0.0
0.5
3.5
2.75
2.25
2.0
4.0
8.0
9.75
13.75
11.0
10.5
17.75
12.75
9.0
10.0
3.75
2.5
2.75
0.0
0.0
0.5
0.25
0.5
1.0
1.5
2.5
6.0
10.0
11.75
8.25
6.75
6.0
8.0
5.75
13.0
12.5
14.25
4.75
4.75
2.75
0.0
0.0
0.25
5.0
3.75
8.25
9.5
10.25
12.0
14.25
18.5
16.5
25.5
30.75
35.0
37.25
41.5
40.5
19.75
12.5
14.5
18.0
18.0
23.25
7.5
4.25
4.5
3.75
3.0
2.25
6.75
11.0
6.25
5.75
4.75
11.5
13.5
12.0
10.5
14.75
11.25
9.0
4.25
4.75
1.0
2.5
0.0
0.25
0.25
2.75
3.75
2.25
5.5
6.5
13.0
8.75
9.0
11.75
18.5
14.75
12.5
7.75
8.0
8.5
1.75
0.0
2.5
1.5
2.25
2.5
0.5
0.0
0.0
1.0
1.75
0.0
0.0
0.0
0.25
0.0
0.0
0.0
0.25
2.0
1.5
0.0
0.5
0.0
0.75
4.25
8.75
15.25
19.0
22.5
28.75
33.0
17.25
8.5
5.0
6.25
2.75
3.0
2.0
0.25
0.75
0.5
1.0
0.75
0.0
0.0
0.0
0.0
0.0
0.0
0.0
0.5
3.0
3.5
14.5
20.75
11.0
6.75
8.0
5.5
4.0
2.75
0.0
0.0
0.0
0.0
0.0
0.0
0.0
1.0
0.0
0.0
0.0
0.0
0.0
0.0
0.0
0.0
0.0
1.25
0.0
1.25
1.0
0.0
0.0
0.0
0.25
2.5
3.25
3.0
2.75
0.0
0.0
0.5
0.0
0.0
0.0
0.0
0.0
0.0
0.0
0.0
0.25
1.0
1.0
1.0
0.5
0.0
0.0
0.0
0.25
0.0
0.5
0.0
2.25
0.25
0.5
1.5
0.0
0.0
0.25
0.0
0.0
0.75
0.0
0.0
0.75
1.0
0.0
0.25
0.0
0.0
0.25
0.0
3.0
2.75
0.0
0.0
0.0
0.0
0.5
1.75
0.0
0.0
0.0
0.5
3.0
7.0
8.0
3.5
8.25
7.75
7.75
11.0
18.25
29.5
25.25
10.75
10.25
10.25
11.25
8.0
8.5
7.25
4.0
0.25
0.0
0.0
0.25
0.5
3.25
2.0
0.25
0.75
0.0
0.0
0.5
1.5
0.75
0.0
0.5
1.25
3.5
7.75
18.25
24.75
29.75
27.5
17.0
8.0
4.5
6.5
4.0
2.0
3.75
3.75
4.25
5.25
10.25
15.75
16.5
5.0
8.0
9.0
14.0
16.75
16.5
13.75
10.75
10.75
7.5
10.75
9.0
8.25
8.0
6.25
7.0
2.75
1.0
0.75
0.0
0.0
2.0
6.0
11.75
9.75
7.0
8.75
7.0
14.0
17.0
15.75
12.5
7.5
7.75
3.0
2.75
2.75
3.25
3.25
7.5
3.75
8.0
12.5
10.75
19.5
16.75
11.0
11.0
17.5
33.0
33.0
30.75
21.5
17.5
16.5
22.5

Average_Alpha:
0.24500000100000005
0.24500000500000005
0.245000009
0.24500001299999993
0.24500001700000007
0.24500002000000004
0.24500001899999999
0.24500001899999993
0.24500002000000004
0.24500002400000004
0.24500002799999998
0.24500003099999992
0.24500003500000003
0.245000039
0.24500004299999995
0.2450000419999999
0.24500004600000005
0.245000048
0.24500004799999997
0.24500004599999992
0.24500005000000005
0.245000054
0.24500005599999994
0.24500005999999988
0.24500006400000005
0.24500006600000002
0.24500006999999993
0.2450000739999999
0.245000073
0.24500007299999998
0.24500007699999993
0.24500008099999987
0.245000085
0.24500008899999998
0.24500008999999995
0.24500009399999986
0.24500009699999997
0.24500009499999995
0.2450000949999999
0.24500009899999986
0.245000103
0.24500010699999997
0.24500011099999988
0.24500011499999988
0.245000119
0.24500012199999996
0.2450001259999999
0.24500012999999984
0.24500013399999995
0.24500013799999992
0.24500014199999987
0.24500014599999986
0.24500014099999998
0.24500013399999993
0.24500011199999988
0.24500009199999984
0.24500004999999994
0.2450000119999999
0.24499997099999984
0.24499993999999986
0.24499991699999993
0.2449999039999999
0.24499990799999982
0.24499991199999985
0.24499991499999993
0.24499991899999987
0.24499992299999981
0.24499992699999984
0.2449999309999999
0.2449999349999999
0.24499993499999984
0.24499993299999984
0.2449999249999999
0.24499991399999987
0.2449998969999998
0.24499988899999983
0.2449998879999999
0.24499989199999989
0.24499989099999983
0.2449998949999998
0.24499989899999988
0.24499990299999985
0.2449999039999998
0.2449999019999998
0.2449999059999999
0.24499990999999982
0.2449999139999998
0.24499991799999982
0.2449999219999999
0.24499992099999984
0.24499992099999976
0.24499991699999982
0.24499988399999986
0.2449998519999998
0.24499981999999978
0.2449998099999998
0.24499978999999986
0.2449997509999998
0.24499967399999978
0.2449996329999998
0.24499957599999983
0.24499946699999978
0.24499933399999974
0.2449992169999998
0.2449991829999998
0.24499915799999974
0.24499913199999976
0.24499908199999978
0.2449990599999998
0.24499904199999975
0.24499901199999974
0.24499899499999975
0.24499897499999979
0.24499895399999974
0.24499893799999972
0.24499893399999978
0.24499893699999978
0.24499893999999975
0.24499894399999975
0.24499894799999974
0.24499894899999974
0.24499895299999971
0.2449989549999997
0.24499895899999974
0.24499896299999976
0.2449989619999997
0.2449989639999997
0.24499896499999974
0.2449989679999997
0.2449989709999997
0.2449989669999997
0.2449989639999997
0.24499895899999974
0.2449989439999997
0.24499889999999971
0.24499882399999973
0.2449987649999997
0.2449986849999997
0.2449986589999997
0.24499862099999972
0.24499859499999974
0.2449985689999997
0.24499853599999968
0.2449985099999997
0.24499849399999968
0.24499847699999966
0.24499845099999967
0.2449984279999997
0.2449983959999997
0.24499838499999968
0.2449983709999997
0.24499833199999968
0.24499829399999964
0.24499827499999963
0.24499825999999963
0.2449982529999997
0.2449982559999997
0.24499825999999963
0.24499826399999966
0.24499826799999969
0.24499827199999966
0.24499827399999963
0.24499827799999965
0.24499828199999968
0.24499828499999965
0.24499828599999965
0.24499828999999965
0.24499829399999964
0.24499829799999964
0.24499830099999964
0.24499829899999964
0.24499829899999964
0.2449983019999996
0.2449982969999996
0.24499830099999964
0.24499830499999964
0.2449983059999996
0.2449983099999996
0.2449983139999996
0.24499831799999963
0.2449983199999996
0.2449983239999996
0.2449983239999996
0.24499832799999963
0.2449983319999996
0.24499833599999957
0.2449983399999996
0.24499834299999965
0.2449983379999996
0.24499831799999955
0.2449982879999996
0.24499827099999963
0.24499825399999958
0.24499824099999956
0.2449982229999996
0.2449981999999996
0.24499818899999956
0.24499818099999954
0.24499817199999957
0.2449981569999996
0.24499814899999955
0.24499814199999953
0.2449981379999996
0.2449981379999996
0.2449981379999996
0.24499813099999954
0.24499812499999957
0.2449981259999996
0.24499812999999954
0.24499813399999953
0.24499813799999956
0.24499813499999956
0.24499813699999956
0.24499812399999954
0.24499810199999955
0.24499808499999956
0.24499805899999955
0.24499801599999954
0.24499798899999953
0.24499796999999954
0.24499797099999954
0.2449979689999995
0.2449979729999995
0.24499797599999953
0.2449979739999995
0.24499797099999948
0.24499797099999948
0.24499797499999953
0.24499797899999953
0.2449979829999995
0.24499798399999953
0.2449979869999995
0.2449979909999995
0.2449979909999995
0.24499797599999948
0.24499796099999951
0.24499793699999953
0.24499792999999948
0.24499793399999947
0.2449979379999995
0.2449979419999995
0.24499794599999944
0.2449979489999995
0.2449979509999995
0.2449979549999995
0.24499795799999943
0.24499796199999946
0.24499796599999948
0.24499796999999948
0.24499796999999945
0.24499796699999946
0.24499797099999948
0.24499797499999948
0.24499797699999942
0.24499798099999945
0.24499798499999945
0.24499798899999944
0.24499799299999944
0.24499799699999947
0.24499800099999944
0.24499800499999946
0.2449980079999994
0.24499800699999943
0.24499798299999945
0.24499795799999943
0.24499793799999942
0.24499789899999944
0.24499783299999944
0.24499774499999943
0.24499766599999942
0.24499759799999946
0.24499751499999944
0.2449974459999994
0.2449973999999994
0.24499735999999944
0.2449973279999994
0.24499729799999942
0.2449972459999994
0.2449971989999994
0.2449971689999994
0.24499714999999941
0.24499714799999942
0.2449971519999994
0.24499715599999938
0.24499715699999935
0.24499715699999938
0.2449971609999994
0.2449971639999994
0.24499715399999936
0.2449971379999994
0.2449971319999994
0.2449971299999994
0.2449971099999994
0.24499709099999936
0.24499708399999937
0.2449970799999994
0.24499707099999934
0.24499706399999935
0.24499705999999938
0.24499705299999938
0.24499703699999936
0.24499702299999937
0.24499700299999938
0.24499697799999937
0.24499696599999934
0.24499695899999932
0.24499695599999932
0.24499695999999938
0.24499695799999935
0.24499696199999935
0.24499695599999935
0.24499694699999935
0.2449969419999993
0.24499691199999932
0.2449968709999993
0.24499677599999933
0.24499669399999932
0.24499664399999932
0.24499658499999932
0.24499651999999933
0.2449964659999993
0.2449964169999993
0.24499640799999933
0.2449964109999993
0.2449964149999993
0.2449964189999993
0.24499642099999933
0.2449964239999993
0.2449964259999993
0.2449964229999993
0.2449964269999993
0.2449964279999993
0.2449964319999993
0.2449964359999993
0.24499643999999926
0.24499644099999926
0.24499644099999926
0.24499644499999929
0.24499644899999928
0.24499645299999928
0.24499645599999925
0.24499645599999928
0.24499645699999928
0.24499645999999928
0.24499646399999928
0.24499646599999925
0.24499645799999928
0.24499643899999926
0.24499642299999924
0.24499639999999925
0.24499636299999927
0.24499632599999924
0.24499630699999925
0.24499628399999923
0.24499626999999924
0.24499622999999926
0.24499620699999924
0.24499619399999922
0.24499618599999926
0.24499618199999923
0.2449961829999992
0.2449961859999992
0.24499618999999925
0.24499618999999925
0.24499617699999923
0.2449961649999992
0.2449961659999992
0.2449961699999992
0.2449961739999992
0.2449961779999992
0.24499617899999918
0.24499618099999923
0.24499617999999918
0.2449961749999992
0.2449961749999992
0.2449961769999992
0.24499618099999917
0.24499618499999917
0.24499618899999923
0.24499618999999923
0.24499618299999917
0.24499618599999917
0.24499618999999923
0.24499618699999917
0.24499617399999915
0.24499616299999918
0.24499614599999917
0.24499614099999917
0.24499613699999914
0.24499613299999917
0.24499612499999918
0.24499612599999918
0.24499612499999915
0.24499611599999918
0.24499611899999918
0.24499612199999915
0.24499612599999915
0.24499612999999915
0.24499613399999917
0.24499613799999914
0.2449961419999991
0.24499614599999917
0.24499614999999914
0.24499615399999913
0.24499615799999913
0.24499615699999913
0.24499615299999913
0.24499613099999915
0.24499610399999913
0.24499608199999912
0.24499606199999915
0.24499604599999913
0.2449960409999991
0.2449960349999991
0.2449960379999991
0.24499604199999914
0.2449960449999991
0.2449960489999991
0.2449960519999991
0.24499605599999913
0.2449960599999991
0.2449960639999991
0.24499606799999912
0.24499607199999912
0.2449960759999991
0.2449960799999991
0.2449960839999991
0.24499608799999914
0.24499609199999905
0.24499609499999908
0.24499609899999908
0.2449961029999991
0.24499610699999905
0.24499611099999907
0.2449961149999991
0.2449961189999991
0.24499612099999904
0.2449961249999991
0.24499612899999906
0.2449961309999991
0.24499613399999903
0.24499613799999906
0.24499614199999906
0.24499613999999906
0.24499612899999904
0.24499611499999907
0.24499611199999904
0.24499611599999907
0.244996119999999
0.24499612399999904
0.24499612799999906
0.24499613199999906
0.24499613599999903
0.24499612699999904
0.24499612399999904
0.24499612499999904
0.24499611699999904
0.24499611299999902
0.24499611699999904
0.244996120999999
0.244996124999999
0.244996128999999
0.24499613299999903
0.244996136999999
0.244996139999999
0.244996140999999
0.244996137999999
0.244996136999999
0.244996136999999
0.244996134999999
0.24499613199999903
0.24499612499999898
0.24499612199999898
0.24499612299999898
0.244996125999999
0.24499612399999898
0.24499610499999896
0.24499610499999896
0.244996102999999
0.24499609599999897
0.24499609899999897
0.244996100999999
0.244996103999999
0.244996096999999
0.24499608299999898
0.24499605499999896
0.24499604899999897
0.24499605099999897
0.24499605499999896
0.244996058999999
0.244996060999999
0.24499605199999896
0.24499603999999894
0.24499602099999895
0.24499601799999898
0.24499601699999898
0.24499602099999893
0.24499602099999895
0.24499602499999895
0.24499602799999895
0.24499602999999895
0.24499602299999892
0.24499601099999893
0.24499600699999893
0.2449959939999989
0.24499597299999895
0.24499595499999893
0.24499593899999894
0.24499592799999892
0.24499592899999895
0.24499593299999892
0.24499593699999891
0.24499593899999889
0.2449959329999989
0.24499589899999893
0.24499585699999893
0.24499581599999892
0.2449957959999989
0.2449957759999989
0.2449957609999989
0.2449957549999989
0.2449957469999989
0.2449957499999989
0.2449957529999989
0.24499574799999888
0.24499573799999888
0.24499572499999892
0.2449957219999989
0.24499571299999887
0.24499569899999887
0.24499569899999887
0.24499570099999887
0.24499569799999887
0.24499570099999887
0.24499570499999884
0.24499570899999884
0.24499571299999884
0.24499571699999884
0.24499571499999886
0.24499571799999886
0.24499571899999883
0.24499572299999886
0.24499572699999886
0.24499572899999886
0.24499573299999883
0.24499573699999883
0.24499574099999885
0.24499574299999885
0.24499573599999883
0.24499572699999886
0.24499572899999886
0.24499573299999883
0.24499573299999883
0.24499573499999883
0.24499573899999882
0.24499574299999882
0.2449957469999988
0.2449957509999988
0.24499575399999884
0.24499575799999884
0.2449957619999988
0.2449957659999988
0.2449957699999988
0.2449957739999988
0.24499577799999878
0.2449957819999988
0.24499578599999883
0.2449957889999988
0.24499579299999877
0.2449957969999988
0.2449957959999988
0.24499577599999878
0.24499575899999876
0.24499575899999876
0.24499576299999878
0.24499576499999878
0.24499576899999878
0.24499577299999878
0.24499577499999878
0.24499577399999875
0.24499577799999875
0.24499578199999877
0.24499578599999877
0.24499578999999874
0.24499579199999874
0.24499579399999874
0.2449957979999988
0.24499580199999876
0.24499580499999873
0.24499580399999876
0.24499580799999876
0.24499581199999876
0.24499581599999873
0.24499581799999873
0.24499582199999875
0.24499582599999875
0.2449958299999987
0.24499583399999872
0.24499583799999874
0.24499584199999874
0.2449958459999987
0.2449958479999987
0.24499583499999875
0.24499582799999875
0.2449958309999987
0.24499583499999872
0.24499583799999872
0.24499584099999872
0.24499583699999872
0.2449958309999987
0.2449958349999987
0.24499583899999872
0.24499584299999871
0.2449958459999987
0.2449958499999987
0.2449958539999987
0.24499585399999868
0.24499585799999868
0.2449958599999987
0.2449958639999987
0.24499586799999867
0.24499587199999867
0.2449958759999987
0.2449958799999987
0.2449958839999987
0.24499588799999866
0.24499589099999866
0.24499589399999866
0.24499589799999866
0.24499590199999866
0.24499590599999868
0.24499590999999868
0.24499591199999868
0.24499591599999865
0.24499591799999865
0.24499592199999864
0.24499592499999864
0.24499592799999867
0.24499593099999864
0.24499593399999864
0.24499593399999864
0.24499592399999864
0.24499591399999862
0.24499590499999863
0.24499588399999864
0.2449958469999986
0.24499580099999865
0.2449957739999986
0.2449957749999986
0.24499577899999864
0.24499578299999866
0.2449957869999986
0.24499579099999858
0.24499579399999863
0.24499579499999863
0.24499579799999863
0.2449958019999986
0.2449958049999986
0.2449958019999986
0.2449958009999986
0.24499579199999857
0.24499579199999857
0.24499579599999863
0.2449957999999986
0.24499579899999854
0.2449957829999986
0.2449957679999986
0.2449957699999986
0.24499577399999856
0.24499577799999858
0.2449957819999986
0.24499578599999858
0.24499578099999855
0.2449957619999986
0.24499573799999858
0.24499571999999856
0.24499571199999856
0.24499569999999854
0.24499569399999857
0.24499568799999855
0.24499568299999855
0.24499567799999855
0.24499567899999855
0.24499568299999855
0.24499568699999852
0.24499569099999854
0.24499569099999854
0.24499569199999854
0.24499569599999854
0.24499569399999854
0.24499569099999854
0.24499568999999854
0.24499568199999852
0.24499567799999852
0.24499566499999856
0.24499564899999854
0.2449956419999985
0.2449956439999985
0.24499564799999854
0.24499565199999854
0.24499565499999848
0.24499564799999854
0.24499564799999854
0.24499564399999849
0.24499563599999852
0.24499563999999852
0.24499564399999849
0.24499563799999852
0.2449956369999985
0.2449956409999985
0.2449956449999985
0.2449956489999985
0.24499564399999849
0.2449956409999985
0.2449956449999985
0.24499564899999848
0.24499565299999848
0.24499565699999845
0.24499566099999848
0.24499566099999845
0.24499566399999845
0.2449956679999985
0.24499567199999847
0.24499567599999847
0.24499567999999847
0.24499568099999847
0.24499568399999846
0.24499568499999844
0.24499568099999844
0.24499568399999844
0.24499568499999846
0.24499568599999844
0.24499568899999843
0.24499569199999846
0.24499568599999844
0.24499567799999847
0.24499567899999847
0.24499567899999847
0.24499568299999844
0.24499568399999844
0.2449956789999984
0.2449956829999984
0.24499568699999844
0.24499569099999843
0.24499569299999843
0.2449956919999984
0.24499569599999843
0.24499569099999843
0.24499566599999842
0.2449956279999984
0.2449955689999984
0.24499552499999838
0.24499547399999838
0.24499544399999842
0.2449954219999984
0.24499541299999839
0.24499539699999837
0.2449953929999984
0.24499539699999842
0.2449954009999984
0.24499540499999836
0.2449954079999984
0.24499541199999839
0.24499541599999838
0.24499541999999838
0.24499542399999835
0.24499542799999835
0.24499543199999838
0.24499543599999835
0.2449954359999984
0.24499543099999838
0.24499543199999835
0.24499542699999835
0.24499542299999838
0.24499542599999835
0.24499542999999835
0.24499543399999835
0.24499543799999837
0.24499543699999837
0.24499543899999834
0.24499543599999835
0.24499543899999834
0.24499544299999834
0.24499544699999834
0.24499545099999834
0.24499545499999834
0.24499545299999834
0.24499545399999834
0.2449954529999983
0.24499543999999832
0.24499543499999835
0.2449954279999983
0.24499542099999833
0.24499537999999835
0.24499533699999834
0.24499532899999832
0.2449953189999983
0.2449953109999983
0.24499530199999833
0.24499527899999832
0.24499523999999828
0.24499521799999832
0.2449952009999983
0.2449951729999983
0.2449951469999983
0.2449951099999983
0.24499506199999832
0.2449950009999983
0.24499497499999828
0.2449949329999983
0.24499489599999827
0.2449948599999983
0.24499483999999827
0.24499483899999827
0.24499483799999827
0.24499483199999827
0.24499481899999825
0.2449948019999983
0.24499479299999824
0.24499478999999827
0.24499478999999827
0.24499478899999827
0.24499478899999827
0.24499479199999827
0.24499479599999824
0.24499479999999826
0.24499480399999826
0.2449948069999982
0.24499479099999824
0.24499476399999828
0.24499476599999825
0.2449947659999982
0.24499476899999825
0.24499477199999825
0.24499476999999825
0.24499477199999825
0.24499477599999822
0.24499477999999822
0.24499478199999822
0.24499478399999822
0.2449947839999982
0.24499478599999824
0.24499478999999824
0.2449947939999982
0.2449947979999982
0.2449948019999982
0.24499480599999823
0.24499479899999818
0.24499473999999816
0.2449946159999982
0.2449944809999982
0.24499438999999817
0.24499433799999817
0.2449942919999982
0.24499421899999824
0.24499413799999814
0.24499406099999818
0.24499397199999817
0.24499390699999818
0.24499384799999815
0.24499379799999818
0.24499376699999817
0.24499374699999815
0.24499373999999816
0.24499374399999818
0.24499374699999815
0.24499375099999815
0.24499375499999815
0.24499375899999815
0.24499376099999817
0.24499376399999814
0.2449937679999981
0.24499377199999817
0.24499377099999817
0.24499376999999817
0.24499377399999817
0.24499377599999814
0.24499377999999813
0.24499378399999816
0.24499378799999813
0.24499379199999813
0.24499379599999813
0.24499379999999812
0.24499380199999812
0.24499380599999812
0.24499380799999812
0.24499380399999812
0.2449937559999981
0.2449936799999981
0.24499358699999813
0.24499348999999812
0.2449933979999981
0.2449933069999981
0.2449932629999981
0.2449932229999981
0.2449932069999981
0.24499319899999808
0.2449931959999981
0.2449931869999981
0.24499318899999808
0.24499318199999806
0.24499317799999812
0.24499317699999806
0.2449931709999981
0.24499315899999805
0.2449931429999981
0.2449931219999981
0.24499307599999806
0.24499301299999807
0.24499292699999808
0.24499284099999807
0.24499281199999806
0.24499278099999805
0.24499274699999807
0.24499271299999806
0.24499268099999805
0.24499263099999805
0.24499258999999804
0.24499255899999803
0.24499253899999804
0.24499252799999807
0.24499252699999807
0.24499252799999807
0.24499253199999804
0.24499253599999804
0.24499253399999804
0.24499253599999804
0.24499253999999804
0.244992543999998
0.244992545999998
0.244992545999998
0.244992535999998
0.24499252899999802
0.24499253299999801
0.24499253699999804
0.244992537999998
0.24499253099999801
0.244992514999998
0.244992504999998
0.244992494999998
0.24499249799999803
0.24499249699999803
0.24499248899999798
0.244992475999998
0.244992467999998
0.244992469999998
0.24499247099999796
0.244992456999998
0.24499244399999798
0.24499242999999798
0.244992425999998
0.24499242899999796
0.24499243299999796
0.244992436999998
0.244992440999998
0.24499244499999795
0.24499244799999798
0.24499244899999797
0.24499244899999797
0.24499242899999796
0.24499241699999796
0.24499241799999796
0.24499242199999796
0.24499242599999796
0.24499242899999796
0.244992425999998
0.24499242999999796
0.24499243399999796
0.24499243699999795
0.24499244099999795
0.24499244499999792
0.24499244899999792
0.24499245299999795
0.24499244899999792
0.24499244799999792
0.24499245199999792
0.24499245599999792
0.24499245999999794
0.24499246399999794
0.24499246799999794
0.2449924719999979
0.24499247599999793
0.24499247999999793
0.2449924759999979
0.2449924729999979
0.2449924739999979
0.2449924779999979
0.2449924809999979
0.24499248399999793
0.2449924879999979
0.24499249199999792
0.2449924959999979
0.2449924949999979
0.2449924839999979
0.24499244399999787
0.24499240799999789
0.24499235899999786
0.24499230299999789
0.24499221199999785
0.2449921239999979
0.24499203799999789
0.2449919239999979
0.24499183499999788
0.24499174399999785
0.24499168299999785
0.2449916069999979
0.24499149699999784
0.24499140599999786
0.24499128899999786
0.24499115199999788
0.24499105099999788
0.24499099299999785
0.24499092499999783
0.24499087799999786
0.24499085399999784
0.24499084599999787
0.24499083099999786
0.24499082199999783
0.24499080499999784
0.2449907689999978
0.24499069899999784
0.24499065099999784
0.2449906259999978
0.24499058599999782
0.24499056899999783
0.24499057099999783
0.24499057499999782
0.24499057899999782
0.2449905819999978
0.2449905829999978
0.2449905849999978
0.24499058899999782
0.2449905929999978
0.2449905969999978
0.2449906009999978
0.2449906049999978
0.2449906089999978
0.24499061299999778
0.24499061699999777
0.24499061799999777
0.2449906209999978
0.24499062199999783
0.24499061899999777
0.24499061599999777
0.2449906199999978
0.2449906239999978
0.24499062799999777
0.24499062999999777
0.24499062299999774
0.2449906209999978
0.24499062399999774
0.2449906269999978
0.24499062599999777
0.24499061999999777
0.24499061599999777
0.24499061999999777
0.24499062399999774
0.24499062799999774
0.24499063199999774
0.24499063499999776
0.24499062999999774
0.24499062499999774
0.24499060999999772
0.24499059299999779
0.24499059699999776
0.24499059999999775
0.24499060399999775
0.24499060799999772
0.24499061199999772
0.24499061599999775
0.24499061999999772
0.2449906239999977
0.24499062699999774
0.24499062999999774
0.24499063399999774
0.24499063799999773
0.2449906389999977
0.2449906409999977
0.24499064499999773
0.24499064899999773
0.2449906499999977
0.2449906509999977
0.2449906359999977
0.2449906399999977
0.2449906439999977
0.2449906449999977
0.24499062699999768
0.24499061899999772
0.24499061399999766
0.2449906119999977
0.2449906159999977
0.2449906199999977
0.2449906239999977
0.24499062499999769
0.24499062899999768
0.24499063299999768
0.24499063599999765
0.24499063499999768
0.24499063799999765
0.24499064199999765
0.24499064599999767
0.24499063299999768
0.24499060099999764
0.24499054399999765
0.24499046399999763
0.24499036299999769
0.24499026399999763
0.24499021499999765
0.24499018599999767
0.24499016599999765
0.24499014599999766
0.24499012899999764
0.24499011099999762
0.24499009199999763
0.24499008099999764
0.2449900799999976
0.24499007699999764
0.24499007299999764
0.24499006099999765
0.24499004599999763
0.24499003899999763
0.24499003799999763
0.24499004099999763
0.24499004099999763
0.2449900289999976
0.24499002099999762
0.2449900249999976
0.2449900269999976
0.2449900309999976
0.2449900339999976
0.2449900309999976
0.24499002699999758
0.24499001699999762
0.24499001299999762
0.2449900149999976
0.24499001599999762
0.24499000399999762
0.2449899979999976
0.2449899879999976
0.24498998199999758
0.2449899579999976
0.24498995299999757
0.24498993899999758
0.24498989799999757
0.2449898569999976
0.24498978199999757
0.24498972199999758
0.24498970299999756
0.24498970399999756
0.24498970799999756
0.24498971199999756
0.24498971599999755
0.24498971999999755
0.24498972399999755
0.24498972799999755
0.24498973199999752
0.24498973599999754
0.24498973499999754
0.24498973399999752
0.24498973799999754
0.24498974199999754
0.24498973999999754
0.24498974399999754
0.2449897479999975
0.24498974899999754
0.24498972899999752
0.2449897189999975
0.2449897089999975
0.24498967899999752
0.24498964799999748
0.24498961599999752
0.24498958399999754
0.24498954199999753
0.2449894849999975
0.24498945199999753
0.2449893979999975
0.24498930999999752
0.24498922199999748
0.2449891459999975
0.24498909099999747
0.2449890679999975
0.2449890409999975
0.2449890289999975
0.24498901699999748
0.24498902099999748
0.2449890249999975
0.24498902899999747
0.2449890329999975
0.2449890369999975
0.2449890369999975
0.24498902999999744
0.2449890269999975
0.24498902799999747
0.24498902999999744
0.24498903399999744
0.24498903799999747
0.24498904199999746
0.24498904599999746
0.24498904999999746
0.24498905299999746
0.24498904599999746
0.24498903899999744
0.24498902599999745
0.24498899999999746
0.24498896999999745
0.24498889099999746
0.24498881799999744
0.2449887759999974
0.24498876199999745
0.24498875999999745
0.24498876299999744
0.24498876699999744
0.24498876799999744
0.24498876699999744
0.24498877099999744
0.2449887749999974
0.2449887789999974
0.24498878299999743
0.2449887829999974
0.2449887799999974
0.2449887819999974
0.2449887769999974
0.2449887599999974
0.24498871799999739
0.24498867499999738
0.2449886339999974
0.2449886119999974
0.24498859799999742
0.2449885889999974
0.2449885889999974
0.24498859299999737
0.2449885939999974
0.24498859799999742
0.2449886019999974
0.2449886059999974
0.2449886079999974
0.24498861199999739
0.24498861499999736
0.24498861799999735
0.24498862199999735
0.24498862199999738
0.24498862199999735
0.24498862599999735
0.24498862999999735
0.24498862899999732
0.24498862899999732
0.24498862599999735
0.24498862799999732
0.24498861999999735
0.24498861599999736
0.24498860799999733
0.24498859599999737
0.24498859199999737
0.24498859599999734
0.2449885989999973
0.24498859499999734
0.24498859099999737
0.24498859499999734
0.2449885989999973
0.24498860299999733
0.24498860699999733
0.24498861099999733
0.2449886129999973
0.24498860899999733
0.2449885949999973
0.24498856299999733
0.2449885339999973
0.24498849399999734
0.24498842899999732
0.24498835099999733
0.2449882769999973
0.2449882129999973
0.24498816399999732
0.24498813399999728
0.2449881079999973
0.24498808299999733
0.2449880609999973
0.24498802399999728
0.24498802299999728
0.24498802599999728
0.2449880299999973
0.24498803399999727
0.24498803799999727
0.2449880419999973
0.24498804599999727
0.24498804999999726
0.2449880539999973
0.2449880569999973
0.24498805199999726
0.24498805599999723
0.24498805999999723
0.24498806399999729
0.24498806799999728
0.24498807199999725
0.24498807399999725
0.24498806599999728
0.24498805199999726
0.24498802999999725
0.24498800499999726
0.24498799099999724
0.24498798899999727
0.24498799299999724
0.24498799599999724
0.24498799799999724
0.24498800199999723
0.24498800399999723
0.2449880079999972
0.24498801099999723
0.24498801399999723
0.24498801799999723
0.24498802199999722
0.24498802499999722
0.24498802199999722
0.24498800699999723
0.2449879859999972
0.2449879679999972
0.24498794699999724
0.2449879269999972
0.2449878949999972
0.2449878729999972
0.24498786499999722
0.24498785499999717
0.2449878359999972
0.24498778799999718
0.24498768299999718
0.2449876069999972
0.24498749899999717
0.2449873769999972
0.2449872459999972
0.2449871349999972
0.2449870479999972
0.24498694599999718
0.24498688799999715
0.24498683299999716
0.24498677899999716
0.24498674299999715
0.24498671599999716
0.24498667099999716
0.24498662299999713
0.24498657899999715
0.24498653099999715
0.24498649099999717
0.24498644899999716
0.24498638699999714
0.24498633699999714
0.24498628199999714
0.24498624799999716
0.24498616599999712
0.24498607499999714
0.24498599999999715
0.24498594299999712
0.2449858649999971
0.24498579899999715
0.24498573699999712
0.24498564699999714
0.24498556699999713
0.24498551199999713
0.2449854529999971
0.24498543099999712
0.24498542599999712
0.24498542199999712
0.2449854159999971
0.2449854189999971
0.24498542299999712
0.24498542699999712
0.2449854249999971
0.2449854239999971
0.24498542799999712
0.2449854269999971
0.2449854279999971
0.24498543199999712
0.2449854359999971
0.2449854399999971
0.24498544399999708
0.24498544799999705
0.24498545099999708
0.2449854549999971
0.24498545299999705
0.24498545599999708
0.24498545999999707
0.24498546399999707
0.24498546799999707
0.24498547199999707
0.24498547599999704
0.24498547999999704
0.24498548399999706
0.2449854879999971
0.24498549199999706
0.24498549599999705
0.24498549999999705
0.24498550399999702
0.24498550799999705
0.24498551099999705
0.24498550699999702
0.24498550599999702
0.24498550899999702
0.24498551199999705
0.24498551599999704
0.24498551999999701
0.24498552399999704
0.24498552799999704
0.24498553099999704
0.244985534999997
0.24498553899999703
0.24498553999999703
0.244985518999997
0.24498549899999703
0.24498548699999703
0.24498546299999702
0.244985453999997
0.244985415999997
0.24498535599999702
0.244985290999997
0.244985246999997
0.24498522099999698
0.24498521999999698
0.244985223999997
0.24498522799999697
0.24498523199999697
0.24498523399999697
0.24498523199999697
0.24498523099999697
0.24498520999999698
0.24498515399999699
0.24498511799999698
0.24498510599999695
0.244985098999997
0.24498510199999696
0.24498510599999698
0.24498510999999698
0.24498511399999698
0.24498511499999698
0.24498511399999698
0.24498511499999698
0.24498511899999698
0.24498512299999697
0.24498512699999697
0.24498512599999697
0.24498512299999697
0.24498512499999694
0.24498512899999697
0.24498513299999694
0.24498513699999694
0.24498514099999694
0.24498514499999693
0.2449851459999969
0.24498514999999693
0.24498515399999693
0.24498515699999693
0.24498516099999693
0.24498516499999692
0.24498516799999692
0.24498517199999692
0.2449851759999969
0.2449851789999969
0.24498518299999694
0.24498518699999694
0.2449851909999969
0.2449851949999969
0.2449851989999969
0.24498520299999688
0.2449852069999969
0.2449852109999969
0.24498521499999693
0.2449852189999969
0.2449852229999969
0.2449852269999969
0.24498522299999687
0.24498521799999687
0.24498521999999687
0.24498522399999687
0.2449852279999969
0.24498523199999686
0.24498523599999686
0.24498523899999686
0.24498524299999688
0.24498524699999685
0.24498524999999688
0.24498525099999688
0.24498525499999688
0.24498525899999685
0.24498526099999685
0.24498526499999684
0.24498526899999687
0.24498527299999684
0.24498527599999684
0.24498527399999684
0.24498527799999684
0.24498528199999683
0.24498528499999683
0.24498528699999683
0.24498528499999683
0.24498527699999684
0.24498524999999682
0.24498522499999684
0.2449852179999968
0.24498521299999684
0.24498520699999682
0.24498519799999682
0.24498519799999682
0.2449851929999968
0.2449851939999968
0.2449851889999968
0.24498517599999678
0.24498517399999678
0.24498517699999678
0.24498518099999683
0.24498518199999683
0.2449851859999968
0.2449851899999968
0.2449851929999968
0.2449851969999968
0.24498519999999677
0.2449852039999968
0.2449852079999968
0.24498520999999682
0.2449852139999968
0.2449852119999968
0.2449852069999968
0.24498520399999676
0.24498520399999676
0.24498519199999677
0.2449851679999968
0.24498512399999678
0.24498507399999675
0.24498501899999675
0.24498494599999676
0.24498488299999677
0.24498483299999677
0.24498479199999676
0.24498474099999676
0.24498470099999672
0.24498467199999674
0.24498463199999673
0.24498455299999675
0.24498448799999675
0.24498440499999674
0.24498433599999675
0.2449843029999967
0.24498426699999676
0.24498424799999674
0.24498423999999674
0.24498424199999674
0.24498424599999674
0.24498424999999674
0.24498425399999674
0.2449842579999967
0.2449842619999967
0.24498426599999673
0.24498426799999673
0.2449842709999967
0.2449842749999967
0.2449842719999967
0.2449842739999967
0.2449842759999967
0.24498427699999673
0.2449842799999967
0.2449842839999967
0.2449842879999967
0.2449842919999967
0.2449842929999967
0.24498429699999666
0.2449843009999967
0.24498430499999668
0.2449843069999967
0.2449843109999967
0.24498431399999668
0.24498431799999668
0.24498432199999667
0.24498431899999668
0.24498430799999668
0.24498429999999666
0.24498428099999667
0.24498426899999667
0.24498424599999666
0.24498421399999665
0.24498417499999664
0.24498414999999665
0.24498413299999663
0.24498411299999664
0.24498410199999665
0.24498408399999663
0.24498406099999664
0.24498405999999665
0.24498406399999664
0.2449840679999966
0.24498407199999664
0.24498407599999664
0.24498407999999666
0.24498407999999663
0.2449840749999966
0.24498406499999664
0.2449840349999966
0.2449839879999966
0.2449839249999966
0.24498386399999664
0.24498383399999663
0.2449838149999966
0.24498379599999662
0.2449837859999966
0.2449837859999966
0.2449837859999966
0.2449837899999966
0.2449837939999966
0.2449837979999966
0.24498379799999662
0.2449837859999966
0.2449837779999966
0.2449837569999966
0.2449837339999966
0.24498370899999655
0.2449836709999966
0.24498364899999658
0.2449836239999966
0.24498358099999656
0.24498356599999657
0.24498354899999658
0.24498354399999658
0.24498354399999658
0.24498354499999656
0.24498354699999658
0.24498355099999658
0.24498355499999655
0.24498355899999655
0.24498356299999655
0.24498356599999652
0.24498356999999654
0.24498357399999657
0.24498357799999657
0.24498358199999654
0.24498358499999653
0.24498358899999653
0.24498359299999653
0.24498359699999653
0.24498360099999653
0.24498360499999655
0.24498360899999652
0.24498361199999652
0.24498360499999655
0.24498360799999655
0.24498361199999652
0.24498361299999652
0.24498361699999652
0.24498361999999652
0.24498362399999649
0.24498362799999648
0.2449836319999965
0.24498363499999654
0.2449836389999965
0.2449836429999965
0.2449836459999965
0.2449836479999965
0.24498365199999647
0.24498365399999647
0.24498365599999647
0.2449836599999965
0.2449836589999965
0.2449836619999965
0.2449836639999965
0.2449836609999965
0.24498366099999647
0.24498366499999644
0.2449836689999965
0.2449836729999965
0.24498367699999649
0.24498368099999646
0.24498367999999646
0.24498367099999646
0.24498366499999644
0.24498366899999643
0.24498367199999646
0.24498367599999646
0.24498367999999643
0.24498368299999645
0.24498368199999643
0.24498367699999646
0.24498367499999646
0.24498367599999643
0.24498367999999646
0.24498368399999645
0.24498368799999645
0.24498369199999645
0.24498369599999642
0.24498369999999645
0.24498370299999642
0.24498370199999642
0.24498370599999642
0.2449837089999964
0.24498371199999638
0.24498371599999644
0.24498371899999644
0.2449837229999964
0.2449837269999964
0.2449837309999964
0.24498373399999643
0.24498373299999643
0.24498373599999637
0.2449837399999964
0.24498374299999637
0.24498374699999642
0.2449837509999964
0.2449837549999964
0.2449837589999964
0.24498376299999639
0.24498376599999636
0.24498376999999638
0.2449837739999964
0.2449837779999964
0.24498378199999635
0.24498378599999637
0.24498378999999637
0.24498379399999637
0.24498379799999634
0.24498380199999636
0.24498380499999636
0.24498380599999636
0.24498380999999636
0.24498381299999636
0.24498381199999636
0.24498380799999636
0.24498380899999633
0.24498381199999636
0.24498381599999636
0.24498381999999636
0.24498382399999633
0.24498382699999632
0.24498382499999632
0.24498382599999632
0.24498382499999632
0.24498382599999632
0.24498382899999632
0.24498383299999635
0.24498383699999632
0.24498384099999634
0.24498383999999632
0.24498384399999631
0.24498384799999634
0.2449838519999963
0.2449838539999963
0.2449838569999963
0.2449838609999963
0.24498386499999628
0.2449838599999963
0.24498384999999628
0.2449838379999963
0.2449838349999963
0.24498382299999627
0.2449838109999963
0.24498380499999628
0.24498380799999628
0.2449838109999963
0.24498380599999625
0.24498379799999628
0.24498379699999628
0.2449837869999963
0.24498376899999627
0.24498376899999627
0.24498377199999627
0.24498376899999627
0.24498377299999627
0.24498377599999627
0.24498377099999624
0.24498375999999628
0.24498375199999628
0.24498375499999625
0.24498375899999628
0.24498376199999627
0.24498376499999625
0.24498376899999624
0.24498377299999627
0.24498377699999624
0.24498377699999624
0.24498375999999628
0.24498373799999626
0.24498373199999623
0.24498372099999624
0.24498370999999622
0.24498370999999622
0.24498370999999622
0.24498370599999622
0.24498370399999625
0.24498370499999622
0.24498370699999622
0.24498371099999622
0.24498370799999622
0.24498370899999622
0.24498371199999622
0.2449836989999962
0.24498369999999622
0.24498368899999623
0.2449836719999962
0.2449836379999962
0.24498361399999619
0.2449836069999962
0.2449836109999962
0.2449836139999962
0.24498361799999618
0.24498362199999615
0.24498362599999618
0.2449836269999962
0.24498363099999618
0.2449836319999962
0.2449836309999962
0.2449836059999962
0.2449835829999962
0.2449835599999962
0.24498352699999618
0.2449834979999962
0.24498346599999615
0.24498344799999613
0.24498344399999616
0.24498344799999613
0.24498345199999613
0.24498345599999619
0.24498345999999618
0.24498346399999615
0.24498346799999615
0.24498347199999615
0.24498347599999615
0.24498347999999615
0.24498348399999614
0.24498348799999617
0.24498349199999614
0.24498349599999614
0.24498349999999613
0.24498350299999616
0.24498350699999613
0.24498351099999613
0.2449835149999961
0.24498351899999612
0.24498352099999612
0.24498352299999612
0.24498352699999612
0.24498353099999612
0.24498353499999612
0.2449835349999961
0.2449835359999961
0.24498353799999611
0.2449835419999961
0.24498354499999614
0.24498354599999608
0.2449835499999961
0.2449835539999961
0.2449835579999961
0.24498356199999607
0.24498356599999607
0.2449835699999961
0.2449835739999961
0.24498357799999604
0.2449835789999961
0.24498357699999607
0.24498358099999606
0.2449835849999961
0.24498358899999606
0.24498359099999606
0.24498359499999606
0.24498359899999606
0.24498359299999606
0.24498357699999604
0.24498354599999606
0.24498354299999606
0.24498353699999606
0.24498353099999604
0.24498353099999604
0.24498352599999604
0.24498350899999605
0.24498350299999605
0.24498349999999605
0.24498348599999606
0.24498348099999603
0.24498347399999604
0.24498345599999602
0.24498344899999602
0.24498344799999602
0.24498345099999602
0.24498345499999602
0.244983458999996
0.244983462999996
0.24498346699999604
0.24498347099999604
0.244983474999996
0.244983478999996
0.244983482999996
0.244983486999996
0.244983490999996
0.24498348899999597
0.244983476999996
0.24498345399999602
0.244983430999996
0.24498341799999598
0.24498341599999598
0.24498341699999598
0.24498341999999598
0.24498341799999598
0.244983408999996
0.24498338999999597
0.24498337699999595
0.24498337499999598
0.24498337899999598
0.24498338299999597
0.24498338599999597
0.24498338999999594
0.24498339099999594
0.24498337899999598
0.24498338199999597
0.24498338199999597
0.24498338599999597
0.24498337799999592
0.24498337699999595
0.24498337599999595
0.24498336099999593
0.24498333099999595
0.24498332599999595
0.24498331799999595
0.24498331899999592
0.24498332199999592
0.24498331999999592
0.24498332199999592
0.24498332599999595
0.24498332999999592
0.24498333399999592
0.24498332999999592
0.24498332199999592
0.24498329899999594
0.2449832719999959
0.24498322699999592
0.2449831749999959
0.24498312799999591
0.24498308499999594
0.24498305599999592
0.24498303299999588
0.2449830159999959
0.2449830009999959
0.2449829949999959
0.24498297199999586
0.24498295799999587
0.24498295299999592
0.2449829569999959
0.2449829609999959
0.2449829619999959
0.2449829399999959
0.24498289999999587
0.24498282899999588
0.24498272099999588
0.2449825979999959
0.2449824939999959
0.24498244199999586
0.24498240699999588
0.24498239799999585
0.2449823829999959
0.24498236299999587
0.24498236499999584
0.24498236899999587
0.24498237299999584
0.24498237699999584
0.24498237999999584
0.24498237799999587
0.24498237799999584
0.24498238199999586
0.24498238599999583
0.24498238999999586
0.24498239399999586
0.24498239799999583
0.24498240199999582
0.24498240599999582
0.24498240899999585
0.24498241199999582
0.24498241599999582
0.24498241999999584
0.24498242399999584
0.2449824279999958
0.2449824319999958
0.2449824359999958
0.24498243999999583
0.24498244199999583
0.24498244099999578
0.2449824369999958
0.2449824319999958
0.2449824309999958
0.2449824339999958
0.2449824369999958
0.2449824349999958
0.2449824329999958
0.2449824369999958
0.24498244099999578
0.24498244499999577
0.24498244899999577
0.2449824509999958
0.2449824479999958
0.24498242599999576
0.24498237999999578
0.2449823209999958
0.24498225399999576
0.2449821929999958
0.24498212099999575
0.24498206199999578
0.24498200499999576
0.24498195499999575
0.24498188899999576
0.24498180599999575
0.24498175599999575
0.24498170999999574
0.24498164199999575
0.24498155299999572
0.24498146199999574
0.24498139499999574
0.24498137199999576
0.24498134699999577
0.24498128499999575
0.24498119399999577
0.24498111099999573
0.24498103299999574
0.24498095199999573
0.24498089299999576
0.24498085399999572
0.24498081299999572
0.24498079399999573
0.24498078599999573
0.24498077699999574
0.2449807729999957
0.2449807759999957
0.24498077999999568
0.2449807799999957
0.2449807779999957
0.2449807819999957
0.2449807859999957
0.2449807899999957
0.24498079399999567
0.24498079499999567
0.2449807989999957
0.2449808029999957
0.24498080599999572
0.24498080599999572
0.2449808039999957
0.2449807989999957
0.24498078799999568
0.24498078099999568
0.24498077399999568
0.24498077199999568
0.24498077599999568
0.24498077999999565
0.24498078299999568
0.24498078199999565
0.24498077799999568
0.24498076999999566
0.24498076699999566
0.24498077099999566
0.24498077499999565
0.24498077899999565
0.24498078199999565
0.24498077699999565
0.24498078099999565
0.24498078499999565
0.24498078899999565
0.24498079199999562
0.24498079599999562
0.2449807999999956
0.24498080399999567
0.24498080799999564
0.24498081199999563
0.24498081399999563
0.24498080999999564
0.24498079399999562
0.24498074499999561
0.24498068399999562
0.2449806439999956
0.2449805979999956
0.2449805549999956
0.2449804929999956
0.24498044599999563
0.24498042999999559
0.24498040799999563
0.2449803919999956
0.2449803679999956
0.2449802989999956
0.24498022399999558
0.2449801319999956
0.2449800719999956
0.24498007099999558
0.24498007499999558
0.2449800789999956
0.2449800829999956
0.2449800869999956
0.2449800899999956
0.24498009299999557
0.24498009699999557
0.2449801009999956
0.24498010099999556
0.24498010499999556
0.24498010799999556
0.24498010899999556
0.24498011299999556
0.24498010799999556
0.24498010399999554
0.24498010799999556
0.24498011199999556
0.24498011599999553
0.24498011999999555
0.24498012399999555
0.24498012799999555
0.24498013199999555
0.24498013599999555
0.24498013699999552
0.24498013999999552
0.24498013999999554
0.24498013599999552
0.24498013699999552
0.24498013499999552
0.24498013899999552
0.24498014299999551
0.24498014699999554
0.24498014999999548
0.24498014999999548
0.2449801499999955
0.24498014199999552
0.24498014099999552
0.2449801449999955
0.2449801489999955
0.2449801489999955
0.24498013899999552
0.2449801369999955
0.2449801219999955
0.2449801019999955
0.2449800779999955
0.24498005399999548
0.2449800389999955
0.2449800179999955
0.2449800019999955
0.24497999199999548
0.24497998899999546
0.24497999299999548
0.24497999399999548
0.24497999799999548
0.24497999899999548
0.24498000199999548
0.24498000599999545
0.24498000299999545
0.24498000699999545
0.24498001099999545
0.24498001299999544
0.24498000299999545
0.24497999599999548
0.24497999099999543
0.24497998699999546
0.24497997499999544
0.24497994699999545
0.24497991199999547
0.2449798609999954
0.24497982099999546
0.24497978299999545
0.24497971599999546
0.24497966899999546
0.24497963699999542
0.24497960099999547
0.24497958999999542
0.24497958399999545
0.24497957699999545
0.24497958099999545
0.24497958499999545
0.24497958699999545
0.24497958999999542
0.24497959199999542
0.24497959199999542
0.2449795899999954
0.24497958399999542
0.2449795639999954
0.24497952799999542
0.24497948499999542
0.2449794559999954
0.24497943299999542
0.2449794129999954
0.2449793849999954
0.2449793659999954
0.24497931799999537
0.24497927199999536
0.2449792189999954
0.24497920399999537
0.24497918899999538
0.2449791819999954
0.24497918599999535
0.24497918999999538
0.24497919299999538
0.24497917699999536
0.24497916599999536
0.24497913699999538
0.24497910299999534
0.24497906599999536
0.24497902199999538
0.24497896899999536
0.24497889899999536
0.24497883699999534
0.24497873899999537
0.24497861999999537
0.24497848399999536
0.24497833899999535
0.24497817699999533
0.24497801899999536
0.2449779439999953
0.2449778979999953
0.24497784399999534
0.24497777599999535
0.24497770799999533
0.24497761899999534
0.24497759299999533
0.24497757999999534
0.24497756599999532
0.24497755499999532
0.24497754699999533
0.2449775419999953
0.24497751899999531
0.2449774789999953
0.2449774579999953
0.24497743899999527
0.24497742399999534
0.24497738199999525
0.2449773319999953
0.2449772879999953
0.2449772499999953
0.24497719499999532
0.24497715399999528
0.2449771219999953
0.2449771089999953
0.2449770939999953
0.24497709399999532
0.24497708799999526
0.24497709199999526
0.24497709499999526
0.24497709799999529
0.24497709099999526
0.2449770799999953
0.24497707499999527
0.24497705699999528
0.2449770349999953
0.24497698699999523
0.24497695599999525
0.24497692399999527
0.24497688099999523
0.24497681099999527
0.24497675599999524
0.24497670999999524
0.24497668299999525
0.24497665499999524
0.24497662499999523
0.2449766219999952
0.24497662599999523
0.24497661999999526
0.24497661799999523
0.24497661299999524
0.24497660699999524
0.2449766089999952
0.2449766129999952
0.2449766169999952
0.2449766169999952
0.2449766139999952
0.2449766179999952
0.24497662199999518
0.24497662599999523
0.24497662899999523
0.24497663299999523
0.2449766369999952
0.2449766409999952
0.2449766439999952
0.2449766399999952
0.2449766379999952
0.2449766419999952
0.2449766439999952
0.2449766479999952
0.2449766489999952
0.24497663599999522
0.24497660499999518
0.2449765479999952
0.2449764759999952
0.2449763899999952
0.24497627899999516
0.24497615099999517
0.24497608599999518
0.24497605599999517
0.24497603999999518
0.2449760189999952
0.24497601199999516
0.24497600399999517
0.24497599999999517
0.24497600299999517
0.24497600399999517
0.24497600599999514
0.24497600599999514
0.24497600699999514
0.24497601099999514
0.24497601499999513
0.24497601899999516
0.24497602299999516
0.24497602699999516
0.24497603099999515
0.24497603499999512
0.24497603699999512
0.24497602899999513
0.24497601899999516
0.2449759649999951
0.24497588599999512
0.2449758459999951
0.2449758229999951
0.2449757949999951
0.2449757769999951
0.24497576499999513
0.2449757579999951
0.24497576199999507
0.2449757659999951
0.2449757699999951
0.24497577399999512
0.2449757779999951
0.2449757819999951
0.2449757859999951
0.2449757859999951
0.2449757899999951
0.24497579399999508
0.24497579799999508
0.2449758019999951
0.24497580599999508
0.24497580999999508
0.24497581399999507
0.24497581799999507
0.24497582199999507
0.24497582099999507
0.24497582499999507
0.24497582399999507
0.24497582399999507
0.24497582799999507
0.24497583199999506
0.24497583599999506
0.24497583899999506
0.24497583299999504
0.24497582399999504
0.24497581599999504
0.24497580899999505
0.24497581299999505
0.24497581699999507
0.24497581899999504
0.24497582299999504
0.24497582699999504
0.24497583099999504
0.24497583499999503
0.244975838999995
0.244975842999995
0.24497584699999503
0.24497585099999503
0.24497585399999502
0.24497585399999502
0.24497585399999502
0.24497585399999502
0.24497585599999502
0.24497585999999502
0.244975863999995
0.24497586799999505
0.24497587099999502
0.24497587499999504
0.24497587699999498
0.244975880999995
0.24497587599999499
0.244975878999995
0.24497588099999498
0.24497587899999498
0.24497588299999498
0.244975886999995
0.24497588999999498
0.24497589399999498
0.24497589799999497
0.24497589899999497
0.24497590299999497
0.24497590699999497
0.244975907999995
0.24497590799999497
0.24497591199999497
0.244975914999995
0.24497591899999493
0.24497592299999496
0.24497592599999496
0.24497592999999498
0.24497592199999496
0.24497591499999496
0.24497591899999493
0.24497592299999496
0.24497592699999496
0.24497593099999496
0.24497593299999493
0.24497592999999496
0.24497593399999493
0.24497593799999492
0.24497594199999495
0.24497594399999495
0.24497593599999493
0.24497591199999494
0.24497588399999495
0.24497587399999493
0.24497584499999495
0.2449758179999949
0.24497579099999492
0.24497575099999494
0.2449756819999949
0.2449755679999949
0.24497547099999492
0.2449754319999949
0.2449753949999949
0.24497535799999492
0.2449753169999949
0.2449752889999949
0.2449752589999949
0.24497523399999488
0.2449752219999949
0.2449752249999949
0.2449752289999949
0.24497523299999488
0.24497523599999488
0.24497523799999488
0.24497522899999488
0.24497522499999486
0.24497522799999488
0.2449752289999949
0.24497523299999488
0.24497523699999488
0.24497523899999488
0.24497523699999488
0.24497523799999488
0.24497524199999487
0.24497524399999485
0.24497524299999487
0.24497523299999485
0.24497520599999484
0.24497513699999485
0.24497504199999487
0.24497492699999485
0.24497482099999485
0.24497475699999482
0.24497472899999484
0.24497471499999482
0.24497469299999483
0.24497468099999484
0.24497467699999484
0.24497466599999482
0.24497465499999482
0.24497464199999486
0.24497462499999484
0.2449745879999948
0.24497452899999478
0.24497446699999484
0.24497445099999482
0.24497442299999483
0.2449743909999948
0.24497433899999482
0.2449742759999948
0.2449742139999948
0.2449741629999948
0.24497412399999483
0.2449740849999948
0.24497405899999478
0.24497401999999477
0.24497398799999479
0.24497395899999477
0.24497393099999476
0.24497390999999477
0.24497388599999478
0.2449738789999948
0.2449738789999948
0.2449738799999948
0.24497388399999478
0.24497388799999475
0.24497388399999476
0.24497386399999477
0.2449738209999948
0.24497378599999478
0.24497376199999474
0.24497373099999475
0.24497370699999477
0.24497365499999474
0.24497359099999477
0.24497353199999475
0.24497348599999474
0.24497345999999476
0.24497343299999472
0.24497342499999472
0.24497341799999475
0.24497341099999473
0.24497340199999473
0.24497339299999474
0.2449733669999947
0.24497335599999473
0.24497332799999472
0.2449732819999947
0.24497324299999468
0.24497316899999472
0.24497310599999475
0.24497306599999474
0.2449730259999947
0.2449729599999947
0.24497283199999473
0.24497270399999474
0.2449725849999947
0.2449725029999947
0.24497243699999469
0.24497237499999472
0.2449722889999947

Avalanche_Distribution:
6
7
1
5
12
2
2
9
3
11
1
282
1
75
5
9
1097
1
3
2
6
3
1
1
14
810
2
4
11
10
3
2
4
298
8
198
7
1
17
4
81
3
1
11
2
1
940
7
285
6
607
3
9
3
7
3
5
1
345
1
40
5
1
17
2
14
1
98
21
1
159
1
1
1
1
2
2
1
46
23
20
4
12
38
33
19
2
74
66
4
1
139
231
83
9
1
6
1
3
1
1
28
4
2
1
1
54
2
7
4
6
2
31
1
1
18
1
4
2
1
1
2
2
2
2
195
1
4
30
46
151
7
88
36
15
16
5
4
12
3
4
23
3
4
2
10
7
347
1
13
21
5
10
6
718
86
4
1
53
6
1
8
3
4
3
1134
1
2
1
10
2
2
676
754
8
5
26
63
48
64
1
1
1
2
47
8
1
13
18
2
2061
1
5
3
2
16
20
2
22
59
1
1
1
5
5
20
52
1
2
7
626
67
32
2
1
39
367
10
6
811
25
2
335
8
11
231
3
2
2
4
4
6
10
58
17
656
1
10
111
1
2
2
1
1
1
2809
1
11
7
1
1
7
15
1
1
367
8
158
11
14
3
1
1
1
19
1
4
2
7
1
125
14
33
3
1
1
2
1076
2
1
7
4
4
3
2
1
322
346
310
4
1
1
1
13
3
1
1
1
2
4
6
13
28
1
1
23
6
2
1
7
1
1
2
2
17
1
10
8
1
5
3
89
67
8
38
2
93
23
2
10
19
115
1
3
227
1
4
7
2
4
9
2
72
20
128
93
9
66
1
20
4
18
81
9
445
648
11
1
1
30
13
2
1807
10
3
1
62
33
10
1
817
1
1
4
4
17
3
1
14
7
1
5
20
208
3
3
1
7
1
505
2
1
2
478
1751
527
1
541
37
11
1
1
14
1
1
708
1
3
6
3
321
4
5
9
47
2
15
1
2
10
8
1
3
3
4
1
1
23
9
801
1
1
22
4
11
1522
