
Branching_global:
0.8920000039999999
0.8920001799999997
0.8920002259999996
0.8920004099999994
0.8920004769999992
0.8920005829999988
0.8920005079999987
0.8919997389999985
0.8919996119999982
0.8919994839999981

Autocorrelation:
-0.008749737579787137
-0.00874975268540778
-0.008749756633475827
-0.008749772425781607
-0.008749778176254115
-0.008749787274031147
-0.008749780836922882
-0.0087497148356214
-0.008749703935626804
-0.0087496929498314

Average_Activity:
0.0
0.5
1.0
0.25
0.0
0.0
0.0
0.75
0.25
0.0
0.0
0.5
0.25
0.0
0.0
0.0
0.0
0.0
0.0
0.0
0.5
5.5
1.5
2.0
0.5
0.0
0.0
0.0
0.5
2.5
10.0
4.5
1.75
1.0
1.5
0.0
0.0
0.0
0.0
0.25
0.25
0.0
0.75
0.0
0.0
0.0
0.0
0.0
0.75
0.0
0.0
0.0
0.25
0.25
0.0
0.0
0.0
0.0
0.25
0.0
0.0
1.0
2.25
0.25
0.25
0.0
0.25
2.0
0.25
0.0
0.0
0.5
2.5
3.75
0.0
1.5
0.5
3.0
2.25
2.5
1.0
0.25
0.0
0.0
0.0
1.0
3.25
0.5
0.0
0.0
0.25
0.75
0.25
0.25
0.0
0.0
0.5
0.0
0.0
0.0
0.0
0.0
0.0
0.0
0.5
0.25
0.25
0.5
0.25
0.0
0.0
0.0
0.0
0.0
2.75
1.5
0.0
0.5
0.0
0.25
0.0
0.0
0.5
6.0
4.75
4.0
0.25
1.5
5.75
2.25
3.75
3.5
0.75
0.0
2.25
0.5
0.25
0.0
0.25
0.0
0.0
0.0
0.0
0.0
0.25
0.25
1.25
0.5
3.25
3.75
2.5
2.5
3.75
0.0
0.0
0.5
0.5
0.0
0.5
1.5
3.25
3.75
3.0
3.0
5.25
3.75
0.75
0.25
0.0
0.0
0.0
0.5
8.0
6.0
12.0
8.75
2.75
2.0
0.0
0.0
0.25
0.5
1.25
0.0
0.75
0.0
0.0
0.75
1.5
1.25
0.25
2.75
5.25
3.25
1.5
3.75
4.0
2.0
5.25
0.25
0.0
0.75
0.0
0.0
0.0
0.0
0.25
4.5
2.0
0.75
0.0
0.25
0.75
0.0
0.0
0.0
0.0
0.0
0.25
3.75
4.0
1.25
1.0
1.0
0.25
0.25
0.0
0.0
1.75
3.25
6.25
0.75
0.5
0.0
0.0
0.0
1.75
1.0
0.0
0.25
0.0
1.5
1.0
0.0
0.0
0.75
0.0
0.25
0.0
0.0

Average_Alpha:
0.22300000099999998
0.22300000299999995
0.22300000300000006
0.223000006
0.22300000999999997
0.2230000139999999
0.22300001800000008
0.22300001900000002
0.22300002199999994
0.22300002599999993
0.22300003000000004
0.22300003200000001
0.22300003499999996
0.2230000389999999
0.223000043
0.223000047
0.22300005099999992
0.22300005499999992
0.22300005900000003
0.223000063
0.22300006499999994
0.22300004699999992
0.22300004500000004
0.22300004099999998
0.22300004299999993
0.22300004699999987
0.22300005099999998
0.22300005499999997
0.22300005699999992
0.2230000509999999
0.22300001500000002
0.22300000099999995
0.2229999979999999
0.2229999979999999
0.22299999599999998
0.22299999999999995
0.22300000399999986
0.22300000799999986
0.22300001199999997
0.22300001499999997
0.2230000179999999
0.22300002199999988
0.22300002299999996
0.22300002699999993
0.22300003099999988
0.22300003499999985
0.22300003899999996
0.22300004299999993
0.22300004399999987
0.22300004799999984
0.22300005199999992
0.22300005599999992
0.22300005899999986
0.22300006199999983
0.22300006599999994
0.22300006999999994
0.22300007399999983
0.22300007799999985
0.2230000809999999
0.2230000849999999
0.22300008899999985
0.22300008899999985
0.22300008399999993
0.2230000869999999
0.22300008999999982
0.22300009399999982
0.22300009699999992
0.22300009299999987
0.22300009599999981
0.2230000999999998
0.22300010399999992
0.22300010599999986
0.2230000999999998
0.22300008899999985
0.22300009299999987
0.22300009099999984
0.22300009299999982
0.2230000849999998
0.22300007999999988
0.22300007399999988
0.22300007399999983
0.22300007699999977
0.22300008099999988
0.22300008499999985
0.2230000889999998
0.22300008899999976
0.22300007999999988
0.22300008199999985
0.2230000859999998
0.22300008999999976
0.22300009299999984
0.22300009399999982
0.22300009699999976
0.22300009999999978
0.22300010399999984
0.22300010799999984
0.22300010999999978
0.22300011399999978
0.22300011799999983
0.2230001219999998
0.22300012599999974
0.22300012999999977
0.22300013399999982
0.2230001379999998
0.22300013999999974
0.22300014299999976
0.2230001459999998
0.2230001479999998
0.22300015099999973
0.22300015499999973
0.22300015899999984
0.22300016299999978
0.22300016699999975
0.22300017099999975
0.2230001639999998
0.22300016199999975
0.2230001659999997
0.22300016799999972
0.2230001719999998
0.22300017499999977
0.22300017899999972
0.2230001829999997
0.2230001849999998
0.22300016499999975
0.2230001499999997
0.2230001379999997
0.22300014099999982
0.22300013899999976
0.2230001199999997
0.22300011499999972
0.22300010399999973
0.22300009399999973
0.2230000949999997
0.2230000989999997
0.22300009399999976
0.2230000959999997
0.22300009899999967
0.22300010299999967
0.22300010599999975
0.22300010999999972
0.22300011399999967
0.2230001179999997
0.22300012199999975
0.22300012599999972
0.22300012899999969
0.22300013199999966
0.2230001309999997
0.22300013299999968
0.22300012399999966
0.22300011299999967
0.22300010699999973
0.2230001009999997
0.22300008999999962
0.22300009399999965
0.22300009799999973
0.22300009999999967
0.22300010199999962
0.22300010599999964
0.2230001079999997
0.22300010599999967
0.22300009699999965
0.22300008599999968
0.22300007799999969
0.22300006999999966
0.22300005299999964
0.22300004199999965
0.2230000429999997
0.22300004599999965
0.22300004999999962
0.22300005399999964
0.2230000579999997
0.2230000599999996
0.2230000319999996
0.22300001199999964
0.2229999679999997
0.22299993699999962
0.2229999299999996
0.22299992599999963
0.22299992999999965
0.2229999339999996
0.2229999369999996
0.2229999389999996
0.22299993799999965
0.22299994199999965
0.22299994299999956
0.22299994699999962
0.2229999509999996
0.2229999519999996
0.22299994999999956
0.2229999489999996
0.22299995199999964
0.2229999449999996
0.22299992799999957
0.2229999189999996
0.2229999169999996
0.22299990599999958
0.22299989399999956
0.22299988999999956
0.22299987299999957
0.22299987599999957
0.22299987999999957
0.22299988099999957
0.22299988499999962
0.22299988899999956
0.22299989299999953
0.2229998969999996
0.2229998999999996
0.22299988599999954
0.22299988199999954
0.22299988299999957
0.22299988699999956
0.22299988999999953
0.22299989099999953
0.22299989499999956
0.22299989899999959
0.22299990299999953
0.22299990699999953
0.22299991099999955
0.22299991399999958
0.2229999029999995
0.2229998909999995
0.2229998899999995
0.22299988999999956
0.2229998899999995
0.2229998929999995
0.22299989599999953
0.22299989999999953
0.2229999039999995
0.22299990099999947
0.22299989199999953
0.22299987099999952
0.2229998719999995
0.22299987399999946
0.2229998779999995
0.22299988199999957
0.22299988599999948
0.22299988299999945
0.2229998829999995
0.2229998869999995
0.22299988999999948
0.22299989399999945
0.2229998919999995
0.2229998919999995
0.22299989599999948
0.22299989999999945
0.22299990099999947
0.2229999049999995
0.22299990799999947
0.22299991199999944
0.22299991599999947

Avalanche_Distribution:
2
5
4
3
40
87
1
1
1
2
3
2
1
14
1
9
1
27
7
36
1
19
2
3
1
2
3
2
2
17
2
1
1
61
70
10
2
1
1
1
6
64
4
96
4
160
1
7
3
3
11
113
3
30
4
1
36
3
5
2
47
3
11
1
10
3
1
