
Branching_global:
0.8000000042049795
0.800000205080664
0.800000483103428
0.8000007760928202
0.8000010622786274
0.8000013532554019
0.8000014831576072
0.800001680399946
0.8000019697698193
0.8000023230540055

Autocorrelation:
-0.00448142022328597
-0.004481425266055894
-0.004481432245537642
-0.004481439600762435
-0.004481446785210297
-0.00448145408995224
-0.004481457351051265
-0.0044814623026827195
-0.004481469567129316
-0.004481478436132448

Average_Activity:
0.0
0.75
1.0
1.0
0.5
0.0
0.0
0.0
0.0
0.75
2.25
0.75
0.0
0.0
1.75
2.25
0.5
1.5
0.0
0.25
0.0
0.0
0.0
0.0
0.5
0.75
0.0
0.0
0.0
0.0
0.0
1.0
0.25
0.0
0.0
0.0
0.25
0.0
0.25
0.0
0.0
0.0
0.0
0.0
0.0
1.0
1.75
3.5
0.0
0.0
0.5
0.0
0.25
0.0
0.0
0.0
0.0
0.0
0.0
1.25
0.5
1.0
0.25
1.0
1.25
0.0
0.0
0.0
0.5
0.0
0.0
0.0
0.25
0.0
0.0
0.0
0.0
0.5
1.25
0.0
0.0
0.0
0.0
0.25
0.0
0.0
0.0
0.0
0.0
0.0
0.0
0.0
0.75
0.0
0.0
0.0
1.0
3.0
0.5
0.0
0.5
1.5
0.0
0.0
0.0
0.0
0.0
0.0
0.0
1.0
0.5
0.0
0.0
0.75
0.75
0.0
0.25
0.0
0.25
0.0
0.25
1.0
0.75
1.5
1.0
0.5
1.25
1.0
0.25
0.0
0.0
0.0
0.0
0.0
0.0
2.25
3.75
2.5
1.5
2.75
2.5
0.0
0.0
0.0
0.0
0.0
0.0
0.0
0.0
0.0
0.0
0.25
0.25
0.25
0.0
1.5
1.25
0.0
0.25
1.0
1.25
0.0
0.0
0.0
0.25
0.5
0.0
0.0
0.25
0.0
0.0
0.0
0.0
0.0
1.75
1.25
0.0
0.0
0.0
0.25
0.0
0.0
0.0
0.0
0.0
0.0
0.5
0.0
1.5
2.25
2.5
2.0
1.25
0.0
0.0
0.0
0.0
0.25
1.0
0.0
0.0
0.0
0.0
0.0
0.0
0.25
0.0
0.0
0.25
0.0
0.0
0.0
0.25
0.0
0.0
0.0
0.75
1.0
0.75
0.0
0.0
0.25
2.25
0.5
1.75
0.25
0.25
0.0
0.0
0.0
0.0
1.5
3.5
0.75
0.5
1.5
0.25
0.0
0.5
0.25
0.0
0.25
1.5
3.0
0.0
1.0
0.25
0.0
0.0
0.0

Average_Alpha:
0.2000000010465965
0.20000000223298234
0.20000000241936816
0.20000000260575398
0.20000000479213983
0.20000000897852568
0.20000001316491153
0.20000001735129735
0.2000000215376832
0.20000002272406905
0.2000000179104549
0.20000001909684073
0.2000000232832266
0.2000000274696124
0.20000002465599825
0.2000000198423841
0.20000002202876993
0.20000002021515578
0.20000002440154163
0.20000002758792745
0.2000000317743133
0.20000003596069915
0.20000004014708497
0.20000004433347085
0.20000004651985667
0.20000004770624252
0.20000005189262834
0.2000000560790142
0.20000006026540007
0.2000000644517859
0.20000006863817174
0.2000000688245576
0.2000000720109434
0.20000007619732924
0.20000008038371508
0.20000008457010096
0.20000008775648678
0.20000009194287263
0.20000009512925845
0.20000009931564433
0.20000010350203012
0.20000010768841597
0.20000011187480185
0.20000011606118767
0.20000012024757352
0.20000012043395934
0.2000001176203452
0.20000010780673105
0.2000001119931169
0.2000001161795027
0.20000011836588857
0.2000001225522744
0.20000012573866024
0.2000001299250461
0.20000013411143192
0.2000001382978178
0.2000001424842036
0.20000014667058946
0.20000015085697528
0.20000015004336114
0.20000015222974699
0.20000015241613284
0.20000015560251866
0.2000001557889045
0.20000015497529033
0.20000015916167618
0.20000016334806203
0.20000016753444788
0.20000016972083373
0.20000017390721955
0.2000001780936054
0.20000018227999122
0.20000018546637707
0.20000018965276292
0.20000019383914877
0.20000019802553465
0.20000020221192044
0.2000002043983063
0.20000020358469214
0.200000207771078
0.2000002119574638
0.2000002161438497
0.20000022033023548
0.20000022351662136
0.2000002277030072
0.20000023188939303
0.20000023607577888
0.2000002402621647
0.20000024444855055
0.20000024863493637
0.20000025282132225
0.2000002570077081
0.20000025819409392
0.20000026238047974
0.2000002665668656
0.20000027075325147
0.2000002709396373
0.20000026312602312
0.200000265312409
0.20000026949879485
0.20000027168518064
0.2000002698715665
0.20000027405795234
0.20000027824433816
0.200000282430724
0.20000028661710986
0.2000002908034957
0.20000029498988156
0.20000029917626738
0.20000029936265323
0.20000030154903908
0.20000030573542493
0.20000030992181075
0.20000031110819663
0.20000031229458246
0.2000003164809683
0.20000031966735413
0.20000032385373998
0.2000003270401258
0.20000033122651167
0.20000033441289747
0.20000033459928335
0.20000033578566917
0.20000033397205505
0.20000033415844087
0.2000003363448267
0.20000033553121255
0.20000033571759837
0.20000033890398425
0.20000034309037007
0.20000034727675592
0.20000035146314177
0.2000003556495276
0.20000035983591347
0.2000003640222993
0.20000035920868514
0.20000034839507097
0.2000003425814568
0.20000034076784265
0.2000003339542285
0.20000032814061433
0.20000033232700015
0.200000336513386
0.20000034069977188
0.2000003448861577
0.20000034907254355
0.20000035325892937
0.20000035744531522
0.2000003616317011
0.2000003658180869
0.20000037000447277
0.2000003731908586
0.20000037637724444
0.2000003795636303
0.2000003837500161
0.20000038193640196
0.2000003811227878
0.20000038530917363
0.20000038849555948
0.2000003886819453
0.20000038786833116
0.200000392054717
0.20000039624110286
0.20000040042748868
0.20000040361387453
0.20000040580026035
0.20000040998664623
0.20000041417303205
0.2000004173594179
0.20000042154580372
0.2000004257321896
0.20000042991857547
0.2000004341049613
0.20000043829134712
0.20000043547773297
0.20000043466411882
0.20000043885050464
0.2000004430368905
0.20000044722327628
0.20000045040966216
0.20000045459604804
0.20000045878243386
0.2000004629688197
0.20000046715520553
0.20000047134159138
0.20000047552797726
0.20000047771436305
0.2000004819007489
0.20000048008713475
0.20000047527352058
0.2000004694599064
0.20000046564629226
0.2000004648326781
0.20000046901906396
0.20000047320544978
0.20000047739183566
0.20000048157822148
0.20000048476460733
0.20000048495099315
0.200000489137379
0.20000049332376482
0.2000004975101507
0.2000005016965365
0.20000050588292237
0.20000051006930825
0.20000051325569404
0.20000051744207992
0.2000005216284657
0.2000005248148516
0.2000005290012374
0.20000053318762326
0.20000053737400914
0.20000054056039493
0.2000005447467808
0.2000005489331666
0.20000055311955248
0.20000055430593833
0.20000055449232418
0.20000055567871
0.20000055986509585
0.2000005640514817
0.20000056723786752
0.20000056242425335
0.2000005646106392
0.20000056179702505
0.20000056498341093
0.20000056816979675
0.20000057235618257
0.20000057654256842
0.20000058072895427
0.2000005849153401
0.20000058310172594
0.20000057328811177
0.20000057447449762
0.2000005766608835
0.20000057484726932
0.20000057803365512
0.200000582220041
0.20000058440642682
0.20000058759281267
0.20000059177919852
0.20000059496558437
0.20000059315197022
0.20000058533835602
0.2000005895247419
0.20000058971112772
0.20000059289751357
0.20000059708389942
0.20000060127028524
0.2000006054566711

Avalanche_Distribution:
6
7
15
18
6
1
5
5
1
1
25
1
1
1
6
4
2
9
2
1
7
1
3
17
1
8
6
6
1
1
5
9
5
10
1
61
2
1
11
2
8
1
2
1
12
1
2
38
1
4
1
1
1
3
7
10
10
1
20
4
8
1
2
3
16
4
1
1
