
Branching_global:
3.971000000000001e-09
2.5059699999999985e-07
3.486089999999995e-07
3.8100799999999983e-07
3.770630000000001e-07
3.91642e-07
3.77547e-07
4.0172299999999995e-07
3.9085200000000004e-07
3.97349e-07
4.007230000000001e-07
4.11298e-07
4.1213600000000014e-07
3.9783499999999994e-07
4.1322699999999997e-07
3.93116e-07
3.785170000000001e-07
4.001810000000002e-07
3.87543e-07
4.121250000000001e-07
4.010270000000001e-07
4.0558900000000005e-07
4.0496399999999995e-07
3.9517599999999996e-07
3.980399999999999e-07
3.8479900000000003e-07
3.821899999999998e-07
3.959019999999999e-07
3.9112599999999987e-07
3.879049999999999e-07
3.9581e-07
4.167370000000001e-07
4.0784100000000016e-07
3.9938900000000006e-07
3.8832399999999987e-07
3.89107e-07
3.8987000000000004e-07
4.1247699999999997e-07
4.12597e-07
4.041050000000001e-07
3.9599800000000005e-07
3.9349199999999986e-07
3.822329999999999e-07
3.7049699999999996e-07
3.7897799999999986e-07
3.9298699999999994e-07
4.0762999999999995e-07
4.074590000000001e-07
4.191450000000001e-07
3.898009999999999e-07
4.28558e-07
4.1146300000000014e-07
4.2272799999999997e-07
3.94685e-07
4.0281599999999995e-07
4.1367600000000014e-07
3.93598e-07
3.966679999999998e-07
3.9819599999999984e-07
3.9410400000000007e-07
3.8384600000000003e-07
4.0119000000000006e-07
4.0981299999999997e-07
3.8422500000000007e-07
3.9634899999999994e-07
3.6736699999999985e-07
3.9851200000000004e-07
4.0590999999999996e-07
4.137219999999999e-07
4.298210000000001e-07
4.387920000000001e-07
4.030639999999999e-07
4.18762e-07
3.8542800000000003e-07
3.5633599999999997e-07
3.7349499999999997e-07
4.05481e-07
4.0050200000000013e-07
4.186020000000001e-07
4.074939999999999e-07
3.95076e-07
3.9095799999999995e-07
4.019859999999999e-07
3.839819999999998e-07
3.945679999999999e-07
3.892179999999999e-07
3.836770000000001e-07
4.061430000000001e-07
4.051010000000001e-07
3.85978e-07
3.862509999999999e-07
3.823199999999999e-07
4.387020000000003e-07
3.961020000000001e-07
3.784179999999999e-07
4.057369999999999e-07
4.118810000000001e-07
4.220980000000001e-07
3.976e-07
4.06235e-07

Autocorrelation:
-5.169495376379575e-05
-6.579198518146315e-05
-6.72525941930681e-05
-6.765695948682132e-05
-6.760935035299684e-05
-6.778320205589506e-05
-6.761521448926483e-05
-6.790017270720609e-05
-6.777392605154292e-05
-6.784973605633821e-05
-6.788868369552421e-05
-6.800894643707926e-05
-6.801836181125415e-05
-6.785536375754896e-05
-6.803059502152097e-05
-6.780046627740969e-05
-6.762694745016215e-05
-6.78824462931874e-05
-6.773489552132471e-05
-6.801823832759887e-05
-6.789217897387516e-05
-6.794435803036975e-05
-6.793723950598052e-05
-6.782450051611704e-05
-6.785773580051277e-05
-6.770231018325935e-05
-6.767114113060386e-05
-6.783294503105593e-05
-6.777714513293498e-05
-6.773917941135881e-05
-6.783187566819642e-05
-6.806976370357708e-05
-6.796992913696574e-05
-6.787331871844535e-05
-6.774413352335656e-05
-6.775337907231131e-05
-6.776237300439329e-05
-6.802218839295246e-05
-6.802353434050161e-05
-6.792744029953933e-05
-6.783406065897997e-05
-6.780486121818141e-05
-6.767165632960512e-05
-6.752914672535119e-05
-6.763251451812493e-05
-6.779895760150744e-05
-6.796753845228734e-05
-6.796560019342551e-05
-6.809647048499944e-05
-6.776156028670762e-05
-6.819961323328364e-05
-6.801080160911406e-05
-6.81359647337034e-05
-6.781878181417589e-05
-6.79127019611585e-05
-6.80356214839136e-05
-6.780609956149418e-05
-6.784184030984558e-05
-6.785954015999875e-05
-6.781200692893218e-05
-6.769094617906684e-05
-6.789405214399761e-05
-6.799222089020463e-05
-6.769546846539031e-05
-6.783813768473598e-05
-6.749048026679087e-05
-6.786319327317078e-05
-6.794801042088271e-05
-6.803613617821403e-05
-6.821330330011876e-05
-6.830955546582545e-05
-6.791554073951147e-05
-6.809223156567383e-05
-6.770979734131424e-05
-6.73518970953602e-05
-6.756591850562436e-05
-6.794312862712041e-05
-6.78861412813544e-05
-6.809045974595048e-05
-6.796599697027592e-05
-6.782333630927338e-05
-6.77751716208929e-05
-6.790319021211753e-05
-6.769256939593382e-05
-6.781741820204526e-05
-6.775468844207956e-05
-6.768892840037232e-05
-6.79506599700153e-05
-6.793880069853365e-05
-6.771633548872628e-05
-6.77195777965453e-05
-6.767269855572909e-05
-6.830859830440875e-05
-6.783526899213215e-05
-6.762575115459801e-05
-6.794604230880021e-05
-6.801549850322026e-05
-6.81290414513696e-05
-6.78526432863788e-05
-6.795170578223862e-05

Average_Activity:
2.25
8.75
10.5
10.75
9.75
10.5
12.0
10.75
11.5
7.0
10.25
11.0
12.25
11.75
11.75
10.25
7.5
10.0
9.75
10.25
10.5
11.75
10.25
9.75
11.0
10.5
10.25
8.75
9.75
10.75
12.5
9.5
8.25
9.75
8.0
14.25
10.75
10.25
10.5
11.0
10.25
7.25
10.25
10.75
8.75
7.75
12.25
8.5
11.0
11.75
9.75
10.0
11.75
9.0
11.0
10.0
10.5
8.0
12.5
9.0
8.25
12.75
8.75
9.25
9.0
12.25
8.5
10.0
11.25
9.0
12.0
8.25
10.25
9.25
10.5
11.25
7.25
10.0
10.5
10.25
9.5
12.0
7.0
7.75
8.5
10.0
11.75
10.0
11.25
10.25
9.0
7.75
10.0
9.75
12.0
9.5
10.5
8.5
11.0
11.75
9.75
11.75
9.75
11.5
10.75
10.0
12.5
11.0
9.0
11.25
11.25
10.75
8.25
8.25
8.25
10.25
11.5
7.5
8.75
9.75
10.0
10.5
10.5
10.0
9.75
8.75
9.25
10.0
14.0
9.5
13.0
12.25
10.75
11.0
10.25
10.75
11.5
8.0
6.75
8.5
9.25
11.75
10.5
12.5
10.75
9.25
11.5
9.75
12.25
9.25
7.5
8.5
9.25
11.75
9.5
12.75
7.25
10.75
11.5
11.75
9.0
8.5
7.0
11.25
9.25
8.0
11.5
11.75
8.75
12.75
10.25
8.25
8.0
8.5
13.25
10.5
7.25
11.5
12.75
11.25
10.75
8.25
9.75
12.25
9.0
7.25
10.0
8.5
9.75
12.5
9.25
8.0
11.25
9.25
9.0
10.75
13.5
13.5
10.25
9.25
10.25
8.75
10.75
7.25
11.25
10.75
10.0
6.75
8.5
11.75
8.5
10.0
9.75
9.5
10.0
10.75
8.75
8.25
11.75
9.0
9.75
10.25
11.5
9.5
9.5
12.0
8.5
10.5
7.75
8.75
11.75
9.25
9.5
11.0
7.75
8.5
9.75
10.5
9.25
8.75
9.25
8.75
8.75
6.25
11.25
11.75
12.5
11.25
9.5
10.75
8.5
8.0
9.25
14.0
10.5
9.5
7.75
10.5
10.0
7.75
11.75
9.25
8.75
12.0
12.5
12.25
8.25
11.75
11.5
9.5
11.25
10.25
9.0
9.75
8.75
11.75
10.0
11.0
10.5
10.5
10.5
9.5
9.25
8.75
10.25
12.0
10.5
11.5
9.0
8.0
7.0
9.75
12.0
9.5
10.25
7.0
11.75
10.25
8.0
12.0
11.75
8.0
9.5
11.75
12.5
7.0
10.0
11.0
10.25
10.75
11.0
10.5
10.25
8.75
10.75
6.0
11.0
10.0
9.25
7.75
10.5
9.75
10.0
10.25
8.0
11.0
11.5
7.5
9.5
8.75
9.75
10.5
10.25
10.25
10.75
7.75
9.25
10.25
10.5
12.25
10.5
8.75
10.25
9.0
11.75
7.25
9.25
9.75
10.5
10.0
8.0
10.0
10.75
9.5
8.75
12.0
12.25
10.75
8.5
10.75
11.75
7.5
8.25
10.0
9.25
10.75
8.75
8.75
8.5
8.5
11.0
9.75
8.75
14.25
9.5
10.5
9.25
10.5
15.25
7.75
10.25
8.25
10.25
7.5
10.5
9.25
9.75
12.25
10.5
12.0
13.0
12.0
9.75
6.75
11.5
9.25
9.25
10.25
10.0
10.0
9.0
9.75
8.5
11.5
7.75
9.0
8.75
11.5
9.75
7.75
8.5
12.25
10.25
9.5
10.25
8.25
9.5
11.25
10.5
10.25
10.0
12.0
6.75
8.75
8.75
10.0
10.25
8.0
8.75
11.5
9.5
9.25
9.0
10.5
8.75
8.5
10.0
13.75
11.75
10.0
10.0
9.5
9.75
9.25
8.75
9.75
13.25
9.0
9.75
7.25
9.25
9.5
10.0
9.75
11.75
8.0
10.0
11.0
8.0
9.75
10.75
10.25
13.25
10.0
7.75
9.25
8.0
10.5
10.25
10.25
9.5
9.5
9.25
10.25
12.25
10.0
9.75
10.0
10.25
8.25
8.75
10.5
12.5
10.5
8.75
7.5
10.5
8.25
9.25
9.75
11.25
10.75
8.5
8.75
11.5
9.25
9.0
11.75
10.25
8.5
12.25
7.0
8.75
7.75
7.75
12.25
9.0
8.25
9.5
9.5
13.0
7.25
8.5
11.25
9.0
11.25
9.25
10.0
12.25
11.0
10.0
8.0
9.5
10.75
10.75
9.75
10.25
12.0
10.5
9.25
9.75
11.5
7.25
10.5
10.0
10.25
7.5
10.75
7.25
8.5
8.75
11.0
10.0
12.0
9.25
13.5
9.5
11.0
10.75
10.75
9.5
8.75
8.5
6.75
9.5
11.75
10.5
9.75
9.0
9.5
10.75
10.5
9.75
11.0
9.5
11.25
10.5
7.0
9.0
10.75
10.5
10.5
11.25
10.0
12.25
9.75
10.75
10.25
9.75
10.25
10.25
9.25
10.25
12.75
9.25
8.75
11.75
11.25
10.25
10.25
6.5
9.5
12.75
7.5
10.5
8.25
8.75
7.75
8.5
12.25
10.75
12.25
8.0
12.5
10.75
11.5
9.25
11.0
10.75
10.25
13.25
14.0
8.75
11.5
12.75
11.5
10.0
11.25
8.75
8.5
8.5
8.5
8.5
11.25
9.75
12.0
10.5
9.75
8.25
14.0
9.25
7.5
12.5
8.0
9.25
8.0
11.25
11.5
11.5
9.75
11.0
9.5
8.5
11.5
10.75
8.0
8.75
8.0
10.0
10.25
11.75
10.75
8.75
8.75
9.5
8.75
9.75
7.25
10.5
10.75
9.75
8.5
8.75
8.75
11.0
10.75
8.0
10.75
11.75
11.25
8.25
9.5
10.75
12.25
12.75
6.75
8.5
10.75
8.0
10.25
10.0
13.75
9.0
8.25
11.5
8.5
9.5
9.5
10.25
10.5
9.5
9.5
9.25
9.5
10.25
11.25
11.0
9.5
10.75
8.25
9.25
11.5
9.75
10.5
11.25
10.75
13.5
12.75
9.5
11.25
9.25
13.0
9.25
9.5
11.0
8.0
10.25
9.0
8.25
10.5
12.25
10.75
11.0
10.75
10.75
12.75
8.0
9.25
8.5
11.0
8.75
9.0
9.75
8.0
11.75
8.0
8.5
9.75
11.25
9.25
14.0
9.5
12.0
8.0
7.75
10.0
10.5
10.25
11.5
9.75
10.25
10.5
10.0
12.0
8.25
10.25
10.0
10.0
9.5
7.25
10.5
10.0
9.5
9.5
12.25
7.5
8.0
8.5
12.5
12.5
7.25
9.0
10.0
8.25
8.25
9.5
11.5
10.5
9.75
10.25
12.0
9.75
9.5
8.25
9.5
6.75
10.75
10.0
8.75
8.25
8.0
9.0
10.5
8.5
10.0
9.75
12.25
7.5
10.25
10.0
11.75
7.75
9.25
10.75
9.0
8.75
9.25
9.0
11.25
11.5
7.75
10.25
10.75
9.5
9.5
6.75
10.0
7.25
11.25
10.5
12.25
11.5
9.5
9.5
8.0
11.5
12.0
8.75
9.0
10.0
10.75
10.0
10.0
14.5
12.25
9.0
10.5
13.25
10.25
11.5
11.75
10.0
9.5
8.75
10.75
11.75
7.75
12.25
10.0
8.5
11.0
7.0
9.0
12.25
7.75
9.75
9.5
8.75
9.5
9.75
8.25
10.5
10.75
9.5
10.75
10.25
9.5
10.0
10.75
8.5
11.25
9.0
8.25
8.25
8.5
13.25
10.25
11.0
11.0
13.0
10.5
13.0
7.75
11.0
9.25
8.75
8.75
9.5
12.5
8.75
10.0
12.25
10.5
9.25
10.75
11.25
11.25
12.25
9.75
11.75
10.5
12.5
11.75
7.25
10.0
9.5
9.0
11.25
8.0
13.0
10.75
11.25
8.5
11.0
8.0
8.5
8.25
9.75
8.0
10.25
11.25
10.5
8.5
8.25
10.75
7.75
8.25
8.75
10.5
8.0
9.0
10.5
9.0
11.0
9.5
8.0
10.5
8.75
10.0
10.75
10.75
7.75
8.25
9.75
8.5
9.0
9.75
11.0
10.0
9.25
11.75
11.0
11.0
9.5
9.5
9.5
8.0
11.25
9.5
11.25
9.0
9.0
10.5
9.75
8.0
11.5
9.25
10.25
12.5
6.5
8.75
11.5
10.25
10.25
8.75
9.5
12.0
13.25
10.25
11.75
9.5
10.75
9.75
11.75
11.75
12.0
9.75
10.75
11.25
9.75
9.0
11.25
7.25
7.25
11.75
9.25
8.25
12.25
7.75
8.5
9.25
8.75
10.75
10.75
7.75
9.0
9.25
11.75
8.0
9.25
12.75
8.25
10.75
7.0
12.25
9.5
8.25
9.75
9.0
12.75
9.5
11.0
12.0
11.25
10.0
7.5
8.75
10.0
10.25
10.0
13.25
15.75
9.75
9.0
9.75
8.75
10.0
7.5
12.25
10.25
12.25
10.25
10.75
8.5
10.5
10.0
10.0
10.5
10.25
7.75
7.75
9.75
8.5
7.75
11.5
11.25
9.5
12.75
9.75
11.0
9.0
8.25
12.0
10.25
10.75
13.25
10.75
10.75
10.5
6.5
9.75
12.25
11.0
9.5
11.75
9.25
11.5
8.75
11.5
11.5
11.75
6.75
8.5
12.25
11.5
11.0
8.0
7.5
10.25
7.5
11.5
7.25
9.0
12.25
12.0
9.25
9.25
11.0
11.0
9.0
10.5
11.25
10.0
9.75
9.0
9.0
12.25
11.75
11.75
9.5
8.0
11.25
12.5
8.5
8.75
7.75
10.75
11.75
10.75
9.75
12.5
12.0
10.5
12.5
13.25
9.25
9.75
10.25
8.75
11.0
11.25
10.0
10.0
11.75
11.25
8.75
10.25
9.75
7.75
10.25
8.25
7.5
9.0
10.0
12.0
9.75
8.5
9.5
8.25
9.75
10.5
11.5
7.75
10.75
6.75
10.5
11.5
10.25
11.25
9.25
9.75
8.25
9.5
9.75
8.5
12.0
9.5
8.25
10.5
10.75
9.25
9.0
10.75
7.25
9.25
11.0
11.0
10.75
10.0
12.25
5.25
14.25
9.75
9.5
6.25
8.5
8.75
9.75
9.5
9.25
10.5
10.25
11.25
8.25
9.75
8.25
8.0
10.5
10.0
9.0
11.0
8.0
10.0
9.0
10.5
9.75
10.25
8.25
10.0
8.5
8.0
8.0
10.75
11.25
9.0
8.0
11.75
9.5
8.25
7.5
11.5
11.5
10.25
10.75
10.5
11.75
7.25
9.0
10.5
10.25
8.5
10.0
8.5
9.0
8.25
8.0
12.25
10.25
10.25
8.25
9.5
10.5
8.5
9.5
10.75
10.25
12.0
9.0
9.5
9.25
8.25
9.5
12.0
10.75
13.25
8.0
9.0
10.0
11.25
9.0
7.75
11.0
9.25
13.5
10.25
11.25
10.0
12.25
11.0
9.25
9.75
11.25
12.0
13.25
7.75
10.5
12.5
10.25
9.5
8.25
8.5
9.25
11.0
7.0
10.25
8.25
10.25
10.5
10.25
8.0
9.5
8.5
11.0
8.75
12.5
10.0
11.25
10.75
11.25
9.75
12.25
11.5
11.0
10.0
10.5
10.0
11.0
7.0
11.25
9.75
8.0
10.0
8.5
14.5
11.0
10.0
9.0
7.5
9.25
7.75
7.25
11.25
7.75
12.0
11.75
11.25
8.0
12.5
8.75
10.75
12.75
8.5
8.75
10.5
11.25
10.0
8.75
11.0
12.0
8.5
9.5
9.0
10.75
12.25
8.75
8.25
8.0
11.25
9.25
7.75
12.75
10.0
12.5
12.5
8.75
10.5
9.5
9.75
9.25
11.0
9.5
9.25
8.0
11.5
10.0
9.0
9.75
12.5
9.5
8.25
10.75
7.75
8.75
9.0
7.75
8.5
11.0
8.75
6.5
10.5
9.25
11.5
9.5
10.75
9.25
9.0
8.75
10.75
9.75
12.0
11.75
7.5
11.0
9.5
9.0
11.25
10.0
8.75
8.5
10.25
11.0
10.25
11.25
11.25
8.75
10.25
8.25
10.0
10.0
9.5
9.0
11.25
8.0
10.5
10.25
9.0
10.25
11.5
8.5
10.25
10.25
7.0
6.5
10.75
10.5
9.25
8.25
8.25
11.0
13.25
10.5
9.75
8.0
11.75
9.0
8.25
10.0
9.5
9.5
9.5
9.75
10.5
6.75
11.5
10.75
13.25
7.75
9.5
10.25
11.0
6.5
10.25
13.0
9.0
5.75
9.25
10.25
13.25
10.0
10.5
8.75
12.5
9.25
12.0
9.25
9.75
11.25
7.0
7.75
7.25
10.75
11.25
10.25
9.5
9.25
14.25
10.5
9.0
9.0
10.5
8.5
11.75
13.75
7.25
10.25
10.75
11.25
12.0
10.5
8.0
11.75
7.0
8.5
10.0
11.0
9.75
7.0
12.0
11.5
12.0
12.25
7.25
9.0
10.5
9.0
11.5
8.25
9.75
9.75
7.0
10.5
9.5
9.0
8.75
10.0
7.25
11.75
8.25
12.0
8.5
8.75
12.25
9.0
7.5
9.5
10.75
9.25
9.0
8.5
9.0
9.5
9.25
11.0
8.75
9.5
6.75
9.75
7.5
8.0
9.25
11.5
13.0
9.25
8.0
8.75
10.75
12.25
11.75
9.5
9.0
8.0
8.75
8.75
7.0
9.5
10.0
11.25
8.0
10.75
10.75
8.0
10.75
10.0
11.5
7.25
11.0
11.75
11.25
9.25
10.5
8.0
10.0
9.5
11.0
11.75
10.5
9.25
7.5
8.5
10.5
12.75
8.25
8.5
10.75
10.25
9.0
9.5
11.5
11.75
9.25
9.75
10.0
10.5
11.0
10.75
11.25
10.0
6.75
11.75
9.5
8.25
12.25
10.25
9.25
10.0
8.75
8.0
7.75
8.25
8.5
12.0
10.25
9.5
11.75
10.75
10.75
11.0
12.25
11.75
9.75
9.25
9.75
11.75
8.5
11.0
8.75
8.25
8.75
11.0
12.75
8.0
8.75
9.0
10.75
8.5
10.5
9.0
8.25
10.0
9.75
9.5
10.25
8.5
9.5
8.75
6.75
11.5
8.75
9.5
7.75
12.5
8.75
6.0
8.25
5.75
12.25
12.25
8.75
11.25
13.25
10.5
7.5
13.25
7.5
11.75
9.25
11.0
9.0
9.25
6.5
8.75
10.75
7.75
8.5
8.5
7.75
9.0
10.5
8.5
9.0
9.5
7.75
9.25
10.25
10.0
10.0
8.75
7.5
11.0
13.0
10.5
10.0
8.0
10.5
7.5
10.75
10.5
10.25
11.25
11.25
9.5
9.0
9.5
10.25
10.0
8.75
11.0
7.0
11.0
9.5
10.5
9.25
11.5
9.25
10.5
10.0
11.0
9.25
9.5
11.75
7.5
9.0
8.0
14.25
10.0
8.75
11.0
9.5
10.75
7.0
9.0
9.75
9.25
13.5
10.0
11.0
10.25
9.0
9.25
8.75
11.25
12.0
9.25
6.25
12.0
8.5
10.5
8.5
7.5
7.25
10.0
10.75
13.25
8.75
12.0
10.5
10.75
10.0
12.25
13.25
11.75
12.25
8.25
11.5
10.5
10.0
10.25
8.25
11.0
8.75
6.75
10.25
9.0
14.75
11.25
8.5
9.75
9.0
9.75
9.5
9.0
13.75
11.5
9.25
11.25
12.75
10.0
9.75
9.0
10.25
8.5
7.0
9.5
11.5
12.0
7.5
8.5
9.75
10.25
9.5
10.5
10.5
9.0
11.25
13.5
10.5
11.0
11.75
10.5
8.0
10.75
10.5
14.5
10.5
14.25
10.0
9.75
9.0
10.75
8.25
12.5
10.25
12.5
10.75
8.0
10.0
11.5
10.5
9.5
11.0
9.75
8.75
13.75
10.0
10.5
10.25
10.5
11.75
8.0
9.75
9.75
8.25
13.25
11.0
9.25
11.25
8.75
11.25
11.0
10.75
9.5
11.0
11.0
10.25
9.25
9.0
5.75
10.25
9.75
11.75
8.75
13.25
8.0
9.25
10.5
11.5
10.75
10.0
13.0
10.75
13.25
10.25
8.0
12.25
10.0
9.5
9.5
10.5
11.5
9.5
9.75
10.0
11.0
9.25
6.5
10.25
13.75
9.0
9.0
6.25
8.5
11.5
10.25
11.0
10.75
10.75
9.0
9.25
9.75
8.75
8.0
9.5
10.75
10.0
11.75
10.25
9.75
12.25
9.75
11.0
10.5
10.5
11.0
8.25
10.5
9.5
13.0
10.0
9.75
10.0
10.25
14.0
10.5
10.0
8.0
10.0
10.25
8.75
9.75
11.0
9.75
9.5
8.5
8.5
10.0
10.5
8.75
9.0
9.0
9.75
11.5
8.0
6.0
8.5
8.25
9.25
7.75
11.25
11.5
8.75
8.5
9.75
9.75
9.0
11.5
10.0
9.75
9.25
10.0
11.25
8.5
10.5
7.5
9.25
6.75
12.75
7.75
8.75
10.0
11.0
9.75
12.25
13.0
11.75
9.25
9.0
12.0
9.5
7.75
9.0
10.25
9.5
8.25
6.5
11.0
11.0
9.5
11.25
11.25
9.5
8.25
10.25
10.75
8.5
9.0
11.25
9.5
9.5
9.25
10.5
10.25
8.5
8.0
9.25
8.75
10.75
9.75
10.5
6.75
10.75
9.25
9.75
11.0
7.5
10.75
11.0
9.0
11.0
10.0
8.25
9.75
11.0
13.0
12.25
9.25
8.25
9.0
10.25
10.75
8.75
10.25
10.75
9.25
9.25
9.25
8.5
9.5
11.25
10.75
10.25
12.5
6.75
10.75
9.5
11.0
10.75
7.5
6.25
12.25
9.0
11.5
10.5
9.25
11.0
10.0
10.75
11.5
11.5
12.5
10.0
9.0
10.5
9.5
9.5
6.75
10.25
7.5
8.25
12.75
8.75
11.0
10.0
11.0
11.5
9.5
11.75
8.75
9.0
8.75
9.5
11.75
7.75
8.25
6.75
9.25
10.0
10.0
11.0
9.75
9.75
8.75
11.25
8.0
9.25
11.25
8.75
9.25
10.0
10.0
9.0
10.0
11.5
9.0
13.5
10.5
10.0
10.75
7.0
11.5
7.5
11.25
9.5
7.5
10.75
12.75
9.75
10.25
8.0
11.0
8.25
12.0
8.5
10.5
9.75
11.0
10.75
10.75
11.0
11.25
10.75
9.75
11.0
11.0
6.5
9.75
9.0
10.0
8.0
11.5
11.5
12.0
12.0
9.0
11.75
8.75
13.0
10.25
8.75
10.0
11.0
10.25
10.25
12.5
11.25
10.75
9.75
7.25
9.25
11.75
11.75
8.25
10.75
9.0
7.75
8.0
11.75
12.25
11.75
10.25
6.0
7.0
8.5
10.5
10.0
8.0
10.25
7.0
12.25
11.75
9.25
11.25
11.75
9.25
7.5
9.75
10.5
9.0
10.0
13.5
8.5
7.75
11.0
8.25
11.5
12.25
11.25
11.75
6.5
10.5
7.5
12.0
12.75
10.5
7.75
10.5
10.0
11.0
6.5
11.25
11.0
9.5
10.5
10.5
12.0
9.5
8.75
9.75
11.5
6.25
10.0
9.0
8.25
12.25
8.75
6.25
14.0
10.5
9.5
9.75
10.75
12.5
10.5
9.25
6.5
11.0
9.5
11.5
9.75
11.0
8.25
13.0
9.0
11.0
11.25
12.25
12.5
8.75
9.75
9.75
11.5
11.5
8.0
9.0
11.25
11.0
9.25
10.5
12.0
8.25
11.0
7.0
8.25
10.0
9.75
8.75
11.25
11.0
11.5
12.25
11.25
10.0
8.5
9.75
12.0
12.0
10.0
8.75
10.25
7.5
9.25
11.75
11.0
7.0
9.25
9.0
10.75
8.75
8.5
11.25
7.75
9.0
9.75
10.75
8.25
8.25
11.5
10.5
9.0
9.5
9.75
7.75
8.25
9.0
9.5
9.75
6.5
10.75
6.25
9.0
12.0
10.75
11.0
10.0
11.0
9.75
15.0
10.5
8.0
8.75
10.5
8.25
8.25
10.0
8.5
10.0
9.5
8.0
9.0
11.25
11.25
9.0
7.5
10.25
10.75
10.5
7.25
11.0
8.25
12.0
9.25
10.25
10.25
9.75
10.25
11.0
12.5
9.0
12.25
14.5
10.25
8.75
11.25
8.5
9.25
10.25
12.0
9.0
8.75
6.0
7.75
10.25
10.75
11.0
10.0
10.5
10.5
9.25
13.0
13.5
10.25
9.5
11.25
9.5
11.0
7.75
8.25
10.25
9.75
10.25
12.25
11.0
7.5
8.0
9.25
9.25
9.25
11.0
8.25
10.0
10.0
12.0
9.5
10.0
12.5
10.5
11.0
8.75
8.75
7.0
8.5
10.0
9.25
10.25
10.25
11.0
8.5
9.25
7.0
9.25
12.75
10.0
7.75
8.0
9.5
10.25
10.5
9.0
9.0
7.5
11.75
10.75
11.0
13.0
12.25
8.25
10.75
9.75
12.75
11.0
10.0
10.0
13.0
9.75
8.5
10.75
12.0
9.75
8.0
11.25
12.75
9.5
12.25
9.25
8.0
9.5
11.0
9.0
13.25
9.0
9.0
8.0
11.5
8.5
9.75
10.0
9.25
10.0
8.5
9.0
10.25
9.5
12.0
12.0
11.5
10.25
10.25
10.5
8.0
10.0
10.75
7.0
7.0
9.25
9.0
11.5
11.0
8.75
10.0
8.75
10.0
11.0
10.75
8.0
9.5
9.5
9.5
10.0
12.5
9.0
8.0
10.0
9.0
11.5
9.0
9.75
8.25
9.25
9.5
9.5
9.75

Average_Alpha:
9.910000000000004e-10
4.8690000000000005e-09
8.579e-09
1.2104e-08
1.5564000000000003e-08
1.8830999999999995e-08
2.181999999999999e-08
2.4848999999999996e-08
2.7608999999999996e-08
3.072800000000001e-08
3.336700000000001e-08
3.5838000000000026e-08
3.804100000000002e-08
4.037600000000004e-08
4.240100000000003e-08
4.471200000000003e-08
4.740300000000002e-08
4.954300000000001e-08
5.1521e-08
5.3346999999999995e-08
5.474499999999999e-08
5.625199999999997e-08
5.810599999999998e-08
5.990599999999997e-08
6.111799999999997e-08
6.260699999999995e-08
6.457199999999995e-08
6.622299999999994e-08
6.722399999999995e-08
6.823099999999994e-08
6.888199999999993e-08
7.075599999999992e-08
7.239199999999992e-08
7.396699999999991e-08
7.58239999999999e-08
7.52059999999999e-08
7.595499999999989e-08
7.63979999999999e-08
7.689299999999989e-08
7.75359999999999e-08
7.81799999999999e-08
8.051299999999988e-08
8.151699999999988e-08
8.153899999999988e-08
8.231699999999989e-08
8.339799999999988e-08
8.351599999999987e-08
8.495799999999988e-08
8.579199999999987e-08
8.651199999999987e-08
8.731799999999986e-08
8.790999999999985e-08
8.750299999999984e-08
8.779199999999986e-08
8.884199999999984e-08
8.976499999999984e-08
8.953699999999984e-08
9.034299999999983e-08
8.942299999999985e-08
8.944499999999985e-08
8.988699999999986e-08
8.888899999999986e-08
8.951799999999988e-08
9.009499999999988e-08
9.117099999999988e-08
9.034599999999989e-08
9.09719999999999e-08
9.119099999999992e-08
9.143099999999991e-08
9.179199999999993e-08
9.194999999999993e-08
9.377099999999993e-08
9.379699999999994e-08
9.469199999999995e-08
9.455999999999995e-08
9.451399999999996e-08
9.506899999999995e-08
9.536799999999996e-08
9.696399999999998e-08
9.742199999999997e-08
9.696599999999998e-08
9.545999999999997e-08
9.678899999999998e-08
9.729599999999999e-08
9.771899999999999e-08
9.7411e-08
9.7303e-08
9.7365e-08
9.619e-08
9.5549e-08
9.601900000000001e-08
9.695800000000001e-08
9.646200000000001e-08
9.6413e-08
9.527799999999999e-08
9.6037e-08
9.449800000000002e-08
9.5499e-08
9.491600000000001e-08
9.409900000000003e-08
9.411100000000001e-08
9.2527e-08
9.2806e-08
9.1869e-08
9.213300000000002e-08
9.3659e-08
9.230300000000002e-08
9.1097e-08
9.071200000000001e-08
9.062000000000001e-08
9.052300000000001e-08
9.132000000000001e-08
9.221400000000002e-08
9.332800000000003e-08
9.458800000000003e-08
9.529100000000003e-08
9.510500000000002e-08
9.601800000000003e-08
9.625900000000002e-08
9.553200000000002e-08
9.612500000000002e-08
9.5818e-08
9.4741e-08
9.5339e-08
9.5905e-08
9.6902e-08
9.7291e-08
9.656099999999999e-08
9.374099999999998e-08
9.331599999999999e-08
9.238599999999998e-08
9.104899999999997e-08
9.162099999999998e-08
9.145299999999999e-08
9.126599999999998e-08
9.1291e-08
9.120599999999998e-08
9.224599999999998e-08
9.366099999999998e-08
9.488399999999999e-08
9.465899999999999e-08
9.395399999999998e-08
9.429099999999998e-08
9.3641e-08
9.404e-08
9.4838e-08
9.477000000000001e-08
9.425299999999999e-08
9.465299999999998e-08
9.544599999999998e-08
9.6382e-08
9.766899999999999e-08
9.814199999999999e-08
9.719699999999998e-08
9.7202e-08
9.548599999999999e-08
9.614199999999999e-08
9.566699999999998e-08
9.369799999999997e-08
9.294899999999997e-08
9.435399999999997e-08
9.460899999999994e-08
9.554899999999996e-08
9.602599999999996e-08
9.711799999999996e-08
9.820599999999996e-08
9.792799999999996e-08
9.732999999999996e-08
9.728699999999996e-08
9.659599999999999e-08
9.626099999999996e-08
9.701099999999997e-08
9.780699999999998e-08
9.774999999999996e-08
9.753799999999997e-08
9.835299999999998e-08
9.939399999999998e-08
9.868199999999997e-08
9.755499999999999e-08
9.784399999999999e-08
9.767999999999997e-08
9.853699999999996e-08
9.847399999999999e-08
9.758799999999997e-08
9.856599999999998e-08
9.936599999999998e-08
1.00606e-07
1.0145099999999999e-07
1.0131299999999999e-07
1.0092699999999999e-07
1.0115600000000001e-07
1.01411e-07
1.0068200000000001e-07
1.01607e-07
1.0077600000000002e-07
1.0090400000000003e-07
1.0066000000000003e-07
9.992000000000002e-08
9.988500000000002e-08
9.952700000000003e-08
9.909300000000003e-08
9.945500000000001e-08
9.886800000000002e-08
1.0000200000000002e-07
9.924400000000002e-08
9.733600000000002e-08
9.825700000000002e-08
9.848100000000001e-08
9.917400000000001e-08
9.917100000000002e-08
9.909300000000003e-08
9.887200000000001e-08
9.869700000000001e-08
9.947800000000001e-08
9.959300000000001e-08
9.944200000000001e-08
1.0058500000000001e-07
1.01337e-07
1.00443e-07
9.9608e-08
9.868e-08
9.867100000000001e-08
9.8791e-08
9.844599999999998e-08
9.9194e-08
9.858600000000001e-08
9.9021e-08
9.952299999999998e-08
9.990499999999998e-08
1.00642e-07
1.0044999999999999e-07
1.0092e-07
1.0053499999999999e-07
9.9973e-08
1.0103700000000001e-07
1.01321e-07
1.01007e-07
1.01803e-07
1.00802e-07
1.0139100000000001e-07
1.02267e-07
1.0300000000000001e-07
1.03833e-07
1.0532300000000001e-07
1.047e-07
1.0279600000000002e-07
1.0256600000000002e-07
1.0209300000000003e-07
1.0195600000000003e-07
1.0104300000000001e-07
1.0234900000000001e-07
1.03714e-07
1.0257000000000001e-07
1.00777e-07
1.0082700000000001e-07
1.0183700000000001e-07
1.01472e-07
1.0096399999999999e-07
1.01838e-07
1.0287299999999998e-07
1.02353e-07
1.0210000000000002e-07
1.0203400000000001e-07
1.01554e-07
1.0082700000000001e-07
1.00309e-07
1.0157600000000002e-07
9.9734e-08
9.9942e-08
9.978000000000002e-08
1.0066700000000001e-07
1.0136600000000001e-07
1.02282e-07
1.0231900000000002e-07
1.02027e-07
1.0148400000000002e-07
1.0147500000000001e-07
1.0190400000000002e-07
9.981099999999999e-08
9.992000000000001e-08
9.945500000000001e-08
9.845100000000003e-08
9.839400000000001e-08
9.916100000000002e-08
9.9351e-08
9.703100000000002e-08
9.725000000000001e-08
9.716800000000001e-08
9.678700000000002e-08
9.666700000000003e-08
9.852200000000001e-08
9.901300000000003e-08
9.769500000000002e-08
9.909600000000002e-08
9.895400000000001e-08
9.972100000000001e-08
9.972300000000003e-08
9.940600000000002e-08
1.0106800000000003e-07
1.0066500000000002e-07
9.948200000000002e-08
1.0012300000000002e-07
1.0020100000000001e-07
9.891300000000002e-08
9.755600000000002e-08
9.959000000000002e-08
9.792300000000001e-08
9.738800000000001e-08
9.7803e-08
9.814600000000001e-08
9.8131e-08
9.6765e-08
9.6549e-08
9.594799999999999e-08
9.545300000000001e-08
9.676199999999999e-08
9.5867e-08
9.572399999999999e-08
9.606699999999998e-08
9.674699999999999e-08
9.731499999999998e-08
9.742099999999998e-08
9.785799999999999e-08
9.805599999999999e-08
9.895e-08
9.912899999999999e-08
9.955500000000001e-08
1.0101699999999998e-07
1.01892e-07
1.0235599999999998e-07
1.0176399999999998e-07
1.0170399999999998e-07
1.0026699999999998e-07
9.942599999999998e-08
9.918499999999998e-08
1.0054499999999998e-07
1.0103999999999998e-07
1.0155199999999998e-07
1.0135599999999998e-07
1.0084999999999998e-07
1.02125e-07
1.00806e-07
1.00321e-07
1.0009999999999999e-07
9.9608e-08
1.0093199999999998e-07
1.01483e-07
1.02761e-07
1.0125e-07
1.0116299999999999e-07
1.01273e-07
1.0120799999999999e-07
1.0098e-07
9.908399999999999e-08
1.0017799999999999e-07
9.942399999999998e-08
9.690599999999997e-08
9.666099999999997e-08
9.732999999999997e-08
9.634399999999998e-08
9.626399999999998e-08
9.600099999999996e-08
9.625899999999999e-08
9.585799999999996e-08
9.596799999999998e-08
9.614599999999997e-08
9.594299999999996e-08
9.700699999999998e-08
9.785899999999998e-08
9.854599999999997e-08
9.822399999999997e-08
9.832899999999997e-08
9.815199999999998e-08
9.762499999999998e-08
9.802799999999998e-08
9.806799999999999e-08
9.8647e-08
9.845999999999997e-08
9.6628e-08
9.664699999999999e-08
9.693499999999997e-08
9.8555e-08
9.861899999999999e-08
9.8516e-08
9.7649e-08
9.767700000000001e-08
9.7925e-08
9.680299999999998e-08
9.6132e-08
9.589300000000001e-08
9.6107e-08
9.420800000000003e-08
9.463400000000001e-08
9.6027e-08
9.442800000000002e-08
9.4749e-08
9.4871e-08
9.4565e-08
9.4547e-08
9.4905e-08
9.488e-08
9.5254e-08
9.6234e-08
9.577600000000001e-08
9.7168e-08
9.696100000000002e-08
9.790400000000001e-08
9.721800000000002e-08
9.6995e-08
9.7947e-08
9.902900000000002e-08
9.786e-08
9.7998e-08
9.856600000000002e-08
9.8453e-08
1.0065400000000002e-07
1.00941e-07
1.00218e-07
1.0004200000000002e-07
9.9204e-08
1.0022100000000001e-07
9.835800000000001e-08
9.9961e-08
9.9729e-08
1.0070000000000001e-07
9.998400000000003e-08
9.972800000000002e-08
1.0046300000000002e-07
1.0081700000000001e-07
1.0112200000000002e-07
1.0151200000000003e-07
1.0133800000000002e-07
1.0210100000000001e-07
1.0171500000000002e-07
1.0184500000000002e-07
1.0115600000000001e-07
1.0092300000000001e-07
9.8171e-08
9.886300000000002e-08
9.905800000000001e-08
9.995900000000002e-08
9.9405e-08
1.00229e-07
9.859499999999999e-08
9.8638e-08
9.899600000000001e-08
9.7312e-08
9.818200000000001e-08
9.783400000000001e-08
9.709900000000001e-08
9.6487e-08
9.773e-08
9.831499999999999e-08
9.871000000000002e-08
9.8391e-08
9.928800000000002e-08
9.9741e-08
9.959800000000003e-08
1.0054700000000001e-07
1.0063100000000002e-07
1.0055700000000002e-07
1.0021400000000003e-07
9.897100000000002e-08
9.932200000000002e-08
1.0055000000000004e-07
9.992200000000003e-08
1.0120900000000003e-07
1.0259200000000004e-07
1.0217500000000003e-07
1.0214100000000004e-07
1.0242200000000003e-07
1.0273000000000002e-07
1.0336600000000003e-07
1.0334300000000001e-07
1.0251300000000003e-07
1.0266900000000003e-07
1.0317300000000002e-07
1.0317200000000002e-07
1.0226300000000002e-07
1.0419300000000003e-07
1.0356400000000003e-07
1.0289800000000003e-07
1.0153500000000004e-07
1.0078200000000002e-07
9.966400000000001e-08
1.0065400000000002e-07
1.0131000000000001e-07
1.0187800000000003e-07
1.0256200000000003e-07
1.0338300000000003e-07
1.0275900000000004e-07
1.0211800000000004e-07
1.0298800000000004e-07
1.0334800000000005e-07
1.0238600000000004e-07
1.0317400000000005e-07
1.0292300000000004e-07
1.0169000000000005e-07
1.0152300000000004e-07
1.0185100000000004e-07
9.897900000000004e-08
9.951000000000002e-08
9.950500000000003e-08
9.907900000000002e-08
9.827900000000003e-08
9.720600000000002e-08
9.750900000000002e-08
9.926700000000002e-08
9.965200000000001e-08
1.0042700000000002e-07
9.8666e-08
9.9839e-08
1.0028700000000002e-07
9.962000000000001e-08
1.0038500000000001e-07
1.00208e-07
1.0080900000000001e-07
1.00146e-07
9.9441e-08
9.866599999999999e-08
9.882300000000001e-08
9.8779e-08
9.9554e-08
1.0043899999999999e-07
9.9804e-08
1.0058699999999999e-07
1.00702e-07
9.979300000000001e-08
9.958100000000001e-08
1.0010400000000001e-07
1.0148500000000001e-07
1.0101100000000002e-07
1.01795e-07
1.0096600000000002e-07
1.0145500000000002e-07
1.01924e-07
1.0284100000000003e-07
1.0348000000000004e-07
1.0486900000000002e-07
1.0575800000000004e-07
1.0530000000000001e-07
1.0451100000000003e-07
1.0359400000000001e-07
1.02619e-07
1.0373600000000001e-07
1.01542e-07
1.01694e-07
1.0069199999999999e-07
1.0003e-07
9.955e-08
1.0032600000000001e-07
1.00662e-07
1.0156999999999999e-07
1.02375e-07
1.02948e-07
1.01667e-07
1.0196000000000001e-07
1.0240800000000001e-07
1.03712e-07
1.0327800000000001e-07
1.02676e-07
1.0209100000000001e-07
1.02188e-07
1.0189100000000001e-07
1.0174400000000001e-07
1.01875e-07
1.0144099999999999e-07
1.0248399999999999e-07
1.0298999999999998e-07
1.0303099999999999e-07
1.0301299999999998e-07
1.0220599999999998e-07
1.0022299999999998e-07
1.0053999999999999e-07
1.0007299999999999e-07
9.963599999999998e-08
9.8948e-08
9.891299999999998e-08
9.870299999999998e-08
9.939899999999999e-08
9.981899999999999e-08
1.00667e-07
1.0016299999999998e-07
9.799599999999999e-08
9.837099999999999e-08
9.925599999999999e-08
9.862099999999998e-08
9.805999999999998e-08
9.810399999999998e-08
9.697699999999998e-08
9.847799999999998e-08
9.932799999999999e-08
9.848899999999998e-08
9.953999999999998e-08
9.924099999999998e-08
1.0076599999999998e-07
1.0173299999999998e-07
1.0288799999999997e-07
1.0262399999999997e-07
1.0099399999999997e-07
1.0123399999999998e-07
1.0095399999999998e-07
1.0158299999999998e-07
1.0060499999999998e-07
1.0098599999999999e-07
1.00736e-07
1.0032800000000001e-07
1.00624e-07
1.0031900000000001e-07
1.0013000000000002e-07
1.0010800000000003e-07
9.771500000000002e-08
9.909600000000002e-08
9.901400000000003e-08
9.752500000000002e-08
9.6448e-08
9.574400000000001e-08
9.5004e-08
9.608000000000001e-08
9.753600000000001e-08
9.905000000000002e-08
9.9428e-08
1.0021500000000001e-07
9.8066e-08
9.7365e-08
9.683900000000001e-08
9.785700000000001e-08
9.8993e-08
9.887200000000001e-08
9.746600000000001e-08
9.7564e-08
9.804799999999999e-08
9.8281e-08
9.942e-08
9.9667e-08
1.01092e-07
1.00314e-07
9.910399999999999e-08
9.705799999999997e-08
9.664199999999996e-08
9.677499999999998e-08
9.699499999999996e-08
9.744799999999996e-08
9.639599999999995e-08
9.569099999999997e-08
9.628899999999996e-08
9.574199999999998e-08
9.638499999999996e-08
9.669799999999996e-08
9.626199999999997e-08
9.636699999999995e-08
9.661999999999996e-08
9.699899999999995e-08
9.725699999999997e-08
9.771599999999997e-08
9.787099999999998e-08
9.740099999999997e-08
9.854299999999998e-08
9.886799999999997e-08
9.760599999999997e-08
9.721599999999999e-08
9.822899999999997e-08
9.835899999999999e-08
9.796699999999998e-08
9.779999999999996e-08
9.817999999999997e-08
9.969299999999996e-08
1.0000399999999997e-07
9.873299999999997e-08
9.838499999999998e-08
9.893899999999998e-08
9.806499999999996e-08
9.829699999999998e-08
9.823699999999997e-08
9.804699999999998e-08
9.911799999999999e-08
9.898399999999997e-08
9.880099999999997e-08
9.966899999999998e-08
9.980199999999997e-08
1.0020999999999997e-07
9.830199999999996e-08
9.956599999999998e-08
1.0012699999999995e-07
9.984299999999998e-08
9.976899999999997e-08
1.0051499999999998e-07
1.0027299999999996e-07
1.0024099999999999e-07
1.0149999999999998e-07
1.02205e-07
1.02442e-07
1.02638e-07
1.02765e-07
1.0170199999999999e-07
1.02013e-07
1.0062499999999999e-07
1.0117499999999999e-07
9.986899999999999e-08
1.0000599999999999e-07
1.0025099999999999e-07
9.963799999999998e-08
9.9778e-08
9.975999999999999e-08
9.9318e-08
9.9109e-08
9.710099999999999e-08
9.663199999999999e-08
9.751099999999999e-08
9.7113e-08
9.6485e-08
9.5485e-08
9.583499999999998e-08
9.646099999999999e-08
9.529099999999999e-08
9.608999999999998e-08
9.673699999999999e-08
9.7505e-08
9.896400000000001e-08
9.8892e-08
9.8647e-08
9.8453e-08
9.8443e-08
9.9022e-08
9.867300000000003e-08
9.863600000000001e-08
9.911000000000002e-08
9.9877e-08
1.0083400000000001e-07
1.0151400000000002e-07
1.0228400000000002e-07
1.0355300000000001e-07
1.0345500000000002e-07
1.0379700000000003e-07
1.0293200000000002e-07
1.0394500000000001e-07
1.0595800000000001e-07
1.0595400000000001e-07
1.0407200000000002e-07
1.04381e-07
1.0049700000000003e-07
1.0010600000000002e-07
9.919000000000003e-08
9.973900000000002e-08
1.0025800000000001e-07
9.949000000000001e-08
9.8876e-08
9.829900000000001e-08
9.808800000000001e-08
9.796200000000003e-08
9.810200000000001e-08
9.821900000000003e-08
9.806500000000001e-08
9.826400000000001e-08
9.897400000000002e-08
9.928000000000001e-08
1.0055900000000001e-07
1.0058800000000001e-07
1.0085600000000003e-07
1.0263300000000003e-07
1.0180500000000002e-07
1.0152700000000002e-07
1.0158300000000002e-07
1.0219300000000002e-07
1.0127400000000004e-07
1.0237300000000003e-07
1.0366800000000003e-07
1.0364300000000002e-07
1.0337500000000004e-07
1.0253700000000004e-07
1.0315700000000003e-07
1.0227600000000004e-07
1.0270300000000006e-07
1.0299000000000002e-07
1.0420100000000003e-07
1.0324400000000003e-07
1.0288500000000001e-07
1.0214200000000003e-07
1.0179500000000002e-07
1.0174600000000004e-07
1.0041200000000003e-07
1.0141100000000003e-07
1.0121400000000002e-07
1.0148800000000003e-07
1.0147400000000003e-07
1.0226900000000003e-07
1.0208300000000004e-07
1.0170100000000002e-07
1.0194100000000003e-07
1.0235800000000004e-07
1.0271200000000005e-07
1.0332900000000004e-07
1.0291800000000005e-07
1.0404500000000004e-07
1.0367500000000003e-07
1.0259900000000004e-07
1.0092600000000004e-07
1.0146300000000004e-07
1.0028400000000001e-07
1.0047400000000003e-07
9.972700000000002e-08
1.0088700000000001e-07
1.01311e-07
1.0039600000000003e-07
1.0048700000000003e-07
1.0111000000000001e-07
1.0143700000000002e-07
1.0172300000000002e-07
1.0256500000000003e-07
1.0209700000000002e-07
1.0318300000000003e-07
1.0158800000000004e-07
1.0144500000000003e-07
1.0142400000000002e-07
1.0007400000000001e-07
1.0174200000000004e-07
1.0136200000000002e-07
1.0250500000000003e-07
1.0208100000000001e-07
1.0114600000000004e-07
1.0029200000000002e-07
9.912400000000002e-08
9.980000000000001e-08
9.943600000000003e-08
1.0073200000000002e-07
1.0019600000000003e-07
9.971700000000002e-08
9.839200000000001e-08
9.843500000000002e-08
9.7369e-08
9.726200000000001e-08
9.6656e-08
9.6527e-08
9.2842e-08
9.195e-08
9.2956e-08
9.378e-08
9.294300000000001e-08
9.298500000000001e-08
9.2981e-08
9.3027e-08
9.3781e-08
9.4625e-08
9.607e-08
9.661999999999999e-08
9.608699999999999e-08
9.772199999999999e-08
9.7121e-08
9.735700000000002e-08
9.768e-08
9.8534e-08
9.997399999999999e-08
1.00632e-07
9.985099999999999e-08
1.0151299999999999e-07
1.0142299999999998e-07
1.0239999999999999e-07
1.01918e-07
1.01131e-07
1.0056199999999998e-07
1.01837e-07
1.01951e-07
1.0168200000000001e-07
1.0127699999999999e-07
1.0109800000000001e-07
1.0056999999999999e-07
1.00498e-07
1.01086e-07
1.00267e-07
1.00238e-07
9.897500000000001e-08
9.949399999999999e-08
9.9947e-08
1.00437e-07
9.9896e-08
9.8092e-08
9.8334e-08
9.8479e-08
9.7825e-08
9.633400000000001e-08
9.646600000000001e-08
9.640000000000002e-08
9.698400000000002e-08
9.724000000000002e-08
9.7335e-08
9.7732e-08
9.8081e-08
9.8532e-08
9.708700000000001e-08
9.7315e-08
9.724900000000001e-08
9.7486e-08
9.771800000000002e-08
9.839900000000002e-08
9.743300000000002e-08
9.809900000000004e-08
9.693100000000002e-08
9.5067e-08
9.484200000000001e-08
9.479900000000001e-08
9.5175e-08
9.401800000000002e-08
9.305100000000003e-08
9.455100000000001e-08
9.5516e-08
9.564500000000001e-08
9.552000000000001e-08
9.502300000000002e-08
9.442700000000002e-08
9.321000000000001e-08
9.234e-08
9.2965e-08
9.428100000000001e-08
9.436000000000002e-08
9.548300000000002e-08
9.648600000000002e-08
9.773000000000003e-08
9.753700000000002e-08
9.860000000000001e-08
9.832800000000002e-08
9.672000000000001e-08
9.608500000000002e-08
9.5855e-08
9.726600000000002e-08
9.6908e-08
9.892500000000001e-08
9.978e-08
1.00137e-07
9.9969e-08
1.01197e-07
1.01967e-07
1.02224e-07
1.03578e-07
1.0242000000000001e-07
1.02395e-07
1.0355599999999999e-07
1.02887e-07
1.0246499999999998e-07
1.0326e-07
1.02412e-07
1.02104e-07
1.03311e-07
1.03546e-07
1.04044e-07
1.0321399999999999e-07
1.03895e-07
1.03877e-07
1.02894e-07
1.0329999999999999e-07
1.04055e-07
1.0295400000000001e-07
1.0222e-07
9.937799999999998e-08
9.9439e-08
9.8825e-08
9.849499999999998e-08
9.9815e-08
9.853799999999999e-08
9.8898e-08
9.846e-08
9.895200000000001e-08
9.897600000000003e-08
9.875100000000004e-08
9.879600000000003e-08
1.0016300000000002e-07
9.923200000000001e-08
9.939900000000002e-08
9.934000000000004e-08
9.753800000000001e-08
9.944800000000003e-08
9.9364e-08
9.9942e-08
9.998600000000002e-08
9.966000000000001e-08
9.998100000000001e-08
9.973700000000001e-08
9.786700000000001e-08
9.666100000000001e-08
9.666700000000001e-08
9.591600000000001e-08
9.615300000000001e-08
9.535000000000002e-08
9.4907e-08
9.347000000000002e-08
9.286600000000002e-08
9.228700000000001e-08
9.168500000000002e-08
9.202400000000002e-08
9.164700000000001e-08
9.240200000000001e-08
9.4019e-08
9.3647e-08
9.432900000000001e-08
9.609000000000001e-08
9.524700000000002e-08
9.604800000000003e-08
9.725700000000002e-08
9.667900000000003e-08
9.773900000000003e-08
9.825500000000003e-08
9.848100000000001e-08
9.902200000000001e-08
9.8038e-08
9.6733e-08
9.764999999999999e-08
9.820399999999998e-08
9.912299999999998e-08
9.722899999999998e-08
9.722599999999999e-08
9.811999999999998e-08
9.682699999999997e-08
9.767099999999996e-08
9.736799999999996e-08
9.928599999999997e-08
9.814599999999997e-08
9.854899999999996e-08
9.948899999999997e-08
9.890899999999998e-08
1.0013599999999999e-07
9.812999999999998e-08
9.893599999999999e-08
9.828599999999997e-08
9.870799999999997e-08
9.868899999999999e-08
9.834699999999999e-08
9.976500000000001e-08
9.9766e-08
1.0080499999999998e-07
1.0033299999999999e-07
1.0014799999999999e-07
9.8231e-08
9.7169e-08
9.633500000000001e-08
9.589200000000001e-08
9.5341e-08
9.5896e-08
9.5781e-08
9.6771e-08
9.6075e-08
9.6121e-08
9.654500000000001e-08
9.629300000000001e-08
9.577400000000001e-08
9.6101e-08
9.5854e-08
9.426699999999999e-08
9.4998e-08
9.4922e-08
9.4163e-08
9.4867e-08
9.5602e-08
9.6044e-08
9.7412e-08
9.827299999999998e-08
9.735499999999997e-08
9.6504e-08
9.662399999999999e-08
9.5061e-08
9.325299999999998e-08
9.319799999999999e-08
9.3569e-08
9.393000000000001e-08
9.202699999999998e-08
9.190899999999999e-08
9.200499999999998e-08
9.064799999999999e-08
9.0396e-08
9.072400000000001e-08
9.173600000000001e-08
9.3854e-08
9.4844e-08
9.4039e-08
9.340800000000001e-08
9.2852e-08
9.2842e-08
9.3452e-08
9.3078e-08
9.281799999999999e-08
9.2252e-08
9.225e-08
9.277099999999998e-08
9.4562e-08
9.539299999999999e-08
9.3898e-08
9.4067e-08
9.3022e-08
9.428899999999999e-08
9.597299999999998e-08
9.605e-08
9.644699999999999e-08
9.491399999999999e-08
9.672599999999999e-08
9.599899999999998e-08
9.523799999999998e-08
9.5032e-08
9.587099999999997e-08
9.6137e-08
9.579199999999998e-08
9.530399999999999e-08
9.687099999999997e-08
9.665799999999998e-08
9.688099999999998e-08
9.5705e-08
9.512099999999997e-08
9.621699999999997e-08
9.706299999999997e-08
9.702199999999998e-08
9.704399999999999e-08
9.572899999999998e-08
9.596599999999999e-08
9.730799999999997e-08
9.725899999999998e-08
9.709399999999998e-08
9.760999999999999e-08
9.742099999999998e-08
9.894299999999996e-08
1.0012599999999997e-07
9.999199999999997e-08
9.903199999999998e-08
9.847199999999997e-08
9.851699999999998e-08
9.742599999999999e-08
9.708199999999997e-08
9.619399999999997e-08
9.538599999999998e-08
9.534299999999998e-08
9.5194e-08
9.424800000000001e-08
9.564800000000001e-08
9.5794e-08
9.518100000000001e-08
9.535600000000001e-08
9.512700000000002e-08
9.4289e-08
9.4514e-08
9.514200000000002e-08
9.6067e-08
9.571700000000002e-08
9.598500000000001e-08
9.647600000000001e-08
9.7754e-08
9.917300000000002e-08
9.963500000000002e-08
9.943700000000002e-08
9.892000000000001e-08
9.9654e-08
9.9731e-08
1.00382e-07
1.01457e-07
1.0233900000000001e-07
1.01643e-07
1.00686e-07
1.0125699999999999e-07
1.0106300000000001e-07
1.0227700000000001e-07
1.01712e-07
1.0188300000000001e-07
1.02607e-07
1.0170900000000001e-07
1.01082e-07
1.00903e-07
1.0193600000000001e-07
1.0105000000000002e-07
1.0026300000000002e-07
1.00483e-07
9.981199999999998e-08
9.9307e-08
9.973000000000001e-08
9.917700000000002e-08
9.879800000000001e-08
9.8537e-08
9.8245e-08
9.735600000000001e-08
9.9014e-08
9.991699999999998e-08
9.9398e-08
9.965899999999999e-08
9.8167e-08
9.785499999999999e-08
9.8268e-08
1.0059500000000001e-07
9.8478e-08
9.8895e-08
9.888100000000001e-08
1.0119999999999999e-07
1.0175000000000001e-07
1.0242800000000001e-07
1.01178e-07
1.0150400000000001e-07
1.02426e-07
1.0130999999999999e-07
1.0115400000000001e-07
1.0005000000000003e-07
1.01188e-07
1.0098300000000002e-07
1.0207500000000003e-07
1.02572e-07
1.0248700000000001e-07
1.02898e-07
1.0279400000000001e-07
1.0242600000000001e-07
1.0358500000000002e-07
1.0293200000000001e-07
1.0258200000000001e-07
1.0326000000000001e-07
1.0374900000000001e-07
1.0344800000000001e-07
1.0475200000000001e-07
1.0513400000000002e-07
1.0533800000000003e-07
1.0594700000000003e-07
1.0730300000000003e-07
1.0503300000000002e-07
1.0360600000000002e-07
1.0312600000000002e-07
1.0424500000000002e-07
1.0331400000000002e-07
1.03858e-07
1.0436200000000002e-07
1.0555100000000002e-07
1.0429500000000002e-07
1.0387299999999998e-07
1.01623e-07
1.0017999999999997e-07
1.00664e-07
9.980999999999999e-08
1.0149199999999999e-07
1.02736e-07
1.0218999999999999e-07
1.02779e-07
1.0334399999999999e-07
1.0319399999999999e-07
1.03889e-07
1.0456799999999997e-07
1.0479499999999999e-07
1.06488e-07
1.0585899999999998e-07
1.0626499999999999e-07
1.0570300000000002e-07
1.05595e-07
1.05989e-07
1.0568900000000001e-07
1.0517999999999999e-07
1.04968e-07
1.04664e-07
1.0502300000000001e-07
1.0416600000000001e-07
1.0426400000000001e-07
1.0510100000000002e-07
1.0557400000000002e-07
1.0674500000000002e-07
1.0626400000000003e-07
1.0591600000000002e-07
1.0497400000000001e-07
1.0375100000000003e-07
1.0500300000000004e-07
1.0557000000000004e-07
1.0487700000000003e-07
1.0479100000000002e-07
1.0430200000000003e-07
1.0624100000000003e-07
1.0581900000000004e-07
1.0654900000000002e-07
1.0410700000000003e-07
1.0354200000000003e-07
1.0268300000000005e-07
1.0291300000000006e-07
1.0286300000000005e-07
1.0200200000000004e-07
1.0168100000000005e-07
1.0066700000000004e-07
1.0000400000000005e-07
9.826800000000003e-08
9.720200000000003e-08
9.884100000000003e-08
9.939400000000002e-08
9.850900000000003e-08
9.918400000000002e-08
1.0002500000000004e-07
1.0122900000000004e-07
1.0225600000000003e-07
1.0276800000000004e-07
1.0212400000000002e-07
1.0345400000000003e-07
1.0338400000000002e-07
1.0435800000000003e-07
1.0365800000000004e-07
1.0226400000000002e-07
1.0281700000000003e-07
1.0340400000000003e-07
1.0269600000000002e-07
1.0358700000000003e-07
1.0408900000000003e-07
1.0454700000000002e-07
1.0331900000000001e-07
1.0368100000000003e-07
1.0338100000000003e-07
1.0336000000000002e-07
1.0219600000000002e-07
1.0133300000000001e-07
1.00749e-07
1.0045899999999999e-07
9.9618e-08
9.9304e-08
9.944299999999999e-08
9.967599999999999e-08
1.0030899999999999e-07
1.0044599999999999e-07
9.9894e-08
1.0041799999999998e-07
1.01646e-07
1.0140600000000001e-07
1.0254099999999999e-07
9.9362e-08
1.00245e-07
9.983700000000001e-08
1.0057800000000002e-07
1.0108800000000001e-07
1.0082100000000001e-07
1.0194900000000002e-07
1.0287800000000002e-07
1.0232200000000001e-07
1.0387600000000001e-07
1.0331500000000001e-07
1.0213200000000002e-07
1.0086900000000001e-07
1.0138000000000001e-07
1.0091200000000001e-07
1.0103600000000002e-07
1.00331e-07
9.956299999999999e-08
1.0004299999999999e-07
9.929699999999998e-08
9.768299999999999e-08
9.741899999999998e-08
9.677899999999997e-08
9.784299999999997e-08
9.772299999999997e-08
9.679699999999998e-08
9.700099999999998e-08
9.697099999999998e-08
9.786499999999998e-08
9.787499999999998e-08
9.606099999999999e-08
9.677499999999998e-08
9.812299999999998e-08
9.941399999999998e-08
9.840399999999999e-08
9.745099999999998e-08
9.946699999999997e-08
9.849799999999997e-08
9.881499999999998e-08
9.757599999999999e-08
9.672999999999999e-08
9.733100000000001e-08
9.793699999999999e-08
9.7348e-08
9.738299999999998e-08
9.842099999999998e-08
9.841300000000001e-08
9.927e-08
9.9823e-08
1.00494e-07
9.9212e-08
9.901900000000001e-08
9.974900000000002e-08
9.883200000000001e-08
9.809300000000002e-08
9.847500000000003e-08
9.981100000000002e-08
9.976400000000002e-08
1.0017700000000001e-07
1.0018400000000003e-07
1.0041700000000002e-07
1.0132500000000003e-07
1.0248400000000002e-07
1.0183100000000003e-07
1.0148000000000002e-07
1.0262900000000003e-07
1.0328800000000002e-07
1.0437700000000004e-07
1.0214000000000003e-07
1.0290700000000002e-07
1.0216600000000003e-07
1.0248400000000002e-07
1.0276500000000001e-07
1.0387400000000002e-07
1.02764e-07
1.0322300000000002e-07
1.0208499999999999e-07
1.0132200000000001e-07
1.0105000000000002e-07
1.0054000000000003e-07
1.01507e-07
1.0198000000000002e-07
9.9351e-08
9.8647e-08
9.955500000000001e-08
9.9848e-08
9.9704e-08
9.907599999999999e-08
9.7227e-08
9.6943e-08
9.578999999999999e-08
9.504899999999999e-08
9.555899999999999e-08
9.600599999999998e-08
9.626399999999998e-08
9.648199999999998e-08
9.659899999999998e-08
9.751799999999997e-08
9.685999999999997e-08
9.792599999999997e-08
9.787299999999998e-08
9.897499999999998e-08
9.888699999999998e-08
9.889599999999996e-08
9.802799999999998e-08
9.814399999999996e-08
9.806799999999998e-08
9.823099999999997e-08
9.922099999999997e-08
1.0085699999999997e-07
1.0041699999999997e-07
9.955499999999997e-08
9.976399999999997e-08
1.0085299999999998e-07
1.0119899999999997e-07
1.0095499999999995e-07
9.856999999999998e-08
9.756899999999997e-08
9.682399999999997e-08
9.718399999999997e-08
9.658199999999994e-08
9.699299999999997e-08
9.763999999999997e-08
9.806899999999996e-08
9.870799999999996e-08
9.894899999999997e-08
9.884099999999995e-08
9.797699999999996e-08
9.799199999999996e-08
9.971499999999996e-08
9.853099999999996e-08
9.747199999999995e-08
9.632399999999996e-08
9.711399999999995e-08
9.673499999999996e-08
9.577099999999995e-08
9.484299999999996e-08
9.725799999999997e-08
9.760999999999996e-08
9.704999999999997e-08
9.770199999999997e-08
9.858199999999998e-08
9.869699999999996e-08
9.897899999999996e-08
9.817699999999997e-08
9.726699999999998e-08
9.671599999999998e-08
9.745999999999997e-08
9.635899999999996e-08
9.730099999999998e-08
9.649599999999998e-08
9.632299999999998e-08
9.780799999999998e-08
9.746299999999999e-08
9.9082e-08
9.969399999999998e-08
1.0098799999999999e-07
1.0119599999999999e-07
1.00169e-07
9.9289e-08
9.885999999999999e-08
9.926999999999999e-08
9.8069e-08
9.8603e-08
9.9522e-08
9.959000000000002e-08
1.0006900000000001e-07
1.0029799999999999e-07
1.0086e-07
9.763500000000001e-08
9.932800000000001e-08
9.9193e-08
9.856700000000001e-08
9.880500000000002e-08
9.7639e-08
9.6939e-08
9.7748e-08
9.682500000000001e-08
9.773900000000001e-08
9.934500000000001e-08
9.865000000000001e-08
9.901700000000002e-08
9.845500000000002e-08
9.975600000000002e-08
9.8696e-08
9.956400000000002e-08
9.828800000000003e-08
9.748900000000003e-08
9.850000000000003e-08
9.977600000000002e-08
1.0003000000000003e-07
1.0021200000000002e-07
9.968600000000004e-08
1.0023800000000003e-07
9.992500000000003e-08
1.0043400000000004e-07
1.0163900000000001e-07
1.0024400000000003e-07
1.0005400000000003e-07
1.0067700000000002e-07
1.0145300000000004e-07
1.0125400000000003e-07
1.0303700000000004e-07
1.0231600000000003e-07
1.0345100000000003e-07
1.0337000000000003e-07
1.0356400000000003e-07
1.0286800000000003e-07
1.0204800000000004e-07
1.0291800000000004e-07
1.0386300000000003e-07
1.0434500000000003e-07
1.0371500000000003e-07
1.0348900000000001e-07
1.0407800000000001e-07
1.0420400000000002e-07
1.04208e-07
1.0422800000000001e-07
1.04661e-07
1.04024e-07
1.0449200000000001e-07
1.04537e-07
1.0566100000000001e-07
1.0541100000000002e-07
1.05644e-07
1.0647500000000002e-07
1.0596400000000001e-07
1.04331e-07
1.0354800000000002e-07
1.04024e-07
1.0490500000000001e-07
1.0555600000000001e-07
1.0550800000000001e-07
1.04299e-07
1.02833e-07
1.0304500000000001e-07
1.0404900000000002e-07
1.0402100000000002e-07
1.0504800000000003e-07
1.04542e-07
1.0546300000000001e-07
1.0617600000000001e-07
1.0601400000000001e-07
1.05632e-07
1.0591300000000003e-07
1.0445300000000003e-07
1.0383200000000001e-07
1.0460500000000002e-07
1.0399700000000001e-07
1.0364600000000001e-07
1.02657e-07
1.04198e-07
1.0397900000000001e-07
1.0293600000000003e-07
1.0239300000000002e-07
1.0259200000000001e-07
1.0230000000000002e-07
1.0278700000000002e-07
1.0109700000000001e-07
1.0109300000000002e-07
1.0058400000000001e-07
1.0016200000000001e-07
9.968800000000001e-08
9.924900000000002e-08
1.0008800000000002e-07
1.0072300000000002e-07
1.0014500000000003e-07
9.761900000000001e-08
9.8048e-08
9.861900000000002e-08
9.8114e-08
9.750400000000001e-08
9.7543e-08
9.7427e-08
9.628200000000001e-08
9.5996e-08
9.675799999999999e-08
9.6872e-08
9.742799999999999e-08
9.722299999999998e-08
9.716199999999998e-08
9.7432e-08
9.727299999999999e-08
9.742099999999998e-08
9.845899999999998e-08
9.775799999999998e-08
9.915399999999999e-08
9.941399999999998e-08
9.8914e-08
9.880099999999997e-08
9.921799999999998e-08
9.8962e-08
9.924499999999999e-08
9.976199999999998e-08
1.0114099999999995e-07
1.0220799999999997e-07
1.0377599999999998e-07
1.0171099999999996e-07
1.0120199999999997e-07
1.0055899999999995e-07
1.0002999999999998e-07
9.924899999999996e-08
9.940099999999998e-08
9.873899999999998e-08
9.754699999999998e-08
9.624799999999998e-08
9.597199999999997e-08
9.539599999999996e-08
9.601599999999998e-08
9.447999999999996e-08
9.487999999999997e-08
9.336199999999999e-08
9.382199999999999e-08
9.462299999999997e-08
9.564099999999999e-08
9.601199999999999e-08
9.503599999999999e-08
9.6196e-08
9.7778e-08
9.8272e-08
9.813200000000001e-08
9.9195e-08
9.944199999999998e-08
1.0004100000000002e-07
1.0074900000000001e-07
1.0021899999999999e-07
1.0040700000000001e-07
9.8954e-08
9.8556e-08
9.9224e-08
9.9544e-08
9.910999999999999e-08
1.00281e-07
9.958300000000001e-08
9.9476e-08
9.935299999999999e-08
1.0065099999999999e-07
9.888200000000001e-08
9.8682e-08
1.00018e-07
1.00119e-07
1.0088499999999999e-07
1.01103e-07
1.01024e-07
1.0045e-07
9.843e-08
9.6874e-08
9.560399999999999e-08
9.695799999999999e-08
9.4984e-08
9.642399999999999e-08
9.705599999999999e-08
9.777699999999999e-08
9.7543e-08
9.743799999999999e-08
9.754099999999997e-08
9.953899999999999e-08
1.0064499999999999e-07
1.007e-07
1.01576e-07
1.01096e-07
1.01487e-07
1.0126499999999999e-07
1.01472e-07
9.987499999999999e-08
1.01342e-07
1.00567e-07
1.0157299999999998e-07
1.0243999999999998e-07
1.0166599999999998e-07
1.0241999999999999e-07
1.0266299999999998e-07
1.0208299999999999e-07
1.0301799999999998e-07
1.0438799999999998e-07
1.0335799999999998e-07
1.0215499999999999e-07
1.0218899999999996e-07
1.0236399999999999e-07
1.0326999999999998e-07
1.0312099999999997e-07
1.0386799999999997e-07
1.0352799999999999e-07
1.0281799999999999e-07
1.0234399999999998e-07
1.0150099999999999e-07
1.0132799999999999e-07
1.01999e-07
1.02617e-07
1.01254e-07
1.00634e-07
9.8757e-08
9.9267e-08
1.00135e-07
1.01471e-07
1.00829e-07
1.0055399999999999e-07
9.990099999999998e-08
1.00362e-07
1.0070399999999999e-07
1.0156400000000001e-07
1.01882e-07
1.0257800000000001e-07
1.0182999999999999e-07
1.02161e-07
1.0248900000000001e-07
1.02292e-07
1.0383700000000002e-07
1.04841e-07
1.0572000000000001e-07
1.0367100000000002e-07
1.0379200000000002e-07
1.0460000000000002e-07
1.0401800000000003e-07
1.0358000000000003e-07
1.0354400000000004e-07
1.0446400000000003e-07
1.0482800000000003e-07
1.0470600000000004e-07
1.0420300000000004e-07
1.0339400000000003e-07
1.0334600000000003e-07
1.0184000000000002e-07
1.0102500000000003e-07
1.0188300000000004e-07
1.0197700000000003e-07
1.0375900000000002e-07
1.0216800000000002e-07
1.0259100000000002e-07
1.0264300000000003e-07
1.0487400000000003e-07
1.0416900000000001e-07
1.04293e-07
1.03113e-07
1.0511500000000001e-07
1.0577600000000001e-07
1.0555400000000002e-07
1.0555500000000002e-07
1.04909e-07
1.0310700000000001e-07
1.0332200000000002e-07
1.0217200000000001e-07
1.0287600000000001e-07
1.0135800000000003e-07
1.0287200000000002e-07
1.0167500000000002e-07
1.0052000000000002e-07
9.9347e-08
9.8236e-08
9.816300000000002e-08
9.835e-08
9.856600000000002e-08
9.825600000000002e-08
9.8048e-08
9.832000000000001e-08
9.917900000000002e-08
1.0052100000000002e-07
1.0217300000000002e-07
1.0266200000000002e-07
1.0286700000000003e-07
1.0187200000000001e-07
1.0166800000000002e-07
1.0160300000000003e-07
1.01125e-07
1.0111700000000002e-07
1.0086500000000001e-07
1.0222200000000001e-07
1.02795e-07
1.0157800000000001e-07
1.0151700000000002e-07
1.0190800000000001e-07
1.0147200000000002e-07
9.984300000000002e-08
1.0108000000000002e-07
1.0101700000000001e-07
1.0150300000000002e-07
1.0174900000000002e-07
1.01569e-07
1.0380800000000001e-07
1.0381800000000001e-07
1.0362700000000002e-07
1.02794e-07
1.0421500000000002e-07
1.05062e-07
1.0467500000000002e-07
1.0477e-07
1.04557e-07
1.04196e-07
1.04016e-07
1.0481900000000002e-07
1.0499500000000001e-07
1.0236600000000002e-07
1.01834e-07
1.02409e-07
1.0220600000000004e-07
1.0154800000000002e-07
1.0209899999999999e-07
1.0220800000000001e-07
1.0154600000000001e-07
1.01118e-07
1.0051000000000002e-07
9.6823e-08
9.754499999999999e-08
9.7102e-08
9.6801e-08
9.741599999999999e-08
9.8402e-08
9.707e-08
9.6247e-08
9.615200000000001e-08
9.491500000000003e-08
9.579800000000002e-08
9.576300000000001e-08
9.536700000000002e-08
9.4884e-08
9.5196e-08
9.562300000000001e-08
9.523499999999999e-08
9.602299999999999e-08
9.452799999999998e-08
9.454199999999999e-08
9.554999999999999e-08
9.596600000000001e-08
9.492399999999998e-08
9.416999999999998e-08
9.619699999999998e-08
9.523e-08
9.454399999999999e-08
9.491099999999998e-08
9.336699999999999e-08
9.352899999999999e-08
9.3288e-08
9.258699999999998e-08
9.284399999999998e-08
9.144899999999997e-08
9.043999999999998e-08
9.083899999999997e-08
9.144299999999997e-08
9.244299999999999e-08
9.258499999999998e-08
9.286399999999998e-08
9.372199999999998e-08
9.477499999999999e-08
9.654299999999998e-08
9.690099999999998e-08
9.721499999999997e-08
9.524399999999998e-08
9.595499999999997e-08
9.343999999999997e-08
9.426299999999998e-08
9.476399999999997e-08
9.483699999999998e-08
9.4746e-08
9.455899999999997e-08
9.481299999999998e-08
9.394299999999998e-08
9.394299999999998e-08
9.192999999999996e-08
9.223199999999998e-08
9.254199999999998e-08
9.139399999999999e-08
9.1961e-08
9.3102e-08
9.392499999999999e-08
9.456899999999999e-08
9.541999999999999e-08
9.520899999999999e-08
9.5775e-08
9.585599999999998e-08
9.523299999999999e-08
9.499999999999999e-08
9.6689e-08
9.555099999999998e-08
9.330699999999999e-08
9.395499999999998e-08
9.467800000000001e-08
9.648799999999998e-08
9.706399999999999e-08
9.573699999999998e-08
9.664699999999999e-08
9.666300000000001e-08
9.6401e-08
9.610599999999999e-08
9.784799999999999e-08
9.8375e-08
9.855300000000001e-08
9.9726e-08
1.01658e-07
1.01409e-07
1.01992e-07
1.0169500000000001e-07
9.967600000000001e-08
9.976500000000002e-08
1.0051100000000002e-07
9.982400000000002e-08
9.939100000000002e-08
9.971900000000002e-08
9.939900000000003e-08
9.869600000000001e-08
9.867600000000003e-08
9.995000000000004e-08
9.976200000000004e-08
9.923800000000004e-08
9.867700000000003e-08
9.975600000000004e-08
9.980800000000003e-08
9.990400000000005e-08
9.990400000000002e-08
9.918100000000003e-08
9.945300000000004e-08
9.960600000000004e-08
1.0127300000000004e-07
1.0109900000000002e-07
1.0060200000000004e-07
1.0107200000000003e-07
1.0105300000000004e-07
1.0088800000000004e-07
1.0163600000000005e-07
1.0143300000000005e-07
1.0148600000000004e-07
1.0142600000000002e-07
1.0082200000000003e-07
1.0070100000000004e-07
1.0117900000000005e-07
1.0152500000000004e-07
1.0218400000000004e-07
1.0266200000000004e-07
1.0181000000000005e-07
1.0226200000000006e-07
1.0354100000000004e-07
1.0452300000000004e-07
1.0459500000000002e-07
1.0547800000000003e-07
1.0494700000000003e-07
1.0454200000000002e-07
1.0398400000000003e-07
1.0413400000000001e-07
1.0471200000000002e-07
1.0415900000000001e-07
1.0387900000000001e-07
1.04206e-07
1.02762e-07
1.02717e-07
1.0273100000000001e-07
1.0265599999999999e-07
1.0331899999999999e-07
1.0209799999999999e-07
1.0300699999999999e-07
1.0330099999999998e-07
1.0479699999999998e-07
1.0615599999999999e-07
1.0640099999999999e-07
1.0602899999999999e-07
1.0725499999999998e-07
1.0703699999999997e-07
1.0664899999999998e-07
1.0658499999999998e-07
1.0542899999999998e-07
1.03887e-07
1.0220999999999999e-07
1.01751e-07
1.0174099999999998e-07
1.0136399999999997e-07
1.0071699999999997e-07
1.0106099999999997e-07
1.0195999999999998e-07
1.0212899999999999e-07
1.0176899999999998e-07
1.0182599999999999e-07
1.02508e-07
1.02849e-07
1.02087e-07
1.0096199999999999e-07
1.00618e-07
1.00042e-07
9.896999999999998e-08
9.894399999999999e-08
9.9063e-08
9.973100000000001e-08
9.953500000000001e-08
1.0010500000000002e-07
9.995200000000002e-08
1.0016200000000002e-07
9.905700000000001e-08
9.920500000000001e-08
9.966800000000002e-08
1.0012300000000003e-07
9.984300000000002e-08
1.0032200000000002e-07
1.0166500000000002e-07
1.0233000000000002e-07
1.0251300000000001e-07
1.0293200000000001e-07
1.0257500000000002e-07
1.0263200000000002e-07
1.0378600000000003e-07
1.0285300000000003e-07
1.0360600000000001e-07
1.0328000000000001e-07
1.0323700000000001e-07
1.0434900000000002e-07
1.03669e-07
1.03541e-07
1.0331500000000001e-07
1.0287600000000001e-07
1.0309e-07
1.02829e-07
1.01739e-07
1.0126499999999999e-07
9.902399999999999e-08
9.868999999999999e-08
9.947599999999998e-08
1.00388e-07
1.01041e-07
1.0065499999999998e-07
1.00462e-07
1.0156799999999999e-07
1.0112199999999998e-07
1.00749e-07
1.0049499999999997e-07
1.0010699999999998e-07
1.0064099999999998e-07
1.0146899999999998e-07
1.0160799999999998e-07
1.0172799999999998e-07
1.0109299999999999e-07
1.0101699999999998e-07
9.9187e-08
1.0088199999999998e-07
9.960699999999999e-08
9.914399999999999e-08
9.843399999999997e-08
9.837699999999998e-08
9.983299999999998e-08
1.0049899999999998e-07
9.965999999999998e-08
1.0013299999999997e-07
9.909299999999999e-08
9.881599999999998e-08
1.0019899999999998e-07
1.0064699999999999e-07
1.0123899999999998e-07
1.01157e-07
1.0032199999999999e-07
9.979499999999997e-08
9.879199999999998e-08
9.941899999999997e-08
9.9276e-08
9.931399999999999e-08
1.0015299999999998e-07
1.0055199999999999e-07
1.0162699999999996e-07
1.0177099999999998e-07
1.0277299999999998e-07
1.0231699999999996e-07
9.994199999999997e-08
1.0019899999999998e-07
9.845599999999997e-08
9.851299999999996e-08
9.771899999999996e-08
9.674599999999998e-08
9.776499999999999e-08
9.660099999999998e-08
9.755499999999999e-08
9.821899999999997e-08
9.885799999999998e-08
9.936499999999999e-08
9.8941e-08
1.0100899999999999e-07
1.0155300000000001e-07
1.0202200000000001e-07
1.0269400000000002e-07
1.0162300000000001e-07
1.02361e-07
1.0101500000000001e-07
1.0052700000000001e-07
1.00803e-07
1.0058e-07
9.894900000000001e-08
9.9364e-08
9.9499e-08
9.8988e-08
9.895e-08
1.0019299999999999e-07
9.9245e-08
9.7623e-08
9.769499999999999e-08
9.702699999999999e-08
9.4929e-08
9.441099999999998e-08
9.315599999999999e-08
9.309e-08
9.239599999999999e-08
9.209399999999998e-08
9.355399999999998e-08
9.273499999999996e-08
9.417999999999997e-08
9.415099999999997e-08
9.505499999999997e-08
9.523699999999997e-08
9.505499999999997e-08
9.418899999999996e-08
9.430799999999997e-08
9.455499999999996e-08
9.529399999999997e-08
9.605499999999997e-08
9.709499999999997e-08
9.632399999999997e-08
9.658599999999998e-08
9.541599999999996e-08
9.681599999999997e-08
9.684199999999996e-08
9.795899999999996e-08
9.794599999999996e-08
9.628799999999996e-08
9.641399999999997e-08
9.700299999999997e-08
9.767099999999996e-08
9.780799999999997e-08
9.595199999999997e-08
9.702399999999997e-08
9.726899999999998e-08
9.788199999999995e-08
9.814899999999996e-08
9.860699999999998e-08
9.904599999999999e-08
9.853099999999998e-08
9.733599999999998e-08
9.600099999999999e-08
9.7062e-08
9.696400000000001e-08
9.8755e-08
9.777100000000001e-08
9.791300000000001e-08
9.906e-08
9.896100000000002e-08
9.844000000000001e-08
9.705100000000001e-08
9.7534e-08
9.690000000000003e-08
9.663800000000002e-08
9.654200000000003e-08
9.690400000000003e-08
9.827300000000002e-08
9.968600000000004e-08
9.980800000000003e-08
9.990200000000003e-08
9.977500000000003e-08
9.770800000000002e-08
9.752300000000002e-08
9.8469e-08
9.887300000000003e-08
9.897400000000002e-08
9.827700000000003e-08
9.727100000000001e-08
9.735700000000003e-08
9.889700000000002e-08
1.00364e-07
1.0044700000000001e-07
1.0023200000000001e-07
9.945100000000001e-08
1.0057500000000001e-07
1.0066300000000002e-07
1.01107e-07
9.958699999999999e-08
9.8912e-08
1.00763e-07
1.00412e-07
9.9301e-08
1.00277e-07
1.01603e-07
1.017e-07
1.0192299999999999e-07
1.0145499999999999e-07
1.01546e-07
1.00727e-07
1.0005200000000001e-07
1.00624e-07
1.0079300000000001e-07
1.0039300000000003e-07
9.976700000000001e-08
9.904800000000001e-08
9.850200000000002e-08
9.794300000000002e-08
1.0011400000000002e-07
9.992200000000001e-08
9.997e-08
9.922800000000001e-08
9.7964e-08
9.6868e-08
9.815900000000001e-08
9.832500000000002e-08
9.854100000000001e-08
9.838900000000002e-08
1.0002900000000002e-07
9.988700000000003e-08
9.935900000000002e-08
9.956500000000003e-08
9.941000000000003e-08
9.923400000000004e-08
9.920400000000003e-08
9.898400000000003e-08
9.847300000000001e-08
9.774100000000001e-08
9.579100000000001e-08
9.698400000000002e-08
9.805500000000003e-08
9.857100000000002e-08
9.907300000000002e-08
9.747900000000002e-08
9.793700000000003e-08
9.899100000000002e-08
9.738400000000002e-08
9.758100000000002e-08
9.843500000000001e-08
9.8405e-08
9.7711e-08
9.7336e-08
9.803399999999999e-08
9.857e-08
9.996999999999999e-08
9.859499999999999e-08
9.891499999999998e-08
9.867699999999999e-08
9.757499999999997e-08
9.784499999999999e-08
9.728999999999998e-08
9.539299999999999e-08
9.541899999999999e-08
9.565799999999998e-08
9.5473e-08
9.336299999999997e-08
9.320600000000001e-08
9.4309e-08
9.5065e-08
9.557899999999999e-08
9.556899999999999e-08
9.5355e-08
9.640699999999998e-08
9.638199999999998e-08
9.56e-08
9.587199999999997e-08
9.678599999999999e-08
9.741999999999997e-08
9.645099999999998e-08
9.769399999999997e-08
9.593399999999996e-08
9.672099999999997e-08
9.796699999999998e-08
9.839999999999998e-08
9.878699999999997e-08
9.929899999999997e-08
9.969799999999998e-08
9.969799999999998e-08
1.0046299999999998e-07
9.977099999999999e-08
9.883699999999999e-08
9.9162e-08
9.956199999999999e-08
1.0085499999999999e-07
9.982699999999997e-08
9.9137e-08
9.822799999999998e-08
9.922199999999999e-08
9.9781e-08
1.01536e-07
1.0035800000000002e-07
9.9289e-08
9.977600000000002e-08
1.0167400000000003e-07
1.0175000000000003e-07
1.0194900000000002e-07
1.0141500000000001e-07
1.0242600000000002e-07
1.0351100000000003e-07
1.0390000000000004e-07
1.0395300000000003e-07
1.0490300000000005e-07
1.0565400000000005e-07
1.0413600000000005e-07
1.0486400000000006e-07
1.0550200000000007e-07
1.0352700000000004e-07
1.0402600000000005e-07
1.0409000000000005e-07
1.0504700000000004e-07
1.0603400000000006e-07
1.0653200000000006e-07
1.0618200000000004e-07
1.0634300000000005e-07
1.0612300000000004e-07
1.0636000000000006e-07
1.0713200000000006e-07
1.0614700000000007e-07
1.0745500000000006e-07
1.0836600000000007e-07
1.0793000000000005e-07
1.0724300000000006e-07
1.0626600000000006e-07
1.0466000000000004e-07
1.0344400000000004e-07
1.0301000000000005e-07
1.0011600000000003e-07
1.0070600000000005e-07
1.0072300000000005e-07
1.0163300000000003e-07
1.0118700000000003e-07
1.0133700000000004e-07
1.0096500000000002e-07
1.0160500000000002e-07
1.02413e-07
1.0231500000000003e-07
1.0191500000000004e-07
1.0201100000000003e-07
1.0105300000000001e-07
1.0107500000000001e-07
1.0113300000000002e-07
1.0253300000000004e-07
1.0278100000000001e-07
1.0302700000000001e-07
1.0253700000000001e-07
1.0254000000000002e-07
1.0361200000000003e-07
1.0302100000000002e-07
1.0375000000000001e-07
1.01992e-07
1.0236700000000002e-07
1.01958e-07
1.0128500000000001e-07
1.01265e-07
1.0118400000000001e-07
1.0136500000000002e-07
1.0092e-07
1.0111299999999999e-07
1.0010799999999999e-07
9.936e-08
9.844299999999999e-08
9.878799999999997e-08
9.8488e-08
9.875399999999999e-08
9.909299999999999e-08
9.944899999999999e-08
9.890599999999999e-08
9.938899999999998e-08
9.984699999999998e-08
1.0203699999999999e-07
1.0294799999999999e-07
1.0228099999999999e-07
1.0273999999999998e-07
1.0214299999999999e-07
1.0149099999999999e-07
1.0141399999999998e-07
1.00854e-07
1.0068299999999999e-07
1.0012699999999998e-07
9.815999999999997e-08
9.825899999999998e-08
9.880599999999998e-08
9.695799999999997e-08
9.841299999999998e-08
9.873399999999998e-08
9.915899999999998e-08
9.972799999999999e-08
1.0050399999999998e-07
1.0144099999999999e-07
1.0226300000000001e-07
1.02252e-07
1.01145e-07
1.0278900000000001e-07
1.0368800000000001e-07
1.0434200000000001e-07
1.0499500000000001e-07
1.04976e-07
1.04883e-07
1.0550499999999999e-07
1.04789e-07
1.05656e-07
1.0499700000000001e-07
1.0418e-07
1.04397e-07
1.02345e-07
1.02086e-07
1.0199299999999999e-07
1.0186e-07
1.0228e-07
1.0253300000000001e-07
1.0357600000000001e-07
1.0330200000000001e-07
1.02934e-07
1.0281300000000002e-07
1.0202500000000002e-07
1.0172700000000002e-07
1.0200000000000003e-07
1.0131800000000003e-07
1.0248100000000003e-07
1.0340700000000002e-07
1.0182600000000001e-07
1.0245300000000001e-07
1.0344600000000003e-07
1.0253200000000001e-07
1.0219000000000002e-07
1.0256200000000003e-07
1.0171700000000002e-07
1.0202900000000002e-07
1.0252700000000002e-07
1.0398500000000001e-07
1.0306600000000003e-07
1.0316100000000002e-07
1.0301600000000003e-07
1.0158600000000002e-07
1.0125600000000003e-07
1.0125500000000003e-07
1.0191600000000004e-07
1.0031200000000002e-07
9.932900000000003e-08
9.900200000000004e-08
9.872500000000005e-08
9.824400000000003e-08
9.560500000000004e-08
9.635700000000003e-08
9.715700000000003e-08
9.528300000000005e-08
9.326000000000004e-08
9.393700000000004e-08
9.432000000000003e-08
9.454200000000003e-08
9.296500000000003e-08
9.351000000000002e-08
9.354700000000004e-08
9.310400000000002e-08
9.489600000000002e-08
9.550300000000002e-08
9.550299999999999e-08
9.617500000000001e-08
9.583900000000002e-08
9.567700000000002e-08
9.6485e-08
9.7649e-08
9.706900000000001e-08
9.7005e-08
9.7451e-08
9.844499999999998e-08
9.892899999999999e-08
9.831899999999998e-08
9.939899999999999e-08
9.9172e-08
9.9265e-08
9.965799999999998e-08
9.883899999999998e-08
9.689099999999999e-08
9.679199999999997e-08
9.612199999999998e-08
9.625999999999998e-08
9.717999999999999e-08
9.8701e-08
9.9407e-08
1.0008699999999999e-07
1.0088999999999999e-07
1.0181599999999999e-07
1.02241e-07
1.0310199999999999e-07
1.02601e-07
1.01498e-07
1.0207400000000002e-07
1.0277499999999999e-07
1.0202600000000002e-07
1.0142699999999999e-07
1.0089299999999999e-07
9.9258e-08
1.0061299999999999e-07
1.01107e-07
1.00475e-07
1.0080400000000001e-07
1.0053399999999999e-07
9.918200000000001e-08
1.0008300000000002e-07
1.0081700000000001e-07
1.0127500000000001e-07
1.0180300000000003e-07
1.0133500000000003e-07
1.0174600000000003e-07
1.0101800000000002e-07
1.0177400000000002e-07
1.0215400000000002e-07
1.0337100000000002e-07
1.0391800000000003e-07
1.0310200000000003e-07

Avalanche_Distribution:
