
Branching_global:
3.983000000000001e-09
3.813349999999997e-07
7.32547999999998e-07
1.0448210000000018e-06
1.3428310000000084e-06
1.5951420000000109e-06
1.8310560000000036e-06
2.002689999999997e-06
2.1873499999999914e-06
2.354975999999986e-06

Autocorrelation:
-5.170301849755042e-05
-6.766088663708835e-05
-7.078775531680369e-05
-7.261286137287325e-05
-7.396050095326568e-05
-7.491451618347608e-05
-7.569668747338103e-05
-7.621359122914588e-05
-7.672936600994852e-05
-7.716656699299162e-05

Average_Activity:
0.75
0.75
1.25
0.5
1.25
1.0
0.75
1.25
1.5
0.0
0.75
0.5
0.25
1.0
1.0
1.25
1.5
1.5
1.0
1.0
1.25
1.25
1.0
1.75
0.75
2.25
0.75
0.0
1.0
1.25
0.0
1.25
1.0
2.25
0.25
2.0
0.5
1.5
0.0
1.0
0.75
0.75
0.75
1.75
0.75
1.5
1.25
1.75
0.25
0.75
0.5
1.25
1.0
1.0
1.0
0.75
1.5
0.75
0.75
1.25
0.5
1.5
0.25
1.25
0.75
1.5
1.0
0.5
1.5
0.5
1.5
0.5
0.25
1.0
1.25
0.75
0.5
2.0
0.75
1.5
1.0
0.75
0.75
0.75
0.75
0.75
0.75
0.5
0.5
0.25
0.25
1.5
1.25
0.75
1.0
1.75
0.75
0.5
1.25
1.75
1.5
1.0
1.25
1.75
1.5
1.25
1.5
1.0
1.75
0.25
0.75
0.25
0.75
1.25
1.5
0.25
0.25
1.5
1.25
0.75
1.25
1.0
0.75
1.75
0.5
1.25
2.25
2.0
0.5
1.25
1.0
0.25
0.5
0.5
0.5
1.0
0.75
0.75
1.5
0.25
1.25
0.5
1.5
0.5
1.0
0.5
2.0
1.5
1.0
1.0
0.0
1.25
0.75
0.75
1.25
0.5
0.75
1.25
1.75
1.0
1.5
0.25
1.5
0.5
1.0
0.75
1.25
0.5
1.25
2.5
1.75
0.75
0.25
1.0
2.0
1.25
1.0
0.75
0.75
1.0
1.25
1.0
0.5
1.25
1.25
0.25
1.0
2.0
1.0
1.5
0.75
0.75
1.25
1.25
1.0
0.75
1.25
2.0
0.75
0.25
0.5
0.25
2.0
1.0
0.75
0.75
1.25
1.5
1.5
0.5
1.5
0.25
0.5
1.25
0.75
0.5
1.5
0.25
1.0
1.0
0.5
1.75
1.0
0.5
1.0
1.5
0.75
0.75
1.5
1.0
1.0
1.5
2.5
0.25
0.25
1.0
2.0
1.0
0.5
0.25
1.0
1.0
1.0
0.75
1.5
1.75
0.25
0.75
2.0
1.0

Average_Alpha:
9.970000000000004e-10
4.989000000000001e-09
8.954e-09
1.2930999999999998e-08
1.6857000000000003e-08
2.0780999999999996e-08
2.471399999999999e-08
2.8575999999999997e-08
3.2385999999999996e-08
3.638600000000001e-08
4.026500000000002e-08
4.417700000000002e-08
4.812800000000005e-08
5.191700000000006e-08
5.5697000000000045e-08
5.940300000000004e-08
6.302200000000002e-08
6.6614e-08
7.032799999999999e-08
7.4029e-08
7.763299999999996e-08
8.121499999999998e-08
8.486899999999994e-08
8.826599999999992e-08
9.198099999999989e-08
9.508799999999992e-08
9.885499999999986e-08
1.028549999999999e-07
1.0640599999999983e-07
1.0982599999999985e-07
1.1382599999999982e-07
1.1733399999999984e-07
1.2082499999999979e-07
1.236439999999998e-07
1.2763799999999973e-07
1.3053299999999973e-07
1.3424899999999976e-07
1.3746699999999976e-07
1.4146699999999966e-07
1.4484599999999968e-07
1.4837099999999968e-07
1.518819999999997e-07
1.5550699999999967e-07
1.5831299999999963e-07
1.6178399999999964e-07
1.6479599999999967e-07
1.6812799999999958e-07
1.7094999999999958e-07
1.747579999999996e-07
1.7825999999999959e-07
1.8186199999999954e-07
1.851519999999995e-07
1.8834999999999954e-07
1.9150199999999954e-07
1.947949999999995e-07
1.983629999999994e-07
2.012189999999995e-07
2.046509999999995e-07
2.0795899999999943e-07
2.1098499999999937e-07
2.145049999999995e-07
2.1713399999999946e-07
2.2088499999999964e-07
2.2410899999999961e-07
2.2747199999999978e-07
2.3011199999999972e-07
2.3326599999999994e-07
2.367319999999999e-07
2.3949300000000007e-07
2.4294400000000003e-07
2.452790000000002e-07
2.488620000000002e-07
2.525760000000003e-07
2.5545100000000027e-07
2.582480000000004e-07
2.616460000000005e-07
2.6503900000000055e-07
2.6657800000000063e-07
2.696470000000007e-07
2.723190000000007e-07
2.7567400000000083e-07
2.788760000000008e-07
2.81895000000001e-07
2.84905000000001e-07
2.8789700000000106e-07
2.9110500000000104e-07
2.945510000000012e-07
2.9785400000000126e-07
3.011480000000013e-07
3.0479400000000135e-07
3.084330000000015e-07
3.105950000000015e-07
3.130540000000015e-07
3.1629700000000155e-07
3.189460000000018e-07
3.2106400000000174e-07
3.2391400000000174e-07
3.2714100000000183e-07
3.29356000000002e-07
3.3087900000000205e-07
3.3297200000000206e-07
3.3570600000000215e-07
3.384500000000022e-07
3.3998200000000223e-07
3.4218000000000223e-07
3.443280000000023e-07
3.460640000000024e-07
3.4883800000000253e-07
3.502820000000025e-07
3.5384500000000257e-07
3.5695500000000266e-07
3.605130000000027e-07
3.632950000000027e-07
3.655370000000028e-07
3.672250000000029e-07
3.7076600000000294e-07
3.743020000000029e-07
3.75492000000003e-07
3.7788000000000306e-07
3.807390000000032e-07
3.827770000000031e-07
3.8510900000000303e-07
3.885140000000029e-07
3.906830000000029e-07
3.9431600000000275e-07
3.9662100000000274e-07
3.973770000000026e-07
3.980060000000026e-07
4.0129000000000245e-07
4.0271200000000237e-07
4.048350000000023e-07
4.086290000000024e-07
4.1157200000000215e-07
4.1490700000000214e-07
4.1809700000000205e-07
4.20882000000002e-07
4.232520000000019e-07
4.259400000000019e-07
4.277300000000017e-07
4.3117600000000177e-07
4.3264200000000163e-07
4.355140000000016e-07
4.366530000000015e-07
4.395120000000015e-07
4.417480000000013e-07
4.4501200000000136e-07
4.455420000000011e-07
4.4685000000000117e-07
4.49213000000001e-07
4.514940000000011e-07
4.554940000000009e-07
4.575360000000009e-07
4.602430000000007e-07
4.628760000000008e-07
4.6406800000000063e-07
4.668290000000006e-07
4.696030000000005e-07
4.715290000000005e-07
4.7244200000000033e-07
4.7452100000000034e-07
4.7516500000000017e-07
4.785230000000003e-07
4.793560000000001e-07
4.820520000000001e-07
4.8345e-07
4.855029999999999e-07
4.863219999999999e-07
4.891039999999999e-07
4.903039999999997e-07
4.890949999999998e-07
4.893999999999996e-07
4.921229999999996e-07
4.955359999999995e-07
4.983399999999995e-07
4.980539999999993e-07
5.004469999999994e-07
5.025799999999992e-07
5.044559999999993e-07
5.069539999999991e-07
5.087669999999991e-07
5.10272999999999e-07
5.12624999999999e-07
5.155269999999989e-07
5.163519999999988e-07
5.176599999999988e-07
5.209219999999988e-07
5.234609999999987e-07
5.229669999999986e-07
5.248369999999985e-07
5.256269999999984e-07
5.279159999999984e-07
5.310579999999984e-07
5.322579999999983e-07
5.342799999999983e-07
5.376259999999981e-07
5.394109999999981e-07
5.407889999999981e-07
5.40691999999998e-07
5.423149999999979e-07
5.462729999999979e-07
5.489719999999977e-07
5.521679999999977e-07
5.531409999999977e-07
5.559299999999976e-07
5.580399999999975e-07
5.604449999999975e-07
5.609419999999975e-07
5.620229999999974e-07
5.623469999999974e-07
5.653799999999972e-07
5.648609999999972e-07
5.680159999999973e-07
5.70634999999997e-07
5.711039999999972e-07
5.741219999999972e-07
5.769889999999971e-07
5.77556999999997e-07
5.81393999999997e-07
5.828539999999968e-07
5.848959999999967e-07
5.886669999999967e-07
5.897929999999967e-07
5.910939999999967e-07
5.947779999999965e-07
5.957739999999965e-07
5.957389999999965e-07
5.981969999999965e-07
6.003749999999963e-07
6.021989999999963e-07
6.039219999999963e-07
6.048799999999962e-07
6.055959999999963e-07
6.043729999999962e-07
6.077579999999961e-07
6.10820999999996e-07
6.12509999999996e-07
6.11316999999996e-07
6.125839999999959e-07
6.156219999999959e-07
6.186669999999959e-07
6.197759999999959e-07
6.219559999999962e-07
6.246949999999962e-07
6.267669999999964e-07
6.274669999999964e-07
6.271309999999966e-07
6.309249999999967e-07
6.336909999999968e-07
6.323459999999969e-07
6.332659999999971e-07

Avalanche_Distribution:
6
5
2
5
4
3
2
3
6
3
1
1
1
7
6
4
16
3
10
1
9
11
2
1
5
3
7
11
1
8
1
7
4
3
3
10
9
12
1
4
1
2
3
5
6
4
8
3
1
5
1
3
4
1
8
4
6
2
8
4
3
1
1
6
4
2
2
11
10
1
2
3
3
3
1
3
2
2
3
11
4
4
2
7
3
22
2
16
5
6
2
9
1
3
1
7
7
1
1
8
3
6
6
10
2
3
19
2
8
1
1
3
2
2
3
1
2
3
6
1
2
3
2
3
3
2
1
4
1
2
16
4
5
3
2
1
1
4
2
1
7
8
7
3
6
1
3
2
2
4
3
2
21
2
2
2
13
4
2
6
2
7
4
1
1
11
3
1
9
6
3
2
2
5
7
4
3
13
3
1
2
1
12
3
2
1
11
8
2
4
1
7
3
2
7
3
5
1
12
1
5
6
3
1
4
8
9
11
1
5
8
1
3
2
1
1
6
1
4
17
5
10
