
Branching_global:
3.9930000000000006e-09
3.865869999999997e-07
7.242109999999982e-07
1.0268290000000017e-06
1.2916450000000076e-06
1.5646040000000107e-06
1.8552850000000034e-06
2.0513659999999973e-06
2.1917229999999917e-06
2.346040999999986e-06
2.497325999999989e-06
2.6549319999999985e-06
2.8397150000000088e-06
2.8810950000000194e-06
3.0819690000000314e-06
3.2148240000000397e-06
3.349229000000048e-06
3.4199900000000534e-06
3.5785050000000598e-06
3.710413000000065e-06
3.7495730000000715e-06
3.967038000000089e-06
4.092703000000101e-06
4.151740000000113e-06
4.336968000000132e-06
4.3834510000001395e-06
4.4400390000001515e-06
4.562282000000162e-06
4.714598000000172e-06
4.628268000000177e-06
4.909034000000198e-06
4.961844000000208e-06
5.125161000000229e-06
5.245232000000247e-06
5.302685000000258e-06
5.375407000000267e-06
5.482374000000286e-06
5.691098000000301e-06
5.689850000000312e-06
5.83778100000032e-06
5.966289000000333e-06
5.962020000000335e-06
6.077927000000352e-06
6.083502000000363e-06
6.103884000000375e-06
6.034476000000378e-06
6.27058400000039e-06
6.364227000000405e-06
6.360039000000413e-06
6.5228010000004335e-06
6.426119000000422e-06
6.583205000000425e-06
6.720564000000452e-06
6.867551000000461e-06
6.91693600000046e-06
6.946597000000464e-06
7.170107000000473e-06
7.16411000000047e-06
7.202448000000479e-06
7.296519000000484e-06
7.314537000000452e-06
7.389441000000448e-06
7.4516160000004595e-06
7.5389270000004765e-06
7.451832000000464e-06
7.5348720000004436e-06
7.749538000000464e-06
7.824246000000469e-06
7.848974000000448e-06
7.93219600000046e-06
7.994130000000446e-06
8.079690000000455e-06
8.139347000000415e-06
8.175501000000408e-06
8.158451000000445e-06
8.31471100000038e-06
8.239926000000422e-06
8.364230000000389e-06
8.276548000000404e-06
8.386747000000389e-06
8.317010000000379e-06
8.485411000000408e-06
8.528162000000388e-06
8.649973000000367e-06
8.60837100000036e-06
8.536307000000368e-06
8.680980000000348e-06
8.652228000000356e-06
8.75211800000034e-06
8.712088000000327e-06
9.13557100000028e-06
9.016365000000245e-06
8.886716000000282e-06
8.94280300000021e-06
9.084276000000223e-06
9.150854000000264e-06
9.143059000000237e-06
9.229386000000197e-06
9.533292000000155e-06
9.385711000000207e-06

Autocorrelation:
-5.170972248485986e-05
-6.772356561050844e-05
-7.073044650958005e-05
-7.252139032683068e-05
-7.374852101659842e-05
-7.480618949966138e-05
-7.577208591173646e-05
-7.635333628457632e-05
-7.674112627773374e-05
-7.714393805155768e-05
-7.751763720929479e-05
-7.788713078187666e-05
-7.829745710465975e-05
-7.838624587779515e-05
-7.88025673792748e-05
-7.906552178228832e-05
-7.93223939208322e-05
-7.94541630519088e-05
-7.974122096665497e-05
-7.997205861499244e-05
-8.00392602744194e-05
-8.040206928143938e-05
-8.060417714740872e-05
-8.069733449578883e-05
-8.098257734414437e-05
-8.105255335826737e-05
-8.113690723509792e-05
-8.131610029602719e-05
-8.153383468374276e-05
-8.141116258305681e-05
-8.180338255129961e-05
-8.187504924332148e-05
-8.209271660255547e-05
-8.224907743681884e-05
-8.232283926527719e-05
-8.241525305990202e-05
-8.254930521588445e-05
-8.280471247673072e-05
-8.280320875192529e-05
-8.297956517646626e-05
-8.312976632621361e-05
-8.312482020714694e-05
-8.325807584465632e-05
-8.326443173186052e-05
-8.328762738705858e-05
-8.32083714585302e-05
-8.347495509379396e-05
-8.357837273354359e-05
-8.357377474511109e-05
-8.37506441372585e-05
-8.364603162256342e-05
-8.381534947722056e-05
-8.396067011993567e-05
-8.411346474146414e-05
-8.416419057326357e-05
-8.419451228141087e-05
-8.441960271069879e-05
-8.441363996858422e-05
-8.445168769497319e-05
-8.454433817010343e-05
-8.456197070765628e-05
-8.463488764785258e-05
-8.469494835301285e-05
-8.477859147006256e-05
-8.469515628105845e-05
-8.477472467879095e-05
-8.497709247120948e-05
-8.504642934268216e-05
-8.506925849839079e-05
-8.514565405600872e-05
-8.520207734302921e-05
-8.527943089304545e-05
-8.53329648602362e-05
-8.536524994863334e-05
-8.535003928707185e-05
-8.548846766520015e-05
-8.54224883905431e-05
-8.553188570823494e-05
-8.545486000901105e-05
-8.555155807501935e-05
-8.549048815707479e-05
-8.563724481906893e-05
-8.567411658856574e-05
-8.577834234514575e-05
-8.574288373895335e-05
-8.568112408893116e-05
-8.580467874351162e-05
-8.578026030803853e-05
-8.586480797573187e-05
-8.583102273705472e-05
-8.618212020817772e-05
-8.608467635966151e-05
-8.597747765602328e-05
-8.602401037151384e-05
-8.614031935911734e-05
-8.619453692611798e-05
-8.618820600191604e-05
-8.625807113135863e-05
-8.649979930510795e-05
-8.638322159935788e-05

Average_Activity:
0.25
0.5
1.0
0.75
1.25
0.75
0.5
0.75
0.75
1.25
1.5
0.5
1.25
0.5
1.25
1.0
0.75
0.75
0.0
1.0
1.75
1.25
0.25
0.0
2.0
1.0
1.75
1.75
1.25
0.5
1.5
2.0
1.0
1.5
0.25
0.75
0.75
0.5
1.0
1.0
1.5
1.0
0.75
1.5
1.75
0.5
1.25
0.25
0.75
1.0
1.25
1.0
1.25
0.75
1.25
1.0
0.25
0.25
1.0
2.0
1.5
1.75
0.75
1.0
2.0
1.75
1.5
0.25
1.5
0.75
0.5
1.5
1.0
1.25
1.75
0.25
0.75
1.25
0.75
1.0
1.0
0.5
1.25
1.0
0.75
1.25
1.0
0.5
1.0
1.0
0.5
1.0
1.0
1.75
1.5
0.75
0.5
1.5
1.25
2.25
0.5
0.5
2.75
0.5
1.0
0.5
0.75
0.75
0.75
0.75
1.25
0.75
0.75
1.25
1.0
1.0
1.25
1.25
0.75
1.75
1.5
0.0
0.25
1.25
1.25
0.5
1.0
0.5
0.5
1.5
1.75
0.75
2.25
0.5
1.0
1.25
0.5
0.5
0.75
1.5
0.75
0.5
1.0
0.5
1.0
0.25
0.75
0.0
1.25
0.75
0.5
1.75
1.75
1.25
1.25
1.0
1.5
0.75
0.75
0.75
0.5
0.5
0.25
0.5
1.25
0.25
1.75
1.0
0.75
0.75
1.75
0.75
1.25
1.5
1.25
1.25
1.5
1.0
0.5
1.25
1.0
1.0
1.0
1.5
0.75
1.25
2.0
1.5
0.25
0.75
1.25
1.0
0.75
1.0
0.5
1.0
1.25
0.75
2.0
2.5
1.0
1.25
0.75
1.25
1.0
0.75
0.5
1.25
0.75
0.5
1.25
1.0
1.0
0.75
0.5
1.5
1.0
1.75
2.25
0.75
0.75
1.0
1.5
1.0
1.0
1.5
1.75
0.75
1.0
1.0
1.25
0.0
2.5
1.0
0.5
0.75
2.0
0.5
1.0
1.75
1.5
0.75
1.0
1.0
0.75
1.25
0.5
0.25
0.75
0.75
0.75
0.5
0.5
1.25
0.5
1.25
1.75
1.5
1.0
1.75
1.0
1.25
1.0
0.5
1.0
1.5
0.25
1.75
1.25
1.0
1.0
1.0
2.0
0.25
0.25
1.25
0.75
1.75
1.25
0.25
1.5
0.5
1.5
0.25
0.5
1.25
1.0
0.5
1.75
0.25
0.25
2.0
1.0
1.5
0.25
1.0
0.5
1.25
1.0
0.75
3.25
1.0
1.5
0.25
1.75
1.0
0.25
0.5
1.75
1.0
0.5
2.0
1.5
1.0
1.25
0.75
0.5
0.25
1.5
0.25
1.0
1.75
1.0
0.0
1.0
1.75
1.25
1.0
1.0
0.75
1.25
0.75
1.0
0.75
1.0
1.5
0.75
1.5
1.0
2.25
0.5
0.75
1.5
1.25
1.25
1.5
1.75
1.25
2.0
0.5
0.75
0.75
1.5
0.5
0.5
1.0
1.5
1.5
0.75
0.75
1.0
1.0
0.75
0.75
0.75
0.75
0.75
0.75
0.5
1.0
0.5
1.75
1.5
1.5
0.5
0.75
0.75
1.25
1.0
1.75
1.25
1.0
0.5
0.5
0.5
0.5
0.5
0.5
1.0
0.75
2.0
1.0
1.0
1.0
1.0
0.5
0.5
1.25
1.5
0.25
1.25
1.25
0.5
0.75
1.5
0.75
1.25
0.5
1.25
0.75
0.5
0.5
1.5
1.25
1.0
1.75
1.25
1.0
2.75
1.5
0.75
0.5
0.5
1.5
0.5
2.25
0.75
1.25
0.25
1.0
1.75
1.0
0.25
1.0
0.75
0.25
1.0
1.5
1.5
0.5
1.25
1.0
1.25
1.25
0.75
0.75
0.5
0.75
1.75
2.0
0.5
0.25
1.25
1.5
1.25
1.75
0.0
0.75
0.75
1.0
1.5
0.5
1.25
1.0
0.75
0.0
0.0
0.75
1.5
0.5
1.0
1.25
0.5
0.75
1.0
2.5
1.0
1.0
0.5
1.25
2.25
1.5
1.25
0.75
0.75
1.25
1.25
1.25
0.5
0.5
0.75
1.0
1.25
0.25
0.75
0.75
0.75
2.0
0.5
2.25
0.5
1.25
1.0
0.0
0.75
1.0
1.25
1.25
0.5
1.0
0.0
0.5
1.25
0.5
1.5
1.0
1.25
1.25
0.25
1.0
0.75
0.75
1.0
1.25
0.25
0.25
0.5
1.75
0.0
1.5
0.5
1.0
0.5
0.75
0.5
1.0
1.5
0.5
1.25
1.25
2.0
0.5
0.5
1.0
1.5
1.0
0.75
1.5
0.5
1.5
0.5
0.75
0.0
1.5
0.75
1.5
1.25
1.0
1.5
0.5
0.5
1.5
0.75
2.0
1.25
0.25
1.25
0.5
1.0
0.75
0.75
1.0
1.5
1.0
0.75
1.25
0.75
1.25
1.0
0.75
0.75
1.5
1.0
1.25
0.5
0.5
0.5
2.0
1.0
0.5
1.25
0.5
0.75
0.75
1.5
0.5
0.25
1.5
1.25
0.5
1.0
0.5
1.25
1.25
1.0
0.5
1.0
1.0
0.5
1.25
1.5
1.25
1.75
1.25
1.0
1.25
2.5
0.75
1.5
0.25
0.25
0.5
0.75
1.5
0.5
0.75
1.5
1.0
0.25
0.75
1.0
0.75
1.5
2.0
1.25
0.5
0.75
0.75
1.0
1.0
1.0
0.5
1.75
2.25
1.5
0.5
2.0
1.25
1.75
1.25
1.0
1.75
1.0
0.5
1.0
1.0
0.5
1.0
1.0
0.5
1.0
0.5
1.0
1.75
1.0
1.25
2.25
0.75
0.25
0.5
1.0
1.25
1.25
0.5
1.25
0.5
0.75
0.25
0.75
1.0
0.5
0.25
0.25
1.0
0.5
0.75
1.0
0.75
0.75
1.75
0.5
1.25
1.0
2.0
0.75
1.0
1.5
1.0
0.5
0.75
0.75
1.25
1.25
1.0
0.5
1.75
1.0
1.0
1.5
0.5
1.5
0.75
0.75
1.75
0.75
0.75
1.5
1.5
1.0
1.0
1.75
1.25
1.25
1.5
0.5
0.5
0.25
1.25
0.75
0.75
0.25
0.75
0.75
1.25
0.5
1.5
0.75
0.75
0.25
1.0
0.75
0.75
1.0
1.25
0.25
2.0
0.5
1.0
1.75
0.25
1.0
0.75
0.75
0.75
0.25
1.0
0.75
0.75
1.25
2.0
0.5
1.5
0.75
0.5
1.0
0.5
1.25
0.75
0.5
1.0
1.25
1.25
1.0
0.5
1.0
1.0
0.75
1.25
1.5
0.5
1.5
1.25
1.25
1.25
1.5
1.25
1.25
1.0
0.5
1.0
1.0
0.5
0.75
1.5
1.25
0.5
1.0
0.75
1.25
0.5
0.25
0.25
0.5
1.0
1.0
1.0
1.25
1.25
1.5
0.5
0.75
0.75
0.25
1.5
1.25
1.75
1.0
1.25
0.25
1.25
1.25
2.25
1.5
1.25
1.0
0.75
0.75
0.0
0.75
0.75
1.75
1.25
0.75
2.0
1.75
1.25
0.5
1.25
0.75
1.0
1.25
0.5
0.75
1.25
0.75
0.25
0.5
0.5
0.5
1.25
1.25
1.0
0.5
0.75
0.75
0.5
0.25
1.0
1.5
0.75
0.75
1.25
0.25
0.5
1.0
0.25
1.0
1.0
1.25
1.5
2.25
1.0
1.75
0.5
0.75
0.5
0.5
1.25
1.25
0.25
1.0
1.0
1.25
0.0
0.75
0.75
0.25
0.25
1.0
1.5
1.0
1.75
1.5
0.5
0.5
1.25
1.75
1.25
1.5
1.25
0.75
0.75
0.75
1.5
1.5
1.5
0.5
1.25
0.75
1.0
0.75
0.0
1.5
0.25
1.0
0.25
0.5
1.5
1.0
2.0
1.0
0.75
1.5
1.5
0.5
1.0
1.25
0.75
0.25
0.75
1.25
1.5
1.25
1.0
0.25
1.0
1.0
0.5
0.5
1.25
2.0
0.75
0.75
0.75
0.5
0.5
1.0
0.75
0.75
0.25
1.25
1.0
2.25
0.5
1.0
1.25
0.5
1.0
1.25
0.25
0.75
0.75
0.0
0.5
0.5
0.5
0.5
0.5
0.25
1.5
0.75
1.5
0.75
1.25
0.5
1.5
0.75
0.75
1.75
1.0
1.5
1.25
0.75
0.25
1.0
0.75
0.75
1.0
0.5
1.25
1.25
1.0
0.5
2.25
0.5
1.0
1.0
0.5
1.25
1.25
0.5
1.25
0.5
1.25
0.75
1.0
0.25
0.75
0.75
1.5
1.25
0.75
0.75
1.5
1.5
1.0
0.75
1.0
0.75
0.75
0.75
1.0
0.25
1.25
1.5
0.25
1.25
1.25
0.0
1.75
1.25
1.25
1.0
1.75
1.25
1.75
1.5
1.5
0.5
1.0
0.0
2.0
0.25
1.75
1.75
1.0
0.5
1.25
0.75
1.0
1.5
0.75
1.5
1.5
0.5
0.75
1.25
1.0
0.5
1.25
1.5
0.75
1.0
2.0
0.75
1.25
1.5
1.5
1.25
0.5
1.5
1.0
0.75
1.25
1.25
0.75
1.5
1.0
1.0
1.75
0.25
0.75
1.75
1.5
0.25
0.75
1.25
1.0
1.0
1.25
1.5
2.0
1.0
0.75
1.5
1.25
0.5
0.75
0.5
1.25
0.25
0.5
1.0
1.0
0.5
0.25
0.5
1.25
1.25
2.0
1.0
1.75
0.75
1.0
0.75
1.5
0.75
2.25
0.5
0.5
0.75
0.5
0.25
1.0
1.25
1.0
1.0
0.75
1.25
0.5
1.25
1.25
0.25
1.0
1.25
0.25
2.0
1.0
0.75
0.5
0.25
1.0
1.0
1.0
1.0
0.75
1.5
1.5
1.25
0.5
0.75
1.25
1.25
1.25
0.75
0.5
0.75
1.25
0.5
0.5
0.75
1.25
1.0
1.25
1.0
1.25
1.0
0.5
1.0
0.75
1.25
0.25
0.75
0.75
1.5
1.75
0.5
1.25
1.5
1.75
0.25
0.75
1.25
0.75
1.5
0.25
0.0
0.75
0.25
1.25
0.5
1.5
2.0
1.75
2.25
1.25
1.25
0.75
0.75
0.75
1.75
0.75
0.5
2.0
0.75
1.0
1.0
0.75
1.5
0.75
0.75
1.0
1.0
2.5
1.5
1.0
0.75
0.75
0.5
0.75
0.0
1.5
0.75
0.5
1.25
0.75
0.25
0.5
1.0
0.5
1.25
1.25
1.25
1.25
1.25
1.25
1.5
1.0
1.0
0.5
0.25
0.75
0.5
0.75
0.5
1.75
1.5
1.25
1.75
0.5
1.5
1.25
1.5
2.25
1.0
0.75
2.0
0.75
0.5
1.0
0.5
1.5
0.5
0.5
0.5
1.25
0.5
0.75
1.0
0.5
1.0
1.25
1.0
0.5
1.0
0.75
0.75
1.0
0.25
1.5
0.25
1.0
0.25
0.5
1.75
2.0
0.75
0.75
1.0
1.75
0.5
0.75
0.5
1.25
2.25
0.25
1.0
2.0
1.0
0.5
0.25
0.25
0.0
1.5
0.75
1.25
1.0
0.75
1.0
1.5
1.25
1.25
0.5
0.5
0.25
1.0
1.75
1.0
0.25
0.5
0.75
0.25
1.0
0.5
1.0
1.25
0.75
0.25
0.5
1.0
1.5
0.5
1.0
2.5
0.75
0.5
1.25
0.75
1.5
1.0
1.25
0.5
1.0
0.75
1.0
0.25
1.25
1.25
0.25
1.75
1.25
0.75
1.0
0.5
0.5
1.75
1.75
1.25
2.25
0.5
1.25
1.25
1.5
2.0
0.75
1.75
0.0
0.0
1.5
0.5
1.25
1.0
1.0
0.75
0.75
0.0
0.5
0.5
0.0
0.75
1.25
0.5
0.75
2.0
1.75
1.25
0.5
1.5
0.25
0.25
0.5
0.75
0.75
1.5
0.5
1.25
0.75
1.0
2.5
1.25
1.0
0.0
0.75
1.25
0.75
1.0
1.5
0.75
0.75
0.5
1.5
0.5
0.25
0.25
1.0
0.25
0.25
1.75
0.75
1.5
0.5
1.0
0.75
0.75
1.0
0.75
0.75
1.0
1.0
1.75
0.75
1.5
0.75
2.5
0.75
0.75
0.5
1.5
1.0
0.75
1.75
0.75
0.5
1.0
0.75
2.0
1.0
0.75
1.5
0.75
1.0
0.5
1.0
0.5
1.0
0.75
1.5
1.0
0.75
0.5
0.75
1.5
1.75
0.25
2.25
1.25
0.0
0.25
0.5
1.25
0.5
1.25
0.75
2.0
1.75
1.25
1.0
0.25
1.0
0.5
0.25
0.75
1.0
0.75
1.75
0.5
1.75
1.25
1.75
1.0
0.75
1.5
1.5
1.5
0.5
0.5
0.75
2.0
0.5
1.5
1.25
0.75
1.0
0.5
1.0
1.25
1.5
1.0
1.25
0.5
0.75
0.5
1.5
1.5
1.5
0.75
1.0
0.5
1.0
0.25
1.0
0.5
1.5
1.25
1.25
0.25
0.75
1.0
1.0
0.75
0.5
0.25
1.0
0.5
0.5
0.0
0.0
0.25
0.75
1.75
1.5
0.75
1.5
0.75
1.25
0.5
1.0
0.5
0.75
0.75
1.25
1.25
2.25
1.0
1.0
0.75
0.75
1.25
2.0
0.75
0.75
0.5
0.75
2.25
0.25
1.25
1.5
1.0
1.0
1.0
0.5
1.0
0.5
0.75
1.75
1.0
1.75
1.25
0.75
2.0
1.25
1.25
2.25
0.75
1.0
0.75
1.5
1.0
1.5
1.75
1.5
1.0
1.0
1.75
1.5
1.75
0.75
1.25
0.5
1.5
0.25
1.0
2.0
1.0
1.0
1.0
1.0
0.75
0.25
1.0
0.5
0.5
0.5
2.0
1.5
1.25
0.75
0.75
0.25
0.75
1.0
1.5
1.25
1.0
1.25
0.75
0.5
0.5
0.5
1.25
1.0
0.75
0.5
0.5
1.75
0.75
1.75
0.75
0.5
1.0
0.5
0.5
1.75
1.5
1.5
1.75
1.25
1.0
0.5
1.0
0.75
0.25
1.0
1.25
0.75
0.5
0.5
0.5
0.5
1.25
0.75
0.25
1.0
1.5
1.25
1.25
1.75
0.25
0.75
1.0
0.5
0.25
0.75
1.25
1.5
0.75
1.5
0.75
0.5
0.75
0.75
0.75
0.75
0.75
2.25
1.0
0.25
0.75
0.75
0.5
0.5
1.5
0.25
0.75
0.5
0.5
1.0
2.0
0.5
1.0
1.0
1.5
0.75
0.5
0.75
1.75
1.5
1.75
0.75
1.25
0.0
0.5
0.75
0.75
0.75
0.75
0.75
1.5
0.75
1.25
1.25
1.5
1.5
0.25
0.5
0.75
0.0
1.75
0.75
0.5
1.25
1.5
1.75
1.0
0.5
0.75
2.0
1.5
1.75
1.0
0.25
0.75
1.25
0.5
1.5
0.75
0.75
1.25
0.75
1.25
0.75
1.25
1.25
2.0
1.25
1.0
0.5
0.0
1.25
1.75
0.75
1.25
1.0
0.75
1.25
0.5
1.0
0.5
0.25
0.25
1.5
1.0
0.75
1.0
0.75
1.0
1.5
1.5
1.5
0.5
1.0
1.0
0.75
1.0
1.0
1.5
2.25
1.25
0.75
0.75
1.25
0.75
1.75
1.25
0.5
0.75
1.0
1.5
1.25
0.75
2.0
1.25
0.5
1.75
1.25
0.5
1.5
1.5
1.0
1.25
0.75
0.75
0.75
0.75
0.5
3.0
0.75
0.75
1.25
0.5
1.5
1.0
1.0
1.0
1.25
0.75
1.5
1.25
0.75
1.25
2.0
1.75
1.25
1.0
1.0
0.75
0.5
0.75
0.5
0.25
1.5
0.5
0.5
0.0
0.5
1.0
0.75
1.75
0.5
0.25
1.0
0.75
2.0
1.0
1.25
1.5
1.0
0.25
1.0
1.25
0.75
1.0
1.5
1.0
2.0
1.25
0.75
1.0
1.25
0.25
0.75
2.0
0.75
1.0
0.25
1.5
0.5
0.75
1.0
1.5
1.0
0.75
1.0
0.75
1.0
1.25
2.0
1.0
1.5
1.0
0.5
1.0
0.5
1.0
1.0
1.25
1.25
0.75
2.0
0.75
1.5
1.25
1.0
1.25
1.0
1.0
1.25
1.25
1.75
0.75
1.75
1.75
1.0
1.0
0.25
1.25
0.5
1.25
0.5
0.5
1.5
1.75
1.75
0.25
1.5
1.5
0.5
1.5
1.25
0.5
0.75
1.0
1.25
0.5
1.0
1.75
0.75
0.75
1.5
1.5
1.0
2.0
1.0
0.75
0.0
1.25
1.0
1.75
1.0
1.5
1.5
0.25
1.5
1.25
0.75
0.75
0.5
0.25
0.25
1.5
0.75
0.5
0.25
0.5
2.0
0.5
1.0
0.25
0.75
2.5
1.75
2.0
1.5
0.75
1.5
0.75
1.0
0.75
0.5
2.0
1.5
1.5
0.75
0.25
0.75
2.0
1.0
0.75
1.0
0.75
0.5
1.0
1.0
1.0
1.5
2.75
0.25
1.0
0.5
0.5
1.75
0.75
0.75
0.5
1.25
1.25
1.25
1.25
2.0
2.0
0.75
0.25
1.25
0.75
0.25
1.0
1.25
1.75
1.75
0.25
1.0
1.5
1.25
0.75
0.5
2.0
1.25
0.5
0.25
1.0
2.0
1.75
0.25
0.75
0.5
0.75
0.75
0.5
1.5
3.0
1.0
1.75
1.5
1.25
1.0
0.75
0.5
1.25
0.5
1.5
1.25
0.25
0.25
2.0
1.0
0.75
1.0
1.0
0.75
0.75
1.0
1.25
1.0
0.75
1.0
0.5
0.5
2.0
1.75
0.75
0.75
0.25
1.25
0.75
0.75
0.5
1.25
0.25
0.5
0.25
0.5
0.25
0.5
1.5
0.75
1.75
1.75
1.75
1.0
2.75
1.25
1.0
1.0
0.75
1.25
1.0
1.5
1.25
0.0
0.5
0.75
1.0
1.25
0.5
0.5
0.75
0.5
1.0
0.5
1.0
0.25
0.75
1.0
1.25
0.25
1.75
0.5
0.5
1.25
1.0
0.75
0.5
1.0
2.5
0.75
1.0
1.25
1.0
0.5
1.5
0.25
2.25
0.5
1.75
1.25
1.5
1.25
0.75
1.25
1.5
0.5
0.75
2.75
1.5
0.25
0.75
2.25
0.5
1.25
1.0
1.75
0.75
0.75
0.5
1.25
1.75
0.75
0.5
1.25
0.75
1.5
1.5
1.0
0.75
1.25
1.25
1.0
0.5
1.25
0.0
0.5
1.75
1.5
1.75
0.75
1.0
0.25
0.5
1.0
1.75
0.75
0.75
1.0
1.25
1.0
0.0
0.75
0.5
0.25
1.75
1.5
1.5
1.0
1.25
2.0
1.0
1.0
1.0
1.0
1.0
0.75
0.75
0.75
1.0
1.0
1.25
1.75
1.75
0.75
1.0
1.5
2.25
1.0
0.75
0.5
1.0
0.75
0.5
1.25
1.5
0.25
1.0
0.75
1.25
1.25
0.75
1.5
1.25
0.75
0.5
0.5
0.5
1.25
0.5
1.25
0.25
1.5
1.25
1.0
1.25
1.25
0.75
0.5
0.5
1.25
2.0
0.5
1.75
1.75
1.5
0.5
0.0
1.25
0.5
0.25
0.5
1.5
1.5
0.5
0.5
0.5
1.0
1.25
1.75
0.75
1.25
2.25
1.25
0.75
1.75
1.5
1.0
1.0
0.5
1.0
0.0
1.25
1.0
0.75
0.5
1.0
0.75
1.25
2.5
1.5
1.5
0.75
1.25
1.5
2.0
1.25
1.75
1.25
1.0
0.5
0.5
0.75
0.25
1.0
0.5
0.75
1.0
0.5
0.75
1.0
0.75
0.75
0.75
1.25
1.0
2.0
0.75
0.5
1.5
0.0
0.25
1.0
0.75
0.5
1.75
0.75
1.0
2.0
0.75
1.25
0.75
0.75
0.75
1.5
0.25
0.25
1.0
1.25
1.5
0.5
1.0
1.5
2.25
1.0
0.5
1.5
1.0
1.75
2.0
0.5
1.5
0.75
1.5
1.0
0.75
1.25
1.25
0.75
1.75
0.75
0.5
1.0
0.75
0.75
1.75
0.25
0.25
1.75
0.5
0.75
1.5
0.75
0.25
0.75
1.25
0.5
0.5
1.5
1.0
1.25
0.5
0.0
0.75
0.25
2.25
1.0
1.0
1.0
0.5
0.75
0.5
0.5
1.0
0.0
1.0
1.0
1.5
1.25
1.75
0.25
0.75
1.0
1.5
1.25
0.75
0.5
1.75
0.75
1.0
0.75
1.25
1.5
1.5
2.0
1.5
0.5
0.75
0.5
1.0
1.0
1.5
1.5
1.25
0.0
1.0
1.25
1.0
1.25
0.5
0.5
1.25
0.0
0.5
0.75
1.0
1.25
2.25
1.25
1.5
1.25
1.0
1.25
1.25
1.0
0.5
0.25
0.25
0.5
0.75
0.75
1.25
1.0
1.0
1.0
1.5
0.75
1.0
0.5
1.0
1.0
1.5
1.0
1.25
1.25
0.5
0.75
1.0
0.75
1.0
1.5
1.25
0.5
0.75
1.0
0.75
1.0
0.75
0.5
1.0
0.75
0.75
1.25
1.0
1.5
1.0
0.25
0.5
1.0
1.75
0.5
1.0
1.25
2.0
1.5
1.75
1.0
1.25
1.25
1.0
1.0
1.0
1.75
1.25
0.5
1.0

Average_Alpha:
9.990000000000006e-10
4.989000000000001e-09
8.959000000000001e-09
1.2925999999999998e-08
1.6850000000000002e-08
2.079099999999999e-08
2.4740999999999986e-08
2.8660999999999998e-08
3.2566e-08
3.639200000000001e-08
4.015600000000001e-08
4.407100000000002e-08
4.7833000000000055e-08
5.172900000000005e-08
5.5454000000000054e-08
5.927400000000004e-08
6.308000000000003e-08
6.687400000000002e-08
7.0874e-08
7.4571e-08
7.801899999999998e-08
8.164999999999997e-08
8.556199999999993e-08
8.956199999999993e-08
9.279899999999989e-08
9.639999999999992e-08
9.969999999999988e-08
1.0304399999999989e-07
1.0666999999999984e-07
1.1046799999999985e-07
1.137509999999998e-07
1.1677599999999983e-07
1.202919999999998e-07
1.236289999999998e-07
1.2759999999999977e-07
1.3117899999999977e-07
1.3474999999999972e-07
1.3845399999999977e-07
1.418489999999997e-07
1.452259999999997e-07
1.482729999999997e-07
1.517179999999997e-07
1.5529599999999965e-07
1.5831099999999962e-07
1.6108499999999965e-07
1.6472599999999962e-07
1.678069999999996e-07
1.7161799999999957e-07
1.7517399999999963e-07
1.7845099999999956e-07
1.8153599999999952e-07
1.847219999999995e-07
1.8767999999999955e-07
1.9104399999999952e-07
1.9414799999999944e-07
1.9745099999999943e-07
2.012259999999995e-07
2.0499999999999947e-07
2.0826299999999938e-07
2.1071199999999938e-07
2.134689999999995e-07
2.157609999999995e-07
2.1901499999999966e-07
2.2222599999999962e-07
2.2459299999999977e-07
2.2700199999999975e-07
2.2963499999999993e-07
2.333669999999999e-07
2.3592200000000007e-07
2.39098e-07
2.425390000000002e-07
2.4503800000000013e-07
2.479830000000003e-07
2.506480000000003e-07
2.528190000000004e-07
2.565180000000004e-07
2.599050000000006e-07
2.626680000000006e-07
2.657310000000007e-07
2.684710000000007e-07
2.7119400000000073e-07
2.745460000000008e-07
2.7707200000000093e-07
2.7993000000000095e-07
2.8306100000000103e-07
2.85361000000001e-07
2.881040000000012e-07
2.916310000000012e-07
2.945290000000013e-07
2.975340000000013e-07
3.0081700000000147e-07
3.0354200000000146e-07
3.0607300000000155e-07
3.078480000000016e-07
3.1004500000000166e-07
3.1330500000000165e-07
3.165370000000017e-07
3.187070000000018e-07
3.207460000000019e-07
3.2284200000000196e-07
3.26558000000002e-07
3.3015600000000205e-07
3.3017900000000215e-07
3.335610000000022e-07
3.362270000000022e-07
3.393870000000023e-07
3.421720000000024e-07
3.451490000000024e-07
3.481150000000024e-07
3.510720000000025e-07
3.532690000000026e-07
3.5621700000000267e-07
3.5971400000000263e-07
3.614570000000027e-07
3.6472000000000286e-07
3.6785300000000294e-07
3.699990000000029e-07
3.720390000000029e-07
3.7506600000000305e-07
3.7724400000000314e-07
3.78740000000003e-07
3.82740000000003e-07
3.862520000000028e-07
3.8809000000000284e-07
3.9069400000000266e-07
3.942930000000027e-07
3.9640200000000257e-07
3.998910000000026e-07
4.028690000000024e-07
4.048080000000024e-07
4.057580000000023e-07
4.0852200000000223e-07
4.092040000000021e-07
4.127310000000021e-07
4.1505200000000196e-07
4.17353000000002e-07
4.204800000000018e-07
4.235300000000019e-07
4.262360000000017e-07
4.276540000000017e-07
4.3043600000000157e-07
4.3370600000000157e-07
4.3627700000000144e-07
4.3970300000000146e-07
4.4220800000000126e-07
4.4565900000000133e-07
4.4879900000000113e-07
4.527990000000012e-07
4.54391000000001e-07
4.5660600000000106e-07
4.594060000000009e-07
4.608060000000009e-07
4.6171100000000074e-07
4.633910000000008e-07
4.6572700000000063e-07
4.6724400000000063e-07
4.680670000000005e-07
4.701850000000005e-07
4.7312300000000044e-07
4.7583200000000037e-07
4.786580000000003e-07
4.818220000000003e-07
4.851750000000001e-07
4.878700000000001e-07
4.89218e-07
4.92557e-07
4.930309999999999e-07
4.949929999999999e-07
4.972029999999997e-07
4.995649999999997e-07
4.995449999999996e-07
5.025679999999996e-07
5.042629999999995e-07
5.066529999999995e-07
5.082369999999995e-07
5.103009999999994e-07
5.106819999999993e-07
5.127869999999993e-07
5.153649999999991e-07
5.157859999999992e-07
5.17563999999999e-07
5.19490999999999e-07
5.209889999999989e-07
5.214079999999988e-07
5.237579999999987e-07
5.250709999999989e-07
5.261109999999986e-07
5.277039999999987e-07
5.309519999999985e-07
5.332009999999986e-07
5.354409999999985e-07
5.373729999999983e-07
5.390699999999983e-07
5.399829999999982e-07
5.424329999999983e-07
5.450099999999981e-07
5.462779999999981e-07
5.486059999999982e-07
5.479409999999979e-07
5.46031999999998e-07
5.482499999999979e-07
5.485929999999978e-07
5.504359999999978e-07
5.508429999999977e-07
5.525669999999976e-07
5.548279999999976e-07
5.571829999999976e-07
5.585999999999974e-07
5.603849999999974e-07
5.632419999999974e-07
5.641389999999974e-07
5.659909999999973e-07
5.682739999999971e-07
5.699369999999971e-07
5.733629999999971e-07
5.743169999999971e-07
5.76148999999997e-07
5.762249999999971e-07
5.75568999999997e-07
5.783389999999969e-07
5.809959999999967e-07
5.834149999999967e-07
5.829289999999966e-07
5.842189999999965e-07
5.864279999999965e-07
5.879369999999965e-07
5.863699999999964e-07
5.892939999999965e-07
5.903399999999963e-07
5.918039999999963e-07
5.938819999999963e-07
5.978819999999962e-07
5.951379999999961e-07
5.970999999999962e-07
5.99991999999996e-07
6.019819999999959e-07
6.00974999999996e-07
6.04684999999996e-07
6.069759999999958e-07
6.071259999999959e-07
6.084429999999961e-07
6.113669999999961e-07
6.128209999999962e-07
6.155869999999963e-07
6.169059999999964e-07
6.176659999999966e-07
6.201729999999966e-07
6.239279999999968e-07
6.264869999999968e-07
6.28143999999997e-07
6.30374999999997e-07
6.331479999999972e-07
6.357489999999973e-07
6.377919999999974e-07
6.403989999999975e-07
6.416009999999975e-07
6.408099999999977e-07
6.410479999999978e-07
6.422899999999978e-07
6.407659999999981e-07
6.411429999999981e-07
6.413059999999982e-07
6.423249999999982e-07
6.443249999999984e-07
6.468859999999986e-07
6.475719999999986e-07
6.505719999999988e-07
6.503939999999988e-07
6.51317999999999e-07
6.53054999999999e-07
6.543989999999991e-07
6.555649999999994e-07
6.549879999999993e-07
6.579879999999996e-07
6.618049999999996e-07
6.623259999999997e-07
6.646549999999998e-07
6.646369999999998e-07
6.644889999999999e-07
6.674890000000001e-07
6.671940000000001e-07
6.698080000000002e-07
6.702230000000004e-07
6.732230000000006e-07
6.760440000000007e-07
6.776840000000007e-07
6.787040000000008e-07
6.813780000000009e-07
6.82013000000001e-07
6.851390000000013e-07
6.889920000000013e-07
6.897300000000013e-07
6.916630000000014e-07
6.918120000000015e-07
6.948120000000016e-07
6.960550000000016e-07
6.991900000000017e-07
6.98838000000002e-07
7.016510000000019e-07
7.042360000000022e-07
7.003050000000021e-07
7.017750000000023e-07
7.022010000000024e-07
7.052010000000025e-07
7.048600000000025e-07
7.060170000000027e-07
7.095850000000028e-07
7.123590000000029e-07
7.11555000000003e-07
7.133270000000031e-07
7.160160000000031e-07
7.152440000000035e-07
7.154850000000036e-07
7.169540000000036e-07
7.178690000000036e-07
7.199710000000038e-07
7.223070000000038e-07
7.25709000000004e-07
7.23709000000004e-07
7.269000000000043e-07
7.283230000000042e-07
7.280720000000045e-07
7.294320000000044e-07
7.334320000000045e-07
7.338830000000047e-07
7.334610000000049e-07
7.339560000000049e-07
7.347360000000052e-07
7.361260000000051e-07
7.390440000000053e-07
7.402660000000052e-07
7.420300000000055e-07
7.428810000000055e-07
7.442310000000057e-07
7.453800000000058e-07
7.43956000000006e-07
7.468480000000061e-07
7.462730000000062e-07
7.476700000000062e-07
7.471280000000064e-07
7.491910000000065e-07
7.513750000000066e-07
7.529870000000067e-07
7.539090000000068e-07
7.550110000000069e-07
7.53565000000007e-07
7.526090000000071e-07
7.519930000000072e-07
7.516320000000073e-07
7.543120000000074e-07
7.571890000000075e-07
7.593090000000077e-07
7.600550000000077e-07
7.620550000000079e-07
7.642910000000079e-07
7.64578000000008e-07
7.662060000000082e-07
7.653440000000083e-07
7.669760000000084e-07
7.694650000000085e-07
7.694650000000087e-07
7.714340000000087e-07
7.731280000000088e-07
7.749870000000088e-07
7.76465000000009e-07
7.783490000000091e-07
7.812690000000091e-07
7.834980000000093e-07
7.864580000000094e-07
7.875290000000095e-07
7.898480000000095e-07
7.896170000000096e-07
7.895920000000098e-07
7.893360000000098e-07
7.921450000000099e-07
7.944810000000098e-07
7.960860000000101e-07
7.9645900000001e-07
7.968360000000101e-07
7.954840000000102e-07
7.965310000000103e-07
7.970060000000105e-07
7.999770000000106e-07
8.029540000000106e-07
8.049540000000105e-07
8.069540000000108e-07
8.093500000000107e-07
8.122290000000109e-07
8.129570000000109e-07
8.161990000000109e-07
8.15062000000011e-07
8.163110000000109e-07
8.16744000000011e-07
8.187190000000111e-07
8.204590000000112e-07
8.224590000000113e-07
8.252450000000115e-07
8.258930000000115e-07
8.259740000000116e-07
8.289740000000116e-07
8.300410000000117e-07
8.302720000000116e-07
8.325060000000117e-07
8.34409000000012e-07
8.341610000000118e-07
8.361260000000121e-07
8.35565000000012e-07
8.385070000000122e-07
8.375070000000123e-07
8.391420000000123e-07
8.422980000000124e-07
8.446540000000125e-07
8.458620000000125e-07
8.455190000000127e-07
8.459460000000125e-07
8.437660000000128e-07
8.434220000000127e-07
8.45050000000013e-07
8.42253000000013e-07
8.40775000000013e-07
8.42371000000013e-07
8.45075000000013e-07
8.475360000000131e-07
8.491200000000133e-07
8.518280000000132e-07
8.492160000000133e-07
8.505140000000134e-07
8.513080000000134e-07
8.543080000000135e-07
8.543080000000136e-07
8.543080000000137e-07
8.556660000000137e-07
8.596460000000137e-07
8.601840000000138e-07
8.618410000000138e-07
8.64948000000014e-07
8.68204000000014e-07
8.69264000000014e-07
8.693990000000141e-07
8.723860000000142e-07
8.728990000000142e-07
8.738060000000143e-07
8.737420000000144e-07
8.732470000000145e-07
8.750920000000146e-07
8.766440000000147e-07
8.801290000000146e-07
8.824040000000148e-07
8.820040000000148e-07
8.814490000000148e-07
8.84238000000015e-07
8.88060000000015e-07
8.90220000000015e-07
8.892450000000152e-07
8.901220000000151e-07
8.888990000000153e-07
8.928990000000153e-07
8.947240000000154e-07
8.961600000000154e-07
8.982510000000155e-07
8.984100000000155e-07
9.008830000000158e-07
9.006230000000158e-07
9.012350000000158e-07
9.041300000000158e-07
9.081300000000159e-07
9.12130000000016e-07
9.134560000000161e-07
9.13087000000016e-07
9.150870000000161e-07
9.165420000000161e-07
9.177570000000162e-07
9.204220000000162e-07
9.221730000000163e-07
9.244110000000164e-07
9.208260000000165e-07
9.220970000000165e-07
9.232880000000164e-07
9.255900000000166e-07
9.256980000000167e-07
9.216000000000166e-07
9.231070000000167e-07
9.232240000000168e-07
9.242240000000168e-07
9.25695000000017e-07
9.25647000000017e-07
9.26391000000017e-07
9.254960000000169e-07
9.274960000000171e-07
9.304680000000171e-07
9.332500000000173e-07
9.341770000000174e-07
9.332710000000174e-07
9.372240000000175e-07
9.392550000000178e-07
9.410750000000179e-07
9.42390000000018e-07
9.40390000000018e-07
9.44202000000018e-07
9.420370000000183e-07
9.440380000000183e-07
9.436650000000185e-07
9.453100000000187e-07
9.493100000000188e-07
9.508790000000189e-07
9.52515000000019e-07
9.540370000000191e-07
9.544930000000192e-07
9.573090000000194e-07
9.594680000000195e-07
9.634680000000194e-07
9.654680000000198e-07
9.6478800000002e-07
9.6705000000002e-07
9.673730000000203e-07
9.688850000000205e-07
9.688860000000205e-07
9.697350000000207e-07
9.730050000000207e-07
9.757310000000208e-07
9.778750000000211e-07
9.797560000000214e-07
9.814720000000213e-07
9.816250000000215e-07
9.846250000000215e-07
9.883120000000219e-07
9.912720000000218e-07
9.90392000000022e-07
9.943920000000222e-07
9.939290000000223e-07
9.959290000000223e-07
9.976800000000225e-07
9.996800000000227e-07
1.0016110000000228e-06
1.0040330000000228e-06
1.004358000000023e-06
1.0024760000000232e-06
1.0044760000000233e-06
1.0060610000000235e-06
1.0059000000000235e-06
1.0030610000000239e-06
1.005266000000024e-06
1.007266000000024e-06
1.0079780000000243e-06
1.0090320000000242e-06
1.0103210000000246e-06
1.0113210000000247e-06
1.012224000000025e-06
1.014224000000025e-06
1.0137860000000252e-06
1.016590000000025e-06
1.0175900000000251e-06
1.0215900000000254e-06
1.0213220000000259e-06
1.0228880000000257e-06
1.0229690000000258e-06
1.0229080000000262e-06
1.0234880000000262e-06
1.0232570000000264e-06
1.0261880000000264e-06
1.0285510000000266e-06
1.0277080000000266e-06
1.030040000000027e-06
1.028308000000027e-06
1.0287090000000273e-06
1.0317090000000274e-06
1.0314460000000275e-06
1.0334460000000277e-06
1.0350150000000276e-06
1.0362810000000278e-06
1.0372810000000279e-06
1.038740000000028e-06
1.038661000000028e-06
1.040779000000028e-06
1.0417790000000283e-06
1.0421430000000282e-06
1.0442770000000285e-06
1.0450920000000287e-06
1.046161000000029e-06
1.0475150000000287e-06
1.0495330000000291e-06
1.0506610000000292e-06
1.0520810000000294e-06
1.0523020000000296e-06
1.0543020000000297e-06
1.0566250000000297e-06
1.05928300000003e-06
1.05679000000003e-06
1.05700100000003e-06
1.0590010000000302e-06
1.0598220000000303e-06
1.0622440000000308e-06
1.0632440000000307e-06
1.0661170000000308e-06
1.0661760000000312e-06
1.0681760000000313e-06
1.0717940000000312e-06
1.0722140000000314e-06
1.0719460000000314e-06
1.0745490000000319e-06
1.075709000000032e-06
1.078463000000032e-06
1.0778960000000322e-06
1.0788900000000323e-06
1.0799770000000322e-06
1.0822780000000326e-06
1.0839560000000326e-06
1.0843620000000328e-06
1.086838000000033e-06
1.0875750000000332e-06
1.0861230000000333e-06
1.0869640000000332e-06
1.0861540000000335e-06
1.0870280000000337e-06
1.0876940000000335e-06
1.088962000000034e-06
1.0858210000000337e-06
1.088590000000034e-06
1.0890590000000337e-06
1.0920590000000341e-06
1.0950590000000341e-06
1.0975750000000343e-06
1.0985750000000344e-06
1.0975570000000345e-06
1.100879000000035e-06
1.1025580000000349e-06
1.1020560000000348e-06
1.102056000000035e-06
1.1050560000000352e-06
1.1069880000000352e-06
1.1081290000000353e-06
1.1109050000000357e-06
1.1098540000000357e-06
1.107545000000036e-06
1.107066000000036e-06
1.110454000000036e-06
1.1120090000000361e-06
1.1136510000000362e-06
1.1145300000000363e-06
1.1152980000000367e-06
1.117977000000037e-06
1.120231000000037e-06
1.119637000000037e-06
1.1176830000000371e-06
1.1181680000000372e-06
1.1201680000000373e-06
1.1179230000000374e-06
1.1182880000000375e-06
1.1174270000000375e-06
1.1186580000000376e-06
1.118916000000038e-06
1.117175000000038e-06
1.117175000000038e-06
1.120095000000038e-06
1.1221910000000383e-06
1.1227320000000386e-06
1.1251080000000388e-06
1.1263370000000386e-06
1.1277000000000388e-06
1.129700000000039e-06
1.1307640000000389e-06
1.1327640000000388e-06
1.133869000000039e-06
1.1323960000000392e-06
1.1331410000000393e-06
1.1333600000000394e-06
1.1311440000000396e-06
1.1329260000000397e-06
1.1359260000000397e-06
1.1389190000000401e-06
1.13924100000004e-06
1.13855700000004e-06
1.1395560000000401e-06
1.1422500000000404e-06
1.1429040000000404e-06
1.1449040000000408e-06
1.1462190000000407e-06
1.149219000000041e-06
1.150832000000041e-06
1.151711000000041e-06
1.1539900000000411e-06
1.1578560000000413e-06
1.1617690000000413e-06
1.1635380000000417e-06
1.1662890000000416e-06
1.1682720000000417e-06
1.1697460000000417e-06
1.1707460000000422e-06
1.1726330000000422e-06
1.1714790000000423e-06
1.1734790000000423e-06
1.1724790000000426e-06
1.1737790000000427e-06
1.1729960000000427e-06
1.1747210000000429e-06
1.175100000000043e-06
1.175099000000043e-06
1.176040000000043e-06
1.178040000000043e-06
1.1796780000000433e-06
1.1815540000000435e-06
1.1818320000000435e-06
1.1817640000000435e-06
1.1829100000000436e-06
1.1849100000000438e-06
1.1833860000000438e-06
1.184426000000044e-06
1.185236000000044e-06
1.1839720000000441e-06
1.1859720000000443e-06
1.1846630000000444e-06
1.1863100000000445e-06
1.1874170000000444e-06
1.1850230000000448e-06
1.186910000000045e-06
1.188423000000045e-06
1.1894610000000453e-06
1.1883840000000454e-06
1.1894610000000453e-06
1.1905820000000455e-06
1.1897460000000455e-06
1.189085000000046e-06
1.1893180000000458e-06
1.1889030000000458e-06
1.1909030000000461e-06
1.1929030000000463e-06
1.1961040000000463e-06
1.1967070000000467e-06
1.1992320000000465e-06
1.2008760000000466e-06
1.2038760000000466e-06
1.2058620000000466e-06
1.207531000000047e-06
1.206531000000047e-06
1.209418000000047e-06
1.2080750000000473e-06
1.2095490000000473e-06
1.2105490000000476e-06
1.2137260000000476e-06
1.215241000000048e-06
1.2173320000000479e-06
1.2183320000000482e-06
1.2200260000000485e-06
1.2205730000000486e-06
1.2235730000000484e-06
1.2222930000000486e-06
1.224293000000049e-06
1.225968000000049e-06
1.224478000000049e-06
1.2274780000000493e-06
1.2285170000000491e-06
1.2295760000000496e-06
1.2305760000000499e-06
1.23279600000005e-06
1.2357960000000502e-06
1.2357960000000504e-06
1.2376440000000506e-06
1.2387000000000507e-06
1.2393480000000506e-06
1.236710000000051e-06
1.238710000000051e-06
1.238113000000051e-06
1.2408700000000515e-06
1.2434460000000517e-06
1.2447300000000516e-06
1.2473180000000519e-06
1.247790000000052e-06
1.249467000000052e-06
1.2514670000000522e-06
1.2529800000000523e-06
1.2548620000000526e-06
1.2557070000000524e-06
1.2557070000000528e-06
1.2577070000000532e-06
1.258806000000053e-06
1.259621000000053e-06
1.2610650000000533e-06
1.2603250000000534e-06
1.2604820000000535e-06
1.2634090000000539e-06
1.261673000000054e-06
1.2610190000000542e-06
1.2608620000000543e-06
1.2605650000000546e-06
1.2585650000000548e-06
1.2591100000000548e-06
1.258762000000055e-06
1.2601600000000552e-06
1.2629320000000551e-06
1.2644930000000552e-06
1.2657170000000555e-06
1.2684670000000556e-06
1.2698750000000558e-06
1.2711340000000558e-06
1.2713860000000562e-06
1.2740600000000565e-06
1.2750670000000563e-06
1.2760670000000564e-06
1.2754510000000566e-06
1.277451000000057e-06
1.280451000000057e-06
1.2842960000000572e-06
1.2862960000000571e-06
1.2871440000000577e-06
1.2876310000000578e-06
1.2879390000000578e-06
1.287936000000058e-06
1.287012000000058e-06
1.2857790000000581e-06
1.2884060000000582e-06
1.2909430000000586e-06
1.2921330000000588e-06
1.295133000000059e-06
1.293133000000059e-06
1.2926870000000593e-06
1.2913260000000594e-06
1.2928870000000593e-06
1.2924190000000595e-06
1.2954190000000597e-06
1.29472700000006e-06
1.29478400000006e-06
1.29262400000006e-06
1.2919730000000603e-06
1.2918360000000606e-06
1.2930870000000606e-06
1.2955070000000609e-06
1.296868000000061e-06
1.300868000000061e-06
1.3026360000000614e-06
1.3036360000000612e-06
1.3043350000000617e-06
1.3057110000000618e-06
1.3073820000000617e-06
1.3049260000000617e-06
1.3041860000000618e-06
1.303879000000062e-06
1.3067670000000621e-06
1.3064090000000624e-06
1.3087230000000623e-06
1.3095860000000626e-06
1.3112670000000627e-06
1.3137700000000627e-06
1.3147700000000632e-06
1.3144760000000634e-06
1.3155660000000636e-06
1.3185660000000634e-06
1.3209960000000636e-06
1.322996000000064e-06
1.326768000000064e-06
1.3263490000000644e-06
1.3261910000000642e-06
1.3275570000000642e-06
1.3299030000000644e-06
1.3309030000000647e-06
1.332257000000065e-06
1.3342570000000652e-06
1.3379460000000654e-06
1.3379460000000656e-06
1.3374600000000655e-06
1.3384600000000656e-06
1.3394600000000656e-06
1.3395270000000658e-06
1.3432520000000657e-06
1.3460760000000662e-06
1.3470500000000662e-06
1.3501010000000665e-06
1.3504760000000665e-06
1.3510090000000666e-06
1.3508910000000667e-06
1.349943000000067e-06
1.3464810000000668e-06
1.347583000000067e-06
1.3454090000000672e-06
1.3474090000000676e-06
1.3494980000000674e-06
1.3522250000000676e-06
1.3542250000000677e-06
1.353301000000068e-06
1.352939000000068e-06
1.355939000000068e-06
1.3567890000000682e-06
1.3572680000000683e-06
1.3567090000000685e-06
1.3607090000000688e-06
1.3636130000000687e-06
1.3653990000000689e-06
1.369172000000069e-06
1.3721720000000695e-06
1.3726210000000694e-06
1.3728490000000695e-06
1.3731940000000698e-06
1.3710880000000696e-06
1.37025100000007e-06
1.3729200000000702e-06
1.3749200000000702e-06
1.3740170000000702e-06
1.3717260000000705e-06
1.3707260000000707e-06
1.3702150000000707e-06
1.369555000000071e-06
1.3710840000000712e-06
1.3729700000000714e-06
1.3746200000000714e-06
1.3741760000000712e-06
1.3732160000000716e-06
1.3723680000000717e-06
1.3751770000000716e-06
1.3755780000000718e-06
1.3765780000000721e-06
1.3772220000000719e-06
1.378509000000072e-06
1.3825090000000724e-06
1.3816680000000724e-06
1.3848410000000726e-06
1.3857250000000728e-06
1.3889290000000727e-06
1.3909290000000731e-06
1.3900090000000731e-06
1.3912900000000731e-06
1.3881780000000734e-06
1.3885060000000736e-06
1.3907430000000737e-06
1.3903780000000738e-06
1.389867000000074e-06
1.3921940000000741e-06
1.3927410000000744e-06
1.3940850000000745e-06
1.3950850000000745e-06
1.3982740000000747e-06
1.4000510000000748e-06
1.4000000000000751e-06
1.4009950000000753e-06
1.4018100000000755e-06
1.4024500000000754e-06
1.4055130000000759e-06
1.4066110000000757e-06
1.4068670000000758e-06
1.408867000000076e-06
1.410867000000076e-06
1.4108080000000764e-06
1.4079680000000763e-06
1.4093630000000767e-06
1.4111570000000769e-06
1.412839000000077e-06
1.415040000000077e-06
1.4185720000000772e-06
1.419325000000077e-06
1.4203250000000773e-06
1.4213250000000774e-06
1.4243250000000778e-06
1.4241630000000776e-06
1.4263990000000777e-06
1.424381000000078e-06
1.4279950000000781e-06
1.4282830000000778e-06
1.4284040000000782e-06
1.4307880000000782e-06
1.431656000000078e-06
1.4310060000000782e-06
1.4340060000000783e-06
1.4361710000000785e-06
1.4371710000000786e-06
1.4411710000000787e-06
1.4432990000000788e-06
1.446209000000079e-06
1.449169000000079e-06
1.4524000000000793e-06
1.4544000000000794e-06
1.4577630000000795e-06
1.4571630000000797e-06
1.4581630000000795e-06
1.4576450000000798e-06
1.45952900000008e-06
1.45910800000008e-06
1.46201900000008e-06
1.4609350000000802e-06
1.4621820000000803e-06
1.4637820000000805e-06
1.4627760000000804e-06
1.4635580000000806e-06
1.4628990000000807e-06
1.4618990000000806e-06
1.4629700000000805e-06
1.466300000000081e-06
1.4671650000000809e-06
1.468664000000081e-06
1.469834000000081e-06
1.4703830000000812e-06
1.4724310000000812e-06
1.4715000000000811e-06
1.470500000000081e-06
1.4705000000000815e-06
1.4734750000000816e-06
1.4700250000000817e-06
1.4720250000000818e-06
1.472045000000082e-06
1.4728600000000818e-06
1.4748600000000822e-06
1.474576000000082e-06
1.473644000000082e-06
1.4765290000000825e-06
1.4767640000000826e-06
1.4787640000000826e-06
1.4777820000000828e-06
1.479597000000083e-06
1.480429000000083e-06
1.4834400000000831e-06
1.4849070000000832e-06
1.4859070000000835e-06
1.4849210000000833e-06
1.4844000000000834e-06
1.4856880000000838e-06
1.4874510000000837e-06
1.4865740000000843e-06
1.4868250000000842e-06
1.487401000000084e-06
1.4886950000000842e-06
1.4897130000000843e-06
1.4916590000000845e-06
1.4926590000000845e-06
1.4956230000000848e-06
1.497035000000085e-06
1.500035000000085e-06
1.4999070000000851e-06
1.4983180000000853e-06
1.5013180000000853e-06
1.5011990000000857e-06
1.5013480000000855e-06
1.505348000000086e-06
1.502968000000086e-06
1.503560000000086e-06
1.5039460000000863e-06
1.5045410000000866e-06
1.5015410000000866e-06
1.5007040000000866e-06
1.498560000000087e-06
1.497290000000087e-06
1.495290000000087e-06
1.497998000000087e-06
1.4985170000000872e-06
1.5025170000000875e-06
1.4990410000000875e-06
1.5020410000000875e-06
1.4997000000000877e-06
1.4978800000000876e-06
1.4989620000000876e-06
1.5009620000000878e-06
1.4999620000000881e-06
1.5009620000000882e-06
1.5009620000000882e-06
1.4989620000000885e-06
1.5009070000000882e-06
1.5004390000000884e-06
1.4994130000000884e-06
1.5014130000000888e-06
1.5024230000000887e-06
1.5016000000000889e-06
1.503253000000089e-06
1.505588000000089e-06
1.5063710000000893e-06
1.5072070000000895e-06
1.5083440000000893e-06
1.5085290000000898e-06
1.5048130000000897e-06
1.5071890000000896e-06
1.5069820000000899e-06
1.50704800000009e-06
1.5068440000000903e-06
1.5058440000000904e-06
1.5078440000000904e-06
1.5078200000000905e-06
1.5086500000000908e-06
1.5119200000000908e-06
1.5118580000000906e-06
1.512833000000091e-06
1.514822000000091e-06
1.5154720000000913e-06
1.5171650000000912e-06
1.5180820000000915e-06
1.5166820000000914e-06
1.5196820000000917e-06
1.5211830000000916e-06
1.518183000000092e-06
1.516183000000092e-06
1.5191830000000923e-06
1.520879000000092e-06
1.5206310000000922e-06
1.5215260000000924e-06
1.5215260000000924e-06
1.5207970000000926e-06
1.5204560000000927e-06
1.5168100000000928e-06
1.5172490000000929e-06
1.518976000000093e-06
1.517790000000093e-06
1.5167900000000931e-06
1.518790000000093e-06
1.5203150000000935e-06
1.5230140000000934e-06
1.5232910000000937e-06
1.5272010000000938e-06
1.529859000000094e-06
1.5307490000000941e-06
1.5316980000000943e-06
1.5336980000000944e-06
1.5366980000000944e-06
1.5386980000000944e-06
1.5376980000000947e-06
1.5373830000000945e-06
1.5337800000000948e-06
1.5337800000000948e-06
1.530991000000095e-06
1.533944000000095e-06
1.5352500000000951e-06
1.5367780000000954e-06
1.5359490000000954e-06
1.5383880000000953e-06
1.5345130000000953e-06
1.5368920000000956e-06
1.5396790000000958e-06
1.5422670000000957e-06
1.544411000000096e-06
1.5474110000000962e-06
1.5488510000000962e-06
1.5481670000000963e-06
1.5486550000000967e-06
1.5498980000000965e-06
1.5521470000000965e-06
1.5518400000000967e-06
1.5543760000000968e-06
1.554323000000097e-06
1.555331000000097e-06
1.5591810000000971e-06
1.5609090000000972e-06
1.5604520000000973e-06
1.5637930000000976e-06
1.5608040000000977e-06
1.5608040000000979e-06
1.5618040000000978e-06
1.563903000000098e-06
1.5678690000000979e-06
1.5689130000000981e-06
1.5698530000000984e-06
1.5710950000000984e-06
1.5720920000000984e-06
1.5740430000000987e-06
1.5720430000000987e-06
1.571458000000099e-06
1.5708880000000988e-06
1.5728880000000992e-06
1.5741070000000992e-06
1.5731070000000993e-06
1.5731990000000993e-06
1.5740560000000995e-06
1.5752920000000995e-06
1.5772920000000996e-06
1.5782920000001e-06
1.5778960000000998e-06
1.5798960000001002e-06
1.5818960000001003e-06
1.5828960000001002e-06
1.5821460000001004e-06
1.5832490000001006e-06
1.5828070000001007e-06
1.5832700000001008e-06
1.5832540000001007e-06
1.5841320000001008e-06
1.5861320000001012e-06
1.5871460000001012e-06
1.5890370000001011e-06
1.5883560000001012e-06
1.5913560000001014e-06
1.5925690000001019e-06
1.5952070000001014e-06
1.5941110000001014e-06
1.5916140000001015e-06
1.5936140000001017e-06
1.5948610000001018e-06
1.5937300000001017e-06
1.590730000000102e-06
1.5937300000001021e-06
1.5953100000001023e-06
1.5954940000001026e-06
1.5964940000001024e-06
1.5952020000001027e-06
1.5982020000001028e-06
1.6022020000001029e-06
1.6041350000001033e-06
1.6071350000001033e-06
1.6076520000001032e-06
1.6098930000001032e-06
1.6082080000001035e-06
1.6060970000001034e-06
1.6030970000001036e-06
1.6001030000001036e-06
1.6006120000001036e-06
1.599612000000104e-06
1.601292000000104e-06
1.6023080000001043e-06
1.6041390000001044e-06
1.6018310000001045e-06
1.6028310000001045e-06
1.6056020000001044e-06
1.6025220000001045e-06
1.6039280000001041e-06
1.6039940000001047e-06
1.6050650000001046e-06
1.6060650000001047e-06
1.605086000000105e-06
1.6060860000001046e-06
1.6086850000001048e-06
1.6095200000001052e-06
1.6100790000001051e-06
1.606495000000105e-06
1.6051630000001052e-06
1.6059060000001051e-06
1.6074740000001052e-06
1.6086020000001052e-06
1.6108740000001053e-06
1.6118740000001056e-06
1.6158740000001054e-06
1.616190000000106e-06
1.6179560000001057e-06
1.6199560000001059e-06
1.6193710000001058e-06
1.6203710000001061e-06
1.623990000000106e-06
1.6259900000001062e-06
1.6259900000001062e-06
1.6281750000001062e-06
1.627175000000106e-06
1.627869000000106e-06
1.628007000000106e-06
1.6270070000001061e-06
1.626479000000106e-06
1.6258240000001059e-06
1.625732000000106e-06
1.6260860000001061e-06
1.6260860000001061e-06
1.6282220000001064e-06
1.6312220000001066e-06
1.6323850000001066e-06
1.6343850000001067e-06
1.6359590000001067e-06
1.6382730000001067e-06
1.6368740000001068e-06
1.6356170000001066e-06
1.6354790000001062e-06
1.6339850000001065e-06
1.6368120000001064e-06
1.6348130000001065e-06
1.6361240000001066e-06
1.6358270000001065e-06
1.6332350000001065e-06
1.6341640000001067e-06
1.6361230000001068e-06
1.633128000000107e-06
1.634722000000107e-06
1.6371620000001067e-06
1.6376040000001068e-06
1.639604000000107e-06
1.638882000000107e-06
1.6408820000001073e-06
1.643327000000107e-06
1.6453270000001074e-06
1.6443270000001073e-06
1.6468720000001073e-06
1.6478720000001074e-06
1.6491190000001075e-06
1.6511190000001074e-06
1.6512960000001076e-06
1.6515650000001079e-06
1.652051000000108e-06
1.6540510000001079e-06
1.654729000000108e-06
1.6557290000001078e-06
1.6583800000001082e-06
1.6589950000001082e-06
1.6619950000001082e-06
1.6609230000001083e-06
1.6639230000001083e-06
1.6643080000001085e-06
1.6673080000001085e-06
1.669308000000109e-06
1.6676750000001085e-06
1.6655370000001088e-06
1.6674550000001086e-06
1.6684550000001089e-06
1.669206000000109e-06
1.6662060000001093e-06
1.6698890000001088e-06
1.6716220000001088e-06
1.6747760000001089e-06
1.676132000000109e-06
1.6718830000001093e-06
1.674883000000109e-06
1.6754080000001096e-06
1.671853000000109e-06
1.6734730000001093e-06
1.6754730000001095e-06
1.6784730000001095e-06
1.6814730000001097e-06
1.6854730000001096e-06
1.6837260000001096e-06
1.6863130000001097e-06
1.6853130000001098e-06
1.6856590000001096e-06
1.68665900000011e-06
1.68782200000011e-06
1.68636200000011e-06
1.6853620000001103e-06
1.6844250000001103e-06
1.6867570000001105e-06
1.6892510000001103e-06
1.6923190000001107e-06
1.6924880000001107e-06
1.6908640000001108e-06
1.6908640000001108e-06
1.6938990000001111e-06
1.6961450000001109e-06
1.6971450000001112e-06
1.7001450000001112e-06
1.7011410000001111e-06
1.7031410000001115e-06
1.7031410000001115e-06
1.7039720000001114e-06
1.7054640000001115e-06
1.7084640000001117e-06
1.7104640000001118e-06
1.710464000000112e-06
1.709570000000112e-06
1.7115700000001119e-06
1.7119010000001123e-06
1.7077690000001124e-06
1.7100770000001122e-06
1.7127210000001125e-06
1.7127100000001124e-06
1.7138040000001126e-06
1.7118040000001126e-06
1.7118040000001128e-06
1.711160000000113e-06
1.7135590000001128e-06
1.714193000000113e-06
1.7155530000001128e-06
1.716454000000113e-06
1.7194540000001133e-06
1.7193710000001131e-06
1.7195160000001133e-06
1.7225160000001133e-06
1.7205270000001133e-06
1.7204160000001134e-06
1.7220370000001137e-06
1.7226440000001137e-06
1.7246440000001136e-06
1.726644000000114e-06
1.724800000000114e-06
1.722150000000114e-06
1.721611000000114e-06
1.717305000000114e-06
1.719305000000114e-06
1.7197680000001141e-06
1.719766000000114e-06
1.7190010000001141e-06
1.7151190000001143e-06
1.716665000000114e-06
1.7143940000001142e-06
1.7183940000001143e-06
1.7223940000001144e-06
1.7217690000001147e-06
1.7244650000001146e-06
1.7235500000001146e-06
1.7242970000001149e-06
1.7247870000001148e-06
1.7277150000001148e-06
1.7288930000001147e-06
1.7328930000001148e-06
1.734893000000115e-06
1.7368930000001148e-06
1.740893000000115e-06
1.7426990000001148e-06
1.7423250000001149e-06
1.744325000000115e-06
1.7466100000001152e-06
1.7436880000001148e-06
1.741624000000115e-06
1.7425080000001153e-06
1.7445080000001152e-06
1.745049000000115e-06
1.7480490000001153e-06
1.7512950000001153e-06
1.7532950000001155e-06
1.7542950000001156e-06
1.7552950000001159e-06
1.7544820000001154e-06
1.7564820000001156e-06
1.7569470000001155e-06
1.7579470000001158e-06
1.7582120000001157e-06
1.7537950000001155e-06
1.753809000000116e-06
1.754857000000116e-06
1.758857000000116e-06
1.7604650000001158e-06
1.760230000000116e-06
1.763230000000116e-06
1.7653770000001161e-06
1.765341000000116e-06
1.7663410000001158e-06
1.768789000000116e-06
1.7707890000001158e-06
1.7702370000001158e-06
1.772843000000116e-06
1.775843000000116e-06
1.778843000000116e-06
1.7788430000001162e-06
1.7823460000001163e-06
1.7855720000001162e-06
1.7829030000001162e-06
1.7839860000001163e-06
1.783822000000116e-06
1.786318000000116e-06
1.7871680000001162e-06
1.7891390000001164e-06
1.7906370000001163e-06
1.7912000000001164e-06
1.7925460000001162e-06
1.7935460000001163e-06
1.7940350000001163e-06
1.7961250000001161e-06
1.7934710000001162e-06
1.7953230000001162e-06
1.7947580000001163e-06
1.7963660000001164e-06
1.7906550000001161e-06
1.7916550000001164e-06
1.7936280000001165e-06
1.7961400000001166e-06
1.7954180000001167e-06
1.7961160000001165e-06
1.7976230000001164e-06
1.7953790000001163e-06
1.7963790000001166e-06
1.7985550000001165e-06
1.7988780000001165e-06
1.8004390000001166e-06
1.7979430000001168e-06
1.797965000000117e-06
1.7989650000001168e-06
1.797260000000117e-06
1.7992550000001172e-06
1.7992550000001172e-06
1.8012550000001174e-06
1.8012550000001174e-06
1.8041930000001176e-06
1.8041930000001178e-06
1.8053530000001176e-06
1.8050420000001177e-06
1.8050420000001177e-06
1.8067760000001175e-06
1.8089390000001173e-06
1.8121990000001173e-06
1.8109240000001172e-06
1.8091000000001173e-06
1.812100000000117e-06
1.808720000000117e-06
1.8095970000001168e-06
1.8135970000001167e-06
1.8165970000001171e-06
1.8187760000001173e-06
1.817776000000117e-06
1.819776000000117e-06
1.8187760000001173e-06
1.8197980000001172e-06
1.816491000000117e-06
1.8142860000001169e-06
1.814469000000117e-06
1.8148270000001168e-06
1.8178270000001168e-06
1.817827000000117e-06
1.8202130000001172e-06
1.8232130000001172e-06
1.824677000000117e-06
1.8254890000001172e-06
1.827172000000117e-06
1.824778000000117e-06
1.8275150000001172e-06
1.8255110000001163e-06
1.8257300000001166e-06
1.8241740000001166e-06
1.8246730000001164e-06
1.8256730000001165e-06
1.8239440000001166e-06
1.8220800000001166e-06
1.8207130000001164e-06
1.8227130000001163e-06
1.8247130000001163e-06
1.8270280000001162e-06
1.824181000000116e-06
1.8264680000001158e-06
1.8263400000001159e-06
1.826021000000116e-06
1.827535000000116e-06
1.8289120000001161e-06
1.830912000000116e-06
1.832102000000116e-06
1.831102000000116e-06
1.8301940000001162e-06
1.8301940000001162e-06
1.8304650000001162e-06
1.832637000000116e-06
1.8336370000001161e-06
1.835637000000116e-06
1.8339780000001162e-06
1.833588000000116e-06
1.8330710000001162e-06
1.8343940000001163e-06
1.836029000000116e-06
1.838926000000116e-06
1.8392420000001163e-06
1.8422420000001163e-06
1.8428270000001161e-06
1.8448270000001158e-06
1.843630000000116e-06
1.8434350000001162e-06
1.843538000000116e-06
1.847440000000116e-06
1.849012000000116e-06
1.8499560000001158e-06
1.851031000000116e-06
1.852031000000116e-06
1.854910000000116e-06
1.8589080000001157e-06
1.858908000000116e-06
1.8618060000001161e-06
1.8638060000001163e-06
1.8678060000001164e-06
1.8718060000001164e-06
1.8748060000001165e-06
1.8767110000001163e-06
1.8743000000001165e-06
1.8728540000001164e-06
1.8743060000001164e-06
1.8734910000001166e-06
1.8752600000001163e-06
1.8742600000001164e-06
1.8762600000001166e-06
1.8772410000001165e-06
1.879241000000117e-06
1.880241000000117e-06
1.8819480000001167e-06
1.8813610000001166e-06
1.8812510000001167e-06
1.8774660000001166e-06
1.8780580000001164e-06
1.8780580000001164e-06
1.8799130000001164e-06
1.8822680000001168e-06
1.8840360000001167e-06
1.8800360000001166e-06
1.8818960000001167e-06
1.8836630000001168e-06
1.8861340000001164e-06
1.888021000000117e-06
1.8846740000001165e-06
1.8876740000001165e-06
1.888279000000116e-06
1.8862790000001161e-06
1.8865120000001162e-06
1.8872580000001163e-06
1.8876930000001162e-06
1.8902530000001164e-06
1.8915920000001163e-06
1.8944350000001164e-06
1.8961050000001161e-06
1.8944490000001161e-06
1.8944490000001161e-06
1.8927400000001162e-06
1.893120000000116e-06
1.8947500000001164e-06
1.8914920000001165e-06
1.8913110000001161e-06
1.8919780000001161e-06
1.8885310000001158e-06
1.889728000000116e-06
1.890130000000116e-06
1.891130000000116e-06
1.8906930000001156e-06
1.8925090000001157e-06
1.8909520000001158e-06
1.8898610000001155e-06
1.8887380000001154e-06
1.8899620000001151e-06
1.890890000000115e-06
1.8886580000001151e-06
1.887308000000115e-06
1.8855410000001153e-06
1.8871710000001154e-06
1.8861710000001153e-06
1.8881710000001154e-06
1.8877970000001153e-06
1.8907970000001155e-06
1.8907970000001155e-06
1.8872030000001154e-06
1.8885330000001153e-06
1.8894220000001152e-06
1.8894220000001152e-06
1.8900630000001156e-06
1.8920500000001154e-06
1.8950500000001158e-06
1.8956580000001152e-06
1.8980050000001152e-06
1.9006160000001149e-06
1.902780000000115e-06
1.8998710000001148e-06
1.8978710000001147e-06
1.8974870000001149e-06
1.8984870000001145e-06
1.8999180000001149e-06
1.9031850000001146e-06
1.904185000000115e-06
1.904185000000115e-06
1.903015000000115e-06
1.9020150000001154e-06
1.902472000000115e-06
1.9014720000001152e-06
1.9024720000001153e-06
1.9051730000001153e-06
1.9076820000001155e-06
1.9104290000001153e-06
1.911381000000115e-06
1.912707000000115e-06
1.9137070000001147e-06
1.915707000000115e-06
1.917707000000115e-06
1.915337000000115e-06
1.9172130000001154e-06
1.914232000000115e-06
1.915676000000115e-06
1.918109000000115e-06
1.9188050000001153e-06
1.9215510000001153e-06
1.9235510000001154e-06
1.9213010000001156e-06
1.9193010000001154e-06
1.9184430000001155e-06
1.9165930000001156e-06
1.9167190000001153e-06
1.9169810000001153e-06
1.920105000000115e-06
1.9211780000001154e-06
1.9225550000001155e-06
1.9261690000001157e-06
1.9261690000001157e-06
1.9254440000001154e-06
1.9272660000001153e-06
1.9302120000001153e-06
1.9322120000001154e-06
1.9342120000001156e-06
1.9362120000001153e-06
1.936328000000115e-06
1.937328000000115e-06
1.9404000000001153e-06
1.940732000000115e-06
1.939452000000115e-06
1.9384520000001153e-06
1.9377660000001154e-06
1.935761000000115e-06
1.938761000000115e-06
1.939859000000115e-06
1.940001000000115e-06
1.942001000000115e-06
1.945001000000115e-06
1.946312000000115e-06
1.9455760000001146e-06
1.9444810000001146e-06
1.9469120000001146e-06
1.9455880000001153e-06
1.946588000000115e-06
1.948632000000115e-06
1.950023000000115e-06
1.9518060000001155e-06
1.952806000000115e-06
1.9550040000001152e-06
1.9561330000001153e-06
1.952061000000115e-06
1.952460000000115e-06
1.9554600000001155e-06
1.9579700000001154e-06
1.9600570000001147e-06
1.9626360000001154e-06
1.964636000000115e-06
1.9637370000001155e-06
1.9667370000001153e-06
1.968011000000115e-06
1.970227000000115e-06
1.9723820000001155e-06
1.9723820000001155e-06
1.9697220000001145e-06
1.9719010000001147e-06
1.971901000000115e-06
1.972047000000115e-06
1.970826000000115e-06
1.9718260000001154e-06
1.9744730000001154e-06
1.975473000000115e-06
1.9735320000001155e-06
1.972919000000115e-06
1.971425000000115e-06
1.973190000000115e-06
1.9725400000001156e-06
1.976540000000115e-06
1.978540000000115e-06
1.9796380000001155e-06
1.9813520000001145e-06
1.9827630000001147e-06
1.9839040000001142e-06
1.9852840000001146e-06
1.9834920000001143e-06
1.9849950000001145e-06
1.9853110000001135e-06
1.9852430000001137e-06
1.9832430000001135e-06
1.981732000000114e-06
1.9847320000001138e-06
1.987130000000114e-06
1.988549000000114e-06
1.9925490000001138e-06
1.989641000000114e-06
1.991485000000114e-06
1.9934850000001134e-06
1.9931970000001135e-06
1.9920260000001135e-06
1.9906880000001126e-06
1.9906880000001126e-06
1.992688000000113e-06
1.995532000000113e-06
1.9931190000001126e-06
1.9914350000001127e-06
1.989771000000112e-06
1.990423000000112e-06
1.993423000000112e-06
1.9944230000001117e-06
1.995013000000112e-06
1.9981000000001118e-06
1.997472000000112e-06
1.9989050000001113e-06
1.9999050000001114e-06
1.9993610000001117e-06
2.0003610000001117e-06
1.999827000000112e-06
2.001764000000112e-06
2.002462000000112e-06
2.001462000000112e-06
1.998396000000112e-06
1.9990140000001116e-06
1.9990140000001116e-06
2.001014000000112e-06
2.005014000000112e-06
2.005612000000112e-06
2.003476000000112e-06
2.0059310000001117e-06
2.0054930000001115e-06
2.005505000000112e-06
2.007489000000112e-06
2.0064890000001115e-06
2.008489000000112e-06
2.009321000000112e-06
2.0123430000001117e-06
2.015924000000112e-06
2.019645000000112e-06
2.0182710000001123e-06
2.018606000000112e-06
2.019606000000112e-06
2.020612000000111e-06
2.0216120000001116e-06
2.0216120000001107e-06
2.020478000000111e-06
2.018529000000111e-06
2.0174600000001113e-06
2.019460000000111e-06
2.019898000000111e-06
2.0212760000001107e-06
2.0229760000001107e-06
2.024387000000111e-06
2.024387000000111e-06
2.0241920000001108e-06
2.020804000000111e-06
2.0201400000001103e-06
2.0218780000001104e-06
2.0235770000001105e-06
2.0228440000001104e-06
2.0238440000001105e-06
2.0215590000001107e-06
2.02138700000011e-06
2.02374800000011e-06
2.0252450000001096e-06
2.02552100000011e-06
2.0251100000001094e-06
2.0241100000001098e-06
2.0259080000001094e-06
2.0226640000001097e-06
2.0225210000001093e-06
2.0245900000001095e-06
2.0230850000001092e-06
2.022085000000109e-06
2.0243280000001094e-06
2.0229660000001095e-06
2.0215590000001095e-06
2.0215590000001095e-06
2.0213240000001095e-06
2.0229830000001094e-06
2.024869000000109e-06
2.025971000000109e-06
2.026971000000109e-06
2.029625000000109e-06
2.0228820000001085e-06
2.024618000000109e-06
2.025618000000108e-06
2.0246180000001086e-06
2.0266180000001083e-06
2.0252730000001082e-06
2.025991000000108e-06
2.025991000000108e-06
2.0269360000001086e-06
2.0265960000001077e-06
2.028321000000108e-06
2.027162000000108e-06
2.026467000000108e-06
2.0274670000001082e-06
2.0273970000001084e-06
2.026984000000108e-06
2.0245810000001077e-06
2.024379000000108e-06
2.024998000000108e-06
2.0249980000001076e-06
2.026256000000108e-06
2.0282560000001078e-06
2.031243000000108e-06
2.033385000000108e-06
2.0365570000001076e-06
2.0346950000001074e-06
2.0366950000001076e-06
2.039328000000107e-06
2.043328000000107e-06
2.0453280000001072e-06
2.0458700000001065e-06
2.047182000000107e-06
2.0460300000001067e-06
2.048030000000107e-06
2.0510300000001066e-06
2.051030000000107e-06
2.0527140000001065e-06
2.0505870000001065e-06
2.0511170000001067e-06
2.0509030000001063e-06
2.0497530000001063e-06
2.0509640000001065e-06
2.0545370000001062e-06
2.0550700000001063e-06
2.054802000000106e-06
2.0566220000001064e-06
2.056622000000106e-06
2.0561540000001058e-06
2.056960000000106e-06
2.054646000000106e-06
2.054189000000106e-06
2.0551890000001056e-06
2.0563970000001055e-06
2.056296000000106e-06
2.0592960000001053e-06
2.0602960000001053e-06
2.0579480000001053e-06
2.0595210000001053e-06
2.0599970000001053e-06
2.0629970000001056e-06
2.0609970000001054e-06
2.0629970000001056e-06
2.064961000000105e-06
2.066458000000105e-06
2.0657410000001047e-06
2.0659260000001045e-06
2.0674460000001045e-06
2.068042000000105e-06
2.0696510000001046e-06
2.0696510000001046e-06
2.0691460000001044e-06
2.0668130000001046e-06
2.0670040000001046e-06
2.0650040000001044e-06
2.0650040000001044e-06
2.0670040000001046e-06
2.0685250000001044e-06
2.070525000000104e-06
2.0709930000001044e-06
2.072011000000104e-06
2.0710110000001044e-06
2.0709920000001037e-06
2.071992000000104e-06
2.067992000000104e-06
2.069786000000104e-06
2.0681720000001038e-06
2.068033000000104e-06
2.0688160000001038e-06
2.068594000000103e-06
2.0711600000001033e-06
2.0711600000001037e-06
2.070606000000103e-06
2.070603000000103e-06
2.0689850000001036e-06
2.072040000000103e-06
2.0699300000001028e-06
2.067801000000103e-06
2.068563000000103e-06
2.068563000000103e-06
2.072079000000103e-06
2.0710790000001034e-06
2.073079000000103e-06
2.072463000000103e-06
2.075140000000103e-06
2.077140000000103e-06
2.075140000000103e-06
2.072527000000103e-06
2.070514000000103e-06
2.0735140000001026e-06
2.072063000000103e-06
2.0709100000001027e-06
2.0729100000001033e-06
2.0733340000001023e-06
2.0726750000001017e-06
2.0746750000001022e-06
2.0764850000001022e-06
2.077422000000102e-06
2.0768970000001017e-06
2.0791160000001022e-06
2.0797840000001016e-06
2.078608000000102e-06
2.079838000000102e-06
2.0816370000001017e-06
2.079637000000102e-06
2.0781640000001018e-06
2.0785610000001015e-06
2.0766570000001015e-06
2.0770130000001016e-06
2.0787580000001017e-06
2.082758000000101e-06
2.0825550000001012e-06
2.084128000000101e-06
2.0816680000001007e-06
2.0816680000001007e-06
2.0810130000001e-06
2.0802400000001006e-06
2.083240000000101e-06
2.0812400000001003e-06
2.0822960000001006e-06
2.0832960000001007e-06
2.0857840000001004e-06
2.0881500000001e-06
2.0911500000001007e-06
2.0950770000001004e-06
2.0945570000001e-06
2.0969450000001e-06
2.0989450000001e-06
2.1019450000001e-06
2.1043990000000994e-06
2.1022400000001e-06
2.1044470000001003e-06
2.1044870000001e-06
2.1074870000001e-06
2.108616000000099e-06
2.103652000000099e-06
2.1027320000000985e-06
2.099538000000098e-06
2.098529000000098e-06
2.099529000000098e-06
2.098608000000098e-06
2.1001660000000976e-06
2.1013460000000975e-06
2.102505000000097e-06
2.1045050000000977e-06
2.101167000000097e-06
2.100692000000097e-06
2.099668000000097e-06
2.1006680000000966e-06
2.103668000000097e-06
2.1055590000000963e-06
2.1022840000000967e-06
2.103607000000096e-06
2.1050390000000968e-06
2.1055780000000966e-06
2.1067710000000963e-06
2.108840000000096e-06
2.1091020000000956e-06
2.1096990000000954e-06
2.1103180000000953e-06
2.1083180000000956e-06
2.1044650000000953e-06
2.1074650000000955e-06
2.1083590000000952e-06
2.110368000000095e-06
2.112826000000095e-06
2.110782000000095e-06
2.1129060000000947e-06
2.114414000000095e-06
2.117258000000095e-06
2.116837000000095e-06
2.1164650000000945e-06
2.116385000000094e-06
2.1159190000000943e-06
2.1129340000000934e-06
2.1089420000000937e-06
2.1099420000000934e-06
2.112942000000093e-06
2.111942000000093e-06
2.113399000000093e-06
2.1163990000000935e-06
2.1163990000000935e-06
2.115399000000093e-06
2.112399000000093e-06
2.1101070000000927e-06
2.1131070000000933e-06
2.113448000000093e-06
2.114386000000093e-06
2.115029000000093e-06
2.117328000000093e-06
2.119328000000093e-06
2.1153410000000927e-06
2.116085000000093e-06
2.1184290000000924e-06
2.1221820000000924e-06
2.1225350000000927e-06
2.1200060000000925e-06
2.1181360000000926e-06
2.1211360000000924e-06
2.122136000000092e-06
2.124560000000092e-06
2.1258150000000926e-06
2.1276080000000923e-06
2.130569000000092e-06
2.129431000000092e-06
2.1220600000000916e-06
2.1228230000000917e-06
2.1217650000000917e-06
2.1201980000000923e-06
2.1200010000000918e-06
2.1205500000000914e-06
2.121898000000092e-06
2.123898000000092e-06
2.1241230000000916e-06
2.126723000000091e-06
2.1248610000000916e-06
2.124567000000091e-06
2.1275670000000914e-06
2.1305670000000908e-06
2.128450000000091e-06
2.1286950000000908e-06
2.130108000000091e-06
2.1310290000000912e-06
2.1310290000000912e-06
2.1321190000000913e-06
2.133119000000091e-06
2.1345310000000905e-06
2.133531000000091e-06
2.1345300000000903e-06
2.1355300000000903e-06
2.1355300000000908e-06
2.138411000000091e-06
2.14041100000009e-06
2.13823700000009e-06
2.13624600000009e-06
2.13724600000009e-06
2.13856200000009e-06
2.1419170000000902e-06
2.14091700000009e-06
2.1428160000000903e-06
2.1444650000000903e-06
2.1464650000000904e-06
2.14739300000009e-06
2.1503930000000896e-06
2.1530630000000904e-06
2.15606300000009e-06
2.1580630000000904e-06
2.16106300000009e-06
2.16306300000009e-06
2.1624430000000897e-06
2.1634430000000894e-06
2.16091500000009e-06
2.1588580000000897e-06
2.1566340000000897e-06
2.15663400000009e-06
2.1509930000000896e-06
2.1509960000000895e-06
2.1520510000000888e-06
2.1534500000000886e-06
2.154450000000089e-06
2.1540730000000887e-06
2.154638000000089e-06
2.1538420000000884e-06
2.1528420000000884e-06
2.1568420000000882e-06
2.158842000000089e-06
2.1598420000000885e-06
2.160391000000088e-06
2.1602230000000878e-06
2.162223000000088e-06
2.164223000000088e-06
2.165223000000088e-06
2.167309000000088e-06
2.1681090000000877e-06
2.170109000000088e-06
2.1710780000000878e-06
2.174078000000088e-06
2.1752430000000873e-06
2.1752430000000877e-06
2.174509000000088e-06
2.1782150000000876e-06
2.1759810000000878e-06
2.1782180000000875e-06
2.1806750000000878e-06
2.180559000000087e-06
2.1816960000000874e-06
2.1833500000000873e-06
2.1862810000000866e-06
2.1862810000000866e-06
2.1817270000000867e-06
2.1827270000000864e-06
2.182727000000087e-06
2.1817270000000867e-06
2.182306000000087e-06
2.1850640000000867e-06
2.183515000000087e-06
2.1866650000000867e-06
2.1823630000000865e-06
2.1843630000000866e-06
2.1823300000000862e-06
2.182482000000086e-06
2.1804820000000865e-06
2.180454000000086e-06
2.182069000000086e-06
2.1827270000000855e-06
2.181383000000086e-06
2.1833830000000863e-06
2.184655000000086e-06
2.179075000000086e-06
2.178470000000086e-06
2.1814700000000858e-06
2.1831810000000854e-06
2.1788450000000847e-06
2.181709000000085e-06
2.181486000000085e-06
2.182425000000085e-06
2.181347000000085e-06
2.1823470000000848e-06
2.1837380000000844e-06
2.1857380000000846e-06
2.1847380000000845e-06
2.1827370000000837e-06
2.1837370000000838e-06
2.1867300000000836e-06
2.185990000000084e-06
2.1869950000000835e-06
2.1849950000000838e-06
2.1847860000000833e-06
2.1850200000000834e-06
2.1860200000000835e-06
2.185624000000084e-06
2.1854440000000832e-06
2.1855960000000828e-06
2.1878680000000824e-06
2.1872680000000823e-06
2.1912680000000826e-06
2.1932680000000824e-06
2.191603000000082e-06
2.1899390000000826e-06
2.188970000000082e-06
2.190554000000082e-06
2.1905540000000816e-06
2.193554000000082e-06
2.195554000000082e-06
2.196224000000082e-06
2.1943340000000817e-06
2.195334000000082e-06
2.1964290000000817e-06
2.197369000000082e-06
2.1964010000000814e-06
2.196729000000081e-06
2.200729000000081e-06
2.201729000000081e-06
2.2045620000000807e-06
2.2075620000000814e-06
2.2073270000000806e-06
2.20662700000008e-06
2.20522000000008e-06
2.20522000000008e-06
2.2046160000000793e-06
2.2012950000000793e-06
2.2012950000000797e-06
2.201511000000079e-06
2.202325000000078e-06
2.2026420000000785e-06
2.2037660000000782e-06
2.205627000000078e-06
2.2066270000000782e-06
2.2086070000000782e-06
2.210170000000078e-06
2.210170000000078e-06
2.2112830000000776e-06
2.2089020000000777e-06
2.2073310000000777e-06
2.208331000000078e-06
2.2087670000000776e-06
2.2067670000000774e-06
2.2027670000000767e-06
2.203505000000077e-06
2.2048830000000767e-06
2.206883000000077e-06
2.206904000000077e-06
2.2079040000000764e-06
2.2099040000000766e-06
2.2089390000000764e-06
2.2075900000000762e-06
2.210590000000076e-06
2.2113020000000758e-06
2.2123020000000763e-06
2.212421000000076e-06
2.212718000000076e-06
2.2154490000000753e-06
2.2152650000000757e-06
2.2142650000000756e-06
2.215836000000075e-06
2.218908000000075e-06
2.221648000000074e-06
2.2236480000000744e-06
2.2226480000000743e-06
2.224648000000075e-06
2.2248000000000744e-06
2.227800000000074e-06
2.226192000000074e-06
2.2251920000000734e-06
2.226100000000073e-06
2.2263280000000725e-06
2.2253280000000725e-06
2.226328000000072e-06
2.228328000000072e-06
2.230328000000072e-06
2.230568000000072e-06
2.2281490000000718e-06
2.2301490000000715e-06
2.2282430000000705e-06
2.2252430000000703e-06
2.2241960000000696e-06
2.22619600000007e-06
2.2301960000000696e-06
2.2291960000000695e-06
2.2311960000000697e-06
2.2341960000000695e-06
2.2361960000000696e-06
2.2350480000000697e-06
2.2334820000000693e-06
2.235912000000069e-06
2.237912000000069e-06
2.239912000000069e-06
2.2400920000000688e-06
2.2405500000000687e-06
2.2379080000000686e-06
2.238908000000069e-06
2.238421000000068e-06
2.2354860000000682e-06
2.2349410000000682e-06
2.2368320000000677e-06
2.2347230000000677e-06
2.2345920000000677e-06
2.2356750000000677e-06
2.236479000000067e-06
2.2384790000000672e-06
2.2384790000000676e-06
2.242479000000067e-06
2.242766000000067e-06
2.243142000000067e-06
2.2441420000000666e-06
2.2461420000000664e-06
2.246253000000067e-06
2.2472530000000663e-06
2.2469590000000663e-06
2.242868000000066e-06
2.242266000000066e-06
2.2409480000000657e-06
2.242441000000066e-06
2.2418550000000655e-06
2.2407240000000655e-06
2.2373490000000653e-06
2.2374420000000646e-06
2.236767000000064e-06
2.236327000000064e-06
2.237136000000064e-06
2.239136000000064e-06
2.2411360000000637e-06
2.2421360000000638e-06
2.2451360000000636e-06
2.2463980000000633e-06
2.248398000000064e-06
2.2502830000000636e-06
2.2502830000000636e-06
2.2522830000000633e-06
2.2541000000000637e-06
2.255416000000063e-06
2.257040000000063e-06
2.2583630000000626e-06
2.2600780000000627e-06
2.260063000000062e-06
2.260063000000062e-06
2.258452000000062e-06
2.2601880000000623e-06
2.262188000000062e-06
2.260889000000062e-06
2.2648890000000614e-06
2.2682130000000613e-06
2.2682130000000613e-06
2.2692130000000614e-06
2.2717550000000617e-06
2.271941000000061e-06
2.2736490000000606e-06
2.2752390000000604e-06
2.27123900000006e-06
2.27348100000006e-06
2.27305100000006e-06
2.27405100000006e-06
2.2757930000000596e-06
2.2767930000000597e-06
2.27479300000006e-06
2.27779300000006e-06
2.2807930000000596e-06
2.2807930000000596e-06
2.2806580000000594e-06
2.2792790000000597e-06
2.2812790000000594e-06
2.281435000000059e-06
2.2798140000000586e-06
2.2760110000000584e-06
2.2772030000000583e-06
2.279203000000058e-06
2.277693000000058e-06
2.277928000000058e-06
2.2750520000000576e-06
2.2719810000000573e-06
2.274411000000057e-06
2.2733770000000564e-06
2.274543000000057e-06
2.2725430000000567e-06
2.2732320000000565e-06
2.2742320000000565e-06
2.274111000000056e-06
2.2737020000000563e-06
2.2749370000000563e-06
2.2728650000000563e-06
2.2738650000000564e-06
2.2764910000000564e-06
2.277006000000056e-06
2.278776000000056e-06
2.2799630000000557e-06
2.277398000000056e-06
2.2803980000000556e-06
2.2833980000000555e-06
2.2803980000000556e-06
2.283110000000055e-06
2.2845740000000557e-06
2.283465000000056e-06
2.2844650000000555e-06
2.2880550000000555e-06
2.289808000000055e-06
2.2893090000000554e-06
2.2913090000000555e-06
2.294317000000055e-06
2.292317000000055e-06
2.293996000000055e-06
2.293045000000055e-06
2.295045000000055e-06
2.299045000000055e-06
2.301514000000055e-06
2.3045140000000543e-06
2.2997120000000543e-06
2.3005000000000545e-06
2.300500000000054e-06
2.3007670000000544e-06
2.3032340000000537e-06
2.3042340000000533e-06
2.3069280000000536e-06
2.3089280000000533e-06
2.309729000000053e-06
2.3137290000000535e-06
2.314877000000054e-06
2.315737000000053e-06
2.3154410000000533e-06
2.314441000000053e-06
2.3139080000000527e-06
2.3177920000000524e-06
2.3187920000000524e-06
2.3187920000000524e-06
2.3184500000000527e-06
2.3174500000000527e-06
2.318890000000052e-06
2.320890000000052e-06
2.318450000000052e-06
2.319450000000052e-06
2.319730000000052e-06
2.3207300000000517e-06
2.3207220000000515e-06
2.3187220000000518e-06
2.318626000000051e-06
2.315515000000051e-06
2.315829000000051e-06
2.317829000000051e-06
2.319513000000051e-06
2.3233300000000506e-06
2.3233300000000506e-06
2.3237650000000506e-06
2.3228650000000507e-06
2.3223790000000504e-06
2.32174200000005e-06
2.32574200000005e-06
2.32574200000005e-06
2.32474200000005e-06
2.3259880000000495e-06
2.32611100000005e-06
2.328525000000049e-06
2.3305250000000496e-06
2.3295260000000493e-06
2.333526000000049e-06
2.335526000000049e-06
2.337431000000049e-06
2.338233000000049e-06
2.337272000000049e-06
2.3340940000000483e-06
2.3338640000000484e-06
2.331864000000048e-06
2.3308640000000477e-06
2.330936000000048e-06
2.330458000000048e-06
2.329458000000048e-06
2.329458000000048e-06
2.3323610000000473e-06
2.335361000000047e-06
2.3386810000000477e-06
2.3406810000000474e-06
2.3425120000000474e-06
2.344271000000047e-06
2.3432710000000473e-06
2.343271000000047e-06
2.343271000000047e-06
2.3437030000000466e-06
2.3425870000000467e-06
2.3435870000000468e-06
2.3441270000000464e-06
2.3461270000000466e-06
2.346127000000046e-06
2.3461270000000457e-06
2.3463420000000464e-06
2.3470000000000463e-06
2.3473640000000453e-06
2.3469420000000456e-06
2.348942000000045e-06
2.349942000000045e-06
2.349942000000045e-06
2.351122000000045e-06
2.3515710000000444e-06
2.3514560000000444e-06
2.3504560000000447e-06
2.3524560000000444e-06
2.3543330000000444e-06
2.3543330000000444e-06
2.355333000000044e-06
2.3556920000000436e-06
2.356692000000044e-06
2.358745000000044e-06
2.358776000000043e-06
2.359776000000043e-06
2.3607760000000437e-06
2.360034000000043e-06
2.3606960000000424e-06
2.360008000000043e-06
2.360229000000043e-06
2.3632290000000426e-06
2.3652290000000423e-06
2.366005000000042e-06
2.363005000000042e-06
2.3650050000000417e-06
2.3650660000000414e-06
2.3650390000000417e-06
2.3612060000000408e-06
2.3592060000000406e-06
2.3573830000000405e-06
2.3577840000000407e-06
2.3567840000000407e-06
2.35638900000004e-06
2.3563890000000397e-06
2.35749700000004e-06
2.3585420000000396e-06
2.3557380000000398e-06
2.3547380000000397e-06
2.356745000000039e-06
2.3580460000000382e-06

Avalanche_Distribution:
1
4
2
3
5
1
2
5
2
6
8
5
2
5
4
3
3
6
8
2
1
5
5
7
2
12
2
3
11
3
1
7
1
5
2
4
9
1
4
3
6
4
4
2
4
2
2
4
5
4
5
3
8
1
2
4
10
11
3
2
23
1
2
6
1
1
5
4
3
4
7
3
6
1
4
2
2
2
1
6
3
1
3
9
1
2
7
2
4
2
15
3
1
7
2
12
1
3
12
3
2
1
4
2
1
3
3
5
3
1
2
13
5
5
11
5
1
10
1
2
3
1
2
1
3
3
10
11
1
3
5
2
2
9
1
4
4
1
1
4
1
1
2
5
3
1
13
7
5
11
2
1
3
2
2
1
1
1
7
8
1
3
3
3
7
3
7
9
1
4
9
1
2
9
4
3
7
3
3
7
3
6
1
1
9
2
3
1
4
1
10
8
15
3
3
3
5
3
2
2
2
5
3
4
7
6
1
2
6
4
16
5
3
7
4
5
6
9
1
8
5
10
6
13
4
10
3
2
1
4
7
3
2
1
1
1
4
4
1
2
1
1
5
1
1
18
11
4
11
4
6
4
4
3
5
5
2
10
1
1
2
3
2
8
5
1
4
2
2
7
7
4
1
7
1
1
1
5
4
3
6
1
2
2
7
1
3
1
19
6
1
3
6
3
2
7
6
8
6
4
3
4
1
1
1
1
6
12
4
11
1
5
3
2
5
2
4
2
4
8
5
2
8
12
2
14
7
13
3
10
6
6
2
2
1
3
3
9
3
7
4
5
1
3
3
3
1
3
1
4
12
9
2
2
1
3
3
5
8
7
3
2
1
2
2
2
2
5
14
5
4
5
5
2
6
1
8
3
1
9
3
7
4
2
2
2
1
1
8
3
4
7
9
17
5
9
1
10
7
1
15
1
4
3
1
2
16
22
3
2
3
13
4
6
7
11
3
3
4
6
4
3
2
4
1
3
7
2
8
2
1
2
14
7
1
2
20
4
2
2
6
12
1
2
4
3
2
4
1
3
3
11
2
11
2
5
2
2
2
3
10
3
3
2
4
1
2
6
12
3
4
6
2
2
5
1
1
2
7
5
1
1
1
4
2
3
2
4
6
2
4
2
12
2
2
4
8
3
2
8
2
5
1
3
6
1
3
5
5
4
7
1
1
5
4
1
13
1
6
2
4
5
4
1
9
2
6
6
2
4
3
2
5
4
2
5
2
2
2
10
4
6
4
1
4
4
2
1
11
8
8
2
4
1
5
1
3
2
4
1
7
6
5
3
3
18
3
6
1
1
2
2
7
2
9
4
1
1
4
2
2
15
5
2
1
3
2
4
4
4
2
6
10
6
2
8
17
3
8
1
4
1
8
2
4
2
2
1
5
2
4
7
1
5
3
9
1
2
1
1
1
2
4
3
7
2
4
1
1
2
2
6
1
1
1
1
5
1
1
2
7
1
10
8
6
4
2
5
9
3
6
10
4
1
1
10
4
8
4
3
3
2
8
3
1
7
7
2
3
13
14
1
2
1
3
2
1
5
1
2
1
1
3
5
1
6
1
5
1
4
2
3
4
6
1
8
1
12
3
2
3
1
2
3
1
1
3
3
3
3
10
1
7
3
2
2
2
2
8
2
13
4
3
1
7
3
11
2
10
11
2
9
9
2
2
6
2
3
11
4
4
1
5
3
1
2
2
9
6
11
2
1
3
2
1
2
4
8
13
1
3
13
3
11
5
2
3
2
1
1
4
10
22
1
8
2
4
3
2
1
1
8
1
3
2
1
1
1
3
13
1
3
2
2
1
1
1
9
3
1
7
1
2
5
4
3
1
20
11
2
1
2
2
1
3
3
4
1
3
2
7
2
2
2
2
1
1
4
9
8
6
2
2
5
7
11
8
3
3
6
12
2
4
1
3
1
3
3
6
4
1
1
1
1
7
11
4
3
12
6
7
1
1
2
6
6
7
2
1
8
2
4
11
6
3
2
2
2
3
4
2
5
4
9
2
4
5
4
2
5
1
3
2
1
2
1
1
2
2
2
1
6
1
3
8
5
2
6
3
1
2
8
4
10
3
2
3
6
3
1
5
6
7
4
5
2
4
3
3
6
6
5
1
6
2
1
1
4
2
4
3
9
3
2
4
8
7
3
1
1
2
1
2
4
3
12
1
5
1
4
12
2
3
16
16
4
4
1
8
1
15
3
7
1
2
2
8
16
2
7
4
2
3
5
3
6
10
2
8
9
3
4
10
13
1
2
6
8
3
4
1
3
7
3
3
1
3
9
9
18
2
5
2
6
1
2
1
1
6
3
2
2
4
2
1
1
1
9
1
4
4
11
7
9
13
1
2
2
1
2
1
1
5
7
2
4
1
1
5
1
5
5
1
1
4
4
1
8
4
3
2
1
4
1
3
2
8
1
12
4
1
2
3
2
13
3
2
2
6
2
1
1
3
4
1
1
11
6
4
2
1
3
9
2
3
11
3
1
1
5
2
11
1
8
2
1
6
1
3
1
5
1
12
4
15
1
8
4
1
2
3
7
3
2
11
4
4
3
9
5
4
2
20
3
2
1
1
4
6
3
2
1
5
2
2
2
4
11
5
2
3
8
2
7
6
2
1
1
3
2
3
2
7
6
5
7
2
6
9
11
7
11
1
1
4
2
4
2
2
1
1
1
8
1
2
4
2
4
4
5
2
6
1
5
2
1
6
5
1
1
16
3
3
4
5
2
1
2
2
2
11
3
1
12
4
2
1
1
2
5
5
3
3
7
1
8
4
3
2
1
1
1
1
14
2
1
2
1
1
4
1
1
3
1
5
3
1
1
3
4
4
4
2
13
1
4
2
3
6
4
7
3
1
7
1
5
5
11
2
1
3
3
2
15
6
9
1
4
7
1
16
7
7
7
4
3
1
3
2
2
2
2
6
2
2
16
5
2
6
2
2
1
2
6
3
1
4
2
3
3
12
7
1
1
6
1
3
10
3
3
1
7
2
1
1
3
2
1
10
8
5
2
1
6
1
5
6
6
4
4
4
3
12
2
2
2
10
3
9
2
1
1
6
9
3
12
1
3
2
2
2
2
4
3
5
4
4
1
4
1
6
6
1
13
1
1
2
7
8
6
11
7
1
2
2
1
2
3
3
1
10
2
9
8
2
7
5
1
12
4
12
5
3
5
4
2
8
9
4
5
2
2
1
1
7
2
4
6
2
5
2
3
1
1
4
2
3
7
5
2
2
3
6
3
2
1
4
2
2
2
6
3
6
6
3
8
2
3
1
2
1
3
5
2
5
9
2
2
7
5
13
1
3
1
4
10
5
6
4
8
2
4
4
8
11
5
2
6
3
10
11
3
3
8
4
6
8
6
5
2
7
5
1
10
2
3
2
7
4
8
1
7
4
4
3
3
2
2
2
2
8
11
5
1
1
2
1
11
5
3
5
1
2
2
2
1
3
3
4
2
3
6
6
9
1
6
2
2
13
13
9
6
1
2
1
1
3
6
4
2
1
1
7
3
5
8
8
2
5
1
2
3
4
1
1
3
11
2
7
2
2
1
3
4
1
1
4
1
13
4
2
1
2
1
7
1
1
2
2
14
1
2
7
6
3
1
4
20
3
5
2
1
2
3
5
2
3
6
3
14
2
5
1
2
3
7
3
10
10
4
2
3
13
1
9
2
1
1
4
4
1
6
3
2
5
3
1
6
7
4
1
12
4
2
1
12
4
7
3
6
2
3
2
1
1
7
2
2
3
2
2
6
1
12
6
2
3
1
7
4
4
6
14
2
3
3
3
10
7
3
1
4
10
3
6
7
2
10
3
3
5
5
4
8
4
4
1
14
3
3
6
1
1
6
3
4
2
3
4
9
5
3
5
8
7
6
6
2
2
1
1
3
2
1
6
2
1
1
2
1
3
11
1
1
4
2
9
3
1
11
3
1
1
3
6
1
5
1
6
4
8
4
1
1
6
5
1
12
6
1
3
4
1
3
11
3
3
7
1
13
3
4
7
5
4
2
4
7
6
2
7
6
2
5
6
2
6
3
11
9
3
2
14
4
3
1
5
2
4
2
1
2
3
10
7
1
1
11
1
3
7
2
1
4
4
5
3
12
3
9
8
9
4
2
3
4
9
2
14
1
6
5
3
2
1
1
1
1
1
2
4
1
2
2
1
2
10
1
4
1
15
19
7
1
7
1
3
15
2
4
3
1
2
11
3
4
4
2
5
2
2
21
1
6
6
3
1
3
3
6
10
2
11
8
3
1
6
2
5
5
14
1
1
17
2
5
8
2
1
2
17
3
1
1
4
3
2
18
4
2
11
2
6
1
4
6
2
9
2
1
4
9
1
5
5
3
3
4
9
1
2
4
2
2
16
5
1
5
2
1
3
2
3
2
1
1
1
1
1
1
1
1
1
6
3
9
12
20
6
2
3
7
11
2
1
2
2
5
6
2
4
3
3
5
1
3
4
1
5
9
1
2
6
2
4
1
4
10
3
5
4
5
1
6
1
10
1
7
5
7
7
5
6
2
1
19
2
12
1
3
5
1
7
3
2
1
2
10
3
3
4
5
6
6
4
3
5
5
4
2
5
2
22
4
1
1
2
4
7
3
5
7
3
1
2
1
2
9
9
2
4
5
12
3
1
8
4
2
3
1
3
7
2
4
14
3
3
7
11
2
3
2
4
5
3
8
1
2
3
2
3
8
8
6
3
2
1
2
4
1
2
5
10
5
4
4
5
2
1
6
1
8
2
3
4
12
3
5
2
1
2
2
4
8
2
2
4
5
5
2
3
5
14
10
8
4
3
1
1
3
5
7
2
1
6
28
6
27
5
4
2
3
2
2
5
2
1
4
4
1
7
2
3
2
4
12
1
2
2
6
1
2
2
1
2
2
10
2
13
1
7
3
3
6
1
1
2
2
3
2
4
4
20
3
1
11
16
6
2
2
4
2
7
3
2
7
11
1
4
2
2
11
1
9
3
9
1
1
4
3
3
1
9
1
5
2
1
2
9
3
2
2
6
3
4
2
1
3
4
2
2
6
13
1
2
17
1
2
10
1
3
8
10
15
1
2
3
6
4
6
2
7
2
3
6
8
1
1
3
5
2
1
2
20
15
8
7
2
2
1
1
1
2
3
6
1
4
4
2
2
7
2
4
5
1
4
6
4
10
2
1
8
4
1
6
5
2
3
1
3
6
3
2
1
4
1
2
3
9
6
4
1
2
3
9
1
4
8
12
7
3
1
5
8
4
2
11
3
1
2
4
