
Branching_global:
4.000000000000002e-09
4.035559999999996e-07
8.037779999999978e-07
1.2035560000000028e-06
1.6033890000000113e-06
1.998826000000016e-06
2.4008880000000032e-06
2.7891939999999904e-06
3.1955799999999786e-06
3.588643999999967e-06
3.987870999999973e-06
4.381926000000005e-06
4.784844000000033e-06
5.187959000000065e-06
5.575509000000091e-06
5.978422000000125e-06
6.38325400000015e-06
6.765856000000184e-06
7.1677190000002095e-06
7.5578060000002436e-06
7.958676000000271e-06
8.368728000000305e-06
8.748774000000331e-06
9.151907000000365e-06
9.535714000000392e-06
9.918330000000423e-06
1.032115400000045e-05
1.0713892000000485e-05
1.1120033000000516e-05
1.1500820000000542e-05
1.1899403000000569e-05
1.2296943000000603e-05
1.2694055000000635e-05
1.3081908000000658e-05
1.347755800000069e-05
1.3876701000000723e-05
1.4303344000000755e-05
1.467626900000078e-05
1.507438100000081e-05
1.5476456000000708e-05
1.587297000000057e-05
1.6261224000000425e-05
1.6665169000000298e-05
1.7043389000000173e-05
1.7435504000000034e-05
1.7866879999999887e-05
1.825556699999976e-05
1.866456099999963e-05
1.9036381999999492e-05
1.9421380999999354e-05
1.9796449999999216e-05
2.024837799999908e-05
2.0600036999998947e-05
2.0997929999998804e-05
2.1374918999998675e-05
2.180442799999853e-05
2.219362699999839e-05
2.2590166999998247e-05
2.295588799999812e-05
2.339311099999798e-05
2.3749120999997835e-05
2.4155293999997705e-05
2.4572434999997562e-05
2.489774799999745e-05
2.5345986999997285e-05
2.5750559999997138e-05
2.6182727999996994e-05
2.6524828999996876e-05
2.694893799999672e-05
2.731234599999658e-05
2.7680448999996464e-05
2.8118336999996316e-05
2.8524680999996168e-05
2.8936323999996017e-05
2.929053099999588e-05
2.966620599999577e-05
3.013866399999561e-05
3.0469968999995717e-05
3.091340399999587e-05
3.127502199999607e-05
3.1637407999996244e-05
3.209084499999643e-05
3.246143699999659e-05
3.284378599999678e-05
3.3303114999996955e-05
3.3656003999997156e-05
3.4004385999997314e-05
3.446673399999752e-05
3.4870276999997704e-05
3.52474929999979e-05
3.5705876999998106e-05
3.6036096999998296e-05
3.640495299999846e-05
3.6739126999998634e-05
3.718976699999883e-05
3.764266699999907e-05
3.800727799999926e-05
3.8339017999999406e-05
3.8782639999999613e-05
3.917549499999982e-05

Autocorrelation:
-5.1714406325215776e-05
-6.79211680447762e-05
-7.12558131078404e-05
-7.336633324179885e-05
-7.494346802239202e-05
-7.620237508390008e-05
-7.728171228566759e-05
-7.818756292223212e-05
-7.902800639662047e-05
-7.97592155887496e-05
-8.043594316351098e-05
-8.105026749421922e-05
-8.163227231849933e-05
-8.21748717476784e-05
-8.266425611645787e-05
-8.31438076859348e-05
-8.359923072356373e-05
-8.400804555635231e-05
-8.441722884900686e-05
-8.479657151299477e-05
-8.5169822510375e-05
-8.553581896955388e-05
-8.586199055153208e-05
-8.619539180688718e-05
-8.650170001495204e-05
-8.679707176252882e-05
-8.709803724816919e-05
-8.738226835619111e-05
-8.76672953785247e-05
-8.792683472416313e-05
-8.819102486495997e-05
-8.844736074067979e-05
-8.869669864054473e-05
-8.893410416522052e-05
-8.917039287451593e-05
-8.94030613015519e-05
-8.964576045936201e-05
-8.9853082571094e-05
-9.006969151569495e-05
-9.028374745479404e-05
-9.049042547668379e-05
-9.068874051954232e-05
-9.089099777324882e-05
-9.107677010373483e-05
-9.126584102633866e-05
-9.146986907442914e-05
-9.165028775445162e-05
-9.183677621489277e-05
-9.200344201204875e-05
-9.217323861993422e-05
-9.233603581189516e-05
-9.252888588590495e-05
-9.267653620116269e-05
-9.284114297607018e-05
-9.299477490873093e-05
-9.316714497674549e-05
-9.332096808532373e-05
-9.347545235916355e-05
-9.361598786530734e-05
-9.378163095579937e-05
-9.391465846910449e-05
-9.406446643000687e-05
-9.42162058847851e-05
-9.4333097635822e-05
-9.44921459425221e-05
-9.463375342200149e-05
-9.478304094471563e-05
-9.489980616808e-05
-9.504288017016256e-05
-9.516403293611332e-05
-9.528542753691256e-05
-9.542814600591899e-05
-9.555898371192384e-05
-9.568999931373884e-05
-9.580153354334561e-05
-9.59186425276956e-05
-9.60642321524836e-05
-9.616522895125501e-05
-9.629902914701071e-05
-9.640699982843395e-05
-9.651419358831285e-05
-9.66469335022996e-05
-9.675430217172402e-05
-9.686404594548826e-05
-9.699453112674905e-05
-9.709379726825745e-05
-9.719097627949722e-05
-9.731871438055007e-05
-9.742908273780804e-05
-9.75313246426247e-05
-9.765438788265769e-05
-9.774225719746276e-05
-9.783964467015536e-05
-9.79271923543528e-05
-9.804424367219009e-05
-9.816073877437675e-05
-9.825370844197519e-05
-9.833767599343521e-05
-9.844905491162054e-05
-9.854683687568937e-05

Average_Activity:
0.0
0.0
0.0
0.0
0.0
0.0
0.0
0.0
0.0
0.0
0.0
0.0
0.0
0.0
0.0
0.0
0.0
0.0
0.0
0.25
0.0
0.0
0.0
0.0
0.0
0.0
0.0
0.0
0.0
0.0
0.0
0.0
0.0
0.0
0.0
0.0
0.0
0.0
0.0
0.0
0.0
0.0
0.0
0.0
0.0
0.0
0.0
0.0
0.0
0.0
0.0
0.0
0.0
0.0
0.0
0.0
0.0
0.0
0.0
0.0
0.0
0.0
0.0
0.0
0.0
0.0
0.0
0.0
0.0
0.0
0.0
0.0
0.0
0.0
0.0
0.0
0.0
0.0
0.0
0.25
0.0
0.0
0.0
0.0
0.0
0.0
0.0
0.0
0.0
0.0
0.0
0.0
0.0
0.0
0.0
0.0
0.0
0.0
0.0
0.0
0.0
0.0
0.25
0.0
0.0
0.0
0.0
0.0
0.25
0.0
0.0
0.0
0.0
0.0
0.0
0.0
0.0
0.0
0.0
0.0
0.0
0.0
0.0
0.0
0.0
0.0
0.0
0.0
0.0
0.0
0.0
0.0
0.0
0.0
0.0
0.0
0.0
0.0
0.0
0.0
0.0
0.0
0.0
0.0
0.0
0.0
0.0
0.0
0.0
0.0
0.0
0.0
0.0
0.0
0.0
0.0
0.0
0.25
0.25
0.0
0.0
0.0
0.0
0.0
0.0
0.0
0.0
0.0
0.0
0.0
0.25
0.0
0.0
0.0
0.0
0.0
0.0
0.0
0.0
0.0
0.0
0.0
0.0
0.0
0.0
0.0
0.0
0.0
0.0
0.0
0.0
0.0
0.0
0.0
0.0
0.0
0.0
0.0
0.0
0.0
0.0
0.0
0.25
0.0
0.0
0.0
0.25
0.0
0.0
0.0
0.0
0.0
0.0
0.0
0.0
0.0
0.0
0.0
0.0
0.0
0.0
0.0
0.0
0.0
0.0
0.0
0.0
0.0
0.0
0.0
0.0
0.0
0.0
0.0
0.0
0.0
0.0
0.0
0.0
0.0
0.0
0.0
0.0
0.0
0.0
0.0
0.0
0.0
0.0
0.0
0.0
0.0
0.0
0.0
0.0
0.0
0.0
0.0
0.0
0.0
0.0
0.0
0.0
0.0
0.0
0.0
0.0
0.0
0.0
0.0
0.0
0.0
0.0
0.0
0.0
0.0
0.0
0.0
0.0
0.0
0.0
0.0
0.0
0.0
0.0
0.0
0.0
0.0
0.0
0.0
0.25
0.0
0.0
0.0
0.0
0.0
0.0
0.0
0.0
0.0
0.0
0.0
0.0
0.0
0.0
0.0
0.0
0.0
0.0
0.0
0.0
0.0
0.0
0.0
0.0
0.0
0.0
0.0
0.0
0.0
0.0
0.0
0.0
0.0
0.0
0.0
0.0
0.0
0.0
0.0
0.0
0.0
0.0
0.0
0.0
0.0
0.0
0.0
0.0
0.0
0.0
0.0
0.0
0.0
0.0
0.0
0.0
0.0
0.0
0.0
0.0
0.0
0.0
0.0
0.0
0.0
0.0
0.0
0.0
0.0
0.0
0.0
0.0
0.0
0.0
0.0
0.0
0.0
0.0
0.0
0.0
0.0
0.0
0.0
0.0
0.0
0.0
0.0
0.0
0.0
0.0
0.0
0.0
0.0
0.0
0.0
0.0
0.0
0.0
0.0
0.0
0.25
0.0
0.0
0.0
0.0
0.0
0.0
0.0
0.0
0.0
0.0
0.0
0.0
0.0
0.0
0.25
0.0
0.0
0.0
0.0
0.0
0.0
0.0
0.0
0.0
0.0
0.0
0.0
0.0
0.0
0.0
0.25
0.0
0.0
0.0
0.0
0.0
0.0
0.0
0.0
0.0
0.0
0.0
0.0
0.0
0.0
0.0
0.0
0.0
0.0
0.0
0.0
0.0
0.0
0.0
0.0
0.0
0.0
0.0
0.0
0.0
0.0
0.0
0.0
0.0
0.0
0.0
0.0
0.0
0.0
0.25
0.0
0.0
0.0
0.0
0.0
0.0
0.0
0.0
0.0
0.0
0.0
0.0
0.0
0.0
0.0
0.25
0.0
0.0
0.0
0.0
0.0
0.0
0.0
0.0
0.0
0.0
0.0
0.0
0.0
0.0
0.0
0.0
0.0
0.0
0.0
0.0
0.0
0.0
0.0
0.0
0.0
0.0
0.0
0.0
0.0
0.0
0.0
0.0
0.0
0.0
0.0
0.0
0.0
0.0
0.0
0.0
0.0
0.0
0.0
0.0
0.0
0.0
0.0
0.0
0.0
0.0
0.0
0.0
0.0
0.0
0.0
0.0
0.0
0.0
0.25
0.0
0.0
0.0
0.0
0.0
0.0
0.0
0.0
0.0
0.0
0.0
0.25
0.0
0.25
0.0
0.0
0.0
0.0
0.0
0.0
0.0
0.0
0.0
0.0
0.0
0.0
0.0
0.0
0.0
0.0
0.25
0.0
0.0
0.0
0.0
0.0
0.0
0.0
0.25
0.0
0.0
0.0
0.0
0.0
0.0
0.0
0.0
0.0
0.0
0.0
0.25
0.0
0.0
0.0
0.0
0.0
0.0
0.0
0.0
0.0
0.0
0.0
0.0
0.0
0.25
0.0
0.0
0.0
0.0
0.0
0.0
0.0
0.0
0.0
0.0
0.0
0.25
0.0
0.0
0.25
0.0
0.0
0.0
0.0
0.0
0.0
0.0
0.0
0.0
0.0
0.0
0.0
0.0
0.0
0.0
0.0
0.0
0.0
0.0
0.0
0.0
0.0
0.0
0.0
0.0
0.0
0.0
0.0
0.25
0.0
0.0
0.0
0.0
0.0
0.0
0.0
0.0
0.0
0.0
0.0
0.0
0.0
0.0
0.0
0.0
0.0
0.0
0.0
0.0
0.0
0.0
0.0
0.0
0.0
0.0
0.0
0.0
0.0
0.0
0.0
0.0
0.0
0.0
0.0
0.0
0.0
0.0
0.0
0.0
0.25
0.25
0.0
0.0
0.0
0.0
0.0
0.0
0.0
0.0
0.0
0.0
0.0
0.0
0.0
0.0
0.0
0.25
0.0
0.0
0.0
0.25
0.0
0.0
0.0
0.0
0.0
0.0
0.0
0.0
0.0
0.0
0.0
0.0
0.0
0.25
0.0
0.0
0.0
0.0
0.0
0.0
0.0
0.0
0.0
0.0
0.0
0.0
0.0
0.0
0.0
0.0
0.0
0.0
0.0
0.0
0.0
0.0
0.25
0.0
0.25
0.0
0.0
0.0
0.0
0.0
0.0
0.0
0.0
0.0
0.0
0.0
0.0
0.0
0.0
0.0
0.0
0.0
0.25
0.0
0.0
0.0
0.0
0.0
0.0
0.0
0.0
0.0
0.0
0.0
0.0
0.0
0.0
0.0
0.0
0.0
0.0
0.0
0.0
0.0
0.0
0.0
0.0
0.0
0.0
0.0
0.0
0.0
0.0
0.0
0.0
0.0
0.0
0.0
0.0
0.0
0.0
0.0
0.0
0.0
0.0
0.0
0.0
0.0
0.0
0.0
0.0
0.0
0.0
0.0
0.0
0.25
0.0
0.0
0.0
0.0
0.0
0.0
0.0
0.0
0.0
0.0
0.0
0.0
0.0
0.0
0.0
0.0
0.0
0.0
0.0
0.0
0.0
0.0
0.0
0.0
0.0
0.0
0.0
0.0
0.0
0.0
0.0
0.0
0.0
0.0
0.0
0.0
0.0
0.0
0.0
0.0
0.0
0.0
0.0
0.0
0.0
0.0
0.0
0.0
0.0
0.0
0.0
0.0
0.0
0.0
0.0
0.0
0.0
0.0
0.0
0.0
0.0
0.0
0.0
0.0
0.0
0.0
0.0
0.0
0.0
0.0
0.0
0.0
0.0
0.0
0.25
0.0
0.0
0.0
0.0
0.0
0.0
0.0
0.0
0.0
0.0
0.0
0.0
0.0
0.0
0.0
0.0
0.25
0.0
0.0
0.0
0.0
0.25
0.0
0.0
0.0
0.0
0.0
0.0
0.0
0.0
0.0
0.0
0.0
0.0
0.0
0.0
0.0
0.0
0.0
0.0
0.0
0.0
0.0
0.0
0.0
0.0
0.0
0.0
0.0
0.0
0.0
0.0
0.0
0.0
0.0
0.0
0.0
0.0
0.0
0.0
0.0
0.0
0.0
0.0
0.0
0.0
0.0
0.0
0.0
0.0
0.0
0.0
0.0
0.0
0.0
0.0
0.0
0.0
0.0
0.0
0.0
0.0
0.0
0.0
0.0
0.0
0.0
0.0
0.0
0.0
0.0
0.0
0.0
0.25
0.0
0.0
0.0
0.25
0.0
0.0
0.0
0.0
0.0
0.0
0.0
0.0
0.0
0.0
0.0
0.0
0.0
0.0
0.0
0.0
0.0
0.0
0.0
0.0
0.0
0.0
0.0
0.0
0.0
0.0
0.0
0.0
0.0
0.25
0.0
0.0
0.0
0.0
0.0
0.0
0.0
0.0
0.0
0.0
0.0
0.0
0.0
0.0
0.0
0.0
0.0
0.0
0.0
0.0
0.0
0.0
0.0
0.0
0.0
0.0
0.0
0.0
0.0
0.0
0.0
0.0
0.0
0.0
0.0
0.0
0.0
0.0
0.0
0.0
0.0
0.0
0.0
0.0
0.0
0.0
0.0
0.0
0.0
0.0
0.0
0.0
0.0
0.0
0.0
0.0
0.0
0.0
0.0
0.0
0.25
0.25
0.0
0.0
0.0
0.0
0.0
0.0
0.0
0.0
0.0
0.0
0.0
0.25
0.0
0.0
0.0
0.0
0.0
0.0
0.0
0.0
0.0
0.0
0.0
0.0
0.0
0.0
0.0
0.0
0.0
0.0
0.0
0.25
0.0
0.0
0.0
0.0
0.0
0.0
0.0
0.0
0.0
0.0
0.0
0.0
0.0
0.0
0.0
0.0
0.0
0.0
0.0
0.0
0.0
0.0
0.0
0.0
0.0
0.0
0.0
0.0
0.0
0.0
0.0
0.0
0.0
0.25
0.0
0.0
0.0
0.0
0.0
0.0
0.0
0.0
0.0
0.0
0.0
0.25
0.0
0.0
0.0
0.0
0.0
0.25
0.0
0.0
0.0
0.0
0.0
0.0
0.0
0.0
0.0
0.0
0.0
0.0
0.25
0.0
0.0
0.0
0.0
0.0
0.0
0.0
0.0
0.0
0.0
0.0
0.0
0.0
0.0
0.0
0.0
0.0
0.0
0.0
0.0
0.0
0.0
0.0
0.0
0.0
0.0
0.0
0.0
0.0
0.25
0.0
0.0
0.0
0.0
0.25
0.0
0.0
0.0
0.0
0.0
0.0
0.0
0.0
0.0
0.0
0.0
0.0
0.0
0.0
0.0
0.0
0.0
0.0
0.0
0.0
0.25
0.0
0.0
0.0
0.0
0.0
0.0
0.0
0.0
0.25
0.0
0.0
0.0
0.0
0.0
0.0
0.0
0.0
0.0
0.0
0.0
0.0
0.0
0.0
0.0
0.0
0.0
0.25
0.0
0.0
0.0
0.0
0.0
0.0
0.0
0.0
0.0
0.0
0.0
0.0
0.0
0.0
0.0
0.0
0.25
0.0
0.0
0.0
0.0
0.0
0.0
0.0
0.0
0.0
0.0
0.0
0.0
0.0
0.0
0.0
0.0
0.0
0.0
0.0
0.0
0.0
0.0
0.0
0.0
0.0
0.0
0.0
0.0
0.0
0.0
0.0
0.0
0.0
0.0
0.0
0.0
0.0
0.0
0.0
0.0
0.0
0.0
0.0
0.0
0.0
0.0
0.0
0.0
0.0
0.0
0.0
0.0
0.0
0.0
0.0
0.0
0.0
0.0
0.0
0.0
0.0
0.0
0.0
0.25
0.0
0.0
0.0
0.0
0.0
0.0
0.0
0.0
0.0
0.0
0.0
0.0
0.0
0.0
0.0
0.0
0.0
0.0
0.0
0.0
0.0
0.5
0.0
0.25
0.0
0.0
0.0
0.0
0.0
0.0
0.0
0.0
0.0
0.0
0.25
0.0
0.0
0.0
0.0
0.0
0.0
0.0
0.0
0.0
0.0
0.0
0.0
0.0
0.0
0.0
0.0
0.0
0.0
0.0
0.0
0.0
0.0
0.0
0.0
0.0
0.0
0.0
0.0
0.0
0.0
0.0
0.0
0.0
0.0
0.0
0.0
0.0
0.25
0.0
0.0
0.0
0.0
0.0
0.0
0.0
0.0
0.0
0.0
0.25
0.0
0.0
0.25
0.0
0.0
0.0
0.0
0.0
0.0
0.0
0.0
0.0
0.0
0.0
0.0
0.0
0.0
0.0
0.0
0.0
0.0
0.0
0.0
0.0
0.0
0.0
0.0
0.0
0.0
0.0
0.0
0.0
0.0
0.0
0.0
0.0
0.0
0.0
0.0
0.0
0.0
0.0
0.0
0.0
0.0
0.0
0.0
0.0
0.0
0.0
0.0
0.0
0.25
0.0
0.0
0.0
0.0
0.0
0.0
0.0
0.0
0.0
0.0
0.0
0.0
0.0
0.0
0.25
0.25
0.0
0.0
0.0
0.0
0.0
0.0
0.0
0.0
0.0
0.0
0.0
0.0
0.0
0.0
0.0
0.0
0.0
0.0
0.0
0.0
0.0
0.0
0.0
0.0
0.0
0.0
0.0
0.0
0.0
0.0
0.0
0.0
0.0
0.0
0.0
0.0
0.0
0.0
0.0
0.0
0.0
0.0
0.0
0.0
0.0
0.0
0.0
0.0
0.0
0.0
0.0
0.0
0.0
0.0
0.0
0.0
0.0
0.0
0.0
0.0
0.0
0.0
0.0
0.0
0.0
0.0
0.0
0.0
0.0
0.0
0.0
0.0
0.0
0.0
0.0
0.0
0.25
0.0
0.0
0.0
0.0
0.25
0.0
0.0
0.0
0.0
0.0
0.0
0.0
0.25
0.0
0.0
0.0
0.0
0.0
0.0
0.0
0.0
0.0
0.0
0.0
0.0
0.0
0.0
0.0
0.0
0.0
0.0
0.0
0.0
0.0
0.0
0.0
0.0
0.0
0.25
0.0
0.0
0.0
0.0
0.0
0.0
0.0
0.0
0.0
0.0
0.0
0.0
0.0
0.0
0.0
0.0
0.0
0.0
0.0
0.0
0.0
0.0
0.0
0.0
0.0
0.0
0.0
0.0
0.0
0.0
0.0
0.25
0.0
0.0
0.0
0.0
0.0
0.0
0.0
0.25
0.0
0.0
0.0
0.0
0.0
0.25
0.0
0.0
0.0
0.25
0.0
0.0
0.0
0.0
0.0
0.0
0.0
0.0
0.0
0.0
0.0
0.0
0.0
0.0
0.0
0.0
0.0
0.0
0.0
0.0
0.25
0.0
0.0
0.0
0.0
0.0
0.0
0.0
0.0
0.0
0.0
0.0
0.0
0.0
0.0
0.0
0.0
0.0
0.0
0.0
0.0
0.0
0.0
0.0
0.0
0.0
0.0
0.0
0.25
0.0
0.0
0.0
0.0
0.0
0.0
0.0
0.0
0.0
0.0
0.0
0.25
0.0
0.25
0.25
0.0
0.0
0.0
0.0
0.0
0.0
0.0
0.0
0.0
0.0
0.0
0.0
0.0
0.0
0.0
0.0
0.0
0.0
0.0
0.0
0.0
0.0
0.0
0.0
0.0
0.0
0.0
0.0
0.0
0.0
0.0
0.0
0.0
0.0
0.0
0.0
0.0
0.0
0.0
0.0
0.0
0.0
0.0
0.0
0.0
0.0
0.0
0.0
0.0
0.0
0.0
0.0
0.0
0.0
0.0
0.0
0.0
0.0
0.0
0.0
0.0
0.0
0.0
0.0
0.0
0.0
0.0
0.0
0.0
0.0
0.0
0.0
0.0
0.0
0.0
0.0
0.0
0.0
0.0
0.0
0.0
0.0
0.0
0.0
0.25
0.0
0.0
0.0
0.0
0.0
0.0
0.0
0.0
0.0
0.0
0.0
0.0
0.0
0.0
0.0
0.0
0.0
0.0
0.0
0.0
0.0
0.0
0.0
0.0
0.0
0.0
0.0
0.0
0.0
0.0
0.0
0.0
0.0
0.0
0.0
0.0
0.0
0.0
0.0
0.0
0.0
0.0
0.0
0.0
0.0
0.0
0.0
0.0
0.0
0.0
0.0
0.0
0.0
0.0
0.0
0.0
0.0
0.0
0.0
0.0
0.0
0.0
0.0
0.0
0.0
0.0
0.0
0.0
0.0
0.0
0.0
0.0
0.0
0.0
0.0
0.0
0.0
0.0
0.0
0.0
0.0
0.0
0.0
0.0
0.0
0.0
0.0
0.0
0.0
0.0
0.0
0.0
0.0
0.25
0.0
0.0
0.0
0.0
0.0
0.0
0.0
0.0
0.25
0.0
0.0
0.0
0.0
0.0
0.0
0.0
0.0
0.0
0.0
0.0
0.0
0.0
0.0
0.0
0.25
0.0
0.0
0.0
0.0
0.0
0.25
0.0
0.0
0.0
0.0
0.0
0.0
0.0
0.0
0.0
0.0
0.0
0.0
0.0
0.0
0.0
0.0
0.0
0.0
0.0
0.0
0.0
0.0
0.0
0.0
0.0
0.0
0.0
0.0
0.0
0.0
0.0
0.25
0.0
0.0
0.0
0.0
0.0
0.0
0.0
0.0
0.0
0.0
0.0
0.0
0.25
0.0
0.0
0.0
0.0
0.0
0.0
0.0
0.25
0.0
0.0
0.0
0.0
0.0
0.0
0.0
0.0
0.0
0.0
0.0
0.0
0.0
0.0
0.0
0.25
0.0
0.0
0.0
0.0
0.0
0.0
0.0
0.0
0.0
0.0
0.0
0.25
0.0
0.0
0.0
0.0
0.0
0.0
0.0
0.0
0.0
0.0
0.0
0.0
0.0
0.0
0.0
0.0
0.0
0.0
0.0
0.0
0.0
0.0
0.0
0.0
0.0
0.0
0.0
0.0
0.0
0.0
0.0
0.0
0.0
0.0
0.0
0.0
0.0
0.0
0.0
0.0
0.0
0.0
0.0
0.0
0.0
0.0
0.0
0.0
0.0
0.0
0.0
0.0
0.0
0.0
0.0
0.0
0.0
0.0
0.0
0.0
0.0
0.0
0.0
0.0
0.0
0.0
0.0
0.0
0.0
0.0
0.0
0.0
0.0
0.0
0.0
0.0
0.0
0.0
0.0
0.0
0.0
0.0
0.0
0.0
0.0
0.0
0.0
0.0
0.0
0.0
0.0
0.0
0.0
0.0
0.0
0.0
0.0
0.0
0.0
0.0
0.0
0.0
0.0
0.0
0.0
0.0
0.0
0.0
0.0
0.0
0.0
0.0
0.0
0.0
0.25
0.0
0.0
0.0
0.0
0.25
0.0
0.0
0.0
0.0
0.0
0.0
0.0
0.0
0.25
0.0
0.0
0.0
0.0
0.0
0.0
0.0
0.0
0.0
0.0
0.0
0.0
0.0
0.0
0.0
0.0
0.0
0.0
0.0
0.0
0.0
0.0
0.0
0.0
0.0
0.0
0.0
0.0
0.25
0.0
0.0
0.0
0.0
0.0
0.0
0.0
0.0
0.0
0.0
0.0
0.0
0.0
0.0
0.0
0.25
0.0
0.0
0.0
0.0
0.0
0.25
0.0
0.0
0.0
0.0
0.0
0.0
0.0
0.0
0.0
0.0
0.0
0.0
0.0
0.0
0.0
0.0
0.0
0.0
0.0
0.0
0.0
0.0
0.0
0.0
0.0
0.0
0.0
0.0
0.0
0.0
0.0
0.25
0.0
0.0
0.0
0.0
0.0
0.0
0.0
0.25
0.0
0.25
0.0
0.0
0.0
0.0
0.0
0.0
0.0
0.0
0.0
0.0
0.0
0.0
0.0
0.0
0.0
0.0
0.0
0.0
0.0
0.0
0.0
0.0
0.0
0.0
0.0
0.0
0.0
0.0
0.0
0.0
0.0
0.0
0.25
0.0
0.0
0.0
0.0
0.0
0.0
0.5
0.0
0.0
0.0
0.0
0.0
0.0
0.0
0.0
0.0
0.0
0.0
0.0
0.0
0.0
0.0
0.25
0.0
0.0
0.0
0.0
0.0
0.0
0.0
0.0
0.0
0.0
0.0
0.0
0.0
0.0
0.0
0.0
0.0
0.0
0.25
0.0
0.0
0.0
0.0
0.0
0.0
0.0
0.0
0.0
0.25
0.0
0.0
0.0
0.0
0.0
0.0
0.0
0.0
0.0
0.0
0.0
0.0
0.0
0.0
0.0
0.0
0.0
0.0
0.0
0.0
0.0
0.0
0.0
0.0
0.0
0.0
0.0
0.0
0.0
0.25
0.0
0.0
0.0
0.0
0.0
0.0
0.0
0.0
0.0
0.0
0.0
0.0
0.0
0.0
0.0
0.0
0.0
0.25
0.0
0.0
0.0
0.0
0.0
0.0
0.0
0.0
0.0
0.0
0.0
0.0
0.0
0.0
0.0
0.0
0.25
0.25
0.0
0.0
0.0
0.0
0.0
0.0
0.0
0.0
0.0
0.0
0.0
0.0
0.0
0.0
0.0
0.0
0.0
0.0
0.0
0.0
0.0
0.0
0.0
0.0
0.0
0.0
0.0
0.0
0.25
0.0
0.0
0.0
0.0
0.0
0.0
0.0
0.0
0.0
0.0
0.0
0.0
0.0
0.0
0.0
0.0
0.0
0.0
0.0
0.0
0.0
0.0
0.0
0.0
0.0
0.0
0.0
0.25
0.0
0.0
0.0
0.25
0.0
0.0
0.0
0.0
0.0
0.0
0.0
0.0
0.0
0.0
0.0
0.0
0.0
0.0
0.0
0.0
0.0
0.0
0.0
0.0
0.0
0.0
0.0
0.25
0.0
0.0
0.0
0.0
0.0
0.0
0.0
0.0
0.0
0.0
0.0
0.0
0.0
0.25
0.0
0.0
0.0
0.0
0.0
0.0
0.25
0.0
0.0
0.25

Average_Alpha:
1.0000000000000005e-09
5.000000000000001e-09
9.000000000000001e-09
1.2999999999999999e-08
1.7000000000000003e-08
2.0999999999999993e-08
2.4999999999999986e-08
2.9e-08
3.3e-08
3.700000000000002e-08
4.100000000000002e-08
4.5000000000000026e-08
4.9000000000000055e-08
5.3000000000000064e-08
5.700000000000006e-08
6.100000000000004e-08
6.500000000000004e-08
6.900000000000002e-08
7.299999999999999e-08
7.692599999999997e-08
8.092599999999995e-08
8.492599999999995e-08
8.892599999999993e-08
9.292599999999993e-08
9.69259999999999e-08
1.0092599999999991e-07
1.0492599999999984e-07
1.0892599999999987e-07
1.1292599999999982e-07
1.1692599999999984e-07
1.209259999999998e-07
1.249259999999998e-07
1.2892599999999976e-07
1.3292599999999977e-07
1.3692599999999973e-07
1.409259999999997e-07
1.4492599999999972e-07
1.489259999999997e-07
1.5292599999999968e-07
1.5692599999999964e-07
1.6092599999999968e-07
1.6492599999999966e-07
1.689259999999996e-07
1.729259999999996e-07
1.769259999999996e-07
1.809259999999996e-07
1.8492599999999952e-07
1.8892599999999948e-07
1.9292599999999957e-07
1.9692599999999952e-07
2.0092599999999945e-07
2.0492599999999944e-07
2.0892599999999952e-07
2.1292599999999945e-07
2.1692599999999938e-07
2.2092599999999934e-07
2.2492599999999943e-07
2.2892599999999939e-07
2.3292599999999932e-07
2.3692599999999925e-07
2.4092599999999944e-07
2.4492599999999937e-07
2.4892599999999956e-07
2.5292599999999955e-07
2.569259999999998e-07
2.609259999999998e-07
2.6492599999999997e-07
2.6892599999999996e-07
2.7292600000000004e-07
2.7692600000000013e-07
2.809260000000002e-07
2.8492600000000036e-07
2.8892600000000045e-07
2.9292600000000044e-07
2.9692600000000063e-07
3.0092600000000067e-07
3.0492600000000075e-07
3.089260000000008e-07
3.1292600000000104e-07
3.1661100000000106e-07
3.206110000000011e-07
3.2461100000000113e-07
3.286110000000014e-07
3.326110000000014e-07
3.366110000000014e-07
3.406110000000016e-07
3.4461100000000173e-07
3.486110000000018e-07
3.526110000000018e-07
3.566110000000019e-07
3.6061100000000204e-07
3.646110000000021e-07
3.686110000000022e-07
3.7261100000000225e-07
3.7661100000000245e-07
3.806110000000025e-07
3.8461100000000246e-07
3.8861100000000255e-07
3.926110000000028e-07
3.9661100000000294e-07
4.0061100000000287e-07
4.0461100000000296e-07
4.082030000000031e-07
4.1220300000000326e-07
4.1620300000000313e-07
4.2020300000000333e-07
4.242030000000035e-07
4.282030000000036e-07
4.3177100000000353e-07
4.357710000000036e-07
4.397710000000038e-07
4.43771000000004e-07
4.477710000000039e-07
4.51771000000004e-07
4.557710000000042e-07
4.597710000000043e-07
4.637710000000042e-07
4.6777100000000443e-07
4.717710000000046e-07
4.757710000000047e-07
4.797710000000044e-07
4.837710000000045e-07
4.877710000000042e-07
4.917710000000043e-07
4.95771000000004e-07
4.99771000000004e-07
5.037710000000038e-07
5.077710000000037e-07
5.117710000000036e-07
5.157710000000034e-07
5.197710000000033e-07
5.237710000000033e-07
5.277710000000031e-07
5.317710000000029e-07
5.357710000000028e-07
5.397710000000027e-07
5.437710000000026e-07
5.477710000000025e-07
5.517710000000023e-07
5.557710000000022e-07
5.597710000000021e-07
5.63771000000002e-07
5.677710000000018e-07
5.717710000000017e-07
5.757710000000016e-07
5.797710000000015e-07
5.837710000000013e-07
5.877710000000012e-07
5.917710000000009e-07
5.95771000000001e-07
5.997710000000009e-07
6.037710000000005e-07
6.077710000000005e-07
6.117710000000006e-07
6.157710000000005e-07
6.197710000000002e-07
6.237710000000002e-07
6.27458e-07
6.30825e-07
6.348249999999998e-07
6.388249999999996e-07
6.428249999999996e-07
6.468249999999995e-07
6.508249999999992e-07
6.548249999999991e-07
6.588249999999992e-07
6.62824999999999e-07
6.668249999999987e-07
6.708249999999986e-07
6.748249999999987e-07
6.781459999999986e-07
6.821459999999983e-07
6.861459999999982e-07
6.901459999999983e-07
6.941459999999979e-07
6.981459999999976e-07
7.021459999999977e-07
7.061459999999977e-07
7.101459999999975e-07
7.141459999999971e-07
7.181459999999971e-07
7.221459999999972e-07
7.261459999999972e-07
7.301459999999966e-07
7.341459999999966e-07
7.381459999999968e-07
7.421459999999965e-07
7.461459999999961e-07
7.501459999999962e-07
7.541459999999961e-07
7.581459999999961e-07
7.621459999999956e-07
7.661459999999955e-07
7.701459999999957e-07
7.741459999999958e-07
7.781459999999951e-07
7.821459999999952e-07
7.861459999999952e-07
7.901459999999953e-07
7.941459999999948e-07
7.981459999999946e-07
8.021459999999947e-07
8.053399999999947e-07
8.093399999999942e-07
8.133399999999942e-07
8.173399999999943e-07
8.205149999999943e-07
8.245149999999937e-07
8.285149999999937e-07
8.325149999999937e-07
8.365149999999938e-07
8.405149999999932e-07
8.445149999999931e-07
8.485149999999932e-07
8.525149999999932e-07
8.565149999999926e-07
8.605149999999926e-07
8.645149999999929e-07
8.685149999999928e-07
8.725149999999922e-07
8.765149999999924e-07
8.805149999999923e-07
8.845149999999924e-07
8.885149999999918e-07
8.925149999999918e-07
8.965149999999919e-07
9.005149999999918e-07
9.045149999999912e-07
9.085149999999913e-07
9.125149999999914e-07
9.165149999999912e-07
9.205149999999907e-07
9.245149999999908e-07
9.285149999999909e-07
9.325149999999907e-07
9.365149999999902e-07
9.405149999999903e-07
9.445149999999904e-07
9.485149999999904e-07
9.525149999999906e-07
9.565149999999901e-07
9.605149999999913e-07
9.645149999999907e-07
9.685149999999919e-07
9.725149999999913e-07
9.765149999999925e-07
9.80514999999992e-07
9.84514999999993e-07
9.885149999999923e-07
9.925149999999937e-07
9.965149999999931e-07
1.000514999999994e-06
1.0045149999999935e-06
1.0085149999999949e-06
1.0125149999999943e-06
1.0165149999999955e-06
1.020514999999995e-06
1.024514999999996e-06
1.0285149999999955e-06
1.0325149999999965e-06
1.0365149999999961e-06
1.040514999999997e-06
1.0445149999999967e-06
1.0485149999999979e-06
1.0525149999999973e-06
1.0565149999999983e-06
1.060514999999998e-06
1.0645149999999989e-06
1.0685149999999985e-06
1.0725149999999997e-06
1.0765149999999991e-06
1.0805150000000003e-06
1.0845149999999995e-06
1.0885150000000009e-06
1.0925150000000003e-06
1.0965150000000015e-06
1.100515000000001e-06
1.1045150000000019e-06
1.1085150000000013e-06
1.1125150000000027e-06
1.116515000000002e-06
1.1205150000000033e-06
1.1245150000000025e-06
1.1285150000000037e-06
1.1325150000000031e-06
1.1365150000000043e-06
1.140515000000004e-06
1.1445150000000049e-06
1.1485150000000045e-06
1.1525150000000057e-06
1.155515000000005e-06
1.1595150000000062e-06
1.1635150000000057e-06
1.1675150000000066e-06
1.1715150000000063e-06
1.1755150000000074e-06
1.1795150000000069e-06
1.183515000000008e-06
1.1875150000000075e-06
1.1915150000000084e-06
1.195515000000008e-06
1.199515000000009e-06
1.2035150000000087e-06
1.2075150000000096e-06
1.211515000000009e-06
1.2155150000000104e-06
1.2195150000000099e-06
1.223515000000011e-06
1.2275150000000105e-06
1.2315150000000116e-06
1.235515000000011e-06
1.2395150000000122e-06
1.2435150000000115e-06
1.2475150000000128e-06
1.2515150000000123e-06
1.2555150000000132e-06
1.2595150000000127e-06
1.2635150000000138e-06
1.2675150000000133e-06
1.2715150000000144e-06
1.2755150000000139e-06
1.2795150000000152e-06
1.2835150000000147e-06
1.2875150000000156e-06
1.2915150000000153e-06
1.2955150000000162e-06
1.2995150000000159e-06
1.303515000000017e-06
1.3075150000000163e-06
1.3115150000000174e-06
1.315515000000017e-06
1.319515000000018e-06
1.3235150000000177e-06
1.3275150000000186e-06
1.331515000000018e-06
1.3355150000000192e-06
1.3395150000000185e-06
1.34351500000002e-06
1.347515000000019e-06
1.3515150000000206e-06
1.35551500000002e-06
1.359515000000021e-06
1.3635150000000205e-06
1.3675150000000216e-06
1.371515000000021e-06
1.3755150000000224e-06
1.3795150000000217e-06
1.3835150000000228e-06
1.3875150000000223e-06
1.3915150000000232e-06
1.3955150000000229e-06
1.3995150000000238e-06
1.4035150000000235e-06
1.4075150000000246e-06
1.4115150000000239e-06
1.4155150000000252e-06
1.419515000000025e-06
1.4235150000000258e-06
1.4275150000000255e-06
1.4315150000000264e-06
1.4355150000000259e-06
1.439515000000027e-06
1.4435150000000265e-06
1.4475150000000276e-06
1.451515000000027e-06
1.4555150000000282e-06
1.4595150000000275e-06
1.4635150000000286e-06
1.467515000000028e-06
1.4715150000000297e-06
1.4755150000000287e-06
1.47951500000003e-06
1.4835150000000295e-06
1.4875150000000306e-06
1.49151500000003e-06
1.4955150000000312e-06
1.4995150000000307e-06
1.5035150000000318e-06
1.5075150000000313e-06
1.5115150000000322e-06
1.515515000000032e-06
1.5195150000000328e-06
1.523515000000032e-06
1.5275150000000339e-06
1.5315150000000327e-06
1.5355150000000342e-06
1.5395150000000333e-06
1.543515000000035e-06
1.547515000000034e-06
1.5515150000000357e-06
1.5555150000000347e-06
1.5585150000000362e-06
1.5625150000000354e-06
1.5665150000000368e-06
1.5705150000000358e-06
1.5745150000000372e-06
1.5785150000000364e-06
1.5825150000000378e-06
1.586515000000037e-06
1.5905150000000386e-06
1.5945150000000376e-06
1.598515000000039e-06
1.6025150000000382e-06
1.6065150000000396e-06
1.6105150000000386e-06
1.6145150000000404e-06
1.6175150000000393e-06
1.6215150000000407e-06
1.62551500000004e-06
1.6295150000000415e-06
1.6335150000000406e-06
1.6375150000000421e-06
1.6415150000000414e-06
1.6455150000000427e-06
1.649515000000042e-06
1.6535150000000433e-06
1.6575150000000424e-06
1.6615150000000437e-06
1.6655150000000432e-06
1.6695150000000445e-06
1.6735150000000433e-06
1.6775150000000451e-06
1.680515000000044e-06
1.6845150000000457e-06
1.688515000000045e-06
1.6925150000000463e-06
1.6965150000000453e-06
1.7005150000000469e-06
1.7045150000000459e-06
1.7085150000000477e-06
1.7125150000000463e-06
1.7165150000000483e-06
1.720515000000047e-06
1.7245150000000487e-06
1.728515000000048e-06
1.7325150000000493e-06
1.7365150000000483e-06
1.74051500000005e-06
1.7445150000000489e-06
1.7485150000000503e-06
1.7525150000000495e-06
1.756515000000051e-06
1.76051500000005e-06
1.7645150000000515e-06
1.7685150000000507e-06
1.772515000000052e-06
1.7765150000000513e-06
1.7805150000000529e-06
1.7845150000000521e-06
1.7885150000000535e-06
1.7925150000000527e-06
1.796515000000054e-06
1.800515000000053e-06
1.8045150000000547e-06
1.8085150000000537e-06
1.8125150000000553e-06
1.8165150000000545e-06
1.8205150000000559e-06
1.8245150000000547e-06
1.8285150000000565e-06
1.8325150000000553e-06
1.835515000000057e-06
1.8395150000000562e-06
1.8435150000000576e-06
1.8475150000000566e-06
1.851515000000058e-06
1.8555150000000572e-06
1.859515000000059e-06
1.8635150000000578e-06
1.8675150000000596e-06
1.8715150000000584e-06
1.87551500000006e-06
1.8795150000000592e-06
1.8835150000000606e-06
1.8875150000000596e-06
1.891515000000061e-06
1.8955150000000602e-06
1.8985150000000617e-06
1.9025150000000612e-06
1.9065150000000621e-06
1.9105150000000618e-06
1.914515000000063e-06
1.9185150000000624e-06
1.9225150000000635e-06
1.926515000000063e-06
1.930515000000064e-06
1.934515000000063e-06
1.9385150000000647e-06
1.9425150000000638e-06
1.9465150000000653e-06
1.9505150000000644e-06
1.954515000000066e-06
1.958515000000065e-06
1.962515000000066e-06
1.9665150000000656e-06
1.970515000000067e-06
1.9745150000000666e-06
1.9785150000000677e-06
1.982515000000067e-06
1.986515000000068e-06
1.990515000000068e-06
1.994515000000069e-06
1.9985150000000684e-06
2.0025150000000695e-06
2.006515000000069e-06
2.0105150000000697e-06
2.014515000000069e-06
2.0185150000000703e-06
2.02251500000007e-06
2.026515000000071e-06
2.030515000000071e-06
2.034515000000072e-06
2.038515000000071e-06
2.042515000000073e-06
2.046515000000072e-06
2.050515000000073e-06
2.0545150000000726e-06
2.0585150000000738e-06
2.0625150000000728e-06
2.0665150000000744e-06
2.070515000000074e-06
2.074515000000075e-06
2.078515000000074e-06
2.0825150000000756e-06
2.0865150000000746e-06
2.0905150000000757e-06
2.094515000000075e-06
2.0985150000000768e-06
2.102515000000076e-06
2.1065150000000774e-06
2.110515000000077e-06
2.1145150000000775e-06
2.118515000000077e-06
2.1225150000000786e-06
2.126515000000078e-06
2.130515000000079e-06
2.1335150000000785e-06
2.1375150000000793e-06
2.141515000000079e-06
2.1455150000000803e-06
2.14951500000008e-06
2.1535150000000805e-06
2.1575150000000803e-06
2.1615150000000815e-06
2.1655150000000805e-06
2.1695150000000817e-06
2.1735150000000815e-06
2.177515000000083e-06
2.1805150000000825e-06
2.184515000000083e-06
2.1875150000000826e-06
2.1915150000000833e-06
2.1955150000000836e-06
2.199515000000084e-06
2.203515000000084e-06
2.2075150000000854e-06
2.211515000000085e-06
2.2155150000000855e-06
2.219515000000085e-06
2.2235150000000866e-06
2.227515000000086e-06
2.2315150000000867e-06
2.235515000000086e-06
2.2395150000000874e-06
2.2435150000000872e-06
2.2475150000000875e-06
2.2515150000000874e-06
2.254515000000089e-06
2.2585150000000884e-06
2.262515000000089e-06
2.2665150000000885e-06
2.27051500000009e-06
2.2745150000000896e-06
2.2785150000000903e-06
2.2825150000000897e-06
2.2855150000000912e-06
2.2895150000000907e-06
2.2935150000000914e-06
2.297515000000091e-06
2.3015150000000924e-06
2.3055150000000923e-06
2.3095150000000926e-06
2.3135150000000925e-06
2.317515000000093e-06
2.3215150000000935e-06
2.3255150000000934e-06
2.3295150000000937e-06
2.3325150000000948e-06
2.3365150000000946e-06
2.340515000000095e-06
2.344515000000095e-06
2.348515000000096e-06
2.352515000000096e-06
2.356515000000096e-06
2.360515000000096e-06
2.3645150000000967e-06
2.368515000000097e-06
2.372515000000097e-06
2.3765150000000972e-06
2.3805150000000984e-06
2.3845150000000982e-06
2.3875150000000985e-06
2.3915150000000983e-06
2.3955150000001e-06
2.3995150000000994e-06
2.4035150000001e-06
2.4075150000000995e-06
2.4115150000001007e-06
2.4155150000001006e-06
2.419515000000101e-06
2.4235150000001008e-06
2.4275150000001023e-06
2.4315150000001018e-06
2.4345150000001024e-06
2.438515000000102e-06
2.442515000000103e-06
2.445515000000103e-06
2.4495150000001036e-06
2.453515000000103e-06
2.457515000000104e-06
2.461515000000104e-06
2.4655150000001048e-06
2.469515000000104e-06
2.4735150000001058e-06
2.4775150000001052e-06
2.481515000000106e-06
2.4855150000001054e-06
2.4895150000001066e-06
2.493515000000107e-06
2.4975150000001067e-06
2.501515000000107e-06
2.5055150000001078e-06
2.509515000000108e-06
2.5135150000001084e-06
2.517515000000108e-06
2.5215150000001085e-06
2.5255150000001097e-06
2.5295150000001087e-06
2.533515000000109e-06
2.53751500000011e-06
2.5415150000001105e-06
2.54551500000011e-06
2.5495150000001106e-06
2.5535150000001118e-06
2.5575150000001117e-06
2.560515000000111e-06
2.5645150000001113e-06
2.568515000000112e-06
2.572515000000113e-06
2.5765150000001127e-06
2.580515000000113e-06
2.584515000000114e-06
2.588515000000114e-06
2.592515000000114e-06
2.596515000000114e-06
2.6005150000001153e-06
2.604515000000115e-06
2.608515000000115e-06
2.612515000000115e-06
2.616515000000116e-06
2.6205150000001164e-06
2.6245150000001163e-06
2.628515000000116e-06
2.6325150000001173e-06
2.636515000000118e-06
2.6405150000001175e-06
2.6445150000001174e-06
2.6485150000001185e-06
2.6525150000001192e-06
2.6565150000001187e-06
2.660515000000119e-06
2.6645150000001197e-06
2.66851500000012e-06
2.67251500000012e-06
2.67651500000012e-06
2.680515000000121e-06
2.6845150000001216e-06
2.6885150000001207e-06
2.692515000000121e-06
2.6965150000001225e-06
2.700515000000123e-06
2.7045150000001227e-06
2.708515000000122e-06
2.7125150000001237e-06
2.7165150000001236e-06
2.720515000000123e-06
2.7235150000001233e-06
2.7265150000001244e-06
2.730515000000125e-06
2.7345150000001245e-06
2.7385150000001244e-06
2.742515000000126e-06
2.746515000000126e-06
2.750515000000126e-06
2.754515000000126e-06
2.758515000000127e-06
2.762515000000127e-06
2.766515000000127e-06
2.770515000000127e-06
2.7745150000001284e-06
2.7785150000001287e-06
2.782515000000128e-06
2.786515000000128e-06
2.7895150000001295e-06
2.7935150000001294e-06
2.7975150000001297e-06
2.8015150000001296e-06
2.8045150000001306e-06
2.808515000000131e-06
2.8125150000001304e-06
2.8165150000001303e-06
2.820515000000132e-06
2.8245150000001326e-06
2.828515000000132e-06
2.832515000000132e-06
2.836515000000133e-06
2.8405150000001338e-06
2.8445150000001324e-06
2.848515000000133e-06
2.8525150000001343e-06
2.856515000000135e-06
2.859515000000134e-06
2.8635150000001342e-06
2.8675150000001354e-06
2.8715150000001357e-06
2.8755150000001356e-06
2.8795150000001354e-06
2.8835150000001366e-06
2.887515000000137e-06
2.891515000000136e-06
2.8955150000001366e-06
2.8995150000001378e-06
2.9035150000001385e-06
2.907515000000138e-06
2.911515000000138e-06
2.9155150000001394e-06
2.919515000000139e-06
2.9235150000001387e-06
2.927515000000139e-06
2.9315150000001406e-06
2.9355150000001405e-06
2.93951500000014e-06
2.9435150000001402e-06
2.9475150000001414e-06
2.950515000000141e-06
2.9545150000001415e-06
2.9575320000001416e-06
2.9615320000001423e-06
2.965532000000143e-06
2.969532000000142e-06
2.9735320000001423e-06
2.977532000000144e-06
2.981532000000144e-06
2.9855320000001437e-06
2.9895320000001435e-06
2.993532000000145e-06
2.997532000000145e-06
3.0015320000001453e-06
3.0055320000001447e-06
3.0095320000001463e-06
3.013532000000146e-06
3.0175320000001456e-06
3.021532000000146e-06
3.0255320000001475e-06
3.0285320000001477e-06
3.0325320000001468e-06
3.036532000000147e-06
3.0405320000001486e-06
3.0445320000001494e-06
3.048532000000148e-06
3.052532000000149e-06
3.05653200000015e-06
3.0605320000001506e-06
3.064532000000149e-06
3.06853200000015e-06
3.0725320000001506e-06
3.0765320000001518e-06
3.0805320000001504e-06
3.084532000000151e-06
3.088532000000152e-06
3.092532000000153e-06
3.0965320000001516e-06
3.1005320000001523e-06
3.1045320000001534e-06
3.1085320000001537e-06
3.1125320000001528e-06
3.1165320000001535e-06
3.1205320000001546e-06
3.1245320000001554e-06
3.128532000000154e-06
3.1325320000001547e-06
3.136532000000156e-06
3.1405320000001566e-06
3.1445320000001556e-06
3.1485320000001555e-06
3.1525320000001566e-06
3.1565320000001573e-06
3.160532000000157e-06
3.1645320000001567e-06
3.1685320000001582e-06
3.172532000000159e-06
3.1765320000001576e-06
3.1805320000001587e-06
3.1845320000001595e-06
3.18853200000016e-06
3.1925320000001584e-06
3.1965320000001595e-06
3.2005320000001602e-06
3.2045320000001614e-06
3.2085320000001596e-06
3.2125320000001607e-06
3.2165320000001614e-06
3.220532000000162e-06
3.224532000000161e-06
3.2285320000001615e-06
3.232532000000163e-06
3.2365320000001634e-06
3.239532000000162e-06
3.243532000000163e-06
3.2475320000001638e-06
3.251532000000165e-06
3.255532000000163e-06
3.2595320000001642e-06
3.2635320000001654e-06
3.2675320000001657e-06
3.271532000000165e-06
3.275532000000165e-06
3.2795320000001666e-06
3.283532000000167e-06
3.287532000000166e-06
3.2915320000001666e-06
3.295532000000168e-06
3.299532000000168e-06
3.303532000000167e-06
3.307532000000168e-06
3.311532000000169e-06
3.3155320000001697e-06
3.3195320000001683e-06
3.323532000000169e-06
3.32753200000017e-06
3.331532000000171e-06
3.3355320000001695e-06
3.3395320000001702e-06
3.3435320000001714e-06
3.347532000000172e-06
3.3515320000001707e-06
3.3555320000001715e-06
3.3595320000001726e-06
3.3635320000001733e-06
3.367532000000172e-06
3.3715320000001727e-06
3.3755320000001734e-06
3.3795320000001745e-06
3.3835320000001727e-06
3.387532000000174e-06
3.3915320000001754e-06
3.3955320000001757e-06
3.3995320000001748e-06
3.4035320000001746e-06
3.4075320000001766e-06
3.4115320000001765e-06
3.415532000000176e-06
3.4195320000001763e-06
3.4235320000001774e-06
3.427532000000178e-06
3.4315320000001767e-06
3.4355320000001775e-06
3.4395320000001786e-06
3.4435320000001798e-06
3.4475320000001775e-06
3.4515320000001787e-06
3.4555320000001794e-06
3.4595320000001805e-06
3.463532000000179e-06
3.46753200000018e-06
3.471532000000181e-06
3.4755320000001813e-06
3.4795320000001803e-06
3.4835320000001815e-06
3.4875320000001822e-06
3.4915320000001825e-06
3.495532000000181e-06
3.4995320000001823e-06
3.503532000000183e-06
3.507532000000184e-06
3.5115320000001823e-06
3.5155320000001835e-06
3.5195320000001846e-06
3.523532000000185e-06
3.5275320000001844e-06
3.5315320000001843e-06
3.535532000000186e-06
3.538532000000186e-06
3.542532000000185e-06
3.546532000000186e-06
3.550532000000187e-06
3.5545320000001877e-06
3.5585320000001863e-06
3.5625320000001874e-06
3.566532000000188e-06
3.5705320000001885e-06
3.5745320000001875e-06
3.5785320000001878e-06
3.5825320000001894e-06
3.58653200000019e-06
3.5905320000001887e-06
3.594532000000189e-06
3.5985320000001906e-06
3.6025320000001913e-06
3.60553200000019e-06
3.60953200000019e-06
3.6135320000001917e-06
3.6175320000001924e-06
3.621532000000191e-06
3.624532000000192e-06
3.628532000000193e-06
3.632532000000194e-06
3.636532000000192e-06
3.6405320000001933e-06
3.644532000000194e-06
3.6485320000001947e-06
3.6525320000001933e-06
3.656532000000194e-06
3.6605320000001952e-06
3.664532000000196e-06
3.6685320000001945e-06
3.6725320000001953e-06
3.6765320000001964e-06
3.680532000000197e-06
3.6845320000001957e-06
3.688532000000197e-06
3.692532000000198e-06
3.6965320000001983e-06
3.7005320000001974e-06
3.7045320000001977e-06
3.708532000000199e-06
3.7125320000001995e-06
3.7165320000001986e-06
3.720532000000199e-06
3.7245320000002e-06
3.7285320000002007e-06
3.7325320000001998e-06
3.7365320000002e-06
3.7405320000002016e-06
3.7445320000002015e-06
3.748532000000201e-06
3.7525320000002017e-06
3.7565320000002024e-06
3.7605320000002036e-06
3.7645320000002018e-06
3.768532000000203e-06
3.7725320000002036e-06
3.7765320000002048e-06
3.7805320000002034e-06
3.7845320000002037e-06
3.7885320000002036e-06
3.792532000000201e-06
3.796532000000198e-06
3.8005320000001985e-06
3.8045320000001984e-06
3.8085320000001953e-06
3.8125320000001927e-06
3.816532000000193e-06
3.820532000000193e-06
3.82453200000019e-06
3.828532000000187e-06
3.8325320000001865e-06
3.836532000000188e-06
3.840532000000185e-06
3.844532000000182e-06
3.848532000000182e-06
3.852532000000182e-06
3.856532000000179e-06
3.860532000000177e-06
3.864532000000176e-06
3.868532000000177e-06
3.872532000000174e-06
3.876532000000171e-06
3.8805320000001715e-06
3.884532000000171e-06
3.888532000000169e-06
3.892532000000166e-06
3.896532000000166e-06
3.900532000000166e-06
3.904532000000163e-06
3.908532000000161e-06
3.91153200000016e-06
3.915532000000161e-06
3.919532000000158e-06
3.923532000000155e-06
3.9265320000001555e-06
3.930532000000156e-06
3.934532000000153e-06
3.938532000000149e-06
3.94253200000015e-06
3.94653200000015e-06
3.950532000000147e-06
3.954532000000144e-06
3.958532000000144e-06
3.962532000000145e-06
3.966532000000142e-06
3.970532000000139e-06
3.974532000000139e-06
3.978532000000139e-06
3.982532000000136e-06
3.986532000000134e-06
3.990532000000133e-06
3.9945320000001335e-06
3.998532000000131e-06
4.002532000000128e-06
4.0065320000001285e-06
4.010532000000128e-06
4.0145320000001265e-06
4.0185320000001234e-06
4.022532000000123e-06
4.026532000000122e-06
4.03053200000012e-06
4.034532000000118e-06
4.038532000000117e-06
4.042532000000118e-06
4.045532000000116e-06
4.049532000000112e-06
4.053532000000112e-06
4.057532000000112e-06
4.06153200000011e-06
4.065532000000106e-06
4.0695320000001065e-06
4.073532000000107e-06
4.077532000000104e-06
4.0815320000001015e-06
4.085532000000102e-06
4.089532000000101e-06
4.093532000000099e-06
4.097532000000097e-06
4.101532000000097e-06
4.1055320000000965e-06
4.109532000000093e-06
4.11353200000009e-06
4.117532000000091e-06
4.121532000000091e-06
4.125532000000088e-06
4.129532000000085e-06
4.133532000000086e-06
4.137532000000086e-06
4.141532000000083e-06
4.14553200000008e-06
4.14953200000008e-06
4.153532000000081e-06
4.1575320000000775e-06
4.161532000000075e-06
4.165532000000075e-06
4.169532000000075e-06
4.173532000000072e-06
4.177532000000069e-06
4.181532000000069e-06
4.1855320000000695e-06
4.189532000000067e-06
4.193532000000064e-06
4.1975320000000645e-06
4.201532000000065e-06
4.2055320000000625e-06
4.2095320000000594e-06
4.213532000000058e-06
4.217532000000058e-06
4.221532000000056e-06
4.225532000000054e-06
4.229532000000053e-06
4.233532000000054e-06
4.2375320000000505e-06
4.2415320000000474e-06
4.245532000000048e-06
4.249532000000049e-06
4.253532000000046e-06
4.257532000000042e-06
4.261532000000044e-06
4.2655320000000425e-06
4.26953200000004e-06
4.273532000000037e-06
4.277532000000037e-06
4.281532000000038e-06
4.285532000000035e-06
4.288532000000033e-06
4.291532000000032e-06
4.295532000000033e-06
4.29953200000003e-06
4.303532000000027e-06
4.307532000000027e-06
4.311532000000027e-06
4.315532000000024e-06
4.319532000000021e-06
4.323532000000021e-06
4.327532000000022e-06
4.331532000000018e-06
4.3355320000000155e-06
4.338532000000016e-06
4.3425320000000165e-06
4.346532000000013e-06
4.350532000000011e-06
4.354532000000011e-06
4.35853200000001e-06
4.362532000000008e-06
4.366532000000006e-06
4.370532000000005e-06
4.374532000000005e-06
4.378532000000003e-06
4.382532e-06
4.386532e-06
4.390532e-06
4.3945319999999975e-06
4.398531999999995e-06
4.402531999999995e-06
4.406531999999994e-06
4.410531999999991e-06
4.414531999999989e-06
4.4175319999999895e-06
4.421531999999989e-06
4.425531999999987e-06
4.429531999999984e-06
4.433531999999984e-06
4.437531999999983e-06
4.44153199999998e-06
4.445531999999978e-06
4.449531999999978e-06
4.453531999999979e-06
4.4575319999999756e-06
4.461531999999973e-06
4.465531999999974e-06
4.469531999999973e-06
4.47353199999997e-06
4.477531999999968e-06
4.481531999999968e-06
4.4855319999999675e-06
4.489531999999964e-06
4.493531999999962e-06
4.4975319999999625e-06
4.501531999999963e-06
4.50553199999996e-06
4.509531999999957e-06
4.513531999999957e-06
4.517531999999957e-06
4.521531999999955e-06
4.525531999999952e-06
4.529531999999951e-06
4.533531999999952e-06
4.5375319999999485e-06
4.541531999999946e-06
4.545531999999946e-06
4.549531999999946e-06
4.552531999999943e-06
4.55653199999994e-06
4.560531999999941e-06
4.564531999999941e-06
4.568531999999938e-06
4.572531999999935e-06
4.576531999999935e-06
4.580531999999936e-06
4.584531999999933e-06
4.58853199999993e-06
4.59253199999993e-06
4.5965319999999305e-06
4.599531999999928e-06
4.603531999999924e-06
4.607531999999925e-06
4.611531999999925e-06
4.615531999999922e-06
4.619531999999919e-06
4.622531999999919e-06
4.626531999999919e-06
4.630531999999916e-06
4.634531999999914e-06
4.638531999999914e-06
4.642531999999914e-06
4.646531999999911e-06
4.650531999999908e-06
4.65453199999991e-06
4.658531999999908e-06
4.662531999999906e-06
4.666531999999903e-06
4.670531999999902e-06
4.673531999999904e-06
4.6775319999999e-06
4.6815319999998975e-06
4.6855319999998995e-06
4.689531999999898e-06
4.693531999999895e-06
4.697531999999891e-06
4.701531999999891e-06
4.7055319999998926e-06
4.7095319999998895e-06
4.713531999999886e-06
4.717531999999889e-06
4.721531999999887e-06
4.725531999999885e-06
4.729531999999882e-06
4.73353199999988e-06
4.737531999999881e-06
4.741531999999878e-06
4.745531999999876e-06
4.749531999999877e-06
4.753531999999877e-06
4.757531999999874e-06
4.7615319999998705e-06
4.765531999999869e-06
4.769531999999871e-06
4.773531999999869e-06
4.777531999999866e-06
4.781531999999867e-06
4.785531999999865e-06
4.7895319999998624e-06
4.79253199999986e-06
4.796531999999858e-06
4.80053199999986e-06
4.804531999999857e-06
4.808531999999854e-06
4.8115319999998565e-06
4.815531999999855e-06
4.819531999999852e-06
4.823531999999849e-06
4.8275319999998475e-06
4.8315319999998495e-06
4.835531999999846e-06
4.839531999999843e-06
4.843531999999845e-06
4.847531999999844e-06
4.851531999999841e-06
4.855531999999838e-06
4.859531999999836e-06
4.863531999999838e-06
4.867531999999835e-06
4.871531999999832e-06
4.875531999999833e-06
4.879531999999833e-06
4.88353199999983e-06
4.887531999999827e-06
4.891531999999825e-06
4.894531999999827e-06
4.8985319999998245e-06
4.9025319999998205e-06
4.906531999999823e-06
4.910531999999822e-06
4.914531999999819e-06
4.918531999999816e-06
4.922531999999814e-06
4.926531999999816e-06
4.929531999999813e-06
4.93353199999981e-06
4.937531999999813e-06
4.941531999999811e-06
4.945531999999808e-06
4.949531999999804e-06
4.953531999999803e-06
4.957531999999806e-06
4.961531999999802e-06
4.965531999999799e-06
4.969531999999801e-06
4.9735319999998e-06
4.977531999999797e-06
4.981531999999794e-06
4.9855319999997925e-06
4.9895319999997945e-06
4.993531999999791e-06
4.997531999999788e-06
5.00053199999979e-06
5.004531999999789e-06
5.008531999999786e-06
5.012531999999782e-06
5.016531999999782e-06
5.020531999999783e-06
5.0245319999997806e-06
5.028531999999777e-06
5.032531999999779e-06
5.036531999999778e-06
5.040531999999775e-06
5.044531999999772e-06
5.0485319999997705e-06
5.052531999999772e-06
5.056531999999769e-06
5.060531999999766e-06
5.0645319999997675e-06
5.067531999999767e-06
5.071531999999763e-06
5.07553199999976e-06
5.079531999999759e-06
5.083531999999762e-06
5.087531999999758e-06
5.091531999999755e-06
5.095531999999757e-06
5.099531999999756e-06
5.103531999999753e-06
5.10753199999975e-06
5.1115319999997486e-06
5.11553199999975e-06
5.119531999999747e-06
5.123531999999744e-06
5.1275319999997455e-06
5.131531999999744e-06
5.135531999999741e-06
5.139531999999739e-06
5.143531999999737e-06
5.1475319999997386e-06
5.151531999999736e-06
5.155531999999734e-06
5.159531999999734e-06
5.163531999999733e-06
5.16753199999973e-06
5.171531999999728e-06
5.175531999999726e-06
5.179531999999728e-06
5.183531999999725e-06
5.187531999999721e-06
5.191531999999724e-06
5.195531999999723e-06
5.19953199999972e-06
5.203531999999716e-06
5.207531999999714e-06
5.211531999999717e-06
5.215531999999714e-06
5.219531999999711e-06
5.223531999999713e-06
5.2275319999997115e-06
5.2315319999997085e-06
5.235531999999706e-06
5.239531999999704e-06
5.243531999999705e-06
5.247531999999703e-06
5.251531999999701e-06
5.255531999999702e-06
5.2595319999997e-06
5.263531999999698e-06
5.267531999999694e-06
5.271531999999694e-06
5.275531999999694e-06
5.279531999999692e-06
5.283531999999689e-06
5.287531999999691e-06
5.291531999999689e-06
5.295531999999686e-06
5.299531999999683e-06
5.3035319999996825e-06
5.307531999999684e-06
5.311531999999681e-06
5.3155319999996775e-06
5.31953199999968e-06
5.3225319999996784e-06
5.326531999999675e-06
5.330531999999673e-06
5.334531999999671e-06
5.338531999999673e-06
5.34253199999967e-06
5.3465319999996675e-06
5.350531999999669e-06
5.354531999999667e-06
5.358531999999664e-06
5.362531999999661e-06
5.366531999999661e-06
5.370531999999662e-06
5.374531999999659e-06
5.3785319999996556e-06
5.3825319999996575e-06
5.386531999999656e-06
5.390531999999653e-06
5.39453199999965e-06
5.398531999999649e-06
5.402531999999651e-06
5.406531999999648e-06
5.408531999999645e-06
5.412531999999646e-06
5.415531999999645e-06
5.419531999999642e-06
5.423531999999639e-06
5.427531999999638e-06
5.4315319999996405e-06
5.4355319999996365e-06
5.4395319999996335e-06
5.4435319999996354e-06
5.447531999999634e-06
5.451531999999631e-06
5.455531999999628e-06
5.458531999999627e-06
5.462531999999629e-06
5.466531999999626e-06
5.470531999999623e-06
5.474531999999625e-06
5.478531999999623e-06
5.48253199999962e-06
5.486531999999617e-06
5.490531999999616e-06
5.4945319999996185e-06
5.498531999999615e-06
5.502531999999612e-06
5.506531999999613e-06
5.510531999999613e-06
5.514531999999609e-06
5.518531999999606e-06
5.5225319999996045e-06
5.5265319999996065e-06
5.530531999999604e-06
5.534531999999601e-06
5.538531999999602e-06
5.5425319999996e-06
5.546531999999598e-06
5.550531999999596e-06
5.554531999999593e-06
5.558531999999595e-06
5.562531999999592e-06
5.56653199999959e-06
5.570531999999592e-06
5.574531999999591e-06
5.578531999999587e-06
5.582531999999584e-06
5.586531999999583e-06
5.590531999999585e-06
5.594531999999581e-06
5.598531999999578e-06
5.602531999999581e-06
5.6065319999995795e-06
5.609531999999576e-06
5.613531999999574e-06
5.617531999999572e-06
5.6215319999995734e-06
5.62553199999957e-06
5.629531999999567e-06
5.633531999999569e-06
5.637531999999569e-06
5.641531999999566e-06
5.645531999999562e-06
5.649531999999561e-06
5.652531999999562e-06
5.6565319999995595e-06
5.660531999999557e-06
5.663531999999558e-06
5.667531999999557e-06
5.671531999999554e-06
5.675531999999551e-06
5.67953199999955e-06
5.683531999999551e-06
5.687531999999549e-06
5.691531999999546e-06
5.695531999999548e-06
5.699531999999545e-06
5.703531999999543e-06
5.70753199999954e-06
5.711531999999539e-06
5.715531999999541e-06
5.719531999999538e-06
5.723531999999535e-06
5.7275319999995365e-06
5.731531999999534e-06
5.735531999999532e-06
5.739531999999529e-06
5.7435319999995275e-06
5.7475319999995295e-06
5.7515319999995265e-06
5.755531999999523e-06
5.759531999999525e-06
5.763531999999525e-06
5.767531999999521e-06
5.771531999999518e-06
5.775531999999516e-06
5.779531999999518e-06
5.783531999999515e-06
5.787531999999512e-06
5.791531999999514e-06
5.795531999999514e-06
5.79953199999951e-06
5.8035319999995075e-06
5.807531999999506e-06
5.811531999999506e-06
5.815531999999504e-06
5.819531999999501e-06
5.823531999999503e-06
5.827531999999502e-06
5.8315319999994994e-06
5.835531999999496e-06
5.839531999999494e-06
5.843531999999496e-06
5.847531999999493e-06
5.851531999999491e-06
5.855531999999492e-06
5.8595319999994905e-06
5.862531999999488e-06
5.8665319999994855e-06
5.870531999999483e-06
5.8745319999994844e-06
5.878531999999482e-06
5.882531999999479e-06
5.88653199999948e-06
5.89053199999948e-06
5.894531999999477e-06
5.8985319999994735e-06
5.902531999999473e-06
5.906531999999473e-06
5.910531999999471e-06
5.914531999999468e-06
5.91853199999947e-06
5.921531999999467e-06
5.924531999999465e-06
5.928531999999462e-06
5.932531999999462e-06
5.936531999999463e-06
5.94053199999946e-06
5.944531999999457e-06
5.948531999999459e-06
5.952531999999457e-06
5.956531999999454e-06
5.960531999999451e-06
5.96453199999945e-06
5.9685319999994525e-06
5.9725319999994495e-06
5.9765319999994455e-06
5.980531999999447e-06
5.984531999999445e-06
5.988531999999444e-06
5.99253199999944e-06
5.9965319999994386e-06
6.0005319999994405e-06
6.0045319999994375e-06
6.008531999999435e-06
6.012531999999436e-06
6.016531999999435e-06
6.020531999999432e-06
6.024531999999429e-06
6.028531999999428e-06
6.032531999999429e-06
6.036531999999426e-06
6.040531999999423e-06
6.044531999999425e-06
6.048531999999425e-06
6.052531999999421e-06
6.056531999999417e-06
6.060531999999417e-06
6.06453199999942e-06
6.068531999999415e-06
6.072531999999412e-06
6.076531999999414e-06
6.0805319999994135e-06
6.0845319999994104e-06
6.088531999999406e-06
6.092531999999405e-06
6.096531999999408e-06
6.100531999999404e-06
6.104531999999401e-06
6.108531999999403e-06
6.112531999999402e-06
6.116531999999399e-06
6.1205319999993945e-06
6.124531999999395e-06
6.128531999999397e-06
6.132531999999392e-06
6.13653199999939e-06
6.140531999999392e-06
6.14453199999939e-06
6.148531999999387e-06
6.152531999999385e-06
6.156531999999384e-06
6.160531999999386e-06
6.164531999999382e-06
6.168531999999378e-06
6.172531999999381e-06
6.17653199999938e-06
6.180531999999376e-06
6.184531999999371e-06
6.1885319999993725e-06
6.1925319999993745e-06
6.1965319999993706e-06
6.200531999999367e-06
6.2045319999993695e-06
6.20853199999937e-06
6.212531999999365e-06
6.216531999999362e-06
6.2205319999993605e-06
6.224531999999363e-06
6.22853199999936e-06
6.231531999999356e-06
6.235531999999359e-06
6.239531999999359e-06
6.243531999999354e-06
6.24753199999935e-06
6.25053199999935e-06
6.254531999999352e-06
6.258531999999348e-06
6.262531999999345e-06
6.266531999999347e-06
6.2705319999993465e-06
6.274531999999343e-06
6.2785319999993395e-06
6.281531999999338e-06
6.285531999999341e-06
6.289531999999338e-06
6.293531999999334e-06
6.297531999999336e-06
6.301531999999336e-06
6.305531999999331e-06
6.309531999999329e-06
6.313531999999327e-06
6.317531999999329e-06
6.321531999999326e-06
6.325531999999322e-06
6.329531999999326e-06
6.3335319999993245e-06
6.337531999999321e-06
6.341531999999317e-06
6.345531999999317e-06
6.349531999999319e-06
6.353531999999315e-06
6.357531999999312e-06
6.361531999999315e-06
6.365531999999314e-06
6.36953199999931e-06
6.3735319999993055e-06
6.377531999999305e-06
6.381531999999308e-06
6.384531999999304e-06
6.3885319999992994e-06
6.392531999999303e-06
6.396531999999302e-06
6.400531999999299e-06
6.404531999999295e-06
6.408531999999295e-06
6.412531999999297e-06
6.416531999999293e-06
6.420531999999289e-06
6.424531999999291e-06
6.4285319999992914e-06
6.4325319999992875e-06
6.4365319999992836e-06
6.440531999999283e-06
6.444531999999287e-06
6.448531999999282e-06
6.452531999999279e-06
6.456531999999281e-06
6.4605319999992794e-06
6.464531999999277e-06
6.468531999999272e-06
6.472531999999272e-06
6.476531999999274e-06
6.48053199999927e-06
6.484531999999268e-06
6.48853199999927e-06
6.492531999999269e-06
6.496531999999265e-06
6.5005319999992604e-06
6.5045319999992616e-06
6.5085319999992636e-06
6.51153199999926e-06
6.515531999999255e-06
6.519531999999258e-06
6.5235319999992575e-06
6.527531999999254e-06
6.5315319999992505e-06
6.53553199999925e-06
6.539531999999253e-06
6.542531999999249e-06
6.546531999999244e-06
6.550531999999247e-06
6.5545319999992475e-06
6.558531999999243e-06
6.562531999999239e-06
6.5655319999992395e-06
6.5695319999992415e-06
6.573531999999237e-06
6.577531999999234e-06
6.580531999999237e-06
6.584531999999235e-06
6.5885319999992315e-06
6.592531999999228e-06
6.596531999999227e-06
6.60053199999923e-06
6.604531999999226e-06
6.608531999999223e-06
6.612531999999226e-06
6.616531999999225e-06
6.620531999999221e-06
6.624531999999216e-06
6.628531999999216e-06
6.632531999999219e-06
6.636531999999215e-06
6.640531999999211e-06
6.644531999999214e-06
6.648531999999213e-06
6.65253199999921e-06
6.656531999999206e-06
6.6605319999992055e-06
6.663531999999208e-06
6.667531999999204e-06
6.6715319999992e-06
6.675531999999203e-06
6.679531999999202e-06
6.683531999999198e-06
6.6875319999991944e-06
6.691531999999194e-06
6.6955319999991976e-06
6.699531999999193e-06
6.70353199999919e-06
6.707531999999192e-06
6.711531999999191e-06
6.715531999999188e-06
6.719531999999183e-06
6.723531999999181e-06
6.727531999999186e-06
6.731531999999182e-06
6.7355319999991786e-06
6.739531999999182e-06
6.74353199999918e-06
6.747531999999177e-06
6.751531999999173e-06
6.755531999999171e-06
6.7595319999991744e-06
6.76353199999917e-06
6.767531999999167e-06
6.771531999999171e-06
6.774531999999169e-06
6.778531999999165e-06
6.782531999999161e-06
6.786531999999159e-06
6.790531999999164e-06
6.79453199999916e-06
6.798531999999156e-06
6.8025319999991594e-06
6.806531999999157e-06
6.810531999999153e-06
6.81453199999915e-06
6.818531999999149e-06
6.821531999999152e-06
6.825531999999149e-06
6.8285319999991445e-06
6.8315319999991485e-06
6.835531999999146e-06
6.839531999999143e-06
6.843531999999139e-06
6.847531999999137e-06
6.851531999999141e-06
6.855531999999137e-06
6.8595319999991345e-06
6.863531999999138e-06
6.867531999999136e-06
6.871531999999132e-06
6.875531999999127e-06
6.879531999999126e-06
6.8835319999991295e-06
6.887531999999126e-06
6.891531999999122e-06
6.895531999999126e-06
6.899531999999124e-06
6.903531999999121e-06
6.907531999999117e-06
6.911531999999115e-06
6.915531999999119e-06
6.919531999999115e-06
6.923531999999111e-06
6.927531999999115e-06
6.931531999999114e-06
6.93553199999911e-06
6.939531999999105e-06
6.9435319999991035e-06
6.947531999999108e-06
6.951531999999103e-06
6.9555319999991e-06
6.959531999999104e-06
6.963531999999102e-06
6.9675319999990986e-06
6.971531999999095e-06
6.975531999999092e-06
6.979531999999096e-06
6.983531999999093e-06
6.987531999999089e-06
6.991531999999093e-06
6.995531999999091e-06
6.999531999999087e-06
7.0035319999990835e-06
7.007531999999081e-06
7.011531999999085e-06
7.015531999999081e-06
7.019531999999077e-06
7.023531999999082e-06
7.027531999999079e-06
7.0315319999990754e-06
7.035531999999072e-06
7.03953199999907e-06
7.043531999999075e-06
7.047531999999071e-06
7.051531999999067e-06
7.0555319999990705e-06
7.059531999999069e-06
7.063531999999064e-06
7.067531999999061e-06
7.071531999999058e-06
7.075531999999062e-06
7.0795319999990596e-06
7.083531999999056e-06
7.087531999999059e-06
7.091531999999057e-06
7.095531999999054e-06
7.09953199999905e-06
7.103531999999048e-06
7.1075319999990515e-06
7.1115319999990476e-06
7.115531999999045e-06
7.119531999999049e-06
7.123531999999047e-06
7.127531999999043e-06
7.131531999999038e-06
7.135531999999037e-06
7.13953199999904e-06
7.143531999999036e-06
7.1475319999990325e-06
7.151531999999037e-06
7.155531999999035e-06
7.159531999999032e-06
7.163531999999028e-06
7.1675319999990255e-06
7.1705319999990295e-06
7.174531999999026e-06
7.1785319999990225e-06
7.182531999999026e-06
7.186531999999024e-06
7.19053199999902e-06
7.194531999999016e-06
7.198531999999015e-06
7.202531999999018e-06
7.2065319999990145e-06
7.210531999999011e-06
7.214531999999015e-06
7.218531999999013e-06
7.222531999999009e-06
7.226531999999005e-06
7.230531999999003e-06
7.234531999999007e-06
7.238531999999003e-06
7.242531999999e-06
7.246531999999004e-06
7.2505319999990025e-06
7.254531999998999e-06
7.258531999998994e-06
7.262531999998992e-06
7.266531999998996e-06
7.270531999998992e-06
7.274531999998989e-06
7.278531999998992e-06
7.28253199999899e-06
7.286531999998987e-06
7.2905319999989835e-06
7.294531999998981e-06
7.298531999998985e-06
7.302531999998981e-06
7.306531999998978e-06
7.310531999998982e-06
7.314531999998979e-06
7.3185319999989754e-06
7.322531999998971e-06
7.32653199999897e-06
7.330531999998974e-06
7.334531999998969e-06
7.338531999998966e-06
7.3425319999989705e-06
7.346531999998968e-06
7.350531999998964e-06
7.35453199999896e-06
7.358531999998958e-06
7.362531999998963e-06
7.3665319999989596e-06
7.370531999998955e-06
7.3745319999989585e-06
7.378531999998958e-06
7.382531999998954e-06
7.38653199999895e-06
7.390531999998947e-06
7.394531999998951e-06
7.3985319999989476e-06
7.402531999998944e-06
7.406531999998947e-06
7.410531999998945e-06
7.414531999998941e-06
7.418531999998939e-06
7.422531999998937e-06
7.42653199999894e-06
7.4305319999989364e-06
7.434531999998933e-06
7.438531999998937e-06
7.442531999998935e-06
7.446531999998931e-06
7.450531999998927e-06
7.4545319999989255e-06
7.458531999998929e-06
7.462531999998925e-06
7.466531999998922e-06
7.470531999998926e-06
7.474531999998924e-06
7.47853199999892e-06
7.482531999998916e-06
7.4865319999989135e-06
7.490531999998918e-06
7.494531999998914e-06
7.498531999998911e-06
7.502531999998915e-06
7.506531999998913e-06
7.510531999998909e-06
7.514531999998905e-06
7.518531999998903e-06
7.522531999998907e-06
7.526531999998903e-06
7.5305319999989e-06
7.534531999998903e-06
7.5385319999989005e-06
7.542531999998897e-06
7.545531999998894e-06
7.549531999998892e-06
7.553531999998896e-06
7.557531999998894e-06
7.561531999998899e-06
7.565531999998897e-06
7.569531999998902e-06
7.573531999998901e-06
7.5775319999989055e-06
7.5805319999989045e-06
7.584531999998911e-06
7.588531999998908e-06
7.592531999998913e-06
7.596531999998912e-06
7.600531999998917e-06
7.604531999998915e-06
7.60853199999892e-06
7.612531999998919e-06
7.616531999998925e-06
7.620531999998923e-06
7.624531999998928e-06
7.628531999998927e-06
7.63253199999893e-06
7.636531999998929e-06
7.640531999998934e-06
7.643531999998933e-06
7.647531999998938e-06
7.651531999998937e-06
7.655531999998942e-06
7.65953199999894e-06
7.663531999998946e-06
7.666531999998944e-06
7.67053199999895e-06
7.674531999998948e-06
7.678531999998953e-06
7.68253199999895e-06
7.686531999998957e-06
7.690531999998956e-06
7.69453199999896e-06
7.698531999998958e-06
7.702531999998964e-06
7.706531999998962e-06
7.710531999998968e-06
7.714531999998966e-06
7.718531999998972e-06
7.72253199999897e-06
7.726531999998974e-06
7.730531999998973e-06
7.734531999998978e-06
7.738531999998977e-06
7.742531999998984e-06
7.74653199999898e-06
7.750531999998986e-06
7.754531999998984e-06
7.75853199999899e-06
7.762531999998988e-06
7.766531999998994e-06
7.77053199999899e-06
7.774531999998996e-06
7.778531999998995e-06
7.782531999999e-06
7.786531999998999e-06
7.790531999999004e-06
7.793531999999e-06
7.797531999999008e-06
7.801531999999006e-06
7.805531999999012e-06
7.809531999999009e-06
7.813531999999014e-06
7.817531999999013e-06
7.821531999999018e-06
7.825531999999016e-06
7.829531999999022e-06
7.833531999999019e-06
7.837531999999026e-06
7.841531999999023e-06
7.84453199999903e-06
7.848531999999026e-06
7.852531999999033e-06
7.856531999999032e-06
7.860531999999036e-06
7.864531999999034e-06
7.86853199999904e-06
7.872531999999037e-06
7.875531999999043e-06
7.879531999999042e-06
7.883531999999049e-06
7.887531999999046e-06
7.89153199999905e-06
7.89553199999905e-06
7.899531999999053e-06
7.903531999999052e-06
7.907531999999057e-06
7.911531999999058e-06
7.915531999999061e-06
7.91953199999906e-06
7.923531999999065e-06
7.927531999999064e-06
7.931531999999068e-06
7.935531999999065e-06
7.938531999999071e-06
7.94253199999907e-06
7.946531999999077e-06
7.950531999999074e-06
7.954531999999079e-06
7.958531999999078e-06
7.962531999999083e-06
7.966531999999082e-06
7.970531999999087e-06
7.974531999999086e-06
7.978531999999091e-06
7.982531999999088e-06
7.985531999999095e-06
7.989531999999092e-06
7.993531999999099e-06
7.997531999999095e-06
8.001531999999101e-06
8.005531999999101e-06
8.009531999999105e-06
8.013531999999103e-06
8.017531999999107e-06
8.021531999999106e-06
8.025531999999111e-06
8.029531999999111e-06
8.033531999999115e-06
8.037531999999115e-06
8.041531999999119e-06
8.045531999999116e-06
8.049531999999123e-06
8.053531999999122e-06
8.057531999999127e-06
8.061531999999124e-06
8.06553199999913e-06
8.069531999999128e-06
8.073531999999133e-06
8.07753199999913e-06
8.081531999999139e-06
8.085531999999136e-06
8.08953199999914e-06
8.09353199999914e-06
8.097531999999144e-06
8.101531999999142e-06
8.10553199999915e-06
8.109531999999148e-06
8.113531999999152e-06
8.11753199999915e-06
8.121531999999156e-06
8.125531999999153e-06
8.129531999999158e-06
8.133531999999157e-06
8.137531999999164e-06
8.14153199999916e-06
8.145531999999164e-06
8.149531999999165e-06
8.153531999999168e-06
8.157531999999168e-06
8.161531999999174e-06
8.165531999999172e-06
8.169531999999176e-06
8.173531999999175e-06
8.177531999999182e-06
8.181531999999179e-06
8.185531999999184e-06
8.189531999999181e-06
8.193531999999188e-06
8.197531999999187e-06
8.20153199999919e-06
8.205531999999189e-06
8.209531999999196e-06
8.213531999999195e-06
8.217531999999198e-06
8.221531999999199e-06
8.225531999999202e-06
8.2295319999992e-06
8.233531999999206e-06
8.237531999999205e-06
8.24153199999921e-06
8.245531999999207e-06
8.249531999999213e-06
8.253531999999211e-06
8.257531999999217e-06
8.261531999999214e-06
8.265531999999222e-06
8.26953199999922e-06
8.273531999999223e-06
8.277531999999223e-06
8.281531999999227e-06
8.285531999999226e-06
8.289531999999233e-06
8.29353199999923e-06
8.297531999999235e-06
8.301531999999234e-06
8.305531999999239e-06
8.309531999999238e-06
8.313531999999243e-06
8.31753199999924e-06
8.321531999999247e-06
8.325531999999244e-06
8.329531999999247e-06
8.333531999999248e-06
8.337531999999251e-06
8.341531999999252e-06
8.345531999999257e-06
8.349531999999256e-06
8.353531999999261e-06
8.357531999999258e-06
8.361531999999262e-06
8.365531999999264e-06
8.369531999999267e-06
8.373531999999264e-06
8.377531999999271e-06
8.381531999999268e-06
8.385531999999274e-06
8.389531999999272e-06
8.39353199999928e-06
8.397531999999278e-06
8.401531999999282e-06
8.405531999999282e-06
8.409531999999286e-06
8.413531999999283e-06
8.417531999999291e-06
8.421531999999288e-06
8.425531999999294e-06
8.42953199999929e-06
8.433531999999298e-06
8.437531999999295e-06
8.4415319999993e-06
8.444531999999296e-06
8.448531999999305e-06
8.452531999999302e-06
8.456531999999307e-06
8.460531999999306e-06
8.463531999999311e-06
8.46753199999931e-06
8.471531999999313e-06
8.475531999999314e-06
8.479531999999317e-06
8.483531999999318e-06
8.487531999999323e-06
8.49153199999932e-06
8.495531999999325e-06
8.498531999999323e-06
8.50253199999933e-06
8.506531999999327e-06
8.510531999999331e-06
8.514531999999333e-06
8.518531999999337e-06
8.522531999999335e-06
8.526531999999339e-06
8.53053199999934e-06
8.534531999999343e-06
8.538531999999342e-06
8.542531999999347e-06
8.546531999999347e-06
8.550531999999351e-06
8.554531999999348e-06
8.558531999999355e-06
8.562531999999352e-06
8.566531999999359e-06
8.570531999999357e-06
8.574531999999363e-06
8.578531999999361e-06
8.582531999999365e-06
8.586531999999365e-06
8.59053199999937e-06
8.59453199999937e-06
8.598531999999373e-06
8.602531999999373e-06
8.606531999999377e-06
8.610531999999376e-06
8.613531999999382e-06
8.61753199999938e-06
8.621531999999385e-06
8.625531999999385e-06
8.62953199999939e-06
8.633531999999389e-06
8.637531999999393e-06
8.641531999999393e-06
8.645531999999397e-06
8.649531999999399e-06
8.6535319999994e-06
8.657531999999401e-06
8.661531999999405e-06
8.665531999999403e-06
8.669531999999407e-06
8.673531999999407e-06
8.676531999999412e-06
8.680531999999412e-06
8.684531999999416e-06
8.688531999999416e-06
8.69253199999942e-06
8.69653199999942e-06
8.699531999999422e-06
8.703531999999422e-06
8.707531999999428e-06
8.711531999999428e-06
8.715531999999431e-06
8.71953199999943e-06
8.723531999999434e-06
8.727531999999434e-06
8.731531999999438e-06
8.735531999999436e-06
8.739531999999443e-06
8.743531999999444e-06
8.747531999999444e-06
8.751531999999444e-06
8.755531999999451e-06
8.759531999999452e-06
8.763531999999452e-06
8.767531999999454e-06
8.77153199999946e-06
8.775531999999458e-06
8.779531999999462e-06
8.783531999999462e-06
8.787531999999466e-06
8.791531999999468e-06
8.795531999999468e-06
8.799531999999468e-06
8.803531999999474e-06
8.807531999999474e-06
8.811531999999476e-06
8.815531999999476e-06
8.819531999999482e-06
8.823531999999482e-06
8.826531999999483e-06
8.830531999999484e-06
8.834531999999489e-06
8.83853199999949e-06
8.842531999999491e-06
8.84653199999949e-06
8.850531999999495e-06
8.854531999999496e-06
8.857531999999499e-06
8.8615319999995e-06
8.864531999999506e-06
8.868531999999504e-06
8.872531999999506e-06
8.876531999999507e-06
8.880531999999512e-06
8.88453199999951e-06
8.888531999999516e-06
8.892531999999516e-06
8.89653199999952e-06
8.90053199999952e-06
8.904531999999522e-06
8.908531999999523e-06
8.912531999999528e-06
8.916531999999527e-06
8.92053199999953e-06
8.92453199999953e-06
8.928531999999534e-06
8.932531999999535e-06
8.936531999999537e-06
8.940531999999539e-06
8.944531999999544e-06
8.948531999999544e-06
8.952531999999545e-06
8.956531999999545e-06
8.960531999999549e-06
8.964531999999549e-06
8.968531999999554e-06
8.972531999999553e-06
8.976531999999557e-06
8.980531999999557e-06
8.984531999999559e-06
8.98853199999956e-06
8.992531999999565e-06
8.995531999999564e-06
8.999531999999568e-06
9.003531999999568e-06
9.007531999999574e-06
9.011531999999572e-06
9.015531999999576e-06
9.019531999999576e-06
9.02153199999958e-06
9.02553199999958e-06
9.029531999999583e-06
9.033531999999583e-06
9.037531999999589e-06
9.041531999999589e-06
9.045531999999591e-06
9.049531999999591e-06
9.053531999999595e-06
9.057531999999595e-06
9.061531999999599e-06
9.0655319999996e-06
9.069531999999603e-06
9.073531999999603e-06
9.077531999999605e-06
9.081531999999606e-06
9.08453199999961e-06
9.08853199999961e-06
9.092531999999616e-06
9.096531999999615e-06
9.100531999999618e-06
9.104531999999619e-06
9.10853199999962e-06
9.112531999999621e-06
9.116531999999625e-06
9.120531999999627e-06
9.12453199999963e-06
9.128531999999629e-06
9.132531999999634e-06
9.136531999999635e-06
9.140531999999637e-06
9.144531999999635e-06
9.148531999999644e-06
9.152531999999643e-06
9.156531999999645e-06
9.159531999999646e-06
9.16353199999965e-06
9.167531999999648e-06
9.171531999999652e-06
9.175531999999652e-06
9.179531999999658e-06
9.183531999999658e-06
9.18753199999966e-06
9.191531999999659e-06
9.195531999999664e-06
9.198531999999666e-06
9.202531999999666e-06
9.206531999999666e-06
9.210531999999673e-06
9.214531999999674e-06
9.218531999999676e-06
9.222531999999676e-06
9.22653199999968e-06
9.23053199999968e-06
9.234531999999684e-06
9.238531999999682e-06
9.24253199999969e-06
9.246531999999688e-06
9.25053199999969e-06
9.25453199999969e-06
9.258531999999695e-06
9.262531999999696e-06
9.2665319999997e-06
9.2705319999997e-06
9.274531999999703e-06
9.278531999999704e-06
9.282531999999706e-06
9.286531999999708e-06
9.290531999999711e-06
9.29453199999971e-06
9.298531999999714e-06
9.302531999999714e-06
9.306531999999718e-06
9.310531999999718e-06
9.31453199999972e-06
9.31753199999972e-06
9.321531999999727e-06
9.325531999999727e-06
9.329531999999727e-06
9.333531999999728e-06
9.337531999999731e-06
9.341531999999733e-06
9.345531999999737e-06
9.349531999999737e-06
9.353531999999741e-06
9.357531999999741e-06
9.361531999999743e-06
9.365531999999742e-06
9.36953199999975e-06
9.37353199999975e-06
9.377531999999751e-06
9.381531999999752e-06
9.385531999999757e-06
9.388531999999757e-06
9.392531999999759e-06
9.39653199999976e-06
9.400531999999763e-06
9.404531999999765e-06
9.408531999999769e-06
9.412531999999769e-06
9.416531999999773e-06
9.420531999999771e-06
9.424531999999773e-06
9.428531999999775e-06
9.43253199999978e-06
9.436531999999781e-06
9.440531999999781e-06
9.444531999999781e-06
9.448531999999787e-06
9.452531999999787e-06
9.455531999999789e-06
9.45853199999979e-06
9.462531999999794e-06
9.466531999999796e-06
9.4705319999998e-06
9.474531999999798e-06
9.478531999999802e-06
9.482531999999802e-06
9.486531999999804e-06
9.490531999999804e-06
9.49453199999981e-06
9.49853199999981e-06
9.502531999999812e-06
9.50653199999981e-06
9.510531999999818e-06
9.514531999999818e-06
9.518531999999822e-06
9.52253199999982e-06
9.526531999999826e-06
9.530531999999824e-06
9.534531999999828e-06
9.538531999999828e-06
9.542531999999834e-06
9.546531999999834e-06
9.550531999999836e-06
9.554531999999836e-06
9.55853199999984e-06
9.562531999999842e-06
9.566531999999842e-06
9.570531999999844e-06
9.573531999999847e-06
9.57753199999985e-06
9.581531999999851e-06
9.585531999999852e-06
9.589531999999855e-06
9.593531999999856e-06
9.59753199999986e-06
9.60153199999986e-06
9.605531999999865e-06
9.609531999999865e-06
9.613531999999866e-06
9.617531999999866e-06
9.621531999999873e-06
9.625531999999872e-06
9.629531999999875e-06
9.633531999999874e-06
9.637531999999881e-06
9.64153199999988e-06
9.645531999999883e-06
9.649531999999884e-06
9.653531999999889e-06
9.65753199999989e-06
9.661531999999891e-06
9.665531999999892e-06
9.669531999999895e-06
9.673531999999894e-06
9.6775319999999e-06
9.6815319999999e-06
9.684531999999905e-06
9.688531999999905e-06
9.692531999999907e-06
9.696531999999907e-06
9.69953199999991e-06
9.703531999999912e-06
9.707531999999913e-06
9.711531999999913e-06
9.71553199999992e-06
9.71953199999992e-06
9.723531999999922e-06
9.727531999999921e-06
9.731531999999925e-06
9.735531999999927e-06
9.739531999999929e-06
9.74353199999993e-06
9.747531999999934e-06
9.751531999999935e-06
9.755531999999937e-06
9.759531999999935e-06
9.763531999999942e-06
9.767531999999944e-06
9.771531999999946e-06
9.775531999999945e-06
9.77953199999995e-06
9.78353199999995e-06
9.787531999999952e-06
9.791531999999953e-06
9.794531999999958e-06
9.798531999999956e-06
9.802531999999962e-06
9.806531999999962e-06
9.810531999999966e-06
9.814531999999966e-06
9.818531999999968e-06
9.822531999999968e-06
9.826531999999975e-06
9.830531999999976e-06
9.834531999999976e-06
9.838531999999976e-06
9.84253199999998e-06
9.84653199999998e-06
9.849531999999983e-06
9.853531999999984e-06
9.857531999999989e-06
9.86153199999999e-06
9.865531999999993e-06
9.869531999999992e-06
9.873531999999997e-06
9.876531999999997e-06
9.880531999999999e-06
9.884531999999997e-06
9.887532000000006e-06

Avalanche_Distribution:
1
1
1
1
1
1
1
1
1
1
1
1
1
1
1
1
1
1
1
1
1
1
1
1
1
1
1
1
1
1
1
1
1
1
1
1
1
1
1
1
1
1
1
1
1
1
1
1
1
1
1
1
1
1
1
2
1
1
1
1
1
1
1
1
1
1
1
1
1
1
1
1
1
1
1
1
1
1
1
1
1
1
1
1
1
1
1
1
1
1
1
1
1
1
1
1
1
2
1
1
1
1
1
1
1
1
1
1
1
1
1
1
