
Branching_global:
0.9999999720000002
0.9999988420000088
0.9999987140000153
0.9999988390000213
0.9999982160000275
0.9999983830000315
0.9999905010000334
0.9999896400000339
0.9999880050000334
0.9999848950000335
0.999985373000034
0.999981837000034
0.9999769880000342
0.999976158000034
0.9999762940000334
0.999975623000034
0.999975671000034
0.9999710630000331
0.9999598380000327
0.9999595990000326
0.9999561510000328
0.9999565370000327
0.9999555190000321
0.9999506240000321
0.9999353390000317
0.9999240480000315
0.9999230930000313
0.999921276000031
0.9999215180000304
0.9999127820000315

Autocorrelation:
-35714.2855163043
-863.5573649162318
-777.6044859088723
-861.3259585156496
-560.5376252239879
-618.4287019129911
-105.2737397629212
-96.52459683984749
-83.3675702601456
-66.20274410458049
-68.3662192387717
-55.056484079838015
-43.45508845134319
-41.942290092275584
-42.18291353928652
-41.02177515048233
-41.10271021619365
-34.55733256990158
-24.89865842539748
-24.751362594275314
-22.805037197816024
-23.00757584832241
-22.48100897139858
-20.25225438364495
-15.464772732285251
-13.165710237182953
-13.002217566862717
-12.702106573310735
-12.741275182509494
-11.465023168698766

Average_Activity:
1.75
8.0
1.5
1.25
3.75
4.5
3.75
1.75
3.25
4.75
6.25
6.5
4.5
6.25
12.25
6.5
7.75
2.0
4.0
5.0
1.25
0.0
0.0
0.0
0.0
1.75
1.75
2.75
4.75
5.5
7.0
4.0
1.0
0.0
0.0
0.0
0.0
0.0
0.5
1.5
0.0
1.0
2.5
0.0
0.0
0.0
0.0
0.5
0.0
0.0
0.5
0.25
0.0
1.5
2.0
2.0
0.0
1.25
0.5
0.0
0.0
0.25
1.0
0.0
0.0
1.25
0.75
0.0
0.0
0.0
0.0
0.0
0.0
0.0
0.0
0.0
0.0
0.25
0.0
0.0
0.0
1.0
1.5
4.0
8.25
8.5
12.0
10.25
9.25
8.25
5.25
3.75
1.25
0.5
0.0
0.0
0.0
0.0
0.0
0.0
0.75
0.0
0.0
0.0
0.0
0.5
0.0
0.0
0.25
0.0
0.0
0.75
1.0
0.0
0.0
0.25
0.0
0.0
0.0
0.25
0.75
0.0
0.0
0.0
1.0
1.25
0.5
5.0
8.0
7.25
8.0
8.0
18.0
23.75
32.5
42.0
47.5
54.75
59.75
59.5
40.25
15.5
13.5
12.25
11.75
13.25
11.75
10.0
5.25
5.25
3.25
0.25
0.0
0.0
0.25
0.25
0.25
0.0
1.0
0.0
0.0
0.0
0.0
0.0
0.0
0.0
1.0
2.75
4.0
4.25
8.25
10.5
14.5
12.0
9.25
10.5
4.25
10.25
11.5
11.75
15.75
17.5
7.5
3.75
3.5
2.75
1.75
2.0
0.25
0.0
2.0
3.25
2.75
1.5
2.5
4.75
6.25
7.0
4.0
8.75
7.75
8.75
10.0
8.25
16.0
22.0
28.75
21.0
4.0
2.25
5.0
7.75
5.25
6.25
10.0
13.0
8.25
6.5
7.0
5.75
3.5
0.75
0.0
0.0
0.0
0.5
0.25
2.0
2.5
1.75
0.25
0.0
0.0
0.0
0.0
0.75
0.25
0.75
0.0
0.0
0.0
0.25
0.0
0.0
0.0
0.0
1.0
0.0
0.0
0.0
0.0
0.0
1.0
0.0
0.0
0.0
0.0
0.0
0.5
1.25
1.25
1.5
3.5
1.75
5.0
4.25
7.0
11.0
15.75
15.0
25.5
30.75
29.75
33.75
30.5
17.0
6.75
5.0
1.25
0.0
0.0
1.0
2.0
1.25
2.0
1.0
5.25
5.75
5.25
11.25
26.0
52.5
55.0
44.25
28.0
24.25
17.25
13.5
16.25
19.75
9.75
4.75
5.25
3.25
1.5
1.0
1.5
4.0
4.5
10.0
6.75
4.5
2.0
0.5
0.0
0.25
1.25
0.0
1.5
1.75
0.0
0.25
1.75
0.25
0.0
0.25
0.0
1.0
0.25
0.0
0.5
0.0
0.0
0.0
0.0
1.25
1.75
0.75
0.0
0.0
0.0
0.0
1.0
0.25
0.0
0.75
0.0
0.0
0.25
0.0
0.0
0.75
0.75
0.75
0.0
0.0
0.0
1.75
2.75
2.0
6.25
7.75
6.0
5.5
2.25
0.75
0.0
2.25
3.0
4.0
5.25
6.5
1.75
4.5
2.25
0.0
0.0
2.5
4.25
7.0
5.25
2.25
0.5
0.0
0.25
0.0
0.0
0.0
0.0
0.0
0.0
0.0
0.25
0.0
0.0
0.0
0.0
0.0
0.25
0.0
0.0
0.0
0.0
1.25
3.75
7.75
19.75
20.75
9.25
8.25
3.25
6.25
6.0
13.25
15.75
10.0
15.25
19.25
27.0
18.5
21.75
11.5
13.0
15.0
23.75
31.0
35.25
30.25
29.0
25.5
23.5
28.0
40.0
47.25
49.75
37.75
43.5
36.75
20.25
27.5
23.5
29.25
45.75
33.5
26.25
18.75
21.25
17.75
16.5
11.25
8.25
7.75
0.75
0.75
0.0
0.0
0.5
0.25
0.0
0.0
0.25
0.25
0.5
0.25
0.0
0.0
0.0
0.0
0.0
0.25
0.25
4.25
7.75
2.0
6.25
11.0
14.75
11.0
15.25
16.0
22.5
29.75
20.75
16.5
13.25
13.0
14.0
16.0
9.5
11.0
4.25
1.75
0.75
0.25
0.5
0.25
0.0
0.0
0.25
0.5
0.0
0.0
0.25
0.0
0.0
0.0
0.25
1.25
0.75
0.25
0.0
0.0
0.0
2.0
0.0
0.0
0.25
1.0
0.75
0.0
0.0
0.0
0.0
0.25
3.5
13.5
12.75
8.25
3.5
1.75
0.25
0.0
0.25
0.0
0.0
0.0
0.0
0.25
0.0
0.0
0.0
0.0
0.25
3.5
5.0
4.75
4.5
3.25
7.25
10.5
6.75
6.5
10.5
22.0
23.0
24.25
29.0
20.0
15.75
13.75
8.25
4.0
4.25
3.5
2.25
0.25
0.0
0.0
2.5
8.0
13.0
9.0
10.5
17.5
28.5
34.0
39.5
45.75
53.25
52.25
33.75
31.0
30.75
38.75
36.75
41.5
30.0
25.75
28.5
40.75
41.25
48.5
47.0
41.75
37.75
41.25
45.0
37.25
34.0
48.75
46.75
35.25
40.75
45.0
34.75
23.0
35.5
35.0
25.25
26.5
27.75
37.0
40.0
43.25
50.25
51.0
42.25
40.75
29.25
28.75
21.5
22.75
14.0
6.0
1.25
0.0
0.0
1.0
1.0
0.25
0.25
0.25
1.75
0.25
0.0
0.5
1.25
0.0
0.0
0.0
0.0
0.0
1.0
5.0
0.25
0.0
0.5
0.75
3.0
3.5
6.0
2.75
3.5
5.75
15.25
17.5
17.0
3.5
3.0
3.75
1.5
3.5
7.5
13.25
11.25
6.0
5.25
2.0
1.75
5.25
5.25
7.5
5.25
1.5
1.75
3.25
0.0
0.0
0.25
0.75
3.25
3.25
2.75
2.5
0.5
0.0
0.0
0.0
0.0
0.0
0.5
1.25
0.25
1.75
0.0
0.0
0.0
0.0
0.0
0.75
2.0
2.5
4.5
7.25
10.75
8.25
8.5
8.75
15.25
23.0
28.0
32.5
33.75
38.5
36.5
37.0
42.0
38.25
48.75
37.0
29.75
21.25
25.5
27.25
15.0
15.25
30.75
39.0
38.0
44.75
35.0
32.25
32.5
27.5
20.5
12.5
8.0
8.75
11.75
5.0
4.0
3.75
4.5
0.5
0.25
1.25
2.0
0.75
0.0
0.0

Average_Alpha:
0.24999999400000003
0.24999996600000005
0.24999996400000027
0.24999996300000027
0.24999995200000047
0.2499999380000005
0.2499999270000007
0.24999992400000068
0.24999991500000088
0.24999990000000089
0.24999987900000104
0.24999985700000107
0.24999984300000125
0.2499998220000012
0.24999977700000142
0.2499997550000014
0.24999972800000156
0.24999972400000156
0.24999971200000173
0.24999969600000171
0.24999969500000188
0.24999969900000188
0.249999703000002
0.24999970700000204
0.24999971100000215
0.24999970800000215
0.2499997050000023
0.2499996980000023
0.24999968300000244
0.24999966500000242
0.24999964100000258
0.24999962900000258
0.2499996290000027
0.24999963300000272
0.24999963700000286
0.24999964100000283
0.24999964500000296
0.249999649000003
0.2499996510000031
0.2499996490000031
0.24999965300000324
0.24999965300000324
0.24999964700000338
0.24999965100000335
0.24999965500000348
0.24999965900000348
0.24999966300000365
0.24999966500000362
0.24999966900000373
0.24999967300000372
0.24999967500000383
0.2499996780000039
0.249999682000004
0.249999680000004
0.2499996760000041
0.24999967200000411
0.24999967600000422
0.24999967500000422
0.24999967700000433
0.24999968100000436
0.2499996850000045
0.2499996880000045
0.2499996880000046
0.24999969200000458
0.2499996960000047
0.24999969500000474
0.24999969600000482
0.24999970000000485
0.24999970400000499
0.24999970800000498
0.2499997120000051
0.2499997160000051
0.2499997200000052
0.24999972400000525
0.24999972800000536
0.24999973200000533
0.24999973600000544
0.2499997390000055
0.24999974300000558
0.24999974700000557
0.2499997510000057
0.2499997510000057
0.2499997490000058
0.2499997370000058
0.24999970800000593
0.24999967800000594
0.24999963400000605
0.24999959700000604
0.24999956400000617
0.24999953500000618
0.24999951800000622
0.24999950700000625
0.24999950600000634
0.24999950800000634
0.24999951200000645
0.24999951600000642
0.24999952000000653
0.24999952400000652
0.24999952800000663
0.2499995320000066
0.2499995330000067
0.2499995370000067
0.2499995410000068
0.24999954500000685
0.24999954900000687
0.24999955100000687
0.24999955500000698
0.249999559000007
0.2499995620000071
0.24999956600000708
0.24999957000000717
0.24999957100000716
0.24999957100000728
0.24999957500000727
0.24999957900000738
0.24999958200000735
0.24999958600000746
0.24999959000000746
0.24999959400000754
0.24999959700000757
0.24999959800000762
0.24999960200000762
0.2499996060000077
0.24999961000000773
0.2499996100000078
0.2499996090000078
0.24999961100000792
0.2499995950000079
0.249999567000008
0.249999542000008
0.24999951400000808
0.2499994860000081
0.24999941800000816
0.24999932700000815
0.24999920100000822
0.24999903700000822
0.24999885100000824
0.24999863600000824
0.2499984010000083
0.24999816700000826
0.2499980100000083
0.2499979520000083
0.2499979020000083
0.2499978570000083
0.2499978140000083
0.2499977650000083
0.2499977220000083
0.2499976860000083
0.24999766900000833
0.2499976520000083
0.24999764300000835
0.24999764600000834
0.24999765000000831
0.24999765400000834
0.24999765700000834
0.24999766000000834
0.24999766300000834
0.24999766700000833
0.24999766700000836
0.24999767100000836
0.24999767500000838
0.24999767900000835
0.24999768300000835
0.2499976870000084
0.24999769100000838
0.24999769500000837
0.24999769500000837
0.2499976880000084
0.24999767600000838
0.2499976630000084
0.24999763400000838
0.2499975960000084
0.24999754200000843
0.24999749800000842
0.24999746500000838
0.2499974270000084
0.2499974140000084
0.24999737700000843
0.2499973350000084
0.24999729200000842
0.2499972330000084
0.24999716700000843
0.24999714100000842
0.24999713000000845
0.2499971200000084
0.24999711300000843
0.24999711000000843
0.2499971060000084
0.24999710900000843
0.24999711300000843
0.24999710900000843
0.2499971000000084
0.2499970930000084
0.24999709100000841
0.24999708500000845
0.24999707000000843
0.2499970490000084
0.24999702500000842
0.24999701300000846
0.24999698200000842
0.24999695500000843
0.24999692400000845
0.24999688800000844
0.24999685900000845
0.24999679900000843
0.24999671500000845
0.24999660400000842
0.24999652400000844
0.24999651200000847
0.24999650700000842
0.24999649100000843
0.24999646400000844
0.24999644700000845
0.24999642600000846
0.24999639000000842
0.24999634200000845
0.24999631300000846
0.24999629100000845
0.24999626700000846
0.24999624800000844
0.24999623800000842
0.24999623900000842
0.24999624300000844
0.24999624700000841
0.24999625100000844
0.24999625300000844
0.24999625600000844
0.24999625200000844
0.24999624600000844
0.24999624300000842
0.24999624600000842
0.2499962500000084
0.24999625400000844
0.24999625800000844
0.2499962620000084
0.2499962630000084
0.2499962660000084
0.2499962670000084
0.24999627100000843
0.2499962750000084
0.24999627900000843
0.2499962820000084
0.24999628600000842
0.24999629000000842
0.24999629400000842
0.24999629800000842
0.24999629800000842
0.2499963020000084
0.2499963060000084
0.2499963100000084
0.2499963140000084
0.24999631800000838
0.2499963180000084
0.24999632200000843
0.24999632600000843
0.24999633000000843
0.24999633400000842
0.24999633800000845
0.24999634000000845
0.24999633900000845
0.24999633800000845
0.24999633600000845
0.24999632600000846
0.24999632300000849
0.24999630700000847
0.24999629400000847
0.24999627000000846
0.2499962300000085
0.24999617100000848
0.24999611500000848
0.24999601700000848
0.2499958980000085
0.2499957830000085
0.24999565200000848
0.24999553400000848
0.2499954700000085
0.24999544700000847
0.24999543100000848
0.24999543000000848
0.2499954340000085
0.2499954380000085
0.24999543800000848
0.2499954340000085
0.2499954330000085
0.2499954290000085
0.24999542900000848
0.24999541200000852
0.2499953930000085
0.24999537600000848
0.24999533500000848
0.2499952350000085
0.24999502900000853
0.24999481300000853
0.2499946400000085
0.2499945320000085
0.2499944390000085
0.2499943740000085
0.2499943240000085
0.2499942630000085
0.2499941880000085
0.2499941530000085
0.2499941380000085
0.24999412100000848
0.2499941120000085
0.2499941100000085
0.2499941100000085
0.24999410800000849
0.2499940960000085
0.2499940820000085
0.2499940460000085
0.2499940230000085
0.24999400900000848
0.24999400500000848
0.24999400700000848
0.24999401100000848
0.24999401400000848
0.24999401300000848
0.24999401700000848
0.24999401500000845
0.24999401200000848
0.24999401600000848
0.2499940190000085
0.24999401600000845
0.24999401900000848
0.2499940230000085
0.2499940260000085
0.24999403000000847
0.24999403000000847
0.24999403300000847
0.24999403700000847
0.24999403900000847
0.24999404300000846
0.24999404700000846
0.2499940510000085
0.24999405500000849
0.2499940540000085
0.2499940510000085
0.2499940520000085
0.24999405600000846
0.24999406000000846
0.24999406400000845
0.24999406800000845
0.24999406800000845
0.24999407100000845
0.24999407500000845
0.24999407600000847
0.24999408000000847
0.24999408400000844
0.24999408700000844
0.24999409100000847
0.24999409500000846
0.24999409600000846
0.24999409700000846
0.24999409800000844
0.24999410200000846
0.24999410600000846
0.24999411000000846
0.24999410700000846
0.2499941000000084
0.24999409600000844
0.24999407500000842
0.24999404800000843
0.24999402800000842
0.24999401000000843
0.24999400500000843
0.24999400600000843
0.24999401000000843
0.24999400500000843
0.24999399700000843
0.2499939850000084
0.24999396800000845
0.24999394600000843
0.2499939430000084
0.2499939290000084
0.24999392400000842
0.24999392800000841
0.2499939320000084
0.24999392600000842
0.24999391300000842
0.24999388900000843
0.2499938720000084
0.24999386700000845
0.2499938690000084
0.24999387300000842
0.2499938760000084
0.2499938800000084
0.24999388400000838
0.2499938880000084
0.2499938920000084
0.24999389600000843
0.2499939000000084
0.2499939040000084
0.2499939070000084
0.2499939110000084
0.2499939150000084
0.24999391900000842
0.2499939230000084
0.2499939270000084
0.24999393000000839
0.24999393400000838
0.2499939380000084
0.24999394200000838
0.24999394600000838
0.2499939450000084
0.24999393400000838
0.2499939070000084
0.24999383200000835
0.2499937530000084
0.24999372000000838
0.24999369100000837
0.2499936820000084
0.2499936610000084
0.24999364100000837
0.2499935920000084
0.24999353300000837
0.24999349700000834
0.24999344000000837
0.24999336700000835
0.24999326300000838
0.24999319300000836
0.24999311000000835
0.24999306800000837
0.24999302000000836
0.24999296400000837
0.24999287300000836
0.24999275300000834
0.24999261600000836
0.24999249900000836
0.24999238700000836
0.24999228900000836
0.24999219900000832
0.24999209100000835
0.24999193500000838
0.2499917500000083
0.24999155500000833
0.24999140800000832
0.24999123800000833
0.24999109500000832
0.24999101800000834
0.24999091200000834
0.24999082200000833
0.2499907090000083
0.24999053000000832
0.2499904000000083
0.24999029900000833
0.2499902280000083
0.2499901470000083
0.2499900800000083
0.24999001800000828
0.2499899770000083
0.2499899480000083
0.2499899210000083
0.24998992200000827
0.2499899230000083
0.2499899270000083
0.24998993100000833
0.24998993300000827
0.2499899360000083
0.2499899400000083
0.2499899440000083
0.24998994700000826
0.24998995000000826
0.24998995200000826
0.24998995500000828
0.24998995900000825
0.24998996300000828
0.24998996700000828
0.24998997100000828
0.24998997500000825
0.24998997800000824
0.24998998100000827
0.24998996800000825
0.24998994100000824
0.24998993700000827
0.24998991600000828
0.24998987600000824
0.24998982100000824
0.24998978100000824
0.24998972400000824
0.24998966400000824
0.24998957800000823
0.24998946300000824
0.24998938400000822
0.24998932200000823
0.2499892730000082
0.24998922500000822
0.2499891730000082
0.24998911300000823
0.24998907900000822
0.24998903900000824
0.24998902600000822
0.24998902300000822
0.24998902400000822
0.24998902700000822
0.2499890290000082
0.2499890320000082
0.24998903600000819
0.24998904000000824
0.2499890430000082
0.2499890450000082
0.2499890490000082
0.2499890530000082
0.2499890560000082
0.24998906000000817
0.24998906400000817
0.2499890680000082
0.24998907100000822
0.2499890700000082
0.24998907100000817
0.24998907400000817
0.24998907800000816
0.2499890820000082
0.24998908600000816
0.2499890820000082
0.24998908600000816
0.24998909000000816
0.24998909300000816
0.24998909300000816
0.24998909400000816
0.24998909800000818
0.24998910200000815
0.24998910600000815
0.24998911000000815
0.24998911300000817
0.24998910300000812
0.24998905300000815
0.24998900600000815
0.24998897700000816
0.24998896700000814
0.24998896400000814
0.24998896700000814
0.2499889710000081
0.2499889740000081
0.24998897800000813
0.24998898200000813
0.2499889860000081
0.24998899000000813
0.24998899300000813
0.24998899700000812
0.2499890010000081
0.2499890050000081
0.24998900900000812
0.2499890120000081
0.2499890020000081
0.2499889860000081
0.2499889710000081
0.2499889570000081
0.24998894800000812
0.24998892300000808
0.2499888850000081
0.2499888620000081
0.2499888400000081
0.2499888020000081
0.24998871800000808
0.24998863000000807
0.2499885370000081
0.2499884250000081
0.24998834900000808
0.24998829000000808
0.24998823900000808
0.2499882100000081
0.24998819800000804
0.24998818500000805
0.24998817500000806
0.24998817000000806
0.24998817300000808
0.24998817700000805
0.24998818100000805
0.24998817500000806
0.24998814700000804
0.24998809900000804
0.24998806700000806
0.24998802900000805
0.24998796300000806
0.24998785300000803
0.24998772100000805
0.24998756700000802
0.24998738800000803
0.24998717900000805
0.24998697400000805
0.24998684300000804
0.24998672300000802
0.24998660400000802
0.249986453000008
0.249986310000008
0.24998614800000804
0.249986032000008
0.24998593300000804
0.249985823000008
0.249985664000008
0.24998550300000802
0.249985313000008
0.249985129000008
0.249984966000008
0.24998481900000796
0.249984658000008
0.249984482000008
0.249984337000008
0.24998420500000798
0.249984014000008
0.24998383100000796
0.24998369400000797
0.24998353500000797
0.24998335900000795
0.24998322400000797
0.24998313600000796
0.24998299800000798
0.24998286200000797
0.24998276500000796
0.24998266300000796
0.24998255600000793
0.24998241200000798
0.24998225600000795
0.24998208700000793
0.24998189000000798
0.24998169000000792
0.24998152500000795
0.24998136600000795
0.24998125300000795
0.24998114200000793
0.24998106000000792
0.2499809730000079
0.24998092100000796
0.24998090100000792
0.24998090000000792
0.24998090400000791
0.24998090800000794
0.24998090800000794
0.2499809080000079
0.24998091100000788
0.2499809140000079
0.2499809170000079
0.2499809140000079
0.24998091700000788
0.24998092100000793
0.24998092300000793
0.2499809220000079
0.24998092600000787
0.2499809300000079
0.2499809340000079
0.24998093800000787
0.2499809420000079
0.2499809420000079
0.2499809260000079
0.2499809290000079
0.2499809330000079
0.2499809350000079
0.2499809360000079
0.24998092800000785
0.24998091800000788
0.24998089800000786
0.2499808910000079
0.24998088100000787
0.24998086200000788
0.24998080500000786
0.24998073900000786
0.24998067500000787
0.24998066500000785
0.24998065700000785
0.24998064600000786
0.24998064400000786
0.24998063400000786
0.24998060800000788
0.24998055900000785
0.24998051800000787
0.24998049800000782
0.24998048100000783
0.24998047700000786
0.24998047400000784
0.24998045700000784
0.24998044000000783
0.24998041400000784
0.24998039700000782
0.24998039500000782
0.24998039200000785
0.24998038300000783
0.24998038700000783
0.24998039100000782
0.2499803940000078
0.24998039500000782
0.2499803860000078
0.24998037700000783
0.2499803700000078
0.2499803640000078
0.24998036600000778
0.2499803700000078
0.2499803740000078
0.2499803780000078
0.2499803820000078
0.2499803860000078
0.24998038800000777
0.2499803870000078
0.2499803900000078
0.2499803870000078
0.2499803910000078
0.24998039500000777
0.24998039900000776
0.24998040300000776
0.24998040700000776
0.24998040800000773
0.24998040400000776
0.24998039800000776
0.24998038400000777
0.24998035900000776
0.24998032000000778
0.24998029100000776
0.24998026100000778
0.24998023000000774
0.24998017300000774
0.24998008500000776
0.24997997700000776
0.24997985100000772
0.24997972000000773
0.24997957000000776
0.24997942800000775
0.24997928400000774
0.24997912000000774
0.24997897100000774
0.2499787800000077
0.24997863600000772
0.24997852100000773
0.24997844000000774
0.24997834200000774
0.24997823700000774
0.2499781810000077
0.2499781240000077
0.24997800500000772
0.24997785300000772
0.2499777050000077
0.2499775300000077
0.2499773940000077
0.24997726900000772
0.24997714300000767
0.24997703700000773
0.2499769590000077
0.2499769130000077
0.24997688500000767
0.24997685400000771
0.24997681100000768
0.2499767950000077
0.2499767830000077
0.24997677200000765
0.24997675800000768
0.24997676000000768
0.24997676300000768
0.24997676200000768
0.24997675800000768
0.24997675900000765
0.24997676300000765
0.24997676700000768

Avalanche_Distribution:
45
341
114
8
14
2
1
2
22
7
5
8
1
295
3
2
1
7
1
4
8
1
2067
1
1
1
4
678
1002
2
27
4
3
1
4
4
7
985
1563
1
5
13
8
1
1
5
2
15
4
1
3
1
3
6
140
90
28
87
1
1
1
4223
4
2
1
2
2
1
1
1046
2
1
1
3
1
9
1
8
1
7
1
174
1
1
932
7509
8
1
1
9
2
5
25
2
668
1
52
7
8
3827
1
14
2
