
Branching_global:
0.9999999940000002
1.0000003930000108
1.000000794000022
1.0000011900000325
1.0000015880000435
1.0000019940000544
1.0000023980000654
1.000002796000076
1.000003194000087
0.9999988700000954
0.9999984140000981
0.9999988270001043
0.999999231000111
0.9999996160001169
0.9999999620001231
1.0000005160001308
1.000000754000136
1.0000010360001415
1.0000014740001482
1.0000020330001567
1.0000022440001606
1.0000028270001715
1.000003109000179
1.0000036090001891
1.0000038940001965
1.0000043560002065
1.0000048250002165
1.000005143000224
1.0000055200002316
1.0000059750002424
1.0000062540002483
1.00000666800026
1.0000072880002742
1.0000075910002824
1.0000078350002883
1.0000083730003018
1.000008780000313
1.0000090820003213
1.0000094570003315
1.0000099790003438
1.000010359000354
1.0000108130003647
1.0000111690003757
1.000011499000385
1.0000119400003953
1.0000123640004068
1.0000126650004169
1.000013141000429
1.0000134220004364
1.000014006000452
1.0000144680004646
1.0000147970004731
1.0000151920004845
1.000015532000493
1.0000159170005039
1.0000162410005144
1.0000166290005246
1.000017111000537
1.0000174350005466
1.000017747000555
1.0000182650005702
1.0000188010005824
1.0000189970005897
1.0000194380006018
1.0000199710006146
1.000020313000625
1.0000207030006347
1.000021160000648
1.0000215330006585
1.000021858000667
1.000022251000677
1.000022609000688
1.0000229570006982
1.0000235850007129
1.0000238940007227
1.0000242750007335
1.0000246880007444
1.000025095000755
1.0000253690007637
1.0000259410007792
1.0000262200007854
1.0000266730007983
1.0000271190008094
1.000027492000821
1.0000277900008294
1.0000283320008434
1.0000286500008528
1.0000290630008635
1.0000294840008748
1.0000298470008846
1.0000302820008957
1.000030653000907
1.0000311190009188
1.0000315870009313
1.0000319040009404
1.0000322790009515
1.00003257700096
1.000033150000975
1.0000334130009818
1.0000339540009964

Autocorrelation:
-166666.67088032202
2544.5296924415225
1259.4463090066106
840.3366114935857
629.72340467931
501.50499985695654
417.01466710759126
357.6542814197227
313.08752966035416
-884.9553268871526
-630.5165629775678
-852.514494843394
-1300.389804755834
-2604.1669593545967
-26315.874215112537
1937.9845046957894
1326.260207545505
965.2513334585301
678.4264833675973
491.88437749077195
445.6332666847616
353.73234978065153
321.6473132514143
277.0855505930982
256.8058285908978
229.56890050122317
207.25437671125962
194.43953489394252
181.15991268944205
167.3645099474209
159.89815914418307
149.9705001517945
137.21234994196715
131.73544438133177
127.63291393666888
119.43200172625835
113.89571233973213
110.10840185093713
105.74227486928427
100.21093847443731
96.53491121944931
92.48176942262596
89.53402729464725
86.96458092079142
83.752591028672
80.88047145608301
78.95825499981184
76.09820697398213
74.50504235361156
71.39846999179518
69.11855141504695
67.58176431079748
65.82461585631117
64.38370681387842
62.826407414964024
61.57306131408347
60.13640525175463
58.44243609941425
57.356391518342996
56.34804993556059
54.75001923090607
53.189158528510276
52.64038887336769
51.44612038324997
50.07310373509439
49.230055909613
48.30267694564405
47.25947775727959
46.44084595171227
45.75033847765994
44.94229899908909
44.230672476627
43.56019724015736
42.4003291171598
41.85200957176103
41.195143449346126
40.5060075257992
39.849074212494834
39.41868636304584
38.54951391253286
38.13932417950525
37.49159474045709
36.875014919113916
36.37471686580802
35.984665890236435
35.29627757181369
34.904512920215495
34.40850916007526
33.91719957462656
33.504703782223686
33.02341692570768
32.62373329948742
32.13520774749471
31.659092789213506
31.344531169695138
30.980393132881073
30.697002760996856
30.166411628927566
29.928970072216146
29.45211013604166

Average_Activity:
0.5
0.25
0.0
0.0
0.0
0.0
0.0
0.0
0.0
0.0
0.0
0.0
0.0
0.0
0.0
0.0
0.0
0.0
0.0
0.0
0.0
0.0
0.0
0.0
0.0
0.0
0.0
0.0
0.0
0.0
0.0
0.0
0.0
0.0
0.0
0.0
0.0
0.0
0.0
0.0
0.0
0.0
0.0
0.0
0.0
0.0
0.0
0.0
0.0
0.0
0.0
0.0
0.0
0.0
0.0
0.0
0.0
0.0
0.0
0.0
0.0
0.0
0.0
0.0
0.0
0.0
0.0
0.0
0.0
0.0
0.0
0.0
0.0
0.0
0.0
0.0
0.0
0.0
0.0
0.0
0.0
0.0
0.0
0.0
0.0
0.0
0.0
0.0
0.0
0.0
0.0
0.0
0.0
0.0
0.0
0.0
0.0
0.0
0.0
0.0
0.0
0.0
0.0
0.0
0.0
0.0
0.0
0.0
0.0
0.0
0.0
0.0
0.0
0.0
0.0
0.0
0.0
0.0
0.0
0.0
0.0
0.0
0.0
0.0
0.0
0.0
0.0
0.0
0.0
0.0
0.0
0.0
0.0
0.0
0.0
0.0
0.0
0.0
0.0
0.0
0.0
0.0
0.0
0.0
0.0
0.0
0.0
0.0
0.0
0.0
0.0
0.0
0.0
0.0
0.0
0.0
0.0
0.0
0.0
0.0
0.0
0.0
0.0
0.0
0.0
0.0
0.0
0.0
0.0
0.0
0.0
0.0
0.0
0.0
0.0
0.0
0.0
0.0
0.0
0.0
0.0
0.0
0.0
0.0
0.0
0.0
0.0
0.0
0.0
0.0
0.0
0.0
0.0
0.0
0.0
0.0
0.0
0.0
0.0
0.0
0.0
0.0
0.0
0.0
0.0
0.0
0.0
0.0
0.0
0.0
0.0
0.0
3.25
5.25
15.5
29.25
33.75
32.25
30.0
38.75
37.5
21.25
15.0
8.25
10.0
13.5
17.75
18.0
11.75
5.25
1.25
0.0
0.0
0.0
0.0
0.0
0.0
0.0
0.0
0.0
0.0
0.0
0.0
0.0
0.0
0.0
0.0
0.0
0.0
0.0
0.0
0.0
0.0
0.0
0.0
0.0
0.0
0.0
0.0
0.0
0.0
0.0
0.0
0.0
0.0
0.0
0.0
0.0
0.0
0.0
0.0
0.0
0.0
0.0
0.0
0.0
0.0
0.0
0.0
0.0
0.0
0.0
0.0
0.0
0.0
0.0
0.0
0.0
0.0
0.0
0.0
0.0
0.0
0.0
0.0
0.0
0.0
0.0
0.0
0.0
0.0
0.0
0.0
0.0
0.0
0.0
0.0
0.0
0.0
0.0
0.0
0.0
0.0
0.0
0.0
0.0
0.0
0.0
0.0
0.0
0.0
0.0
0.0
0.0
0.0
0.0
0.0
0.0
0.0
0.0
0.0
0.0
0.0
0.0
0.0
0.0
0.0
0.0
0.0
0.0
0.0
0.0
0.0
0.0
0.0
0.0
0.0
0.0
0.0
0.0
0.0
0.0
0.0
0.0
0.0
0.0
0.0
0.0
0.0
0.0
0.0
0.0
0.0
0.0
0.0
0.0
0.0
0.0
0.0
0.0
0.0
0.0
0.0
0.0
0.0
0.0
0.0
0.0
0.0
0.0
0.0
0.0
0.0
0.0
0.0
0.0
0.0
0.0
0.0
0.0
0.0
0.0
0.0
0.0
0.0
0.0
0.0
0.0
0.0
0.0
0.0
0.0
0.0
0.0
0.0
0.0
0.0
0.0
0.0
0.0
0.0
0.0
0.0
0.0
0.0
0.0
0.0
0.0
0.0
2.25
1.25
0.25
0.0
0.0
0.0
0.0
0.0
0.0
0.0
0.0
0.0
0.0
0.0
0.0
0.0
0.0
0.0
0.0
0.0
0.0
0.0
0.0
0.0
0.0
0.0
0.0
0.0
0.0
0.0
0.0
0.0
0.0
0.0
0.0
0.0
0.0
0.0
0.0
0.0
0.0
0.0
0.0
0.0
0.0
0.0
0.0
0.0
0.0
0.0
0.0
0.0
0.0
0.0
0.0
0.0
0.0
0.0
0.0
0.0
0.0
0.0
0.0
0.0
0.0
0.0
0.0
0.0
0.0
0.0
0.0
0.0
0.0
0.0
0.0
0.0
0.0
0.0
0.0
0.0
0.0
0.0
0.0
0.0
0.0
0.0
0.0
0.0
0.0
0.0
0.0
0.0
0.0
0.0
0.0
0.0
0.0
0.0
0.0
0.0
0.0
0.0
0.0
0.0
0.0
0.0
0.0
0.0
0.0
0.0
0.0
0.0
0.0
0.0
0.0
0.0
0.0
0.0
0.0
0.0
0.0
0.0
0.0
0.0
0.0
0.0
0.0
0.0
0.0
0.0
0.0
0.0
0.0
0.0
0.0
0.0
0.0
0.0
0.0
0.0
0.0
0.0
0.0
0.0
0.0
0.0
0.0
0.0
0.0
0.0
0.0
0.0
0.0
0.0
0.0
0.0
0.0
0.0
0.0
0.0
0.0
0.0
0.0
0.0
0.0
0.0
0.0
0.0
0.0
0.0
0.0
0.0
0.0
0.0
0.0
0.0
0.0
0.0
0.0
0.0
0.0
0.0
0.0
0.0
0.0
0.0
0.0
0.0
0.0
0.0
0.0
0.0
0.0
0.0
0.0
0.0
0.0
0.0
0.0
0.0
0.0
0.0
0.0
0.0
0.0
0.0
0.0
0.0
0.0
0.0
0.0
0.0
0.0
0.0
0.0
0.0
0.0
0.0
0.0
0.0
0.0
0.0
0.0
0.0
0.0
0.0
0.0
0.0
0.0
0.0
0.0
0.0
0.0
0.0
0.0
0.0
0.0
0.0
0.0
0.0
0.0
0.0
0.0
0.0
0.0
0.0
0.0
0.0
0.0
0.0
0.0
0.0
0.0
0.0
0.0
0.0
0.0
0.0
0.0
0.0
0.0
0.0
0.0
0.0
0.0
0.0
0.0
0.0
0.0
0.0
0.0
0.0
0.0
0.0
0.0
0.0
0.0
0.0
0.0
0.0
0.0
0.0
0.0
0.0
0.0
0.0
0.0
0.0
0.0
0.0
0.0
0.0
0.0
0.0
0.0
0.0
0.0
0.0
0.0
0.0
0.0
0.0
0.0
0.0
0.0
0.0
0.0
0.0
0.0
0.0
0.0
0.0
0.0
0.0
0.0
0.0
0.0
0.0
0.0
0.0
0.0
0.0
0.0
0.0
0.0
0.0
0.0
0.0
0.0
0.0
0.0
0.0
0.0
0.0
0.0
0.0
0.0
0.0
0.0
0.0
0.0
0.0
0.0
0.0
0.0
0.0
0.0
0.0
0.0
0.0
0.0
0.0
0.0
0.0
0.0
0.0
0.0
0.0
0.0
0.0
0.0
0.0
0.0
0.0
0.0
0.0
0.0
0.0
0.0
0.0
0.0
0.0
0.0
0.0
0.0
0.0
0.0
0.0
0.0
0.0
0.0
0.0
0.0
0.0
0.0
0.0
0.0
0.0
0.0
0.0
0.0
0.0
0.0
0.0
0.0
0.0
0.0
0.0
0.0
0.0
0.0
0.0
0.0
0.0
0.0
0.0
0.0
0.0
0.0
0.0
0.0
0.0
0.0
0.0
0.0
0.0
0.0
0.0
0.0
0.0
0.0
0.0
0.0
0.0
0.0
0.0
0.0
0.0
0.0
0.0
0.0
0.0
0.0
0.0
0.0
0.0
0.0
0.0
0.0
0.0
0.0
0.0
0.0
0.0
0.0
0.0
0.0
0.0
0.0
0.0
0.0
0.0
0.0
0.0
0.0
0.0
0.0
0.0
0.0
0.0
0.0
0.0
0.0
0.0
0.0
0.0
0.0
0.0
0.0
0.0
0.0
0.0
0.5
0.0
0.0
0.0
0.0
0.0
0.0
0.0
0.0
0.0
0.0
0.0
0.0
0.0
0.0
0.0
0.0
0.0
0.0
0.0
0.0
0.0
0.0
0.0
0.0
0.0
0.0
0.0
0.0
0.0
0.0
0.0
0.0
0.0
0.0
0.0
0.0
0.0
0.0
0.0
0.0
0.0
0.0
0.0
0.0
0.0
0.0
0.0
0.0
0.0
0.0
0.0
0.0
0.0
0.0
0.0
0.0
0.0
0.0
0.0
0.0
0.0
0.0
0.0
0.0
0.0
0.0
0.0
0.0
0.0
0.0
0.0
0.0
0.0
0.0
0.0
0.0
0.0
0.0
0.0
0.0
0.0
0.0
0.0
0.0
0.0
0.0
0.0
0.0
0.0
0.0
0.0
0.0
0.0
0.0
0.0
0.0
0.0
0.0
0.0
0.0
0.0
0.0
0.0
0.0
0.0
0.0
0.0
0.0
0.0
0.0
0.0
0.0
0.0
0.0
0.0
0.0
0.0
0.0
0.0
0.0
0.0
0.0
0.0
0.0
0.0
0.0
0.0
0.0
0.0
0.0
0.0
0.0
0.0
0.0
0.0
0.0
0.0
0.0
0.0
0.0
0.0
0.0
0.0
0.0
0.0
0.0
0.0
0.0
0.0
0.0
0.0
0.0
0.0
0.0
0.0
0.0
0.0
0.0
0.0
0.0
0.0
0.0
0.0
0.0
0.0
0.0
0.0
0.0
0.0
0.0
0.0
0.0
0.0
0.0
0.0
0.0
0.0
0.0
0.0
0.0
0.0
0.0
0.0
0.0
0.0
0.0
0.0
0.0
0.0
0.0
0.0
0.0
0.0
0.0
0.0
0.0
0.0
0.0
0.0
0.0
0.0
0.0
0.0
0.0
0.0
0.0
0.0
0.0
0.0
0.0
0.0
0.0
0.0
0.0
0.0
0.0
0.0
0.0
0.0
0.0
0.0
0.0
0.0
0.0
0.0
0.0
0.0
0.0
0.0
0.0
0.0
0.0
0.0
0.0
0.0
0.0
0.0
0.0
0.0
0.0
0.0
0.0
0.0
0.0
0.0
0.0
0.0
0.0
0.0
0.0
0.0
0.0
0.0
0.0
0.0
0.0
0.0
0.0
0.0
0.0
0.0
0.0
0.0
0.0
0.0
0.0
0.0
0.0
0.0
0.0
0.0
0.0
0.0
0.0
0.0
0.0
0.0
0.0
0.0
0.0
0.0
0.0
0.0
0.0
0.0
0.0
0.0
0.0
0.0
0.0
0.0
0.0
0.0
0.0
0.0
0.0
0.0
0.0
0.0
0.0
0.0
0.0
0.0
0.0
0.0
0.0
0.0
0.0
0.0
0.0
0.0
0.0
0.0
0.0
0.0
0.0
0.0
0.0
0.0
0.0
0.0
0.0
0.0
0.0
0.0
0.0
0.0
0.0
0.0
0.0
0.0
0.0
0.0
0.0
0.0
0.0
0.0
0.0
0.0
0.0
0.0
0.0
0.0
0.0
0.0
0.0
0.0
0.0
0.0
0.0
0.0
0.0
0.0
0.0
0.0
0.0
0.0
0.0
0.0
0.0
0.0
0.0
0.0
0.0
0.0
0.0
0.0
0.0
0.0
0.0
0.0
0.0
0.0
0.0
0.0
0.0
0.0
0.0
0.0
0.0
0.0
0.0
0.0
0.0
0.0
0.0
0.0
0.0
0.0
0.0
0.0
0.0
0.0
0.0
0.0
0.0
0.0
0.0
0.0
0.0
0.0
0.0
0.0
0.0
0.0
0.0
0.0
0.0
0.0
0.0
0.0
0.0
0.0
0.0
0.0
0.0
0.0
0.0
0.0
0.0
0.0
0.0
0.0
0.0
0.0
0.0
0.0
0.0
0.0
0.0
0.0
0.0
0.0
0.0
0.0
0.0
0.0
0.0
0.0
0.0
0.0
0.0
0.0
0.0
0.0
0.0
0.0
0.0
0.0
0.0
0.0
0.0
0.0
0.0
0.0
0.0
0.0
0.0
0.0
0.0
0.0
0.0
0.0
0.0
0.0
0.0
0.0
0.0
0.0
0.0
0.25
3.0
0.25
0.0
0.0
0.0
0.0
0.0
0.0
0.0
0.0
0.0
0.0
0.0
0.0
0.0
0.0
0.0
0.0
0.0
0.0
0.0
0.0
0.0
0.0
0.0
0.0
0.0
0.0
0.0
0.0
0.0
0.0
0.0
0.0
0.0
0.0
0.0
0.0
0.0
0.0
0.0
0.0
0.0
0.0
0.0
0.0
0.0
0.0
0.0
0.0
0.0
0.0
0.0
0.0
0.0
0.0
0.0
0.0
0.0
0.0
0.0
0.0
0.0
0.0
0.0
0.0
0.0
0.0
0.0
0.0
0.0
0.0
0.0
0.0
0.0
0.0
0.0
0.0
0.0
0.0
0.0
0.0
0.0
0.0
0.0
0.0
0.0
0.0
0.0
0.0
0.0
0.0
0.0
0.0
0.0
0.0
0.0
0.0
0.0
0.0
0.0
0.0
0.0
0.0
0.0
0.0
0.0
0.0
0.0
0.0
0.0
0.0
0.0
0.0
0.0
0.0
0.0
0.25
0.0
0.0
0.0
0.0
0.0
0.0
0.0
0.0
0.0
0.0
0.0
0.0
0.0
0.0
0.0
0.0
0.0
0.0
0.0
0.0
0.0
0.0
0.0
0.0
0.0
0.0
0.0
0.0
0.0
0.0
0.0
0.0
0.0
0.0
0.0
0.0
0.0
0.0
0.0
0.0
0.0
0.0
0.0
0.0
0.0
0.0
0.0
0.0
0.0
0.0
0.0
0.0
0.0
0.0
0.0
0.0
0.0
0.0
0.0
0.0
0.0
0.0
0.0
0.0
0.0
0.0
0.0
0.0
0.0
0.0
0.0
0.0
0.0
0.0
0.0
0.0
0.0
0.0
0.0
0.0
0.0
0.0
0.0
0.0
0.0
0.0
0.0
0.0
0.0
0.0
0.0
0.0
0.0
0.0
0.0
0.0
0.0
0.0
0.0
0.0
0.0
0.0
0.0
0.0
0.0
0.0
0.0
0.0
0.0
0.0
0.0
0.0
0.0
0.0
0.0
0.0
0.0
0.0
0.0
0.0
0.0
0.0
0.0
0.0
0.0
0.0
0.0
0.0
0.0
0.0
0.0
0.0
0.0
0.0
0.0
0.0
0.0
0.0
0.0
0.0
0.0
0.0
0.0
0.0
0.0
0.0
0.0
0.0
0.0
0.0
0.0
0.0
0.0
0.0
0.0
0.0
0.0
0.0
0.0
0.0
0.0
0.0
0.0
0.0
0.0
0.0
0.0
0.0
0.0
0.0
0.0
0.0
0.0
0.0
0.0
0.0
0.0
0.0
0.0
0.0
0.0
0.0
0.0
0.0
0.0
0.0
0.0
0.0
0.0
0.0
0.0
0.0
0.0
0.0
0.0
0.0
0.0
0.0
0.0
0.0
0.0
0.0
0.0
0.0
0.0
0.0
0.0
0.0
0.0
0.0
0.0
0.0
0.0
0.0
0.0
0.0
0.0
0.0
0.0
0.0
0.0
0.0
0.0
0.0
0.0
0.0
0.0
0.0
0.0
0.0
0.0
0.0
0.0
0.0
0.0
0.0
0.0
0.0
0.0
0.0
0.0
0.0
0.0
0.0
0.0
0.0
0.0
0.0
0.0
0.0
0.0
0.0
0.0
0.0
0.0
0.0
0.0
0.0
0.0
0.0
0.0
0.0
0.0
0.0
0.0
0.0
0.0
0.0
0.0
0.0
0.0
0.0
0.0
0.0
0.0
0.0
0.0
0.0
0.0
0.0
0.0
0.0
0.0
0.0
0.0
0.0
0.0
0.0
0.0
0.0
0.0
0.0
0.0
0.0
0.0
0.0
0.0
0.0
0.0
0.0
0.0
0.0
0.0
0.0
0.0
0.0
0.0
0.0
0.0
0.0
0.0
0.0
0.0
0.0
0.0
0.0
0.0
0.0
0.0
0.0
0.0
0.0
0.0
0.0
0.0
0.0
0.0
0.0
0.0
0.0
0.0
0.0
0.0
0.0
0.0
0.0
0.0
0.0
0.0
0.0
0.0
0.0
0.0
0.0
0.0
0.0
0.0
0.0
0.0
0.0
0.0
0.0
0.0
0.0
0.0
0.0
0.0
0.0
0.0
0.0
0.0
0.0
0.0
0.0
0.0
0.0
0.0
0.0
0.0
0.0
0.0
0.0
0.0
0.0
0.0
0.0
0.0
0.0
0.0
0.0
0.0
0.0
0.0
0.0
0.0
0.0
0.0
0.0
0.0
0.0
0.0
0.0
0.0
0.0
0.0
0.0
0.0
0.0
0.0
0.0
0.0
0.0
0.0
0.0
0.0
0.0
0.0
0.0
0.0
0.0
0.0
0.0
0.0
0.0
0.0
0.0
0.0
0.0
0.0
0.0
0.0
0.0
0.0
0.0
0.0
0.0
0.0
0.0
0.0
0.0
0.0
0.0
0.0
0.0
0.0
0.0
0.0
0.0
0.0
0.0
0.0
0.0
0.0
0.0
0.0
0.0
0.0
0.0
0.0
0.0
0.0
0.0
0.0
0.0
0.0
0.0
0.0
0.0
0.0
0.0
0.0
0.0
0.0
0.0
0.0
0.0
0.0
0.0
0.0
0.0
0.0
0.0
0.0
0.0
0.0
0.0
0.0
0.0
0.0
0.0
0.0
0.0
0.0
0.0
0.0
0.0
0.0
0.0
0.0
0.0
0.0
0.0
0.0
0.0
0.0
0.0
0.0
0.0
0.0
0.0
0.0
0.0
0.0
0.0
0.0
0.0
0.0
0.0
0.0
0.0
0.0
0.0
0.0
0.0
0.0
0.0
0.0
0.0
0.0
0.0
0.0
0.0
0.0
0.0
0.0
0.0
0.0
0.0
0.0
0.0
0.0
0.0
0.0
0.0
0.0
0.0
0.0
0.0
0.0
0.0
0.0
0.0
0.0
0.0
0.0
0.0
0.0
0.0
0.0
0.0
0.0
0.0
0.0
0.0
0.0
0.0
0.0
0.0
0.0
0.0
0.0
0.0
0.0
0.0
0.0
0.0
0.0
0.0
0.0
0.0
0.0
0.0
0.0
0.0
0.0
0.0
0.0
0.0
0.0
0.0
0.0
0.0
0.0
0.0
0.0
0.0
0.0
0.0
0.0
0.0
0.0
0.0
0.0
0.0
0.0
0.0
0.0
0.0
0.0
0.0
0.0
0.0
0.0
0.0
0.0
0.0
0.0
0.0
0.0
0.0
0.0
0.0
0.0
0.0
0.0
0.0
0.0
0.0
0.0
0.0
0.0
0.0
0.0
0.0
0.0
0.0
0.0
0.0
0.0
0.0
0.0
0.0
0.0
0.0
0.0
0.0
0.0
0.0
0.0
0.0
0.0
0.0
0.0
0.0
0.0
0.0
0.0
0.0
0.0
0.0
0.0
0.0
0.0
0.0
0.0
0.0
0.0
0.0
0.0
0.0
0.0
0.0
0.0
0.0
0.0
0.0
0.0
0.0
0.0
0.0
0.0
0.0
0.0
0.0
0.0
0.0
0.0
0.0
0.0
0.0
0.0
0.0
0.0
0.0
0.0
0.0
0.0
0.0
0.0
0.0
0.0
0.0
0.0
0.0
0.0
0.0
0.0
0.0
0.0
0.0
0.0
0.0
0.0
0.0
0.0
0.0
0.0
0.0
0.0
0.0
0.0
0.0
0.0
0.0
0.0
0.0
0.0
0.0
0.0
0.0
0.0
0.0
0.0
0.0
0.0
0.0
0.0
0.0
0.0
0.0
0.0
0.0
0.0
0.0
0.0
0.0
0.0
0.0
0.0
0.0
0.0
0.0
0.0
0.0
0.0
0.0
0.0
0.0
0.0
0.0
0.0
0.0
0.0
0.0
0.0
0.0
0.0
0.0
0.0
0.0
0.0
0.0
0.0
0.0
0.0
0.0
0.0
0.0
0.0
0.0
0.0
0.0
0.0
0.0
0.0
0.0
0.0
0.0
0.0
0.0
0.0
0.0
0.0
0.0
0.0
0.0
0.0
0.0
0.0
0.0
0.0
0.0
0.0
0.0
0.0
0.0
0.0
0.0
0.0
0.0
0.0
0.0
0.0
0.0
0.0
0.0
0.0
0.0
0.0
0.0
0.0
0.0
0.0
0.0
0.0
0.0
0.0
0.0
0.0
0.0
0.0
0.0
0.0
0.0
0.0
0.0
0.0
0.0
0.0
0.0
0.0
0.0
0.0
0.0
0.0
0.0
0.0
0.0
0.0
0.0
0.0
0.0
0.0
0.0
0.0
0.0
0.0
0.0
0.0
0.0
0.0
0.0
0.0
0.0
0.0
0.0
0.0
0.0
0.0
0.0
0.0
0.0
0.0
0.0
0.0
0.0
0.0
0.0
0.0
0.0
0.0
0.0
0.0
0.0
0.0
0.0
0.0
0.0
0.0
0.0
0.0
0.0
0.0
0.0
0.0
0.0
0.0
0.0
0.0
0.0
0.0
0.0
0.0
0.0
0.0
0.0
0.0
0.0
0.0
0.0
0.0
0.0
0.0
0.0
0.0
0.0
0.0
0.0
0.0
0.0
0.0
0.0
0.0
0.0
0.0
0.0
0.0
0.0
0.0
0.0
0.0
0.0
0.0
0.0
0.0
0.0
0.0
0.0
0.0
0.0
0.0
0.0
0.0
0.0
0.0
0.0
0.0
0.0
0.0
0.0
0.0
0.0
0.0
0.0
0.0
0.0
0.0
0.0
0.0
0.0
0.0
0.0
0.0
0.0
0.0
0.0
0.0
0.0
0.0
0.0
0.0
0.0
0.0
0.0
0.0
0.0
0.0
0.0
0.0
0.0
0.0
0.0
0.0
0.0
0.0
0.0
0.0
0.0
0.0
0.0
0.0
0.0
0.0
0.0
0.0
0.0
0.0
0.0
0.0
0.0
0.0
0.0
0.0
0.0
0.0
0.0
0.0
0.0
0.0
0.0
0.0
0.0
0.0
0.0
0.0
0.0
0.0
0.0
0.0
0.0
0.0
0.0
0.0
0.0
0.0
0.0
0.0
0.0
0.0

Average_Alpha:
0.24999999900000003
0.25000000200000005
0.2500000060000003
0.2500000100000003
0.25000001400000044
0.25000001800000055
0.2500000220000007
0.2500000260000007
0.2500000300000009
0.2500000340000009
0.2500000380000011
0.25000004200000114
0.2500000460000013
0.2500000500000014
0.2500000540000015
0.25000005800000163
0.2500000620000018
0.2500000660000018
0.25000007000000196
0.250000074000002
0.2500000780000022
0.25000008200000223
0.2500000860000024
0.25000009000000245
0.2500000940000026
0.25000009800000267
0.25000010200000283
0.25000010600000294
0.25000011000000305
0.2500001140000031
0.25000011800000327
0.2500001220000033
0.2500001260000035
0.25000013000000354
0.2500001340000037
0.25000013800000376
0.2500001420000039
0.250000146000004
0.2500001500000042
0.2500001540000042
0.25000015800000436
0.2500001620000044
0.2500001660000046
0.25000017000000463
0.2500001740000048
0.25000017800000485
0.250000182000005
0.25000018600000506
0.2500001900000053
0.2500001940000053
0.25000019800000545
0.2500002020000055
0.25000020600000566
0.2500002100000057
0.2500002140000059
0.25000021800000594
0.2500002220000061
0.25000022600000615
0.2500002300000063
0.2500002340000064
0.25000023800000654
0.25000024200000653
0.25000024600000675
0.2500002500000068
0.25000025400000697
0.250000258000007
0.2500002620000072
0.25000026600000724
0.2500002700000074
0.25000027400000746
0.2500002780000077
0.2500002820000077
0.25000028600000784
0.2500002900000079
0.25000029400000806
0.2500002980000081
0.2500003020000083
0.25000030600000833
0.2500003100000085
0.25000031400000855
0.25000031800000877
0.2500003220000087
0.25000032600000893
0.25000033000000893
0.25000033400000915
0.2500003380000092
0.25000034200000937
0.2500003460000094
0.2500003500000096
0.25000035400000964
0.2500003580000098
0.25000036200000986
0.25000036600001
0.25000037000001
0.25000037400001024
0.2500003780000103
0.25000038200001046
0.2500003860000105
0.2500003900000107
0.25000039400001073
0.2500003980000109
0.25000040200001095
0.25000040600001117
0.25000041000001116
0.25000041400001133
0.2500004180000114
0.25000042200001155
0.2500004260000116
0.25000043000001176
0.2500004340000118
0.250000438000012
0.25000044200001204
0.2500004460000122
0.2500004500000122
0.2500004540000124
0.2500004580000124
0.25000046200001264
0.2500004660000127
0.25000047000001285
0.2500004740000129
0.25000047800001307
0.2500004820000131
0.2500004860000133
0.25000049000001334
0.25000049400001345
0.2500004980000135
0.2500005020000137
0.2500005060000138
0.25000051000001394
0.250000514000014
0.25000051800001416
0.2500005220000142
0.2500005260000144
0.25000053000001443
0.25000053400001454
0.25000053800001465
0.2500005420000148
0.25000054600001487
0.25000055000001503
0.2500005540000151
0.25000055800001525
0.2500005620000153
0.25000056600001547
0.2500005700000155
0.2500005740000157
0.2500005780000157
0.2500005820000159
0.2500005860000159
0.2500005900000161
0.2500005940000161
0.25000059800001634
0.25000060200001634
0.25000060600001656
0.25000061000001655
0.2500006140000168
0.2500006180000168
0.25000062200001694
0.250000626000017
0.2500006300000172
0.2500006340000172
0.2500006380000174
0.2500006420000174
0.25000064600001765
0.25000065000001764
0.25000065400001786
0.25000065800001786
0.250000662000018
0.2500006660000181
0.2500006700000183
0.2500006740000183
0.2500006780000185
0.2500006820000185
0.25000068600001873
0.25000069000001873
0.25000069400001895
0.25000069800001895
0.25000070200001917
0.25000070600001917
0.2500007100000194
0.2500007140000194
0.2500007180000196
0.2500007220000196
0.2500007260000198
0.2500007300000198
0.25000073400002004
0.25000073800002004
0.25000074200002026
0.2500007460000203
0.2500007500000204
0.2500007540000205
0.2500007580000207
0.2500007620000207
0.2500007660000209
0.2500007700000209
0.25000077400002113
0.25000077800002113
0.25000078200002135
0.25000078600002135
0.2500007900000215
0.25000079400002156
0.2500007980000218
0.2500008020000218
0.250000806000022
0.250000810000022
0.2500008140000222
0.2500008180000222
0.25000082200002244
0.25000082600002244
0.25000083000002266
0.25000083400002265
0.2500008380000229
0.25000084200002287
0.25000083300002307
0.25000081600002305
0.2500007580000233
0.2500006450000233
0.25000051400002343
0.2500003890000234
0.2500002730000236
0.2500001220000236
0.2499999760000237
0.24999989500002368
0.24999983900002376
0.24999981000002372
0.24999977400002382
0.24999972400002382
0.24999965700002388
0.2499995890000239
0.24999954600002394
0.24999952900002395
0.24999952800002398
0.249999532000024
0.24999953600002406
0.24999954000002403
0.24999954400002408
0.24999954800002408
0.24999955200002416
0.24999955600002413
0.24999956000002418
0.2499995640000242
0.24999956800002426
0.24999957200002423
0.2499995760000243
0.2499995800000243
0.24999958400002437
0.24999958800002434
0.2499995920000244
0.24999959600002442
0.2499996000000245
0.24999960400002444
0.24999960800002452
0.24999961200002457
0.24999961600002468
0.24999962000002468
0.24999962400002476
0.24999962800002481
0.24999963200002492
0.24999963600002498
0.249999640000025
0.24999964400002506
0.24999964800002517
0.24999965200002522
0.2499996560000253
0.2499996600000253
0.2499996640000254
0.24999966800002546
0.24999967200002554
0.2499996760000256
0.24999968000002568
0.24999968400002576
0.2499996880000258
0.24999969200002584
0.24999969600002594
0.24999970000002597
0.24999970400002608
0.2499997080000261
0.2499997120000262
0.24999971600002624
0.24999972000002632
0.24999972400002637
0.24999972800002646
0.24999973200002648
0.2499997360000266
0.24999974000002662
0.2499997440000267
0.24999974800002675
0.24999975200002683
0.24999975600002688
0.249999760000027
0.249999764000027
0.24999976800002707
0.24999977200002713
0.24999977600002724
0.24999978000002726
0.24999978400002731
0.2499997880000274
0.24999979200002748
0.2499997960000275
0.2499998000000276
0.24999980400002766
0.24999980800002775
0.2499998120000278
0.24999981600002785
0.2499998200000279
0.24999982400002801
0.24999982800002804
0.2499998320000281
0.24999983600002815
0.24999984000002826
0.24999984400002828
0.2499998480000284
0.2499998520000284
0.2499998560000285
0.24999986000002855
0.24999986400002863
0.24999986800002866
0.24999987200002877
0.24999987600002882
0.2499998800000289
0.24999988400002893
0.249999888000029
0.24999989200002906
0.24999989600002914
0.2499999000000292
0.24999990400002928
0.24999990800002933
0.2499999120000294
0.24999991600002947
0.24999992000002955
0.24999992400002957
0.24999992800002965
0.2499999320000297
0.2499999360000298
0.2499999400000298
0.24999994400002992
0.24999994800002998
0.24999995200003008
0.24999995600003008
0.24999996000003016
0.24999996400003022
0.24999996800003033
0.24999997200003035
0.2499999760000304
0.24999998000003046
0.24999998400003057
0.24999998800003062
0.24999999200003067
0.2499999960000307
0.2500000000000308
0.25000000400003086
0.25000000800003097
0.25000001200003097
0.2500000160000311
0.2500000200000311
0.2500000240000312
0.25000002800003124
0.25000003200003135
0.25000003600003134
0.25000004000003145
0.2500000440000315
0.2500000480000316
0.25000005200003167
0.2500000560000317
0.2500000600000317
0.25000006400003183
0.2500000680000319
0.25000007200003194
0.250000076000032
0.2500000800000321
0.25000008400003215
0.2500000880000322
0.25000009200003226
0.25000009600003237
0.2500001000000324
0.2500001040000325
0.25000010800003253
0.25000011200003264
0.2500001160000327
0.25000012000003274
0.2500001240000328
0.25000012800003285
0.2500001320000329
0.25000013600003296
0.25000014000003307
0.2500001440000331
0.2500001480000332
0.2500001520000333
0.25000015600003334
0.2500001600000334
0.2500001640000334
0.2500001680000335
0.25000017200003355
0.25000017600003366
0.2500001800000337
0.25000018400003376
0.2500001880000339
0.2500001920000339
0.2500001960000339
0.25000020000003403
0.2500002040000341
0.2500002080000342
0.2500002120000342
0.2500002160000343
0.2500002200000343
0.2500002240000344
0.25000022800003446
0.2500002320000345
0.25000023600003457
0.2500002400000347
0.25000024400003473
0.2500002480000348
0.25000025200003484
0.25000025600003495
0.250000260000035
0.25000026400003506
0.25000026800003505
0.25000027200003516
0.2500002760000352
0.2500002800000353
0.25000027500003535
0.25000027400003544
0.2500002770000355
0.2500002810000356
0.2500002850000356
0.2500002890000357
0.25000029300003573
0.25000029700003584
0.25000030100003584
0.25000030500003595
0.250000309000036
0.25000031300003606
0.2500003170000361
0.2500003210000362
0.2500003250000362
0.2500003290000363
0.2500003330000364
0.2500003370000365
0.2500003410000365
0.2500003450000366
0.25000034900003665
0.25000035300003676
0.25000035700003675
0.2500003610000368
0.25000036500003686
0.25000036900003697
0.250000373000037
0.2500003770000371
0.2500003810000372
0.25000038500003724
0.2500003890000373
0.25000039300003735
0.2500003970000374
0.25000040100003745
0.2500004050000375
0.2500004090000376
0.25000041300003767
0.2500004170000378
0.2500004210000378
0.2500004250000379
0.25000042900003794
0.250000433000038
0.25000043700003804
0.25000044100003815
0.25000044500003815
0.25000044900003826
0.2500004530000383
0.25000045700003837
0.2500004610000384
0.25000046500003853
0.2500004690000385
0.25000047300003864
0.2500004770000387
0.25000048100003874
0.25000048500003874
0.2500004890000389
0.2500004930000389
0.250000497000039
0.25000050100003907
0.2500005050000391
0.2500005090000392
0.2500005130000393
0.2500005170000393
0.2500005210000394
0.25000052500003944
0.25000052900003955
0.2500005330000396
0.2500005370000396
0.25000054100003966
0.25000054500003976
0.2500005490000398
0.2500005530000399
0.2500005570000399
0.25000056100004003
0.2500005650000401
0.2500005690000402
0.2500005730000402
0.2500005770000403
0.2500005810000403
0.2500005850000404
0.2500005890000404
0.2500005930000405
0.2500005970000406
0.25000060100004073
0.2500006050000408
0.2500006090000409
0.25000061300004095
0.25000061700004106
0.25000062100004117
0.2500006250000413
0.25000062900004133
0.25000063300004144
0.2500006370000415
0.2500006410000416
0.2500006450000417
0.25000064900004176
0.2500006530000418
0.2500006570000419
0.25000066100004203
0.25000066500004214
0.2500006690000422
0.2500006730000423
0.2500006770000424
0.2500006810000425
0.2500006850000426
0.25000068900004263
0.25000069300004274
0.25000069700004285
0.2500007010000429
0.250000705000043
0.2500007090000431
0.25000071300004323
0.2500007170000433
0.2500007210000434
0.25000072500004344
0.25000072900004355
0.2500007330000436
0.2500007370000437
0.2500007410000438
0.25000074500004393
0.250000749000044
0.2500007530000441
0.25000075700004415
0.25000076100004426
0.2500007650000443
0.2500007690000444
0.25000077300004453
0.25000077700004464
0.2500007810000447
0.2500007850000448
0.25000078900004485
0.25000079300004496
0.25000079700004507
0.2500008010000452
0.25000080500004523
0.25000080900004534
0.2500008130000454
0.2500008170000455
0.25000082100004556
0.25000082500004567
0.2500008290000457
0.2500008330000459
0.25000083700004594
0.25000084100004605
0.2500008450000461
0.2500008490000462
0.25000085300004626
0.2500008570000464
0.2500008610000465
0.2500008650000466
0.25000086900004664
0.25000087300004675
0.25000087700004686
0.25000088100004697
0.25000088500004697
0.25000088900004713
0.25000089300004713
0.2500008970000473
0.25000090100004735
0.25000090500004746
0.2500009090000475
0.2500009130000476
0.2500009170000477
0.25000092100004784
0.2500009250000479
0.250000929000048
0.25000093300004805
0.25000093700004816
0.2500009410000482
0.2500009450000483
0.25000094900004843
0.25000095300004854
0.2500009570000486
0.25000096100004865
0.25000096500004876
0.25000096900004887
0.2500009730000489
0.25000097700004903
0.25000098100004914
0.25000098500004925
0.2500009890000493
0.2500009930000494
0.2500009970000495
0.25000100100004957
0.2500010050000497
0.25000100900004973
0.25000101300004984
0.25000101700004995
0.25000102100005
0.2500010250000501
0.25000102900005017
0.2500010330000503
0.25000103700005033
0.25000104100005044
0.25000104500005055
0.25000104900005066
0.2500010530000507
0.2500010570000508
0.2500010610000509
0.250001065000051
0.2500010690000511
0.2500010730000512
0.25000107700005125
0.25000108100005136
0.2500010850000514
0.2500010890000515
0.2500010930000516
0.25000109700005174
0.2500011010000518
0.2500011050000519
0.25000110900005196
0.25000111300005207
0.2500011170000521
0.25000112100005223
0.2500011250000523
0.2500011290000524
0.2500011330000525
0.2500011370000526
0.25000114100005266
0.25000114500005277
0.2500011490000528
0.250001153000053
0.25000115700005304
0.25000116100005315
0.25000116500005315
0.2500011690000533
0.25000117300005337
0.2500011770000535
0.25000118100005353
0.25000118500005364
0.25000118900005375
0.25000119300005386
0.2500011970000539
0.250001201000054
0.25000120500005407
0.2500012090000542
0.25000121300005423
0.25000121700005434
0.25000122100005445
0.25000122500005456
0.2500012290000546
0.2500012330000547
0.2500012370000548
0.2500012410000549
0.25000124500005494
0.2500012490000551
0.25000125300005516
0.25000125700005527
0.2500012610000553
0.25000126500005543
0.25000126900005554
0.25000127300005565
0.25000127700005564
0.25000128100005575
0.25000128500005586
0.25000128900005597
0.250001293000056
0.25000129700005613
0.2500013010000562
0.25000130500005635
0.2500013090000564
0.25000131300005646
0.25000131700005657
0.2500013210000567
0.25000132500005673
0.25000132900005684
0.2500013330000569
0.250001337000057
0.25000134100005705
0.2500013450000572
0.25000134900005727
0.2500013530000574
0.25000135700005743
0.25000136100005754
0.25000136500005765
0.25000136900005776
0.2500013730000578
0.2500013770000579
0.250001381000058
0.2500013850000581
0.2500013890000582
0.25000139300005825
0.2500013970000583
0.25000140100005847
0.2500014050000585
0.2500014090000586
0.2500014130000587
0.2500014170000588
0.25000142100005884
0.250001425000059
0.25000142900005906
0.2500014330000591
0.2500014370000592
0.25000144100005933
0.2500014450000594
0.25000144900005955
0.2500014530000596
0.2500014570000597
0.25000146100005977
0.2500014650000599
0.25000146900005993
0.25000147300006004
0.2500014770000601
0.2500014810000602
0.25000148500006025
0.2500014890000604
0.25000149300006047
0.2500014970000606
0.25000150100006063
0.2500015050000608
0.2500015090000608
0.2500015130000609
0.250001517000061
0.2500015210000611
0.2500015250000612
0.2500015290000613
0.25000153300006134
0.25000153700006145
0.25000154100006156
0.25000154500006166
0.25000154900006166
0.25000155300006177
0.2500015570000619
0.250001561000062
0.25000156500006204
0.25000156900006215
0.25000157300006226
0.2500015770000623
0.2500015810000624
0.25000158500006253
0.2500015890000626
0.2500015930000627
0.2500015970000628
0.2500016010000629
0.250001605000063
0.25000160900006313
0.2500016130000632
0.2500016170000633
0.2500016210000634
0.25000162500006357
0.2500016290000636
0.2500016330000637
0.2500016370000638
0.25000164100006395
0.250001645000064
0.25000164900006416
0.2500016530000642
0.2500016570000644
0.25000166100006443
0.25000166500006454
0.2500016690000646
0.25000167300006476
0.2500016770000648
0.250001681000065
0.25000168500006503
0.2500016890000652
0.25000169300006525
0.25000169700006536
0.25000170100006547
0.2500017050000656
0.2500017090000657
0.2500017130000658
0.25000171700006585
0.250001721000066
0.25000172500006607
0.25000172900006623
0.2500017330000663
0.2500017370000664
0.2500017410000665
0.2500017450000666
0.2500017490000667
0.25000175300006683
0.2500017570000669
0.25000176100006705
0.2500017650000671
0.2500017690000672
0.2500017730000673
0.2500017770000674
0.25000178100006754
0.25000178500006764
0.2500017890000677
0.25000179300006786
0.2500017970000679
0.250001801000068
0.25000180500006813
0.25000180900006824
0.25000181300006835
0.25000181700006846
0.2500018210000685
0.2500018250000687
0.25000182900006873
0.2500018330000689
0.25000183700006895
0.25000184100006906
0.2500018450000691
0.2500018490000693
0.25000185300006933
0.2500018570000695
0.25000186100006955
0.2500018650000697
0.25000186900006977
0.25000187300006993
0.25000187700007
0.2500018810000701
0.25000188500007015
0.2500018890000703
0.2500018930000704
0.2500018970000705
0.2500019010000706
0.2500019050000707
0.2500019090000708
0.2500019130000709
0.250001917000071
0.2500019210000711
0.2500019250000712
0.25000192900007134
0.25000193300007145
0.25000193700007156
0.2500019410000716
0.2500019450000718
0.25000194900007183
0.250001953000072
0.25000195700007205
0.25000196100007216
0.2500019650000722
0.2500019690000724
0.25000197300007243
0.2500019770000726
0.25000198100007265
0.25000198500007276
0.25000198900007287
0.25000199300007303
0.2500019970000731
0.2500020010000732
0.25000200500007325
0.2500020090000734
0.25000201300007346
0.25000201700007363
0.2500020210000737
0.2500020250000738
0.25000202900007384
0.250002033000074
0.25000203700007406
0.2500020410000742
0.2500020450000743
0.2500020490000744
0.2500020530000745
0.2500020570000746
0.2500020610000747
0.2500020650000748
0.25000206900007493
0.25000207300007504
0.25000207700007515
0.25000208100007526
0.2500020850000753
0.2500020890000754
0.2500020930000755
0.25000209700007564
0.25000210100007575
0.25000210500007586
0.25000210900007597
0.2500021130000761
0.2500021170000762
0.2500021210000763
0.2500021250000764
0.25000212900007646
0.25000213300007657
0.2500021370000767
0.2500021410000768
0.2500021450000769
0.25000214900007695
0.2500021530000771
0.25000215500007716
0.25000215900007733
0.2500021630000774
0.25000216700007755
0.25000217100007754
0.2500021750000777
0.2500021790000778
0.2500021830000779
0.250002187000078
0.2500021910000781
0.2500021950000782
0.2500021990000783
0.2500022030000784
0.2500022070000785
0.2500022110000786
0.25000221500007874
0.2500022190000788
0.25000222300007896
0.250002227000079
0.2500022310000791
0.25000223500007923
0.2500022390000794
0.25000224300007945
0.25000224700007956
0.2500022510000796
0.2500022550000798
0.25000225900007983
0.25000226300008
0.25000226700008005
0.25000227100008016
0.25000227500008027
0.2500022790000804
0.2500022830000805
0.2500022870000806
0.2500022910000807
0.25000229500008075
0.25000229900008086
0.25000230300008097
0.2500023070000811
0.2500023110000812
0.2500023150000813
0.2500023190000814
0.2500023230000815
0.2500023270000816
0.25000233100008173
0.2500023350000818
0.2500023390000819
0.250002343000082
0.2500023470000821
0.2500023510000822
0.2500023550000823
0.25000235900008244
0.2500023630000825
0.25000236700008266
0.2500023710000827
0.2500023750000829
0.25000237900008293
0.25000238300008304
0.25000238700008315
0.25000239100008326
0.2500023950000833
0.2500023990000835
0.25000240300008353
0.2500024070000837
0.25000241100008375
0.25000241500008386
0.25000241900008396
0.2500024230000841
0.2500024270000841
0.2500024310000843
0.2500024350000844
0.2500024390000845
0.25000244300008456
0.25000244700008467
0.2500024510000848
0.25000245500008494
0.25000245900008494
0.2500024630000851
0.25000246700008516
0.2500024710000853
0.2500024750000854
0.25000247900008554
0.2500024830000856
0.25000248700008576
0.2500024910000858
0.2500024950000859
0.25000249900008603
0.25000250300008614
0.2500025070000862
0.2500025110000863
0.2500025150000864
0.2500025190000866
0.25000252300008663
0.2500025270000868
0.25000253100008685
0.25000253500008696
0.250002539000087
0.2500025430000871
0.2500025470000872
0.25000255100008734
0.25000255500008745
0.25000255900008755
0.25000256300008766
0.25000256700008777
0.2500025710000879
0.250002575000088
0.2500025790000881
0.25000258300008815
0.25000258700008826
0.25000259100008837
0.2500025950000885
0.25000259900008864
0.2500026030000887
0.25000260700008886
0.2500026110000889
0.250002615000089
0.25000261900008913
0.2500026230000893
0.25000262700008935
0.25000263100008946
0.25000263500008957
0.25000263900008973
0.2500026430000898
0.2500026470000899
0.25000265100009
0.2500026550000901
0.2500026590000902
0.2500026630000904
0.25000266700009044
0.25000267100009055
0.25000267500009066
0.25000267900009077
0.2500026830000909
0.250002687000091
0.25000269100009104
0.2500026950000912
0.2500026990000913
0.2500027030000914
0.25000270700009153
0.2500027110000916
0.2500027150000917
0.25000271900009186
0.2500027230000919
0.2500027270000921
0.2500027310000922
0.2500027350000923
0.25000273900009234
0.2500027430000925
0.2500027470000926
0.2500027510000927
0.2500027550000928
0.2500027590000929
0.250002763000093
0.2500027670000931
0.2500027710000932
0.2500027750000934
0.25000277900009343
0.2500027830000936
0.25000278700009365
0.2500027910000938
0.2500027950000939
0.250002799000094
0.2500028030000941
0.25000280700009425
0.2500028110000943
0.2500028150000944
0.2500028190000945
0.25000282300009463
0.25000282700009474
0.2500028310000949
0.25000283500009496
0.25000283900009507
0.2500028430000952
0.2500028470000953
0.2500028510000954
0.2500028550000955
0.2500028590000956
0.2500028630000957
0.25000286700009583
0.25000287100009594
0.25000287500009605
0.25000287900009616
0.25000288300009627
0.2500028870000964
0.2500028910000965
0.2500028950000966
0.2500028990000967
0.2500029030000968
0.2500029070000969
0.25000291100009703
0.25000291500009714
0.2500029190000973
0.2500029230000973
0.25000292700009746
0.2500029310000975
0.2500029350000977
0.2500029390000978
0.2500029430000979
0.250002947000098
0.2500029510000981
0.2500029550000982
0.25000295900009833
0.25000296300009844
0.25000296700009855
0.2500029710000986
0.25000297500009877
0.2500029790000989
0.250002983000099
0.25000298700009904
0.2500029910000992
0.25000299500009926
0.2500029990000994
0.25000300300009953
0.25000300700009964
0.2500030110000997
0.25000301500009986
0.2500030190000999
0.2500030230001001
0.2500030270001002
0.2500030310001003
0.25000303500010035
0.2500030390001005
0.2500030430001006
0.25000304700010073
0.2500030510001008
0.25000305500010095
0.250003059000101
0.25000306300010117
0.2500030670001012
0.2500030710001014
0.25000307500010144
0.2500030790001016
0.25000308300010166
0.2500030870001018
0.25000309100010193
0.250003095000102
0.2500030990001021
0.2500031030001022
0.2500031070001023
0.2500031110001025
0.2500031150001025
0.2500031190001027
0.25000312300010274
0.25000312700010285
0.25000313100010296
0.2500031350001031
0.2500031390001032
0.2500031430001033
0.2500031470001034
0.25000315100010356
0.2500031550001036
0.2500031590001037
0.25000316300010383
0.25000316700010394
0.25000317100010405
0.2500031750001042
0.25000317900010427
0.2500031830001044
0.2500031870001045
0.2500031910001046
0.2500031950001047
0.2500031990001048
0.25000320300010487
0.25000320700010503
0.25000321100010514
0.25000321500010525
0.25000321900010536
0.2500032230001054
0.2500032270001055
0.2500032310001057
0.25000323500010574
0.2500032390001059
0.25000324300010596
0.2500032470001061
0.2500032510001062
0.25000325500010634
0.25000325900010645
0.2500032630001065
0.2500032670001066
0.2500032710001067
0.25000327500010683
0.25000327900010694
0.25000328300010705
0.2500032870001072
0.25000329100010726
0.25000329500010743
0.2500032990001075
0.25000330300010765
0.2500033070001077
0.2500033110001078
0.2500033150001079
0.2500033190001081
0.25000332300010814
0.25000332700010824
0.25000333100010835
0.25000333500010846
0.25000333900010857
0.25000334300010874
0.25000334700010873
0.2500033510001089
0.250003355000109
0.2500033590001091
0.2500033630001092
0.25000336700010933
0.25000337100010944
0.25000337500010955
0.25000337900010966
0.25000338300010977
0.2500033870001099
0.25000339100011
0.2500033950001101
0.2500033990001102
0.2500034030001103
0.2500034070001104
0.2500034110001105
0.25000341500011064
0.25000341900011075
0.25000342300011086
0.25000342700011097
0.25000343100011113
0.25000343500011113
0.2500034390001113
0.25000344300011135
0.2500034470001115
0.2500034510001116
0.25000345500011173
0.25000345900011184
0.25000346300011195
0.25000346700011206
0.25000347100011217
0.2500034750001122
0.2500034790001124
0.25000348300011244
0.2500034870001126
0.2500034910001127
0.2500034950001128
0.25000349900011287
0.25000350300011304
0.2500035070001131
0.25000351100011325
0.25000351500011336
0.25000351900011347
0.2500035230001135
0.2500035270001137
0.25000353100011374
0.2500035350001139
0.25000353900011396
0.2500035430001141
0.2500035470001142
0.25000355100011434
0.25000355500011445
0.25000355900011456
0.2500035630001146
0.2500035670001148
0.25000357100011483
0.250003575000115
0.25000357900011505
0.2500035830001152
0.25000358700011527
0.25000359100011543
0.2500035950001155
0.25000359900011565
0.2500036030001157
0.2500036070001158
0.2500036110001159
0.25000361500011603
0.25000361900011614
0.2500036230001163
0.25000362700011636
0.2500036310001165
0.2500036350001166
0.25000363900011674
0.2500036430001168
0.2500036470001169
0.250003651000117
0.2500036550001171
0.25000365900011723
0.2500036630001174
0.25000366700011745
0.25000367100011756
0.25000367500011766
0.2500036790001178
0.2500036830001179
0.25000368700011805
0.2500036910001181
0.2500036950001182
0.2500036990001183
0.2500037030001184
0.25000370700011854
0.25000371100011864
0.25000371500011875
0.2500037190001189
0.25000372300011897
0.25000372700011914
0.2500037310001192
0.2500037350001193
0.2500037390001194
0.2500037430001195
0.2500037470001196
0.2500037510001198
0.25000375500011984
0.25000375900011995
0.25000376300012006
0.25000376700012017
0.2500037710001203
0.2500037750001204
0.2500037790001205
0.2500037830001206
0.2500037870001207
0.2500037910001208
0.25000379500012093
0.25000379900012104
0.25000380300012115
0.25000380700012126
0.25000381100012137
0.25000381500012153
0.2500038190001216
0.2500038230001217
0.2500038270001218
0.2500038310001219
0.250003835000122
0.25000383900012213
0.25000384300012224
0.25000384700012235
0.25000385100012246
0.2500038550001226
0.2500038590001226
0.2500038630001228
0.25000386700012284
0.250003871000123
0.2500038750001231
0.2500038790001232
0.25000388300012333
0.25000388700012344
0.25000389100012355
0.25000389500012365
0.25000389900012376
0.2500039030001239
0.2500039070001239
0.2500039110001241
0.2500039150001242
0.2500039190001243
0.2500039230001244
0.2500039270001245
0.25000393100012464
0.25000393500012474
0.25000393900012485
0.25000394300012496
0.25000394700012507
0.2500039510001252
0.2500039550001253
0.2500039590001254
0.2500039630001255
0.2500039670001256
0.2500039710001257
0.25000397500012583
0.25000397900012594
0.25000398300012605
0.2500039870001261
0.25000399100012627
0.2500039950001263
0.2500039990001265
0.25000400300012654
0.2500040070001267
0.2500040110001268
0.2500040150001269
0.25000401900012703
0.25000402300012714
0.25000402700012725
0.25000403100012736
0.2500040350001274
0.25000403800012755
0.25000403000012766
0.2500040330001278
0.25000403700012785
0.25000404100012796
0.2500040450001281
0.2500040490001282
0.2500040530001283
0.25000405700012845
0.2500040610001285
0.2500040650001287
0.2500040690001287
0.2500040730001289
0.25000407700012894
0.25000408100012905
0.25000408500012916
0.25000408900012927
0.2500040930001294
0.2500040970001295
0.2500041010001296
0.25000410500012976
0.2500041090001298
0.25000411300013
0.25000411700013003
0.25000412100013014
0.25000412500013025
0.25000412900013036
0.25000413300013047
0.25000413700013063
0.2500041410001307
0.2500041450001308
0.2500041490001309
0.250004153000131
0.2500041570001311
0.25000416100013123
0.25000416500013134
0.25000416900013145
0.25000417300013156
0.25000417700013167
0.2500041810001318
0.2500041850001319
0.250004189000132
0.2500041930001321
0.2500041970001322
0.2500042010001324
0.25000420500013243
0.25000420900013254
0.25000421300013265
0.25000421700013276
0.25000422100013286
0.250004225000133
0.2500042290001331
0.2500042330001332
0.2500042370001333
0.2500042410001334
0.2500042450001335
0.2500042490001336
0.25000425300013374
0.25000425700013384
0.25000426100013395
0.2500042650001341
0.25000426900013417
0.2500042730001343
0.2500042770001344
0.2500042810001345
0.2500042850001346
0.2500042890001347
0.2500042930001348
0.25000429700013493
0.25000430100013504
0.25000430500013515
0.25000430900013526
0.25000431300013537
0.2500043170001355
0.2500043210001356
0.2500043250001357
0.2500043290001358
0.2500043330001359
0.250004337000136
0.2500043410001361
0.25000434500013624
0.25000434900013635
0.25000435300013646
0.25000435700013657
0.2500043610001367
0.2500043650001368
0.2500043690001369
0.250004373000137
0.2500043770001371
0.25000438100013717
0.25000438500013733
0.25000438900013744
0.25000439300013755
0.25000439700013766
0.25000440100013777
0.2500044050001379
0.250004409000138
0.2500044130001381
0.2500044170001382
0.25000442100013825
0.2500044250001384
0.2500044290001385
0.25000443300013864
0.25000443700013875
0.25000444100013886
0.2500044450001389
0.2500044490001391
0.2500044530001392
0.2500044570001393
0.2500044610001394
0.25000446500013945
0.25000446900013956
0.2500044730001397
0.2500044770001398
0.25000448100013994
0.25000448500014
0.25000448900014016
0.25000449300014027
0.25000449600014035
0.25000450000014046
0.2500045040001406
0.2500045080001407
0.2500045120001408
0.2500045160001409
0.25000452000014106
0.2500045240001411
0.2500045280001412
0.25000453200014133
0.2500045360001415
0.25000454000014155
0.2500045440001417
0.25000454800014177
0.2500045520001419
0.250004556000142
0.2500045600001421
0.2500045640001422
0.25000456800014237
0.2500045720001424
0.25000457600014253
0.25000458000014264
0.25000458400014275
0.25000458800014286
0.25000459200014297
0.2500045960001431
0.25000460000014324
0.2500046040001433
0.25000460800014346
0.25000461200014346
0.2500046160001436
0.25000462000014373
0.25000462400014384
0.25000462800014395
0.2500046320001441
0.25000463600014416
0.2500046400001443
0.2500046440001444
0.25000464800014455
0.2500046520001446
0.2500046560001447
0.25000466000014476
0.2500046640001449
0.25000466800014504
0.25000467200014515
0.25000467600014525
0.25000468000014536
0.25000468400014547
0.2500046880001456
0.2500046920001457
0.25000469600014585
0.2500047000001459
0.250004704000146
0.2500047080001461
0.25000471200014623
0.25000471600014634
0.25000472000014645
0.25000472400014656
0.2500047280001467
0.2500047320001468
0.25000473600014694
0.25000474000014694
0.2500047440001471
0.2500047480001472
0.2500047520001473
0.25000475600014743
0.2500047600001476
0.25000476400014765
0.25000476800014776
0.25000477200014787
0.25000477600014803
0.2500047800001481
0.2500047840001482
0.25000478800014825
0.2500047920001484
0.2500047960001485
0.25000480000014863
0.25000480400014874
0.25000480800014885
0.25000481200014896
0.25000481600014907
0.2500048200001492
0.25000482400014934
0.2500048280001494
0.2500048320001495
0.2500048360001496
0.2500048400001497
0.25000484400014983
0.25000484800014994
0.25000485200015005
0.2500048560001502
0.25000486000015026
0.25000486400015043
0.2500048680001504
0.2500048720001506
0.2500048760001507
0.2500048800001508
0.2500048840001509
0.2500048880001511
0.25000489200015114
0.25000489600015124
0.25000490000015135
0.2500049040001515
0.25000490800015157
0.2500049120001517
0.25000491600015173
0.2500049200001519
0.250004924000152
0.2500049280001521
0.2500049320001522
0.25000493600015233
0.25000494000015244
0.25000494400015255
0.25000494800015266
0.2500049520001528
0.2500049560001529
0.250004960000153
0.2500049640001531
0.2500049680001532
0.2500049720001533
0.2500049760001534
0.25000498000015353
0.2500049840001537
0.25000498800015375
0.2500049920001539
0.2500049960001539
0.2500050000001541
0.2500050040001542
0.2500050080001543
0.2500050120001544
0.25000501600015457
0.2500050200001546
0.25000502400015473
0.25000502800015484
0.250005032000155
0.25000503600015506
0.25000504000015517
0.2500050440001552
0.2500050480001554
0.2500050520001555
0.2500050560001556
0.2500050600001557
0.2500050640001558
0.25000506800015593
0.25000507200015604
0.25000507600015615
0.2500050800001563
0.25000508400015636
0.2500050880001565
0.2500050920001566
0.2500050960001567
0.2500051000001568
0.2500051040001569
0.250005108000157
0.2500051120001572
0.25000511600015723
0.2500051200001574
0.2500051240001574
0.25000512800015756
0.25000513200015767
0.2500051360001578
0.2500051400001579
0.25000514400015805
0.2500051480001581
0.2500051520001582
0.2500051560001583
0.2500051600001585
0.25000516400015854
0.25000516800015865
0.2500051720001587
0.25000517600015887
0.250005180000159
0.2500051840001591
0.2500051880001592
0.2500051920001593
0.2500051960001594
0.2500052000001595
0.25000520400015963
0.2500052080001598
0.25000521200015985
0.25000521600015996
0.25000522000016007
0.2500052240001602
0.2500052280001603
0.2500052320001604
0.2500052360001605
0.25000524000016067
0.2500052440001607
0.2500052480001609
0.2500052520001609
0.25000525600016105
0.25000526000016116
0.25000526400016126
0.2500052680001614
0.25000527200016154
0.2500052760001616
0.2500052800001617
0.2500052840001618
0.250005288000162
0.250005292000162
0.25000529600016214
0.2500053000001622
0.25000530400016235
0.25000530800016246
0.25000531200016257
0.2500053160001627
0.2500053200001628
0.2500053240001629
0.250005328000163
0.2500053320001631
0.2500053360001633
0.25000534000016333
0.25000534400016344
0.25000534800016355
0.25000535200016366
0.25000535600016377
0.2500053600001639
0.250005364000164
0.25000536800016415
0.2500053720001642
0.25000537600016437
0.25000538000016437
0.25000538400016453
0.25000538800016464
0.25000539200016475
0.25000539600016486
0.250005400000165
0.2500054040001651
0.2500054080001652
0.2500054120001653
0.25000541600016546
0.2500054200001655
0.2500054240001656
0.2500054280001657
0.25000543200016584
0.25000543600016595
0.25000544000016606
0.25000544400016617
0.2500054480001663
0.2500054520001664
0.2500054560001665
0.2500054600001666
0.25000546400016677
0.2500054680001668
0.25000547200016693
0.25000547600016704
0.25000548000016715
0.25000548400016726
0.25000548800016736
0.2500054920001675
0.25000549600016764
0.2500055000001677
0.25000550400016786
0.25000550800016785
0.250005512000168
0.2500055160001681
0.25000552000016824
0.25000552400016834
0.2500055280001685
0.25000553200016856
0.25000553600016867
0.2500055400001688
0.25000554400016894
0.250005548000169
0.2500055520001691
0.25000555600016916
0.2500055600001693
0.25000556400016943
0.25000556800016954
0.25000557200016965
0.25000557600016976
0.25000558000016987
0.25000558400017
0.2500055880001701
0.25000559200017025
0.2500055960001703
0.2500056000001704
0.2500056040001705
0.25000560800017063
0.25000561200017074
0.25000561600017085
0.25000562000017096
0.2500056240001711
0.2500056280001712
0.25000563200017134
0.25000563600017134
0.2500056400001715
0.2500056440001716
0.2500056480001717
0.25000565200017183
0.250005656000172
0.25000566000017205
0.25000566400017216
0.25000566800017227
0.25000567200017243
0.2500056760001725
0.2500056800001726
0.25000568400017265
0.2500056880001728
0.2500056920001729
0.250005696000173
0.25000570000017314
0.25000570400017325
0.25000570800017335
0.25000571200017346
0.2500057160001736
0.25000572000017374
0.2500057240001738
0.2500057280001739
0.250005732000174
0.2500057360001741
0.2500057400001742
0.25000574400017433
0.25000574800017444
0.2500057520001746
0.25000575600017466
0.2500057600001748
0.2500057640001748
0.250005768000175
0.2500057720001751
0.2500057760001752
0.2500057800001753
0.2500057840001755
0.25000578800017553
0.25000579200017564
0.25000579600017575
0.2500058000001759
0.25000580400017597
0.2500058080001761
0.25000581200017613
0.2500058160001763
0.2500058200001764
0.2500058240001765
0.2500058280001766
0.25000583200017673
0.25000583600017684
0.25000584000017695
0.25000584400017706
0.2500058480001772
0.2500058520001773
0.2500058560001774
0.2500058600001775
0.2500058640001776
0.2500058680001777
0.2500058720001778
0.25000587600017793
0.2500058800001781
0.25000588400017815
0.2500058880001783
0.2500058920001783
0.2500058960001785
0.2500059000001786
0.2500059040001787
0.2500059080001788
0.25000591200017896
0.250005916000179
0.2500059200001791
0.25000592400017924
0.2500059280001794
0.25000593200017945
0.25000593600017956
0.2500059400001796
0.2500059440001798
0.2500059480001799
0.25000595200018
0.2500059560001801
0.2500059600001802
0.2500059640001803
0.25000596800018043
0.25000597200018054
0.2500059760001807
0.25000598000018076
0.25000598400018087
0.250005988000181
0.2500059920001811
0.2500059960001812
0.2500060000001813
0.2500060040001814
0.2500060080001816
0.25000601200018163
0.2500060160001818
0.2500060200001818
0.25000602400018196
0.25000602800018207
0.2500060320001822
0.2500060360001823
0.25000604000018245
0.2500060440001825
0.2500060480001826
0.2500060520001827
0.2500060560001829
0.25000606000018294
0.25000606400018305
0.2500060680001831
0.25000607200018327
0.2500060760001834
0.2500060800001835
0.2500060840001836
0.2500060880001837
0.2500060920001838
0.2500060960001839
0.25000610000018403
0.2500061040001842
0.25000610800018425
0.25000611200018436
0.25000611600018446
0.2500061200001846
0.2500061240001847
0.2500061280001848
0.2500061320001849
0.25000613600018506
0.2500061400001851
0.2500061440001853
0.2500061480001853
0.25000615200018544
0.25000615600018555
0.25000616000018566
0.25000616400018577
0.25000616800018594
0.250006172000186
0.2500061760001861
0.2500061800001862
0.25000618400018637
0.2500061880001864
0.25000619200018653
0.2500061960001866
0.25000620000018675
0.25000620400018686
0.25000620800018697
0.2500062120001871
0.2500062160001872
0.2500062200001873
0.2500062240001874
0.2500062280001875
0.2500062320001877
0.25000623600018773
0.25000624000018784
0.25000624400018795
0.25000624800018806
0.25000625200018817
0.2500062560001883
0.2500062600001884
0.25000626400018855
0.2500062680001886
0.25000627200018877
0.25000627600018877
0.25000628000018893
0.25000628400018904
0.25000628800018915
0.25000629200018926
0.2500062960001894
0.2500063000001895
0.2500063040001896
0.2500063080001897
0.25000631200018986
0.2500063160001899
0.25000632000019
0.25000632400019007
0.25000632800019024
0.25000633200019035
0.25000633600019045
0.25000634000019056
0.2500063440001907
0.2500063480001908
0.2500063520001909
0.250006356000191
0.25000636000019116
0.2500063640001912
0.2500063680001913
0.25000637200019143
0.25000637600019154
0.25000638000019165
0.25000638400019176
0.25000638800019187
0.25000639200019203
0.2500063960001921
0.25000640000019225
0.25000640400019225
0.2500064080001924
0.2500064120001925
0.25000641600019263
0.25000642000019274
0.2500064240001929
0.25000642800019296
0.25000643200019307
0.2500064360001932
0.25000644000019334
0.2500064440001934
0.2500064480001935
0.25000645200019356
0.2500064560001937
0.25000646000019383
0.25000646400019394
0.25000646800019405
0.25000647200019416
0.25000647600019427
0.2500064800001944
0.2500064840001945
0.25000648800019465
0.2500064920001947
0.2500064960001948
0.2500065000001949
0.25000650400019503
0.25000650800019514
0.25000651200019525
0.25000651600019536
0.2500065200001955
0.2500065240001956
0.25000652800019574
0.25000653200019574
0.2500065360001959
0.250006540000196
0.2500065440001961
0.2500065480001962
0.2500065520001964
0.25000655600019644
0.25000656000019655
0.25000656400019666
0.2500065680001968
0.2500065720001969
0.250006576000197
0.25000658000019704
0.2500065840001972
0.2500065880001973
0.2500065920001974
0.25000659600019753
0.25000660000019764
0.25000660400019775
0.25000660800019786
0.25000661200019797
0.25000661600019813
0.2500066200001982
0.2500066240001983
0.2500066280001984
0.2500066320001985
0.2500066360001986
0.25000664000019873
0.25000664400019884
0.250006648000199
0.25000665200019906
0.2500066560001992
0.2500066600001992
0.2500066640001994
0.2500066680001995
0.2500066720001996
0.2500066760001997
0.2500066800001999
0.25000668400019993
0.25000668800020004
0.25000669200020015
0.2500066960002003
0.25000670000020037
0.2500067040002005
0.25000670800020053
0.2500067120002007
0.2500067160002008
0.2500067200002009
0.250006724000201
0.25000672800020113
0.25000673200020124
0.25000673600020135
0.25000674000020146
0.2500067440002016
0.2500067480002017
0.2500067520002018
0.2500067560002019
0.250006760000202
0.2500067640002021
0.2500067680002022
0.2500067720002023
0.2500067760002025
0.25000678000020254
0.2500067840002027
0.2500067880002027
0.25000679200020287
0.250006796000203
0.2500068000002031
0.2500068040002032
0.25000680800020336
0.2500068120002034
0.2500068160002035
0.25000682000020363
0.2500068240002038
0.25000682800020385
0.25000683200020396
0.250006836000204
0.2500068400002042
0.2500068440002043
0.2500068480002044
0.2500068520002045
0.2500068560002046
0.2500068600002047
0.25000686400020483
0.25000686800020494
0.2500068720002051
0.25000687600020516
0.25000688000020527
0.2500068840002054
0.2500068880002055
0.2500068920002056
0.2500068960002057
0.2500069000002058
0.250006904000206
0.25000690800020603
0.2500069120002062
0.2500069160002062
0.25000692000020636
0.25000692400020647
0.2500069280002066
0.2500069320002067
0.25000693600020685
0.2500069400002069
0.250006944000207
0.2500069480002071
0.2500069520002073
0.25000695600020734
0.25000696000020745
0.2500069640002075
0.25000696800020766
0.25000697200020777
0.2500069760002079
0.250006980000208
0.2500069840002081
0.2500069880002082
0.2500069920002083
0.2500069960002084
0.2500070000002086
0.25000700400020864
0.25000700800020875
0.25000701200020886
0.25000701600020897
0.2500070200002091
0.2500070240002092
0.2500070280002093
0.25000703200020946
0.2500070360002095
0.2500070400002097
0.2500070440002097
0.25000704800020984
0.25000705200020995
0.25000705600021006
0.25000706000021017
0.25000706400021033
0.2500070680002104
0.2500070720002105
0.2500070760002106
0.25000708000021077
0.2500070840002108
0.25000708800021093
0.250007092000211
0.25000709600021115
0.25000710000021126
0.25000710400021137
0.2500071080002115
0.2500071120002116
0.2500071160002117
0.2500071200002118
0.2500071240002119
0.2500071280002121
0.25000713200021213
0.25000713600021224
0.25000714000021235
0.25000714400021246
0.25000714800021256
0.2500071520002127
0.2500071560002128
0.25000716000021295
0.250007164000213
0.25000716800021316
0.25000717200021316
0.2500071760002133
0.25000718000021344
0.25000718400021354
0.25000718800021365
0.2500071920002138
0.25000719600021387
0.250007200000214
0.2500072040002141
0.25000720800021425
0.2500072120002143
0.2500072160002144
0.25000722000021447
0.25000722400021463
0.25000722800021474
0.25000723200021485
0.25000723600021496
0.25000724000021507
0.2500072440002152
0.2500072480002153
0.2500072520002154
0.25000725600021556
0.2500072600002156
0.2500072640002157
0.25000726800021583
0.25000727200021594
0.25000727600021605
0.25000728000021616
0.25000728400021627
0.25000728800021643
0.2500072920002165
0.25000729600021665
0.25000730000021665
0.2500073040002168
0.2500073080002169
0.25000731200021703
0.25000731600021714
0.2500073200002173
0.25000732400021736
0.25000732800021747
0.2500073320002176
0.25000733600021774
0.2500073400002178
0.2500073440002179
0.25000734800021795
0.2500073520002181
0.25000735600021823
0.25000736000021834
0.25000736400021845
0.25000736800021855
0.25000737200021866
0.2500073760002188
0.2500073800002189
0.25000738400021905
0.2500073880002191
0.2500073920002192
0.2500073960002193
0.2500074000002194
0.25000740400021954
0.25000740800021964
0.25000741200021975
0.2500074160002199
0.25000742000021997
0.25000742400022014
0.25000742800022013
0.2500074320002203
0.2500074360002204
0.2500074400002205
0.2500074440002206
0.2500074480002208
0.25000745200022084
0.25000745600022095
0.25000746000022106
0.2500074640002212
0.2500074680002213
0.2500074720002214
0.25000747600022144
0.2500074800002216
0.2500074840002217
0.2500074880002218
0.25000749200022193
0.25000749600022204
0.25000750000022215
0.25000750400022226
0.25000750800022237
0.25000751200022253
0.2500075160002226
0.2500075200002227
0.2500075240002228
0.2500075280002229
0.250007532000223
0.25000753600022313
0.25000754000022324
0.2500075440002234
0.25000754800022346
0.2500075520002236
0.2500075560002236
0.2500075600002238
0.2500075640002239
0.250007568000224
0.2500075720002241
0.2500075760002243
0.2500075800002243
0.25000758400022444
0.25000758800022455
0.2500075920002247
0.25000759600022476
0.25000760000022487
0.2500076040002249
0.2500076080002251
0.2500076120002252
0.2500076160002253
0.2500076200002254
0.2500076240002255
0.25000762800022563
0.25000763200022574
0.25000763600022585
0.250007640000226
0.25000764400022607
0.2500076480002262
0.2500076520002263
0.2500076560002264
0.2500076600002265
0.2500076640002266
0.2500076680002267
0.2500076720002269
0.25000767600022694
0.2500076800002271
0.2500076840002271
0.25000768800022727
0.2500076920002274
0.2500076960002275
0.2500077000002276
0.25000770400022776
0.2500077080002278
0.2500077120002279
0.25000771600022803
0.2500077200002282
0.25000772400022825
0.25000772800022836
0.2500077320002284
0.2500077360002286
0.2500077400002287
0.2500077440002288
0.2500077480002289
0.250007752000229
0.2500077560002291
0.25000776000022923
0.25000776400022934
0.2500077680002295
0.25000777200022956
0.25000777600022966
0.2500077800002298
0.2500077840002299
0.25000778800023
0.2500077920002301
0.2500077960002302
0.2500078000002304
0.2500078040002304
0.2500078080002306
0.2500078120002306
0.25000781600023075
0.25000782000023086
0.25000782400023097
0.2500078280002311
0.25000783200023124
0.2500078360002313
0.2500078400002314
0.2500078440002315
0.2500078480002317
0.25000785200023173
0.25000785600023184
0.2500078600002319
0.25000786400023206
0.25000786800023217
0.2500078720002323
0.2500078760002324
0.2500078800002325
0.2500078840002326
0.2500078880002327
0.2500078920002328
0.250007896000233
0.25000790000023304
0.25000790400023315
0.25000790800023326
0.25000791200023337
0.2500079160002335
0.2500079200002336
0.2500079240002337
0.25000792800023386
0.2500079320002339
0.2500079360002341
0.2500079400002341
0.25000794400023424
0.25000794800023435
0.25000795200023446
0.25000795600023457
0.25000796000023473
0.2500079640002348
0.2500079680002349
0.250007972000235
0.25000797600023517
0.2500079800002352
0.25000798400023533
0.2500079880002354
0.25000799200023555
0.25000799600023565
0.25000800000023576
0.2500080040002359
0.250008008000236
0.2500080120002361
0.2500080160002362
0.2500080200002363
0.2500080240002365
0.2500080280002365
0.25000803200023664
0.25000803600023674
0.25000804000023685
0.25000804400023696
0.25000804800023707
0.2500080520002372
0.25000805600023734
0.2500080600002374
0.25000806400023756
0.25000806800023756
0.2500080720002377
0.25000807600023783
0.25000808000023794
0.25000808400023805
0.2500080880002382
0.25000809200023827
0.2500080960002384
0.2500081000002385
0.25000810400023865
0.2500081080002387
0.2500081120002388
0.25000811600023887
0.25000812000023903
0.25000812400023914
0.25000812800023925
0.25000813200023936
0.25000813600023947
0.2500081400002396
0.2500081440002397
0.2500081480002398
0.25000815200023996
0.25000815600024
0.2500081600002401
0.25000816400024023
0.25000816800024034
0.25000817200024045
0.25000817600024056
0.25000818000024067
0.25000818400024083
0.2500081880002409
0.25000819200024105
0.25000819600024105
0.2500082000002412
0.2500082040002413
0.2500082080002414
0.25000821200024154
0.2500082160002417
0.25000822000024175
0.25000822400024186
0.25000822800024197
0.25000823200024214
0.2500082360002422
0.2500082400002423
0.25000824400024235
0.2500082480002425
0.2500082520002426
0.25000825600024273
0.25000826000024284
0.25000826400024295
0.25000826800024306
0.25000827200024317
0.2500082760002433
0.25000828000024344
0.2500082840002435
0.2500082880002436
0.2500082920002437
0.2500082960002438
0.25000830000024393
0.25000830400024404
0.25000830800024415
0.2500083120002443
0.25000831600024437
0.25000832000024453
0.25000832400024453
0.2500083280002447
0.2500083320002448
0.2500083360002449
0.250008340000245
0.2500083440002452
0.25000834800024524
0.25000835200024535
0.25000835600024546
0.2500083600002456
0.2500083640002457
0.2500083680002458
0.25000837200024584
0.250008376000246
0.2500083800002461
0.2500083840002462
0.25000838800024633
0.25000839200024644
0.25000839600024655
0.25000840000024666
0.25000840400024676
0.25000840800024693
0.250008412000247
0.2500084160002471
0.2500084200002472
0.2500084240002473
0.2500084280002474
0.2500084320002475
0.25000843600024764
0.2500084400002478
0.25000844400024785
0.250008448000248
0.250008452000248
0.2500084560002482
0.2500084600002483
0.2500084640002484
0.2500084680002485
0.25000847200024867
0.2500084760002487
0.25000848000024883
0.25000848400024894
0.2500084880002491
0.25000849200024916
0.25000849600024927
0.2500085000002493
0.2500085040002495
0.2500085080002496
0.2500085120002497
0.2500085160002498
0.2500085200002499
0.25000852400025003
0.25000852800025014
0.25000853200025025
0.2500085360002504
0.25000854000025047
0.2500085440002506
0.2500085480002507
0.2500085520002508
0.2500085560002509
0.250008560000251
0.2500085640002511
0.2500085680002513
0.25000857200025134

Avalanche_Distribution:
3
1390
14
1
2
14
1
