
Branching_global:
1.000000004
1.0000004040000108
1.000000802000022
1.0000011880000326
1.0000015960000437
1.000001845000054
1.0000020860000645
1.0000024680000743
1.0000025760000841
1.0000030200000933
1.0000034110001028
1.0000037420001133
1.000003982000124
1.0000043550001345
1.0000047610001452
1.0000050110001564
1.0000053410001664
1.0000057530001771
1.000006182000188
1.0000065990001985
1.0000069930002096
1.0000073270002194
1.0000077430002305
1.0000081380002415
1.0000086490002533
1.0000080810002638
1.0000085190002743
1.0000089070002853
1.0000005590002943
0.9999948290002972
0.9999951000003
0.999995533000303
0.9999957350003065
0.9999963590003117
0.9999964650003144
0.9999965730003199
0.9999969720003239
0.9999971820003264
0.9999977410003302
0.999998146000334
0.9999985270003376
0.9999988320003437
0.9999994410003524
0.9999995550003558
1.0000004330003631
1.000000607000371
1.0000011170003755
1.000001422000381
1.000001881000388
1.000002166000393
1.0000024450003988
1.0000028270004067
1.0000034090004162
1.0000036500004224
1.0000040510004335
1.0000044220004378
1.0000043390004425
1.0000048030004518
1.000005302000461
1.0000057930004718
1.0000058540004733
1.0000063940004855
1.0000067920004934
1.0000074430005077
1.0000076840005145
1.0000078200005174
1.0000083170005323
1.0000086940005377
1.0000094220005564
1.000009771000563
1.0000093830005605
1.0000099400005753
1.0000103380005896
1.0000104890005934
1.000011351000614
1.0000112520006141
1.0000114290006288
1.0000116010006357
1.0000117170006388
1.000012054000649
1.0000129100006674
1.0000132230006769
1.0000133570006846
1.0000141470007025
1.0000140480007005
1.0000129530007091
1.0000135340007223
1.0000138720007314
1.0000143350007453
1.0000143630007525
1.0000150910007664
1.0000154350007753
1.0000156940007863
1.0000161900007984
1.0000164890008076
1.0000162620008177
1.000016799000827
1.0000170310008347
1.0000174670008493
1.0000179900008581

Autocorrelation:
249999.99369269525
2475.2479587138187
1246.8832588931366
841.7513186731962
626.5668988918816
542.0059041704448
479.3868706126848
405.18687353778404
388.19924508532205
331.1263175807239
293.16964976743986
267.2372636861791
251.13057755857187
229.62161805073382
210.0404011746601
199.56145964712377
187.2313498127864
173.82284820224456
161.76044331751217
151.538607276173
143.0006387141514
136.48200266772693
129.14940484575968
122.8808109269185
115.62079953801596
123.74755696639386
117.38516578153597
112.2717437362818
1788.9083239139318
-193.38570334154937
-204.0811451477762
-223.86340593749802
-234.46610535905018
-274.64934498936407
-282.8849565564433
-291.79993575513237
-330.25052607818776
-354.8611450754593
-442.6733141586376
-539.373922947087
-678.8862815494721
-856.1641354804391
-1788.9093934956954
-2247.1923077549477
2309.467385417115
1647.4459508557466
895.2553467383653
703.235192029685
531.6325009480153
461.68093330499016
408.99838829741674
353.73232035781905
293.34161995225685
273.9730710373779
246.85310256144817
226.1424947962004
230.46832623106545
208.20368674396582
188.60855602967814
172.62261609874895
170.82385482632392
156.39710995663512
147.23252699611936
134.35491781318424
130.1410430807495
127.8777293909075
120.23615420171218
115.0223470376167
106.13507237706202
102.34416414518948
106.57621568307069
100.6041159068551
96.73100328501411
95.33846772005886
88.09846017150497
88.87358437692853
87.49721405833859
86.19996083897951
85.34657369341032
82.96050880618846
77.45982984436164
75.62629965195462
74.86760703977791
70.68686108921482
71.18500669988254
77.2026883146048
73.88848186876571
72.08815479066557
69.75982668221333
69.62383409381135
66.26515768993657
64.78831663437994
63.71911538673434
61.76701949728574
60.64698862858897
61.493548191712456
59.52784988648453
58.71695534401502
57.25131303909344
55.586934256447876

Average_Activity:
0.0
0.0
0.0
0.0
0.0
0.0
0.0
0.0
0.0
0.0
0.0
0.0
0.0
0.0
0.0
0.0
0.0
0.0
0.0
0.0
0.0
0.0
0.0
0.0
0.0
0.0
0.0
0.0
0.25
0.0
0.0
0.0
0.0
0.0
0.0
0.0
0.0
0.0
0.0
0.0
0.0
0.0
0.0
0.0
0.0
0.0
0.0
0.0
0.0
0.0
0.0
0.0
0.0
0.0
0.0
0.0
0.0
0.0
0.0
0.5
0.0
0.0
0.0
0.0
0.0
0.0
0.0
0.0
0.0
0.0
0.0
0.0
0.0
0.0
0.0
0.0
0.0
0.0
0.0
0.0
0.0
0.0
0.0
0.0
0.0
0.0
0.0
0.0
0.0
0.0
0.0
0.0
0.0
0.0
0.0
0.0
0.0
0.0
0.0
0.0
0.0
0.0
0.0
0.0
0.0
0.0
0.0
0.0
0.0
0.0
0.0
0.0
0.0
0.0
0.0
0.25
1.5
2.25
4.0
1.0
0.0
0.0
0.0
0.0
0.0
0.25
1.75
1.25
2.25
4.0
1.0
0.0
0.0
0.0
0.0
0.0
0.0
0.0
0.0
0.0
0.0
0.0
0.0
0.0
0.0
0.0
0.0
0.0
0.0
0.0
0.0
0.0
0.0
0.0
0.0
0.0
0.0
0.0
0.0
0.5
0.5
0.0
0.0
0.0
0.0
0.0
0.0
0.0
0.0
0.0
0.0
0.0
0.0
0.0
0.0
0.0
0.0
0.0
0.0
0.0
0.0
0.0
0.0
0.0
1.25
3.0
5.25
2.25
2.25
2.25
0.0
0.0
0.0
0.0
0.0
0.0
0.0
0.0
0.0
0.0
0.0
0.0
0.0
0.0
0.25
0.0
0.0
0.25
0.0
0.0
0.0
0.0
0.0
0.0
0.0
0.0
0.0
0.0
0.0
0.0
0.0
0.0
0.0
0.0
0.0
0.0
0.0
0.0
0.0
0.0
0.0
0.0
0.0
0.0
0.0
0.0
0.0
0.0
0.0
0.0
0.0
0.0
0.0
0.0
0.0
0.0
0.0
0.0
0.0
0.0
0.0
0.0
0.0
0.0
0.0
0.0
0.0
0.0
0.0
0.0
0.0
0.0
0.25
0.25
0.0
0.0
0.0
0.0
0.0
0.0
0.0
0.0
0.0
0.75
1.75
0.25
0.0
0.0
0.0
0.0
0.0
0.0
0.25
0.0
0.0
0.0
0.0
0.0
0.0
0.0
0.0
0.0
0.0
0.0
0.0
2.0
3.5
2.25
0.0
0.0
0.0
0.0
0.0
0.0
0.0
0.0
0.0
0.0
0.0
0.0
0.0
0.0
0.0
0.0
0.0
0.0
0.0
0.0
0.0
0.0
0.0
0.0
0.0
0.0
0.0
0.0
0.0
0.0
0.0
0.0
0.0
0.0
0.0
0.0
0.0
0.0
0.0
1.0
0.25
0.0
0.0
0.0
0.0
0.0
0.0
0.0
0.0
0.0
1.25
0.25
0.0
0.0
0.0
0.0
0.0
0.0
0.0
0.25
1.25
2.5
2.75
2.25
2.0
0.25
0.0
0.0
0.0
0.0
0.0
0.0
0.0
0.0
0.0
0.0
0.0
0.0
0.0
0.0
0.0
0.0
0.0
0.0
0.0
0.0
0.0
0.0
0.0
0.0
0.0
0.0
0.0
0.0
0.25
0.0
0.0
0.0
0.0
0.0
0.0
0.0
0.0
0.0
0.0
0.0
0.0
0.0
0.0
0.0
0.0
0.0
0.0
0.0
0.0
0.0
0.0
0.0
0.0
0.0
0.0
0.0
0.0
0.0
0.0
0.0
0.0
0.0
0.0
0.0
0.0
0.0
0.0
0.0
0.0
0.0
0.0
0.0
0.0
0.0
0.0
0.0
0.0
0.0
0.0
0.0
0.0
0.0
0.0
0.0
0.0
0.0
0.0
0.0
0.0
0.0
0.0
0.0
0.0
0.0
0.0
0.0
0.0
0.0
0.0
0.0
0.0
0.0
0.0
0.0
0.0
0.0
0.0
0.0
0.0
0.0
0.0
0.0
0.0
0.0
0.0
0.0
0.0
0.0
0.0
0.0
0.0
0.0
0.0
0.0
0.0
0.0
0.0
0.0
0.0
0.0
0.0
0.0
0.0
0.0
0.0
0.0
0.0
0.0
0.0
0.0
0.0
0.0
0.0
0.0
0.0
0.0
0.0
0.0
0.0
0.0
0.5
0.0
0.0
0.0
0.0
0.0
0.0
0.0
0.0
0.0
0.0
0.0
0.0
0.0
0.0
0.0
0.0
0.0
0.0
0.0
0.0
0.0
0.0
0.0
0.0
0.0
0.0
0.0
0.0
0.0
0.0
0.0
0.0
0.0
0.0
0.0
0.0
0.0
0.0
0.0
0.0
0.0
0.0
0.0
0.0
0.0
0.0
0.0
0.0
0.0
0.0
0.0
0.0
0.0
0.0
0.0
0.0
0.0
0.0
0.0
0.0
0.0
0.0
0.0
0.0
0.0
0.0
0.0
0.0
0.0
0.0
0.0
0.0
0.0
0.0
0.0
0.0
0.0
0.0
0.0
0.0
0.0
0.0
0.0
0.0
0.0
0.0
0.0
0.0
0.0
0.0
0.0
0.0
0.0
2.25
4.5
4.25
7.0
7.5
2.5
5.75
5.25
0.0
0.0
0.0
0.0
0.0
0.0
0.0
1.25
6.75
7.75
0.25
0.0
0.0
0.0
0.0
0.0
0.0
0.0
0.0
0.0
0.0
0.0
0.0
0.0
0.0
0.0
0.0
0.0
0.0
0.0
0.0
0.0
0.0
0.0
0.0
0.0
0.0
0.0
0.0
0.0
0.0
0.0
0.0
0.0
0.0
0.0
0.0
0.0
0.0
0.0
0.0
0.0
0.0
0.0
0.0
0.0
0.0
0.0
0.0
0.0
0.0
0.0
0.0
0.0
0.5
1.0
2.25
3.75
7.25
16.25
12.5
14.25
11.75
15.25
22.75
25.5
35.25
54.5
54.75
39.75
34.5
50.25
51.0
53.5
44.5
38.75
34.0
35.0
38.5
39.75
33.0
31.25
36.25
26.75
17.75
9.75
11.0
14.25
8.75
6.0
2.25
0.0
0.0
0.0
0.0
0.25
0.0
0.0
0.0
0.0
0.0
0.0
0.0
0.0
0.0
0.0
0.0
0.0
0.0
0.0
0.0
0.0
0.0
0.0
0.0
0.0
0.0
0.0
0.0
0.0
0.0
0.0
0.0
0.0
0.0
0.0
0.0
0.25
0.0
0.0
0.0
0.0
0.0
0.0
0.0
0.0
0.0
0.0
0.0
0.0
1.0
1.0
1.0
0.25
0.0
0.0
0.0
0.0
0.0
0.0
0.0
0.0
0.0
0.0
0.0
0.0
0.0
0.0
0.0
0.0
1.0
0.5
0.0
0.25
0.0
0.0
0.0
0.0
0.0
0.0
0.0
0.0
0.0
0.0
0.0
0.0
0.0
0.25
0.0
0.0
0.0
0.0
0.0
0.0
0.0
0.0
0.0
0.0
0.0
0.0
0.0
0.0
0.0
0.0
0.0
0.0
0.0
0.0
0.0
0.0
0.0
0.0
0.0
0.25
0.0
0.0
0.0
0.0
0.0
0.0
0.0
0.0
0.0
0.0
0.0
0.0
0.0
0.0
0.0
0.0
0.0
0.0
0.75
1.75
1.75
3.5
7.25
11.0
4.0
0.5
0.0
0.0
0.0
0.0
0.0
0.0
0.0
0.0
0.0
0.0
0.0
0.0
0.0
0.0
0.0
0.0
0.0
0.0
0.0
0.0
0.0
0.0
0.0
0.0
0.0
0.0
0.0
0.0
0.0
0.0
0.0
0.0
0.0
0.0
0.0
0.0
0.0
0.0
0.0
0.25
0.0
0.0
0.0
0.0
0.0
0.0
0.0
0.0
0.0
0.0
0.0
0.0
0.0
0.0
0.0
0.0
0.0
0.0
0.0
0.0
0.0
0.0
0.0
0.0
0.0
0.0
0.0
0.0
0.0
0.0
0.0
0.0
0.0
0.0
0.0
0.0
0.0
0.0
0.0
0.0
0.0
0.0
0.0
0.0
0.0
0.0
0.0
0.0
0.0
0.0
0.0
0.0
0.0
0.0
0.0
0.0
0.0
0.0
0.0
0.0
0.0
0.0
0.0
0.0
0.0
0.0
0.0
0.0
0.0
0.0
0.0
0.0
0.0
0.0
0.0
0.0
0.0
0.0
0.25
0.0
0.0
0.0
0.0
0.0
0.0
0.0
0.0
0.0
0.0
0.0
0.0
0.0
0.0
0.0
0.0
0.0
0.0
0.0
0.0
0.0
0.0
0.0
0.0
0.0
0.0
0.0
0.0
0.0
0.0
0.0
0.0
0.0
0.0
0.0
0.0
0.0
0.0
0.0
0.0
0.0
0.0
0.0
0.0
0.0
0.0
0.0
0.0
0.0
0.0
0.0
0.0
0.0
0.0
0.0
0.0
0.0
0.0
0.0
0.0
0.0
0.0
0.0
0.0
0.0
0.0
0.25
1.25
0.0
0.0
0.0
0.0
0.0
0.0
0.0
0.0
0.0
0.0
0.0
0.0
0.0
0.0
0.0
0.0
0.0
0.0
0.0
0.0
0.0
0.0
0.0
0.0
0.0
0.0
0.0
0.0
0.0
0.0
0.0
0.0
0.0
0.0
0.0
0.0
0.0
0.0
0.0
0.0
0.0
0.0
0.0
0.0
0.0
0.0
0.0
0.0
0.0
0.0
0.0
0.0
0.0
0.0
0.0
0.0
0.0
0.0
0.0
0.0
0.0
0.0
0.0
0.0
0.0
0.0
0.0
0.0
0.0
0.0
0.25
0.0
0.0
0.0
0.0
0.0
0.0
0.0
0.0
0.0
0.0
0.0
0.0
0.0
0.0
0.0
0.0
0.0
0.0
0.0
0.0
0.0
0.5
0.0
0.0
0.0
0.0
0.0
0.0
0.0
0.0
0.0
0.0
0.0
0.0
0.0
0.0
0.0
0.0
0.0
0.0
0.0
0.0
0.0
0.0
0.0
0.0
0.0
0.0
0.0
0.0
0.0
0.0
0.0
0.0
0.0
0.0
0.0
0.0
0.0
0.0
0.0
0.0
0.0
0.0
0.0
0.0
0.0
0.0
0.0
0.0
0.0
0.0
0.0
0.0
0.0
0.0
0.0
0.0
0.0
0.0
0.0
0.0
0.0
0.0
0.0
0.0
0.0
0.0
0.0
0.0
0.0
0.0
0.0
0.0
0.0
0.0
0.0
0.0
0.0
0.0
0.0
0.0
0.0
0.0
0.0
0.0
0.0
0.0
0.0
0.0
0.0
0.0
0.0
0.0
0.0
0.0
0.0
0.0
0.0
0.0
0.0
0.0
0.0
0.0
0.0
0.0
0.0
0.0
0.0
0.25
0.5
0.0
0.0
0.0
0.0
0.0
0.0
0.0
0.0
0.0
0.0
0.0
0.0
0.0
0.0
0.0
0.0
0.0
0.0
0.0
0.0
0.0
0.0
0.0
0.0
0.0
0.0
0.0
0.0
0.0
0.0
0.0
0.0
0.0
0.0
0.5
0.0
0.0
0.0
0.0
0.0
0.0
0.0
0.75
0.0
0.0
0.0
0.0
0.0
0.0
0.0
0.0
0.0
0.0
0.0
0.0
0.0
0.0
0.0
0.0
0.0
0.0
0.0
0.0
0.0
0.0
0.75
0.0
0.25
0.0
0.0
0.0
0.0
0.0
0.0
0.0
0.0
0.0
0.0
0.0
0.0
0.25
0.0
0.0
0.0
0.0
0.25
0.25
0.0
0.0
0.0
0.0
0.0
0.0
0.0
0.0
0.0
0.0
0.0
0.0
0.0
0.0
0.0
0.0
0.0
0.0
0.0
0.0
0.0
0.0
0.0
0.0
0.0
0.0
0.0
0.25
0.0
0.0
0.0
0.0
0.0
0.0
0.0
0.0
0.0
0.0
0.0
0.0
0.0
0.0
0.0
0.0
0.75
3.0
2.5
1.5
2.75
1.75
1.5
1.75
1.25
0.0
0.0
0.0
0.0
0.25
3.25
1.0
0.0
0.0
0.0
0.0
0.0
0.0
0.0
0.0
0.0
0.0
0.0
0.0
0.0
0.0
0.0
0.0
0.0
0.0
0.0
0.0
0.0
0.0
0.0
0.0
0.0
0.0
0.0
0.0
0.0
0.0
0.0
0.0
0.0
0.0
0.0
0.0
0.0
0.0
0.0
0.0
0.0
0.0
0.0
0.0
0.0
0.0
0.0
0.0
0.0
0.0
0.0
0.0
0.0
0.0
0.0
0.0
0.0
0.5
0.0
0.0
0.0
0.0
0.0
0.0
0.0
0.0
0.0
0.0
0.0
0.0
0.0
0.0
0.0
0.0
0.0
0.0
0.0
0.0
0.0
0.0
0.0
0.0
0.0
0.0
0.0
0.0
0.0
0.0
0.0
0.0
0.0
0.0
0.0
0.0
0.0
0.0
0.0
0.0
0.0
0.0
0.0
0.0
0.0
0.0
0.0
0.0
0.0
0.0
0.0
0.75
0.75
0.0
0.0
0.0
0.0
0.0
0.0
0.0
0.0
0.0
0.0
0.0
0.0
0.0
0.0
0.0
0.0
0.0
0.0
0.0
0.0
0.0
0.0
0.0
0.0
0.0
0.0
0.0
0.25
0.0
0.0
0.0
0.0
0.0
0.0
0.0
0.0
0.0
0.0
0.0
0.0
0.0
0.0
0.0
0.0
0.0
0.0
0.0
0.0
0.0
0.0
0.0
0.0
0.0
0.0
0.0
0.0
0.5
0.0
0.0
0.0
0.5
0.0
0.0
0.0
0.0
0.0
0.0
0.0
0.0
0.0
0.0
0.0
0.0
0.0
0.0
0.0
0.0
0.0
0.0
0.0
0.0
0.0
0.0
0.0
0.0
0.0
0.0
0.0
0.0
0.0
0.0
0.0
0.0
0.0
0.0
0.0
0.0
0.0
0.0
0.0
0.0
0.0
0.0
0.0
0.0
0.0
0.0
0.0
0.0
0.0
0.0
0.0
0.0
0.0
0.0
0.0
0.0
0.0
0.0
0.0
0.0
0.0
0.0
0.0
0.0
1.5
1.0
1.0
1.25
1.25
0.75
0.0
0.0
0.0
0.0
0.0
0.0
0.0
0.0
0.0
0.0
0.0
0.0
0.0
0.0
0.0
0.0
0.0
0.0
0.0
0.0
0.0
0.0
0.0
0.0
0.0
0.0
0.0
0.0
0.0
0.0
0.0
0.0
0.0
0.0
0.0
0.0
0.25
0.0
0.0
0.0
0.0
0.0
0.0
0.0
0.0
0.0
0.0
0.0
0.0
0.0
0.0
0.0
0.0
0.0
0.0
0.0
0.0
0.0
0.0
0.0
0.0
0.0
0.0
0.0
0.0
0.0
0.0
0.0
0.0
0.0
0.0
0.0
0.0
0.0
0.0
0.0
0.0
0.0
0.0
0.0
0.0
0.0
0.0
0.0
0.0
0.0
0.0
0.0
0.0
0.0
0.0
0.0
0.0
0.0
0.0
0.0
0.0
0.0
0.0
0.0
0.0
0.0
0.0
0.0
0.25
0.5
0.0
0.0
0.0
0.0
0.0
0.0
0.25
2.75
3.25
6.25
6.75
2.5
0.0
0.0
0.0
0.0
0.0
0.0
0.0
0.0
0.0
0.0
0.0
0.0
0.0
0.0
0.0
0.0
0.0
0.0
0.0
0.0
0.0
0.0
0.0
0.0
0.0
0.0
0.0
1.25
2.75
2.5
2.75
2.25
0.0
0.0
0.0
0.0
0.0
0.0
0.0
0.0
0.0
0.0
0.0
0.0
0.0
0.0
0.0
0.0
0.0
0.0
0.0
0.0
0.25
0.0
0.0
0.0
0.0
0.0
0.0
0.0
0.0
0.0
0.0
0.0
0.0
0.0
0.0
0.0
0.0
0.0
0.0
0.0
0.0
0.0
0.0
0.0
0.0
0.0
0.0
0.0
0.0
0.0
0.0
0.0
0.0
0.0
0.0
0.0
0.0
0.0
0.0
0.0
0.0
0.0
0.25
0.0
0.0
0.0
0.0
0.0
0.0
0.0
0.0
0.0
0.0
0.0
0.0
0.0
0.0
0.25
0.75
0.0
0.0
0.0
0.0
0.0
0.0
0.0
0.0
0.0
0.0
0.0
0.0
0.0
0.0
0.0
0.0
0.0
0.0
0.0
0.0
0.0
0.0
0.0
0.0
0.0
0.0
0.0
0.0
0.0
0.0
0.0
0.0
0.0
0.75
3.25
5.5
12.0
9.5
9.75
2.25
1.0
0.0
0.0
0.0
0.0
0.0
0.0
0.0
0.0
0.0
0.0
0.0
0.0
0.0
0.0
0.0
0.0
0.0
0.0
0.0
0.0
0.0
0.0
0.0
0.0
0.0
0.0
0.0
0.0
0.0
0.0
0.0
0.0
0.0
0.0
0.0
0.0
0.0
0.0
0.0
0.0
0.0
0.0
0.0
0.0
0.0
0.0
0.0
0.0
0.0
0.0
0.0
0.0
0.0
0.0
0.0
0.0
0.0
0.0
0.0
0.0
0.0
0.0
0.0
0.0
0.0
0.0
0.0
0.0
0.0
0.0
0.0
0.0
0.0
0.0
0.0
0.0
0.0
0.0
0.0
0.0
0.0
0.0
0.0
0.0
0.0
0.0
0.0
0.0
0.0
0.0
0.0
0.0
0.0
0.0
0.0
0.0
0.0
0.0
0.0
0.0
0.0
0.0
0.0
0.0
0.0
0.0
0.0
0.0
0.0
0.0
0.0
0.0
0.0
0.0
0.0
0.0
0.0
0.0
0.0
0.75
0.0
0.0
0.25
1.75
1.25
1.25
0.0
0.0
0.0
0.0
0.0
0.0
0.0
0.0
0.0
0.0
0.0
0.0
0.0
0.0
0.0
0.0
0.0
0.0
0.0
0.0
0.0
0.0
0.0
0.0
0.0
0.0
0.0
0.0
0.0
0.0
0.0
0.0
0.0
0.0
0.0
0.0
0.0
0.0
0.0
0.0
0.0
0.0
0.0
0.0
0.0
0.0
0.0
0.0
0.0
0.0
0.0
0.0
0.0
0.0
0.0
0.0
0.0
0.0
0.0
0.0
0.0
0.0
0.0
0.0
0.0
0.0
0.0
0.0
0.0
0.0
0.0
0.0
0.0
0.0
0.0
0.0
1.75
1.25
3.5
7.0
15.0
15.5
10.75
12.5
9.25
5.75
1.75
1.25
1.25
0.0
0.0
0.0
0.0
0.0
0.0
0.0
0.0
0.25
0.0
0.0
0.0
0.0
0.75
1.25
0.0
0.25
0.0
0.0
0.0
0.0
0.0
0.0
0.0
0.0
0.0
0.0
0.0
0.0
0.0
0.0
0.0
0.0
0.0
0.0
0.0
0.0
0.75
0.0
0.0
0.0
0.0
0.0
0.0
0.0
0.0
0.0
0.0
0.0
0.0
0.0
0.0
0.0
0.0
0.0
0.0
0.0
0.0
0.0
0.0
0.0
0.0
0.0
0.0
0.0
0.0
0.0
0.0
0.0
0.0
0.0
0.0
0.0
0.0
0.0
0.0
0.0
0.0
0.0
0.0
0.0
0.0
0.0
0.0
0.0
0.0
0.0
0.0
0.0
0.0
0.0
0.0
0.0
0.25
1.25
2.25
0.75
0.0
0.0
0.0
0.0
0.0
0.5
1.25
4.5
0.75
0.0
0.0
0.0
0.0
0.0
0.0
0.0
0.0
0.25
0.0
0.0
0.0
0.0
0.0
0.0
0.0
0.0
0.0
0.0
0.0
0.0
0.0
1.75
0.0
0.0
0.0
0.0
0.0
0.0
0.0
0.0
0.0
0.0
0.0
0.0
0.0
0.0
0.0
0.0
0.0
0.0
0.0
0.0
0.0
0.0
0.0
0.0
0.0
0.0
0.0
0.0
0.0
0.0
0.0
0.0
0.0
0.0
0.0
0.0
0.0
0.0
0.0
0.0
0.0
0.0
0.0
0.0
0.0
0.0
0.0
0.0
0.0
0.0
0.0
0.0
0.0
0.25
1.25
0.5
0.0
0.0
0.0
0.0
0.0
0.0
0.0
0.0
0.0
0.0
0.0
0.0
0.0
0.0
0.0
0.0
0.0
0.0
0.0
0.25
2.0
1.75
3.0
0.0
0.0
0.0
0.0
0.0
0.0
0.0
0.0
0.0
0.0
0.0
0.0
0.0
0.0
0.0
0.0
0.0
0.0
0.0
0.0
0.0
0.0
0.0
0.0
0.0
0.0
0.0
0.0
0.0
0.0
0.25
3.0
2.75
3.5
5.0
4.5
5.0
3.0
3.25
0.0
0.0
0.0
0.0
0.0
0.0
0.0
0.0
0.0
0.0
0.0
0.0
0.0
0.0
0.0
0.0
0.0
0.0
0.0
0.0
0.0
0.0
0.0
0.0
0.0
0.0
0.0
0.0
0.0
0.0
0.0
0.0
0.0
0.0
0.0
0.0
0.0
0.0
0.0
0.0
0.0
0.0
0.0
0.25
0.0
0.0
0.0
0.25
0.0
0.0
0.0
0.0
0.0
0.0
0.0
0.0
0.0
0.0
0.0
0.0
0.0
0.0
0.0
0.0
0.0
0.0
0.0
0.0
0.0
0.25
0.0
0.0
0.0
0.5
0.0
0.0
0.0
0.0
0.5
0.0
0.0
0.0
0.0
0.0
0.0
0.0
0.0
0.0
0.0
0.0
0.0
0.0
0.0
0.0
1.0
0.5
0.0
0.0
0.0
0.0
0.0
0.0
0.0
0.0
0.0
0.0
0.0
0.0
0.0
0.0
0.0
0.0
0.0
0.0
0.0
0.0
0.0
0.0
0.0
0.0
0.0
0.0
0.0
0.0
0.0
0.0
0.0
0.0
0.0
0.0
0.0
0.0
0.0
0.0

Average_Alpha:
0.250000001
0.2500000050000001
0.25000000900000025
0.2500000130000003
0.25000001700000046
0.2500000210000005
0.2500000250000007
0.25000002900000073
0.2500000330000009
0.25000003700000095
0.25000004100000117
0.2500000450000011
0.25000004900000133
0.2500000530000014
0.25000005700000155
0.2500000610000016
0.25000006500000177
0.2500000690000018
0.250000073000002
0.25000007700000204
0.25000008100000226
0.2500000850000022
0.2500000890000024
0.2500000930000025
0.25000009700000264
0.2500001010000027
0.25000010500000286
0.2500001090000029
0.2500001120000031
0.2500001160000031
0.2500001200000033
0.2500001240000034
0.25000012800000354
0.25000013200000354
0.2500001360000037
0.25000014000000376
0.250000144000004
0.250000148000004
0.25000015200000414
0.2500001560000042
0.25000016000000436
0.2500001640000044
0.25000016800000463
0.25000017200000463
0.25000017600000485
0.25000018000000485
0.25000018400000507
0.2500001880000051
0.2500001920000053
0.2500001960000053
0.25000020000000545
0.2500002040000055
0.2500002080000057
0.2500002120000057
0.25000021600000594
0.250000220000006
0.25000022400000615
0.2500002280000062
0.2500002320000064
0.2500002340000064
0.25000023800000654
0.2500002420000066
0.25000024600000675
0.25000025000000686
0.25000025400000697
0.250000258000007
0.2500002620000072
0.25000026600000724
0.25000027000000746
0.25000027400000746
0.2500002780000077
0.2500002820000077
0.25000028600000784
0.2500002900000079
0.25000029400000806
0.2500002980000081
0.2500003020000083
0.25000030600000833
0.2500003100000085
0.2500003140000086
0.25000031800000877
0.25000032200000877
0.25000032600000893
0.250000330000009
0.25000033400000915
0.2500003380000092
0.2500003420000094
0.2500003460000094
0.2500003500000096
0.25000035400000964
0.2500003580000098
0.2500003620000099
0.25000036600001
0.2500003700000101
0.25000037400001024
0.2500003780000103
0.25000038200001046
0.2500003860000105
0.2500003900000107
0.25000039400001073
0.2500003980000109
0.25000040200001095
0.25000040600001117
0.25000041000001116
0.25000041400001133
0.2500004180000114
0.25000042200001155
0.2500004260000116
0.25000043000001176
0.2500004340000118
0.250000438000012
0.25000044200001204
0.2500004460000122
0.25000045000001225
0.2500004540000124
0.2500004570000125
0.2500004550000126
0.2500004500000127
0.25000043800001287
0.25000043800001287
0.2500004420000131
0.2500004460000131
0.2500004500000133
0.2500004540000133
0.2500004580000135
0.2500004610000135
0.2500004580000137
0.2500004570000137
0.250000452000014
0.250000440000014
0.25000044000001415
0.2500004440000141
0.2500004480000143
0.2500004520000143
0.2500004560000145
0.2500004600000145
0.25000046400001474
0.25000046800001474
0.25000047200001496
0.25000047600001496
0.2500004800000151
0.2500004840000151
0.2500004880000153
0.25000049200001534
0.2500004960000155
0.2500005000000155
0.2500005040000157
0.2500005080000157
0.25000051200001594
0.25000051600001594
0.25000052000001616
0.25000052400001616
0.2500005280000163
0.2500005320000164
0.25000053600001654
0.25000054000001654
0.2500005440000167
0.25000054800001675
0.2500005520000169
0.2500005540000169
0.25000055600001714
0.25000056000001714
0.25000056400001736
0.2500005680000173
0.2500005720000175
0.2500005760000175
0.25000058000001774
0.25000058400001773
0.2500005880000179
0.25000059200001795
0.2500005960000181
0.25000060000001817
0.25000060400001833
0.25000060800001833
0.2500006120000185
0.2500006160000185
0.2500006200000187
0.25000062400001877
0.25000062800001893
0.25000063200001893
0.2500006360000191
0.25000064000001915
0.2500006440000193
0.25000064800001937
0.2500006470000195
0.2500006390000195
0.2500006220000197
0.25000061700001974
0.2500006120000199
0.2500006070000199
0.2500006110000201
0.25000061500002013
0.25000061900002024
0.2500006230000203
0.25000062700002046
0.25000063100002046
0.2500006350000207
0.2500006390000207
0.25000064300002084
0.2500006470000209
0.25000065100002106
0.250000655000021
0.25000065900002116
0.2500006630000212
0.2500006660000214
0.2500006700000214
0.2500006740000216
0.2500006770000216
0.25000068100002176
0.2500006850000218
0.250000689000022
0.250000693000022
0.2500006970000222
0.25000070100002214
0.25000070500002236
0.25000070900002236
0.2500007130000225
0.2500007170000225
0.2500007210000227
0.25000072500002274
0.2500007290000229
0.2500007330000229
0.25000073700002307
0.25000074100002306
0.2500007450000233
0.2500007490000233
0.25000075300002345
0.25000075700002344
0.25000076100002366
0.25000076500002366
0.2500007690000238
0.2500007730000239
0.250000777000024
0.25000078100002404
0.2500007850000242
0.2500007890000242
0.2500007930000244
0.2500007970000244
0.2500008010000246
0.2500008050000246
0.25000080900002475
0.2500008130000248
0.2500008170000249
0.25000082100002496
0.25000082500002513
0.2500008290000251
0.25000083300002535
0.25000083700002534
0.2500008410000255
0.2500008450000255
0.2500008490000257
0.2500008530000257
0.25000085700002594
0.25000086100002594
0.2500008650000261
0.25000086900002616
0.2500008730000263
0.2500008770000264
0.25000088100002654
0.2500008850000266
0.2500008890000268
0.2500008930000268
0.250000896000027
0.25000089900002703
0.2500009030000272
0.25000090700002725
0.2500009110000274
0.25000091500002747
0.25000091900002763
0.2500009230000277
0.25000092700002785
0.2500009310000279
0.25000093500002807
0.2500009360000281
0.2500009330000283
0.2500009360000283
0.2500009400000285
0.25000094400002854
0.2500009480000287
0.25000095200002875
0.2500009560000289
0.25000096000002897
0.2500009630000291
0.25000096700002916
0.2500009710000294
0.2500009750000294
0.2500009790000296
0.2500009830000296
0.2500009870000298
0.25000099100002976
0.25000099500003
0.25000099900003003
0.2500010030000302
0.25000100700003025
0.25000101100003047
0.2500010070000305
0.25000099700003064
0.2500009920000307
0.25000099600003084
0.2500010000000309
0.2500010040000311
0.2500010080000311
0.2500010120000313
0.25000101600003133
0.25000102000003155
0.25000102400003155
0.2500010280000317
0.2500010320000317
0.25000103600003193
0.250001040000032
0.25000104400003215
0.25000104800003214
0.25000105200003236
0.2500010560000324
0.2500010600000326
0.25000106400003264
0.2500010680000328
0.2500010720000328
0.250001076000033
0.250001080000033
0.25000108400003324
0.25000108800003323
0.25000109200003345
0.25000109600003345
0.25000110000003367
0.2500011040000337
0.25000110800003383
0.2500011120000339
0.25000111600003405
0.2500011200000341
0.25000112400003427
0.2500011280000343
0.2500011320000345
0.25000113600003454
0.2500011400000347
0.25000114400003476
0.2500011480000349
0.250001148000035
0.2500011510000351
0.2500011550000352
0.25000115900003533
0.2500011630000354
0.25000116700003555
0.2500011710000356
0.25000117500003577
0.2500011790000358
0.250001183000036
0.25000118700003604
0.25000118600003624
0.2500011890000362
0.2500011930000364
0.2500011970000364
0.25000120100003664
0.2500012050000367
0.2500012090000368
0.2500012130000369
0.2500012170000371
0.2500012200000371
0.2500012190000373
0.2500012130000373
0.2500012060000375
0.25000120100003753
0.2500011970000377
0.2500012000000377
0.2500012040000379
0.25000120800003794
0.2500012120000381
0.25000121600003816
0.2500012200000384
0.2500012240000384
0.25000122800003854
0.2500012320000386
0.25000123600003876
0.2500012400000388
0.250001244000039
0.250001248000039
0.2500012520000392
0.25000125600003925
0.2500012600000394
0.2500012640000394
0.2500012680000396
0.25000127200003963
0.2500012760000398
0.25000128000003985
0.25000128400004
0.25000128800004007
0.25000129200004023
0.2500012960000403
0.2500013000000405
0.2500013040000405
0.25000130800004067
0.2500013120000407
0.2500013150000409
0.25000131900004097
0.25000132300004113
0.2500013270000412
0.2500013310000413
0.25000133500004135
0.2500013390000415
0.25000134300004156
0.2500013470000418
0.2500013510000418
0.25000135500004195
0.250001359000042
0.25000136300004216
0.2500013670000422
0.2500013710000424
0.2500013750000424
0.2500013790000426
0.2500013830000426
0.2500013870000428
0.2500013910000428
0.250001395000043
0.25000139900004303
0.2500014030000432
0.25000140700004325
0.25000141100004347
0.25000141500004347
0.25000141900004363
0.2500014230000437
0.25000142700004385
0.2500014310000439
0.25000143500004407
0.2500014390000441
0.2500014430000443
0.25000144700004434
0.2500014510000445
0.2500014550000445
0.25000145900004467
0.2500014630000447
0.2500014670000449
0.250001471000045
0.25000147500004516
0.25000147900004516
0.2500014830000453
0.2500014870000454
0.25000149100004554
0.25000149500004565
0.25000149900004576
0.2500015030000458
0.250001507000046
0.25000151100004603
0.2500015150000462
0.2500015190000462
0.2500015230000464
0.25000152700004646
0.25000153100004663
0.2500015350000466
0.25000153900004685
0.25000154300004684
0.250001547000047
0.25000155100004706
0.2500015550000472
0.2500015590000473
0.25000156300004744
0.2500015670000475
0.25000157100004766
0.2500015750000477
0.25000157900004794
0.2500015830000479
0.2500015870000481
0.2500015910000481
0.2500015950000483
0.2500015990000483
0.25000160300004853
0.25000160700004853
0.25000161100004875
0.25000161500004875
0.25000161900004897
0.25000162300004897
0.25000162700004913
0.2500016310000492
0.25000163500004935
0.2500016390000494
0.25000164300004957
0.2500016470000496
0.2500016510000498
0.25000165500004984
0.25000165900005
0.25000166300005006
0.25000166700005017
0.2500016710000503
0.2500016750000504
0.2500016790000505
0.25000168300005066
0.25000168700005065
0.2500016910000509
0.25000169500005087
0.2500016990000511
0.2500017030000511
0.2500017070000513
0.2500017110000513
0.25000171500005147
0.2500017190000515
0.2500017230000517
0.25000172700005174
0.2500017310000519
0.25000173500005196
0.2500017390000521
0.2500017430000522
0.25000174700005234
0.25000175100005234
0.25000175500005256
0.25000175900005256
0.2500017630000528
0.25000176700005283
0.250001771000053
0.250001775000053
0.2500017790000532
0.2500017830000532
0.25000178700005343
0.2500017910000535
0.25000179500005365
0.25000179900005365
0.25000180100005387
0.25000180500005387
0.2500018090000541
0.25000181300005414
0.2500018170000543
0.25000182100005436
0.2500018250000545
0.2500018290000546
0.25000183300005474
0.25000183700005474
0.25000184100005496
0.25000184500005496
0.2500018490000552
0.2500018530000552
0.2500018570000554
0.25000186100005545
0.2500018650000556
0.25000186900005567
0.25000187300005583
0.2500018770000559
0.25000188100005605
0.25000188500005605
0.25000188900005627
0.2500018930000563
0.2500018970000565
0.2500019010000565
0.2500019050000567
0.2500019090000567
0.2500019130000569
0.250001917000057
0.25000192100005714
0.25000192500005713
0.25000192900005735
0.25000193300005735
0.2500019370000576
0.25000194100005757
0.2500019450000578
0.2500019490000578
0.250001953000058
0.25000195700005806
0.2500019610000582
0.2500019650000582
0.25000196900005844
0.25000197300005844
0.25000197700005866
0.25000198100005866
0.2500019850000589
0.2500019890000589
0.2500019930000591
0.2500019970000591
0.2500020010000593
0.25000200500005937
0.25000200900005953
0.25000201300005953
0.25000201700005975
0.2500020210000598
0.25000202500005997
0.25000202900005997
0.2500020330000602
0.2500020370000602
0.2500020410000604
0.25000204500006046
0.2500020490000606
0.2500020530000606
0.2500020570000608
0.25000206100006084
0.250002065000061
0.25000206900006106
0.2500020730000612
0.2500020770000613
0.2500020810000615
0.25000208500006155
0.2500020890000617
0.2500020930000617
0.2500020970000619
0.2500021010000619
0.25000210500006215
0.25000210900006214
0.25000211300006236
0.25000211700006236
0.2500021210000625
0.2500021250000626
0.2500021290000628
0.2500021330000628
0.25000213700006296
0.250002141000063
0.2500021450000632
0.25000214900006323
0.2500021530000634
0.25000215700006345
0.25000216100006367
0.25000216500006367
0.2500021690000639
0.25000217300006394
0.2500021680000641
0.25000215400006415
0.2500021410000643
0.25000211700006436
0.25000209100006454
0.25000208500006454
0.2500020660000647
0.25000204900006473
0.25000205300006495
0.250002057000065
0.25000206100006517
0.2500020650000652
0.2500020690000654
0.25000207300006544
0.2500020770000656
0.25000207600006563
0.25000205300006584
0.2500020260000659
0.250002029000066
0.25000203300006607
0.25000203700006624
0.2500020410000663
0.25000204500006645
0.2500020490000665
0.25000205300006667
0.2500020570000667
0.2500020610000669
0.25000206500006694
0.2500020690000671
0.25000207300006716
0.2500020770000673
0.2500020810000674
0.25000208500006754
0.2500020890000676
0.2500020930000677
0.2500020970000678
0.2500021010000679
0.25000210500006803
0.2500021090000682
0.2500021130000682
0.25000211700006836
0.25000212100006847
0.2500021250000686
0.2500021290000687
0.2500021330000688
0.2500021370000689
0.250002141000069
0.2500021450000691
0.25000214900006923
0.25000215300006934
0.25000215700006945
0.2500021610000695
0.25000216500006966
0.2500021690000697
0.2500021730000699
0.25000217700006994
0.2500021810000701
0.25000218500007015
0.2500021890000703
0.25000219300007037
0.25000219700007054
0.2500022010000706
0.25000220500007075
0.2500022090000708
0.25000221300007097
0.250002217000071
0.2500022210000712
0.25000222500007124
0.2500022290000714
0.25000223300007146
0.2500022370000716
0.2500022410000716
0.2500022430000718
0.25000224300007184
0.25000223800007204
0.2500022270000721
0.2500022020000723
0.25000214100007234
0.2500020950000724
0.25000204200007253
0.25000199900007264
0.25000194200007275
0.2500018550000728
0.25000175700007293
0.25000162000007303
0.25000140600007315
0.25000119100007323
0.25000103600007334
0.25000090200007336
0.25000070500007343
0.2500005050000735
0.2500002950000736
0.25000012100007357
0.24999997000007368
0.2499998380000737
0.24999970200007376
0.2499995520000738
0.24999939700007384
0.24999926900007385
0.2499991480000739
0.2499990070000739
0.24999890400007396
0.249998837000074
0.24999880200007402
0.249998762000074
0.2499987090000741
0.24999867800007405
0.2499986580000741
0.24999865300007412
0.24999865700007415
0.24999866100007415
0.2499986650000742
0.2499986690000742
0.24999867200007422
0.24999867600007422
0.24999868000007427
0.24999868400007427
0.24999868800007433
0.24999869200007432
0.24999869600007438
0.24999870000007435
0.24999870400007437
0.24999870800007443
0.24999871200007442
0.24999871600007448
0.2499987200000745
0.2499987240000745
0.24999872800007455
0.24999873200007455
0.24999873600007458
0.24999874000007458
0.24999874400007463
0.2499987480000746
0.24999875200007465
0.24999875600007465
0.2499987600000747
0.2499987640000747
0.24999876800007473
0.24999877200007475
0.2499987760000748
0.24999878000007478
0.24999878400007483
0.24999878800007483
0.24999879200007494
0.2499987960000749
0.24999879900007496
0.249998803000075
0.24999880700007507
0.24999881100007507
0.24999881500007515
0.24999881900007517
0.24999882300007523
0.2499988270000752
0.2499988310000753
0.2499988350000753
0.2499988390000754
0.2499988430000754
0.2499988470000755
0.2499988470000755
0.24999884700007555
0.24999884700007555
0.24999885000007563
0.24999885400007565
0.2499988580000757
0.24999886200007573
0.2499988660000758
0.24999887000007584
0.2499988740000759
0.24999887800007586
0.24999888200007597
0.24999888600007597
0.24999889000007605
0.24999889400007602
0.24999889800007613
0.24999890200007616
0.2499989060000762
0.24999891000007624
0.24999891400007626
0.2499989140000763
0.24999891600007637
0.2499989200000764
0.24999892300007645
0.24999892700007648
0.2499989310000765
0.24999893500007656
0.2499989390000766
0.24999894300007663
0.2499989470000767
0.24999895100007669
0.24999895500007677
0.2499989590000768
0.24999896300007685
0.24999896700007684
0.24999897100007692
0.24999897500007695
0.24999897800007698
0.24999898200007703
0.24999898600007708
0.2499989900000771
0.24999899400007716
0.24999899800007716
0.24999900200007727
0.24999900600007727
0.2499990100000773
0.24999901400007735
0.2499990180000774
0.24999902200007745
0.24999902600007748
0.24999903000007748
0.24999903400007759
0.24999903800007758
0.24999904200007766
0.24999904600007766
0.24999905000007772
0.24999905400007777
0.24999905800007782
0.24999906200007782
0.2499990660000779
0.2499990700000779
0.24999907400007798
0.24999907800007798
0.24999908100007806
0.2499990850000781
0.24999908900007814
0.24999909300007814
0.24999909700007822
0.24999910100007824
0.2499991050000783
0.2499991090000783
0.24999911300007838
0.2499991170000784
0.24999912100007846
0.24999912500007848
0.24999912900007853
0.2499991330000786
0.24999913700007864
0.2499991410000786
0.24999914500007872
0.24999914900007872
0.24999915300007877
0.24999915400007883
0.24999915100007888
0.24999914800007889
0.24999913800007895
0.24999911300007896
0.249999073000079
0.24999906100007904
0.2499990630000791
0.2499990670000791
0.24999907100007918
0.24999907500007917
0.24999907900007923
0.24999908300007928
0.24999908700007933
0.24999909100007936
0.24999909500007939
0.2499990990000794
0.24999910300007946
0.24999910700007952
0.24999911100007954
0.24999911500007954
0.24999911900007962
0.24999912300007965
0.24999912700007967
0.24999913100007973
0.24999913500007978
0.24999913900007983
0.24999914300007983
0.24999914700007986
0.2499991510000799
0.24999915500007996
0.24999915900008
0.24999916300008004
0.2499991670000801
0.2499991710000801
0.24999917500008012
0.24999917900008017
0.24999918300008023
0.24999918700008025
0.2499991910000803
0.2499991950000803
0.24999919900008039
0.2499992030000804
0.24999920700008044
0.24999921100008046
0.24999921500008054
0.24999921900008054
0.24999922200008057
0.24999922600008062
0.24999923000008067
0.2499992340000807
0.24999923800008075
0.24999924200008075
0.2499992460000808
0.24999925000008086
0.24999925400008088
0.2499992580000809
0.249999262000081
0.249999266000081
0.24999927000008101
0.24999927400008107
0.24999927800008112
0.24999928200008115
0.2499992860000812
0.2499992900000812
0.2499992940000813
0.2499992980000813
0.24999930200008133
0.24999930600008138
0.2499993100000814
0.24999931400008146
0.2499993180000815
0.24999932200008151
0.24999932600008157
0.2499993300000816
0.24999933400008165
0.24999933800008167
0.24999934200008173
0.24999934600008175
0.24999935000008183
0.2499993540000818
0.24999935800008188
0.24999936200008188
0.24999936600008194
0.24999937000008196
0.24999937400008204
0.24999937800008207
0.24999938200008212
0.24999938600008212
0.24999939000008217
0.2499993940000822
0.24999939800008225
0.24999940200008228
0.24999940600008233
0.24999941000008236
0.24999941400008244
0.2499994180000824
0.2499994220000825
0.24999942600008251
0.24999943000008257
0.24999943400008257
0.24999943800008265
0.24999944200008264
0.2499994460000827
0.24999945000008272
0.24999945400008278
0.24999945800008277
0.24999946200008288
0.24999946600008285
0.24999947000008296
0.24999947400008296
0.24999947800008301
0.24999948200008304
0.2499994860000831
0.2499994900000831
0.24999949400008317
0.24999949800008317
0.24999950200008322
0.24999950600008325
0.24999951000008333
0.24999951400008333
0.2499995180000834
0.2499995220000834
0.24999952600008346
0.2499995300000835
0.24999953400008354
0.24999953700008357
0.24999954100008365
0.24999954500008362
0.2499995490000837
0.2499995530000837
0.24999955700008375
0.24999956100008378
0.24999956500008383
0.24999956900008385
0.2499995730000839
0.24999957700008393
0.24999958100008396
0.249999585000084
0.24999958900008407
0.2499995930000841
0.24999959700008414
0.24999960100008414
0.24999960500008422
0.24999960900008422
0.2499996130000843
0.2499996170000843
0.24999962100008435
0.24999962500008438
0.24999962900008443
0.24999963300008446
0.24999963700008454
0.2499996410000845
0.24999964500008462
0.24999964900008467
0.24999965300008473
0.2499996570000848
0.24999966100008486
0.24999966500008491
0.249999669000085
0.24999967300008502
0.2499996770000851
0.24999968100008516
0.24999968500008524
0.24999968900008526
0.24999969300008537
0.2499996970000854
0.24999970100008548
0.24999970500008553
0.2499997090000856
0.24999971300008564
0.24999971700008575
0.24999972100008577
0.24999972500008585
0.24999972900008588
0.24999973300008596
0.24999973700008601
0.2499997410000861
0.24999974500008615
0.2499997490000862
0.24999975300008626
0.24999975700008634
0.2499997610000864
0.24999976500008644
0.24999976900008647
0.24999977300008658
0.24999977700008663
0.2499997810000867
0.24999978500008677
0.24999978900008682
0.24999979300008687
0.24999979700008695
0.24999980100008698
0.24999980400008706
0.24999980300008712
0.24999980700008717
0.24999981100008722
0.24999981500008733
0.24999981900008736
0.2499998230000874
0.2499998270000875
0.24999983100008757
0.24999983500008763
0.24999983900008765
0.2499998430000877
0.24999984700008782
0.24999985100008787
0.2499998550000879
0.24999985900008795
0.24999986300008806
0.2499998670000881
0.24999987100008814
0.2499998750000882
0.24999987900008827
0.24999988300008832
0.24999988700008843
0.24999989100008843
0.24999989500008854
0.2499998990000886
0.24999990300008865
0.2499999070000887
0.24999991100008878
0.2499999150000888
0.2499999190000889
0.24999992300008894
0.24999992700008902
0.24999993100008908
0.24999993500008913
0.24999993900008918
0.24999994300008926
0.24999994700008932
0.24999995100008937
0.24999995500008942
0.2499999590000895
0.24999996300008956
0.2499999670000896
0.24999997100008967
0.24999997500008977
0.2499999790000898
0.24999998300008985
0.2499999870000899
0.24999999100009
0.24999999500009001
0.2499999990000901
0.2500000030000901
0.25000000700009023
0.2500000110000903
0.2500000150000904
0.25000001900009045
0.2500000230000905
0.25000002700009055
0.2500000310000906
0.25000003500009066
0.2500000390000907
0.25000004300009077
0.2500000470000908
0.2500000510000909
0.250000055000091
0.25000005900009103
0.2500000630000911
0.25000006700009114
0.25000007100009125
0.25000007500009125
0.25000007900009136
0.2500000830000914
0.2500000860000915
0.2500000900000915
0.2500000940000916
0.25000009800009165
0.2500001020000917
0.25000010600009176
0.2500001100000918
0.25000011400009187
0.2500001180000919
0.250000122000092
0.2500001260000921
0.2500001300000921
0.2500001340000922
0.25000013800009224
0.2500001420000923
0.25000014600009235
0.25000015000009246
0.2500001540000925
0.25000015800009256
0.25000016200009256
0.25000016600009267
0.2500001700000927
0.2500001720000928
0.25000017600009283
0.2500001800000929
0.25000018400009294
0.25000018800009305
0.2500001920000931
0.25000019600009316
0.2500002000000932
0.25000020400009326
0.2500002080000933
0.2500002120000934
0.2500002160000935
0.25000022000009353
0.2500002240000936
0.2500002280000937
0.2500002320000937
0.25000023600009375
0.2500002400000938
0.2500002440000939
0.25000024800009396
0.250000252000094
0.25000025600009407
0.2500002600000942
0.25000026400009423
0.25000026800009423
0.2500002720000943
0.2500002760000944
0.25000028000009444
0.2500002840000945
0.25000028800009455
0.2500002920000946
0.25000029600009466
0.25000030000009477
0.25000030400009476
0.2500003080000949
0.2500003120000949
0.250000316000095
0.250000320000095
0.2500003240000951
0.2500003280000952
0.25000033200009525
0.2500003360000953
0.2500003400000953
0.2500003440000954
0.2500003480000955
0.2500003520000955
0.2500003560000956
0.2500003600000956
0.25000036400009573
0.2500003680000958
0.25000037200009584
0.2500003760000959
0.25000038000009595
0.250000384000096
0.2500003880000961
0.2500003920000961
0.2500003960000962
0.25000040000009627
0.2500004040000963
0.2500004080000964
0.25000041200009643
0.2500004160000965
0.2500004200000966
0.2500004240000966
0.2500004280000967
0.25000043200009675
0.2500004360000968
0.25000044000009686
0.2500004440000969
0.25000044800009696
0.2500004520000971
0.2500004560000971
0.2500004600000972
0.25000046400009723
0.2500004680000973
0.2500004720000974
0.25000047600009745
0.25000048000009745
0.25000048400009756
0.2500004880000976
0.25000049200009766
0.2500004960000977
0.25000050000009777
0.2500005040000979
0.25000050800009793
0.25000051200009793
0.25000051600009804
0.2500005200000981
0.25000052400009815
0.2500005280000982
0.25000053200009825
0.25000053600009836
0.2500005400000984
0.25000054400009847
0.2500005480000985
0.2500005520000985
0.25000055600009863
0.2500005600000987
0.2500005640000988
0.25000056800009884
0.2500005720000989
0.25000057600009895
0.250000580000099
0.25000058400009906
0.2500005880000991
0.25000059200009916
0.2500005960000993
0.2500006000000993
0.25000060300009935
0.2500006050000994
0.2500006090000995
0.25000061300009957
0.2500006170000996
0.2500006210000997
0.25000062500009973
0.25000062900009984
0.2500006330000999
0.25000063700009995
0.25000064100010005
0.2500006450001001
0.25000064900010016
0.25000065300010027
0.2500006570001004
0.25000066100010043
0.25000066500010054
0.2500006690001006
0.25000067300010065
0.25000067700010076
0.25000068100010087
0.2500006850001009
0.250000689000101
0.250000693000101
0.25000069700010114
0.25000070100010124
0.25000070500010135
0.2500007090001014
0.25000071300010146
0.2500007170001015
0.2500007210001016
0.2500007250001017
0.25000072900010173
0.25000073300010184
0.25000073700010195
0.250000741000102
0.2500007430001021
0.2500007470001022
0.2500007510001022
0.2500007550001023
0.2500007590001024
0.2500007630001025
0.2500007670001026
0.25000077100010265
0.2500007720001027
0.2500007760001028
0.2500007800001029
0.25000078400010295
0.25000078800010306
0.2500007920001031
0.2500007960001032
0.2500008000001033
0.2500008040001034
0.25000080800010344
0.25000081200010354
0.25000081600010354
0.25000082000010365
0.25000082400010376
0.2500008280001038
0.25000083200010387
0.250000836000104
0.2500008400001041
0.25000084400010414
0.2500008480001042
0.2500008520001043
0.25000085600010435
0.25000086000010446
0.25000086100010455
0.2500008650001046
0.2500008680001047
0.2500008720001048
0.25000087600010484
0.25000088000010495
0.250000884000105
0.25000088800010506
0.25000089200010517
0.2500008960001052
0.25000090000010533
0.2500009040001054
0.25000090800010544
0.25000091200010555
0.25000091600010566
0.25000091900010574
0.2500009230001058
0.2500009270001059
0.25000093100010595
0.25000093500010606
0.2500009380001061
0.25000094100010617
0.2500009450001063
0.25000094900010633
0.2500009530001064
0.2500009570001065
0.25000096100010655
0.25000096500010666
0.2500009690001067
0.2500009730001068
0.2500009770001069
0.2500009810001069
0.25000098500010703
0.2500009890001071
0.2500009930001072
0.2500009970001073
0.25000100100010736
0.2500010050001074
0.2500010090001075
0.25000101300010763
0.25000101700010763
0.25000102100010774
0.25000102500010785
0.2500010290001079
0.25000103300010795
0.25000103700010806
0.25000104100010817
0.2500010450001082
0.25000104900010833
0.2500010520001084
0.25000105600010847
0.2500010600001085
0.25000106400010863
0.25000106800010874
0.25000107200010874
0.25000107600010885
0.2500010800001089
0.250001084000109
0.25000108800010906
0.25000109200010917
0.2500010960001092
0.25000110000010933
0.2500011040001094
0.2500011080001095
0.25000111200010955
0.2500011160001096
0.2500011170001097
0.2500011090001098
0.25000110300010986
0.2500011010001099
0.25000109400011006
0.2500010910001101
0.25000108900011014
0.2500010860001103
0.2500010850001103
0.2500010890001104
0.2500010930001105
0.2500010970001106
0.25000110100011064
0.2500011040001107
0.2500010950001108
0.25000109500011086
0.2500010990001109
0.250001103000111
0.2500011070001111
0.2500011110001112
0.25000111500011124
0.2500011190001113
0.2500011230001114
0.2500011270001115
0.25000113100011156
0.2500011350001116
0.25000113900011167
0.2500011430001118
0.2500011470001119
0.25000115100011194
0.250001155000112
0.25000115900011205
0.25000116300011216
0.25000116700011227
0.2500011710001123
0.25000117500011243
0.2500011790001125
0.2500011830001126
0.25000118700011265
0.2500011910001127
0.25000119500011275
0.25000119900011286
0.2500012030001129
0.250001207000113
0.2500012110001131
0.2500012150001132
0.25000121900011324
0.25000122300011335
0.2500012270001134
0.25000123100011346
0.25000123500011356
0.2500012390001136
0.25000124300011367
0.2500012470001138
0.25000125100011383
0.25000125500011394
0.250001259000114
0.2500012630001141
0.25000126700011416
0.2500012710001142
0.2500012750001143
0.25000127900011443
0.2500012830001145
0.2500012870001146
0.25000129100011464
0.25000129500011475
0.2500012990001148
0.25000130300011486
0.2500013070001149
0.250001311000115
0.2500013150001151
0.2500013190001152
0.25000132300011524
0.2500013250001153
0.2500013290001154
0.2500013330001155
0.25000133700011556
0.2500013410001156
0.25000134500011567
0.2500013490001158
0.2500013530001159
0.25000135700011594
0.250001361000116
0.2500013650001161
0.2500013690001162
0.25000137300011627
0.25000137700011626
0.2500013810001164
0.2500013850001165
0.25000138900011654
0.25000139300011665
0.2500013970001167
0.25000140100011675
0.25000140500011686
0.2500014090001169
0.250001413000117
0.2500014170001171
0.2500014210001172
0.25000142500011724
0.25000142900011735
0.2500014330001174
0.25000143700011745
0.25000144100011756
0.2500014450001176
0.2500014490001177
0.2500014530001178
0.25000145700011783
0.25000146100011794
0.250001465000118
0.2500014690001181
0.25000147300011816
0.25000147700011827
0.2500014810001183
0.25000148500011843
0.2500014890001185
0.25000149300011854
0.2500014970001186
0.2500015010001187
0.25000150500011875
0.25000150900011886
0.2500015130001189
0.250001517000119
0.2500015210001191
0.2500015250001192
0.25000152900011924
0.2500015300001193
0.2500015310001194
0.2500015350001195
0.2500015390001196
0.25000154300011973
0.25000154700011984
0.2500015510001199
0.25000155500011995
0.25000155900012005
0.25000156300012016
0.2500015670001203
0.2500015710001203
0.25000157500012044
0.2500015790001205
0.2500015830001206
0.2500015870001207
0.2500015910001208
0.25000159500012087
0.250001599000121
0.2500016030001211
0.2500016070001212
0.2500016110001212
0.2500016150001213
0.2500016190001214
0.2500016230001215
0.25000162700012163
0.2500016310001217
0.2500016350001218
0.2500016390001219
0.250001642000122
0.2500016460001221
0.25000165000012214
0.25000165400012225
0.2500016580001223
0.2500016620001224
0.2500016660001225
0.2500016700001226
0.2500016740001227
0.2500016780001228
0.25000168200012285
0.25000168600012296
0.25000169000012307
0.2500016940001232
0.2500016980001233
0.25000170200012334
0.25000170600012345
0.2500017100001235
0.2500017140001236
0.25000171800012366
0.25000172200012377
0.2500017260001238
0.25000173000012393
0.25000173400012404
0.25000173800012415
0.25000174200012426
0.25000174600012437
0.25000175000012437
0.2500017540001245
0.2500017560001246
0.2500017600001247
0.25000176400012475
0.25000176800012486
0.25000177000012497
0.250001774000125
0.25000177800012513
0.25000178200012524
0.25000178600012535
0.2500017900001254
0.2500017940001255
0.2500017980001256
0.2500018020001257
0.2500018060001258
0.2500018100001259
0.25000181400012594
0.25000181800012605
0.25000182200012616
0.25000182600012627
0.2500018300001263
0.25000183400012643
0.2500018380001265
0.2500018420001266
0.2500018460001267
0.25000185000012676
0.25000185400012687
0.250001858000127
0.25000186200012703
0.25000186600012714
0.25000187000012725
0.2500018740001273
0.2500018780001274
0.2500018820001275
0.25000188600012757
0.2500018900001277
0.2500018940001278
0.2500018980001279
0.25000190200012795
0.250001906000128
0.2500019100001281
0.2500019140001282
0.25000191800012833
0.25000192200012844
0.2500019260001285
0.2500019300001286
0.25000193400012866
0.25000193800012876
0.2500019420001289
0.2500019460001289
0.25000195000012904
0.25000195400012915
0.2500019580001292
0.25000196200012936
0.2500019660001294
0.25000197000012947
0.2500019740001296
0.2500019780001297
0.2500019820001298
0.25000198600012985
0.2500019900001299
0.25000199400013
0.2500019980001301
0.25000200200013023
0.2500020060001303
0.2500020100001304
0.2500020140001305
0.2500020180001306
0.25000202200013066
0.2500020260001308
0.2500020240001309
0.25000202400013094
0.25000202400013105
0.25000202300013113
0.2500020220001312
0.2500020230001313
0.25000202700013135
0.25000203100013146
0.2500020350001316
0.2500020390001317
0.25000204300013174
0.25000204700013184
0.25000205100013195
0.250002055000132
0.2500020590001321
0.2500020630001322
0.2500020670001323
0.2500020710001324
0.2500020750001325
0.2500020790001326
0.2500020830001327
0.25000208700013277
0.2500020910001329
0.25000209500013293
0.25000209900013304
0.25000210300013315
0.2500021070001332
0.2500021110001333
0.2500021150001334
0.25000211900013347
0.2500021230001336
0.2500021270001337
0.25000213100013374
0.25000213500013385
0.2500021390001339
0.250002143000134
0.2500021470001341
0.25000215100013423
0.2500021550001343
0.2500021590001344
0.2500021630001345
0.25000216700013456
0.25000217000013464
0.25000217400013475
0.25000217800013486
0.25000218200013496
0.250002186000135
0.2500021900001351
0.2500021940001352
0.2500021980001353
0.25000220200013534
0.25000220600013545
0.25000221000013556
0.25000221400013567
0.2500022180001358
0.25000222200013583
0.25000222600013594
0.25000223000013605
0.2500022340001361
0.2500022380001362
0.25000224200013627
0.2500022460001364
0.2500022500001365
0.25000225400013654
0.25000225800013665
0.25000226200013675
0.25000226600013686
0.2500022700001369
0.250002274000137
0.2500022780001371
0.2500022820001372
0.2500022860001373
0.2500022900001374
0.25000229400013746
0.25000229800013757
0.2500023020001377
0.2500023060001378
0.25000231000013784
0.25000231400013795
0.250002318000138
0.2500023220001381
0.2500023260001382
0.2500023300001383
0.2500023340001384
0.2500023380001385
0.25000234200013854
0.25000234600013865
0.2500023500001387
0.2500023540001388
0.2500023580001389
0.250002362000139
0.2500023660001391
0.2500023700001392
0.2500023740001393
0.2500023780001394
0.25000238200013947
0.2500023860001396
0.25000239000013963
0.25000239400013974
0.25000239800013985
0.2500024020001399
0.25000240600014
0.25000241000014006
0.2500024140001402
0.2500024180001403
0.2500024220001404
0.25000242600014044
0.25000243000014055
0.2500024340001406
0.2500024380001407
0.25000244100014085
0.25000244300014096
0.250002447000141
0.25000245100014107
0.2500024550001412
0.2500024590001413
0.2500024630001414
0.25000246700014145
0.25000247000014153
0.2500024630001416
0.25000245400014176
0.2500024330001418
0.2500024100001419
0.250002404000142
0.2500024080001421
0.2500024120001422
0.2500024160001423
0.2500024200001424
0.2500024240001425
0.2500024280001426
0.2500024320001427
0.25000243600014277
0.2500024400001429
0.250002444000143
0.2500024480001431
0.2500024520001432
0.2500024560001433
0.25000246000014337
0.2500024640001434
0.25000246800014353
0.25000247200014364
0.25000247600014375
0.25000248000014386
0.25000248400014397
0.2500024880001441
0.2500024920001442
0.25000249600014424
0.25000250000014435
0.25000250400014445
0.25000250800014456
0.25000251200014467
0.25000251100014476
0.25000250400014484
0.25000249800014496
0.25000249100014504
0.25000248600014513
0.25000249000014524
0.25000249400014535
0.25000249800014546
0.25000250200014557
0.2500025060001456
0.25000251000014573
0.25000251400014584
0.25000251800014595
0.25000252200014605
0.2500025260001461
0.2500025300001462
0.2500025340001463
0.25000253800014643
0.25000254200014654
0.2500025460001466
0.2500025500001467
0.2500025540001468
0.2500025580001469
0.25000256200014703
0.2500025660001471
0.25000256900014717
0.2500025730001473
0.2500025770001474
0.2500025810001475
0.2500025850001476
0.25000258900014766
0.25000259300014777
0.2500025970001479
0.250002601000148
0.2500026050001481
0.2500026090001482
0.25000261300014825
0.25000261700014836
0.2500026210001485
0.2500026250001486
0.25000262900014864
0.25000263300014874
0.25000263700014885
0.25000264100014896
0.250002645000149
0.2500026490001491
0.25000265300014923
0.25000265700014934
0.25000266100014945
0.25000266500014956
0.2500026690001496
0.2500026730001497
0.25000267700014983
0.25000268100014994
0.25000268500015005
0.2500026890001501
0.2500026930001502
0.2500026970001503
0.25000270100015043
0.25000270500015054
0.2500027090001506
0.2500027130001507
0.2500027170001508
0.2500027210001509
0.250002725000151
0.2500027290001511
0.2500027330001512
0.25000273600015127
0.2500027400001514
0.2500027440001515
0.2500027480001516
0.2500027520001517
0.2500027560001518
0.25000276000015187
0.250002764000152
0.2500027680001521
0.25000277200015214
0.25000277600015225
0.25000278000015236
0.25000278400015247
0.2500027880001526
0.25000279200015263
0.25000279500015277
0.25000279600015285
0.25000280000015296
0.25000280400015307
0.2500028080001532
0.25000281200015323
0.25000281600015334
0.25000282000015345
0.25000282400015356
0.2500028280001536
0.2500028320001537
0.2500028360001538
0.25000284000015394
0.25000284400015405
0.25000284800015415
0.2500028520001542
0.2500028560001543
0.2500028600001544
0.25000286400015453
0.2500028680001546
0.2500028720001547
0.2500028760001548
0.2500028800001549
0.250002884000155
0.25000288800015513
0.2500028920001552
0.2500028960001553
0.2500029000001554
0.2500029040001555
0.2500029080001556
0.25000291200015573
0.2500029160001558
0.2500029200001559
0.250002924000156
0.2500029280001561
0.2500029290001562
0.2500029200001563
0.2500029020001564
0.2500028580001565
0.25000282400015655
0.25000278900015666
0.25000278400015674
0.25000278400015685
0.25000278800015696
0.250002792000157
0.2500027960001571
0.25000280000015723
0.2500028040001573
0.25000280800015745
0.2500028120001575
0.2500028160001576
0.2500028200001577
0.25000282400015783
0.2500028280001579
0.250002832000158
0.2500028360001581
0.2500028400001582
0.25000284400015826
0.2500028480001584
0.2500028520001585
0.2500028560001586
0.2500028600001587
0.25000286400015875
0.2500028680001588
0.25000287200015897
0.250002876000159
0.25000288000015913
0.25000288400015924
0.25000288800015935
0.2500028920001594
0.2500028960001595
0.2500029000001596
0.25000290400015973
0.2500029080001598
0.2500029120001599
0.25000291600016
0.2500029200001601
0.25000292400016016
0.2500029280001603
0.2500029320001604
0.2500029360001605
0.25000294000016055
0.25000294400016065
0.2500029480001607
0.2500029520001608
0.2500029560001609
0.2500029600001611
0.25000296400016114
0.25000296800016125
0.2500029720001613
0.2500029760001614
0.2500029800001615
0.25000298400016163
0.25000298800016174
0.25000299200016185
0.2500029960001619
0.25000300000016207
0.25000300400016207
0.2500030080001622
0.2500030120001623
0.2500030160001624
0.2500030200001625
0.2500030240001626
0.25000302800016266
0.2500030320001628
0.2500030360001628
0.250003040000163
0.25000304400016304
0.25000304800016315
0.25000305200016326
0.25000305600016337
0.2500030600001634
0.25000306400016353
0.2500030680001636
0.25000307200016375
0.2500030760001638
0.25000308000016397
0.250003084000164
0.2500030880001641
0.2500030920001642
0.2500030960001643
0.2500031000001644
0.2500031040001645
0.25000310800016456
0.2500031120001647
0.2500031160001648
0.2500031200001649
0.25000312400016494
0.25000312800016505
0.25000313200016516
0.25000313600016527
0.2500031400001653
0.25000314400016543
0.25000314800016554
0.25000315200016565
0.2500031560001657
0.25000316000016587
0.2500031640001659
0.250003168000166
0.2500031720001661
0.2500031760001662
0.2500031800001663
0.2500031840001664
0.2500031880001665
0.25000319200016663
0.25000319600016674
0.25000320000016685
0.25000320400016696
0.250003208000167
0.2500032120001671
0.2500032160001672
0.25000322000016734
0.25000322400016745
0.2500032280001675
0.2500032320001676
0.2500032360001677
0.2500032400001678
0.25000324400016793
0.25000324800016804
0.25000325200016815
0.25000325600016826
0.25000326000016837
0.25000326100016845
0.25000326500016856
0.25000326900016867
0.25000327200016875
0.2500032690001689
0.2500032680001689
0.25000326700016906
0.25000327100016917
0.2500032750001693
0.25000327900016933
0.2500032830001695
0.25000328700016955
0.2500032910001697
0.25000329500016977
0.2500032990001699
0.25000330300017
0.2500033070001701
0.2500033110001702
0.2500033150001703
0.25000331900017037
0.2500033230001705
0.2500033270001706
0.2500033310001707
0.2500033350001708
0.2500033390001709
0.250003343000171
0.25000334700017113
0.25000335100017124
0.2500033550001713
0.2500033590001714
0.2500033630001715
0.25000336700017156
0.2500033710001717
0.25000337500017183
0.25000337900017194
0.250003383000172
0.2500033870001721
0.2500033910001722
0.2500033950001723
0.25000339900017243
0.25000340300017254
0.25000340700017265
0.25000341100017276
0.25000341500017287
0.250003419000173
0.25000342300017303
0.25000342700017314
0.25000343100017325
0.25000343500017336
0.25000343900017347
0.2500034430001735
0.25000344700017363
0.25000345100017374
0.25000345500017385
0.25000345900017396
0.25000346300017406
0.2500034670001742
0.2500034710001743
0.2500034750001744
0.2500034790001745
0.25000348300017455
0.25000348700017466
0.25000349100017477
0.2500034950001749
0.250003499000175
0.2500035030001751
0.25000350700017515
0.25000351100017526
0.25000351500017537
0.2500035190001755
0.25000352300017564
0.2500035270001757
0.2500035310001758
0.2500035350001759
0.250003539000176
0.25000354300017613
0.25000354700017624
0.2500035510001763
0.2500035550001764
0.2500035590001765
0.2500035630001766
0.2500035670001767
0.2500035710001768
0.2500035680001769
0.25000356700017706
0.2500035570001771
0.25000353300017725
0.25000347700017733
0.2500034190001774
0.2500033800001775
0.25000333400017766
0.2500033010001777
0.2500032820001778
0.25000327900017794
0.250003278000178
0.2500032770001781
0.2500032810001782
0.2500032850001783
0.25000328900017843
0.2500032930001785
0.2500032970001786
0.2500033010001787
0.2500033050001788
0.2500033090001789
0.250003312000179
0.2500033160001791
0.2500033200001792
0.25000332400017933
0.25000332800017944
0.2500033290001795
0.25000332800017966
0.2500033320001797
0.25000333500017985
0.2500033390001799
0.25000334300018
0.2500033470001801
0.25000335100018023
0.2500033550001803
0.2500033590001804
0.2500033630001805
0.2500033670001806
0.2500033710001807
0.2500033750001808
0.2500033790001809
0.25000338300018105
0.2500033870001811
0.25000339100018126
0.25000339500018126
0.2500033990001814
0.2500034030001815
0.2500034070001816
0.2500034110001817
0.2500034150001818
0.2500034160001819
0.250003420000182
0.2500034240001821
0.2500034280001822
0.2500034320001823
0.25000343600018243
0.2500034400001825
0.25000344400018265
0.2500034480001827
0.25000345200018287
0.25000345600018287
0.250003460000183
0.2500034640001831
0.2500034680001832
0.2500034720001833
0.25000347600018336
0.25000348000018346
0.2500034840001836
0.2500034880001837
0.2500034920001838
0.2500034960001839
0.250003500000184
0.25000350400018406
0.25000350800018417
0.2500035120001843
0.2500035160001844
0.2500035200001845
0.2500035240001846
0.2500035280001847
0.2500035320001848
0.2500035360001849
0.250003540000185
0.2500035440001851
0.2500035480001852
0.25000355200018526
0.25000355600018537
0.2500035600001855
0.2500035640001856
0.2500035680001857
0.2500035720001858
0.2500035760001859
0.250003580000186
0.2500035840001861
0.2500035880001862
0.2500035920001863
0.2500035960001864
0.2500036000001865
0.25000360400018656
0.2500036080001867
0.2500036120001868
0.2500036160001869
0.250003620000187
0.25000362400018705
0.25000362800018716
0.25000363200018727
0.2500036360001874
0.2500036390001875
0.2500036380001876
0.2500036330001877
0.25000363400018777
0.2500036380001879
0.250003642000188
0.2500036460001881
0.25000365000018815
0.25000365400018826
0.25000365600018837
0.25000365500018845
0.25000364100018857
0.25000364200018865
0.25000364600018876
0.25000365000018887
0.250003654000189
0.2500036580001891
0.25000366200018914
0.25000366600018925
0.25000367000018936
0.25000367400018947
0.2500036770001896
0.25000368100018966
0.25000368500018977
0.2500036890001899
0.25000369300019
0.25000369700019004
0.25000370100019015
0.25000370500019026
0.25000370900019037
0.2500037130001905
0.2500037170001906
0.2500037210001907
0.25000372500019075
0.25000372900019086
0.25000372600019094
0.25000373000019105
0.25000373400019116
0.25000373800019127
0.2500037420001914
0.2500037460001915
0.2500037500001916
0.2500037540001917
0.2500037580001918
0.2500037620001919
0.250003766000192
0.2500037700001921
0.2500037740001922
0.2500037780001923
0.2500037820001924
0.2500037860001925
0.25000379000019257
0.25000379400019274
0.25000379800019285
0.25000380200019295
0.25000380600019306
0.2500038100001931
0.2500038140001932
0.25000381800019333
0.25000382200019344
0.25000382600019355
0.25000383000019366
0.25000383400019377
0.2500038380001939
0.250003842000194
0.2500038460001941
0.25000385000019415
0.25000385400019426
0.25000385800019437
0.2500038620001945
0.2500038660001946
0.2500038700001947
0.2500038740001948
0.2500038780001949
0.250003882000195
0.25000388600019513
0.25000389000019524
0.2500038940001953
0.2500038980001954
0.2500039020001955
0.2500039060001956
0.25000391000019573
0.25000391400019584
0.25000391800019595
0.25000392200019605
0.25000392600019616
0.2500039300001962
0.2500039340001963
0.25000393800019644
0.2500039410001966
0.25000394000019666
0.25000394200019677
0.2500039460001969
0.250003950000197
0.2500039540001971
0.2500039580001972
0.2500039620001973
0.25000396600019736
0.2500039700001975
0.2500039740001976
0.2500039780001977
0.2500039820001978
0.2500039860001979
0.25000399000019796
0.2500039940001981
0.25000399800019824
0.2500040020001983
0.25000400600019845
0.2500040100001985
0.25000401400019867
0.2500040180001987
0.2500040210001988
0.250004017000199
0.25000401400019906
0.2500040060001992
0.25000401000019923
0.25000401400019934
0.25000401800019945
0.25000402200019956
0.25000402600019966
0.2500040300001998
0.2500040340001999
0.2500040380002
0.2500040420002001
0.2500040460002002
0.25000405000020026
0.25000405400020037
0.2500040580002005
0.25000406200020064
0.2500040660002007
0.2500040700002008
0.25000407400020086
0.250004078000201
0.25000408200020113
0.25000408600020124
0.2500040900002013
0.25000409400020146
0.25000409800020157
0.2500041020002016
0.25000410600020173
0.2500041100002019
0.25000411400020195
0.250004118000202
0.2500041220002021
0.2500041260002023
0.25000412900020236
0.2500041210002025
0.25000411400020256
0.2500041040002027
0.2500040880002028
0.25000407400020286
0.250004058000203
0.25000405000020304
0.2500040410002032
0.2500040450002033
0.2500040490002034
0.2500040530002035
0.25000405700020356
0.25000406100020367
0.2500040650002038
0.2500040690002039
0.250004073000204
0.2500040770002041
0.2500040810002042
0.2500040850002043
0.25000408900020443
0.25000409300020454
0.25000409700020465
0.25000410100020476
0.25000410500020487
0.2500041090002049
0.25000411300020503
0.25000411700020514
0.25000412100020525
0.25000412500020536
0.25000412900020547
0.2500041330002056
0.2500041370002057
0.2500041410002058
0.2500041450002059
0.250004149000206
0.25000415300020606
0.2500041570002062
0.2500041610002063
0.2500041650002064
0.2500041690002065
0.2500041730002066
0.2500041770002067
0.2500041810002068
0.2500041850002069
0.250004189000207
0.2500041930002071
0.2500041970002072
0.25000420100020726
0.2500042050002074
0.25000420900020753
0.25000421300020764
0.2500042160002077
0.25000422000020783
0.25000422400020794
0.25000422800020805
0.25000423100020813
0.25000423500020824
0.25000423900020835
0.25000424300020846
0.25000424700020857
0.2500042510002086
0.25000425500020873
0.2500042590002089
0.25000426300020895
0.2500042670002091
0.2500042710002092
0.2500042750002093
0.2500042790002094
0.2500042830002095
0.2500042870002096
0.2500042910002097
0.2500042950002098
0.2500042990002099
0.25000430300021
0.2500043070002101
0.2500043110002102
0.2500043150002103
0.2500043180002104
0.2500043220002105
0.2500043260002106
0.2500043300002107
0.2500043320002108
0.25000433600021094
0.250004340000211
0.2500043440002111
0.2500043480002112
0.2500043500002113
0.2500043540002114
0.25000435800021154
0.25000436200021164
0.25000436600021175
0.25000437000021186
0.25000437400021197
0.2500043780002121
0.25000438200021213
0.25000438600021224
0.25000439000021235
0.25000439400021246
0.25000439800021257
0.2500044020002127
0.2500044060002128
0.2500044100002129
0.25000441000021295
0.25000441200021306
0.25000441600021317
0.25000442000021333
0.25000442400021344
0.2500044280002135
0.2500044320002136
0.2500044360002137
0.2500044400002138
0.25000444400021393
0.250004448000214
0.2500044520002141
0.2500044560002142
0.2500044600002143
0.2500044640002144
0.25000446800021453
0.25000447200021464
0.25000447600021475
0.25000448000021486
0.25000448400021497
0.2500044880002151
0.2500044920002152
0.25000449600021524
0.25000450000021535
0.25000450400021546
0.25000450800021556
0.2500045120002156
0.2500045160002157
0.2500045200002159
0.25000452400021594
0.25000452800021605
0.25000453200021616
0.25000453600021627
0.2500045400002164
0.2500045440002165
0.25000454800021665
0.25000455200021665
0.25000455600021676
0.25000456000021687
0.250004564000217

Avalanche_Distribution:
1
2
1
35
42
4
65
1
1
2
11
1
31
5
6
45
1
2
156
64
2
3734
1
1
13
6
1
1
1
122
1
1
6
1
2
3
2
3
3
1
1
2
1
67
18
2
6
1
2
2
10
17
1
3
87
46
1
1
4
176
3
18
346
1
8
1
3
18
28
1
7
8
28
121
1
1
1
2
2
6
