
Branching_global:
1.0000461800004392
1.0040461800004434
1.0079961800004473
1.0119161800004515
1.0158961800004551
1.0193761800004595
1.0235561800004631
1.0273561800004678
1.0314161800004713
1.0353861800004756
1.0362761800004792
1.0229961800004834
1.0239761800004872
1.0272361800004914
1.0313561800004953
1.0104161800004994
1.0035861800005035
1.0094061800005074
1.0139461800005114
1.0165461800005153
1.0218961800005193
1.0239861800005234
1.0284361800005275
1.0314361800005314
0.9854861800005353
0.9592461800005393
0.9628361800005433
0.9662561800005474
0.9708461800005513
0.9745861800005554
0.9802861800005594
0.9826461800005633
0.9875161800005674
0.9923961800005714
0.9960761800005754
0.9966061800005793
1.0001361800005835
1.0064061800005875
1.0104761800005913
1.0141561800005954
1.0171961800005993
1.0217661800006033
1.0234161800006074
0.9992861800006112
0.9166061800006152
0.9197261800006192
0.9249161800006231
0.9282561800006272
0.9323961800006312
0.9341661800006352
0.9379861800006393
0.9421861800006431
0.9494261800006473
0.9506361800006512
0.9544561800006552
0.9585861800006592
0.9638561800006632
0.9676461800006673
0.9692861800006712
0.9723061800006751
0.9716561800006792
0.9781861800006831
0.9795661800006872
0.9836061800006912
0.9807961800006951
0.9535361800006993
0.9561761800007031
0.9570761800007072
0.9641461800007112
0.9647661800007151
0.9725561800007192
0.9711061800007231
0.9744161800007272
0.9788061800007312
0.9819261800007353
0.9890061800007391
0.9880361800007431
0.9952661800007472
0.9580061800007512
0.9230661800007551
0.9278761800007592
0.9347561800007631
0.9382961800007671
0.9419561800007712
0.947166180000775
0.9504861800007791
0.9553961800007831
0.9584461800007871
0.9526761800007911
0.9585261800007951
0.9601061800007991
0.9659661800008031
0.9700361800008072
0.9727661800008112
0.9778661800008152
0.9798761800008191
0.9845561800008231
0.9879461800008271
0.9946161800008312
0.993036180000835

Autocorrelation:
21.65489563255607
0.24764635491889514
0.12555905230977235
0.0844185239725128
0.06340688129430616
0.05210816079586649
0.04294976458348441
0.03705256235027392
0.032328154115758144
0.028756722183407045
0.028063328913987547
0.04398358861046746
0.04220608749702684
0.03721362908136362
0.03238906701746573
0.09650362180104845
0.27934794685515874
0.10681230333656234
0.07220306879733025
0.06093554295245236
0.046168261672134336
0.04218869831123361
0.03566413092248257
0.03230790148223581
-0.06839863021702909
-0.02403410989695062
-0.02640473459981051
-0.02913219567073825
-0.03379835676143199
-0.03884652417653005
-0.05022417677208085
-0.05712274148259922
-0.07960263935136548
-0.1310122087970222
-0.25435336090669275
-0.29415293937330833
7.34372216309434
0.15659873448605527
0.09595377243161327
0.07113935449572589
0.05865102930877621
0.046441039872882534
0.04320358504355826
-1.4004133372271665
-0.01148404070743972
-0.011950389105828844
-0.012811944948760713
-0.013432279397440284
-0.014286230879425562
-0.014684086489805662
-0.015620103205216593
-0.01679193996206088
-0.019268751670405843
-0.01975353305316767
-0.021452991496455045
-0.023643004318737483
-0.027164179429776905
-0.03040551064738261
-0.03205603364289076
-0.03560679880553612
-0.03477866343307581
-0.0453406600908166
-0.048436755084637954
-0.06049721834736764
-0.05157135710937924
-0.02101815726752757
-0.0223149063396474
-0.022793431817933366
-0.027387988229830868
-0.027878832722774693
-0.035935757118274285
-0.034107033790960535
-0.038585044628479864
-0.04668178065445515
-0.05482712670990354
-0.09045927278300674
-0.08308434015365006
-0.210745490598194
-0.023309452749040047
-0.012491514190602541
-0.013358807363967348
-0.014821500134236047
-0.015701144938273896
-0.016723380238602877
-0.018422747278114417
-0.019692149912946984
-0.02191580212050136
-0.02356163948227495
-0.02062696773828809
-0.023608066421913067
-0.024563146605957924
-0.028879652243147244
-0.03287104675397406
-0.03621674913265126
-0.044677864295041246
-0.0491906605576417
-0.06424952240380499
-0.08246024153772229
-0.18524127258528583
-0.1430987640050892

Average_Activity:
0.0
0.0
0.0
0.0
0.0
0.0
0.0
0.0
0.0
0.0
0.0
0.0
0.0
0.0
0.0
0.0
0.0
0.0
0.0
0.0
0.0
0.0
0.0
0.0
0.0
0.0
0.25
0.0
0.0
0.0
0.0
0.0
0.0
0.0
0.0
0.0
0.0
0.0
0.0
0.0
0.0
0.0
0.0
0.0
0.0
0.0
0.0
0.0
0.0
0.0
0.0
0.0
0.0
0.0
0.0
0.0
0.25
0.5
0.0
0.0
0.0
0.0
0.0
0.0
0.0
0.0
0.0
0.0
0.0
0.0
0.0
0.0
0.0
0.0
0.0
0.0
0.0
0.0
0.0
0.0
0.0
0.0
0.0
0.0
0.0
0.0
0.0
0.0
0.0
0.0
0.0
0.0
0.0
0.0
0.0
0.0
0.0
0.0
0.0
0.0
0.0
0.0
0.0
0.0
0.0
0.0
0.0
1.25
1.25
0.0
0.0
0.0
0.0
0.0
0.0
0.0
0.0
0.0
0.0
0.0
0.0
0.0
0.0
0.0
0.0
0.0
0.0
0.0
0.0
0.0
0.0
0.0
0.0
0.0
0.0
0.0
0.0
0.0
0.0
0.0
0.0
0.25
0.0
0.0
0.0
0.0
0.0
0.0
0.0
0.0
0.0
0.0
0.0
0.0
0.0
0.0
0.0
0.0
0.0
0.0
0.0
0.0
0.0
0.0
0.0
0.0
0.0
0.0
0.0
0.0
0.0
0.0
0.0
0.0
0.0
0.0
0.0
0.0
0.0
0.0
0.0
0.0
0.0
0.0
0.0
0.25
0.0
0.0
0.0
0.0
0.0
0.0
0.0
0.0
0.0
0.0
0.0
0.0
0.0
0.0
0.0
0.0
0.0
0.0
0.0
0.0
0.0
0.0
0.0
0.0
0.0
0.25
0.0
0.0
0.0
0.0
0.0
0.0
0.0
0.0
0.0
0.0
0.0
0.0
0.0
0.0
0.0
0.0
0.0
0.0
0.0
0.0
0.0
0.0
0.0
0.0
0.0
0.0
0.0
0.0
0.0
0.0
0.0
0.0
0.0
0.0
0.0
0.0
1.0
5.5
11.75
12.25
13.25
13.5
6.75
12.5
12.0
5.0
2.25
0.25
0.0
0.0
0.0
0.0
0.0
0.0
1.25
3.25
3.5
4.5
1.0
2.75
5.25
4.75
4.0
2.0
4.75
5.75
5.75
0.5
0.0
0.0
0.0
0.0
0.0
0.0
0.0
0.0
0.0
0.0
0.0
0.0
0.0
0.0
0.0
0.0
0.0
0.0
0.0
0.0
0.0
0.0
0.0
0.0
0.0
0.0
1.25
0.75
1.75
1.0
0.0
0.0
0.0
0.0
0.0
0.0
0.0
0.0
0.0
0.0
0.0
0.0
0.0
0.0
0.0
0.0
0.0
0.0
0.0
0.0
0.0
0.0
0.25
0.0
0.0
0.0
0.0
0.0
0.0
0.0
0.0
0.0
0.0
0.0
0.0
0.25
1.0
0.25
0.0
0.0
0.0
0.0
0.0
0.0
0.0
0.0
0.0
0.0
0.0
0.0
0.0
0.0
0.0
0.0
0.0
0.0
0.0
2.75
5.75
7.75
12.0
17.0
20.25
24.75
31.75
31.75
27.5
19.0
8.0
0.0
0.0
0.0
0.0
0.0
0.0
0.0
0.0
0.75
0.25
0.0
0.0
0.0
0.0
0.0
0.0
0.0
0.0
0.0
0.0
0.0
0.0
0.0
0.0
0.0
0.0
0.0
0.0
0.0
0.0
0.0
0.0
0.0
0.0
0.0
0.0
0.0
0.0
0.0
0.0
0.0
0.0
0.0
0.0
0.0
0.0
0.0
0.0
0.0
0.0
0.25
0.25
0.0
0.0
0.0
0.0
0.0
0.0
0.0
0.0
0.0
0.0
0.0
0.0
0.0
0.0
0.0
0.0
0.0
0.0
0.0
0.0
0.0
0.0
0.0
0.0
0.0
0.0
0.0
0.0
0.0
0.0
0.75
0.25
0.0
0.0
0.0
0.0
0.0
0.0
0.0
0.0
0.0
0.0
0.0
0.0
0.0
0.0
0.0
0.0
0.0
0.0
0.0
0.0
0.0
0.0
0.0
0.0
0.0
0.0
0.0
0.0
0.0
0.0
0.0
0.0
0.0
0.75
0.0
0.0
0.0
0.0
0.0
0.0
0.0
0.0
0.0
0.0
0.0
0.0
0.0
0.0
0.0
0.0
0.0
0.0
0.0
0.0
0.0
0.0
0.0
0.0
0.0
0.0
0.0
0.0
0.0
1.0
2.25
0.0
0.0
0.0
0.0
0.0
0.0
0.0
0.0
0.0
0.0
0.0
0.0
0.0
0.0
0.0
0.0
0.0
0.0
0.0
0.0
0.0
0.0
0.0
0.0
0.0
0.0
0.0
0.0
0.0
0.0
0.0
0.0
0.0
0.0
0.25
0.0
0.0
0.0
0.0
0.0
0.0
0.0
0.0
0.0
0.0
0.5
0.0
0.0
0.0
0.0
0.0
0.0
0.0
0.0
0.0
0.0
2.0
3.25
1.25
2.75
6.75
6.5
11.5
23.25
36.75
34.5
25.5
26.5
23.5
33.75
35.25
26.5
18.25
16.5
20.25
18.5
17.5
23.5
20.0
14.0
9.0
8.5
5.0
1.75
2.75
0.5
0.0
0.0
0.0
0.0
0.0
2.25
2.0
6.0
7.25
9.0
2.75
1.0
0.25
0.0
0.5
1.5
1.0
2.75
0.25
0.0
0.0
0.0
0.0
0.0
0.0
0.0
0.0
0.0
0.0
0.0
0.0
0.0
0.0
0.25
0.0
0.0
0.0
0.0
0.0
0.0
0.0
0.0
0.0
0.0
0.0
0.5
0.0
0.0
0.0
0.0
0.0
0.0
0.0
0.0
0.0
0.0
0.0
0.0
0.0
0.0
0.0
0.0
0.0
0.0
0.0
0.0
0.0
0.0
0.0
0.0
0.0
0.0
0.0
0.0
0.0
0.0
0.0
0.0
0.0
0.0
0.0
0.0
0.0
0.0
0.0
0.0
0.0
0.0
0.0
0.0
0.0
0.0
0.0
0.0
0.0
0.0
0.0
0.0
0.0
0.0
0.0
0.0
0.0
0.0
0.0
0.0
0.0
0.0
0.0
0.0
0.0
0.0
0.0
0.0
0.0
0.0
0.0
0.0
0.0
0.0
0.0
0.0
0.0
0.0
0.0
0.0
0.0
0.0
0.0
0.0
0.0
0.0
0.0
0.0
0.0
0.0
0.0
0.0
0.25
1.0
1.5
0.0
0.0
0.0
0.0
0.5
0.0
0.0
0.0
0.0
0.0
0.0
0.0
0.0
0.0
0.0
0.0
0.0
0.0
0.0
0.0
0.0
0.0
0.0
0.0
0.0
0.0
0.0
0.0
0.0
0.0
0.0
0.0
0.0
0.0
0.0
0.0
0.0
0.0
0.0
0.0
0.0
0.0
0.0
0.0
0.0
0.0
0.0
0.0
0.0
0.0
0.0
0.0
0.0
0.0
0.0
0.0
0.0
0.0
0.0
0.0
0.0
0.0
0.0
0.0
0.0
0.0
0.0
0.0
0.0
0.0
0.0
0.0
0.0
0.0
0.0
0.0
0.0
0.0
0.0
0.0
0.0
0.0
0.0
0.0
0.0
0.0
0.0
0.0
0.0
0.0
0.0
0.0
0.0
0.0
0.0
0.0
0.0
0.0
0.0
0.0
0.0
0.0
0.0
0.0
0.0
0.0
0.0
0.0
0.0
0.5
0.0
0.0
0.0
0.0
0.0
0.0
1.0
0.0
0.0
0.0
0.0
0.0
0.0
0.0
0.0
0.0
0.0
0.0
0.0
0.0
0.0
0.0
0.0
0.0
0.0
0.0
0.25
0.0
0.0
0.0
0.0
0.25
0.0
0.0
0.0
0.0
0.0
0.0
0.0
0.0
0.0
0.0
0.0
0.0
0.0
0.0
0.0
0.0
0.0
0.0
0.0
0.0
0.0
0.0
0.0
0.0
0.0
0.0
0.0
0.0
0.0
0.0
0.0
0.0
0.0
0.0
0.0
0.0
0.0
0.0
0.0
0.0
0.0
0.0
0.0
0.0
0.0
0.0
0.0
0.0
0.0
0.0
0.0
0.0
0.0
0.0
0.0
0.0
0.0
0.0
0.0
0.0
0.0
0.0
1.75
2.0
1.0
0.0
0.0
0.0
0.0
0.0
0.0
0.0
0.0
0.0
0.0
0.0
0.0
0.0
0.0
0.0
0.0
0.0
0.0
0.0
0.0
0.0
0.0
0.0
0.0
0.0
0.0
0.0
0.0
0.0
0.0
0.25
1.0
0.0
0.0
0.0
0.0
0.0
0.0
0.0
0.0
0.0
0.0
0.0
0.0
0.0
0.0
0.0
0.0
0.0
0.0
0.0
0.0
0.0
0.0
0.0
0.0
0.0
0.0
0.0
0.0
0.0
0.0
0.0
0.25
0.5
0.0
0.0
0.0
0.0
0.0
0.0
0.0
0.0
0.0
0.0
0.0
0.0
0.0
0.0
0.0
0.25
1.0
0.0
0.0
0.0
0.0
0.0
0.0
0.0
0.0
0.0
0.0
0.0
0.0
0.25
2.0
6.5
5.25
4.75
4.75
4.5
7.5
13.5
12.0
11.75
13.0
18.25
10.0
7.5
6.5
9.25
11.0
12.0
16.25
11.5
13.5
5.5
7.25
11.75
13.75
13.25
12.5
33.0
44.5
60.25
58.25
64.0
38.0
22.75
29.25
22.5
19.5
17.75
17.25
14.25
4.25
2.5
1.0
0.0
0.0
0.0
0.0
0.0
0.0
0.0
0.0
0.0
0.0
0.0
0.0
0.0
0.0
0.0
0.0
0.0
0.0
0.0
0.0
0.0
0.0
0.0
0.0
0.0
0.0
0.0
0.0
0.0
0.0
0.0
0.0
0.0
0.0
0.0
0.0
0.0
0.0
0.0
0.75
0.0
0.0
0.0
0.0
0.0
0.0
0.0
0.0
0.0
0.0
0.25
3.25
5.5
5.75
2.0
0.0
0.0
0.0
0.0
0.0
0.0
0.0
0.0
0.0
0.0
0.0
0.0
0.0
0.0
0.0
0.0
0.0
0.25
0.0
0.0
0.0
0.0
0.0
0.0
0.0
0.0
0.0
0.0
0.0
0.0
0.0
0.0
0.0
0.0
0.0
0.0
0.0
0.0
0.0
0.0
0.0
0.0
0.0
0.0
0.0
0.0
0.0
0.0
0.0
0.0
0.0
0.0
0.0
0.0
0.0
0.0
0.0
0.0
0.0
0.0
0.0
0.0
0.0
0.0
0.0
0.0
0.0
0.0
0.0
0.0
0.0
0.0
0.0
0.0
0.0
0.0
0.0
0.0
0.0
0.0
0.0
0.0
0.0
0.0
0.0
0.0
0.0
0.0
0.0
0.0
0.0
0.0
0.0
0.0
0.0
0.0
0.0
0.5
1.75
0.0
0.0
0.0
0.0
0.0
0.0
0.0
0.0
0.0
0.0
0.0
0.0
0.0
0.0
0.0
0.0
0.0
0.0
0.0
0.0
0.0
0.0
0.0
0.0
0.0
0.0
0.0
0.0
0.0
0.0
0.0
0.0
0.0
0.0
0.0
0.0
0.0
0.0
0.0
0.0
0.0
0.0
0.0
0.0
0.0
0.0
0.0
0.0
0.0
0.0
0.0
0.0
0.0
0.0
0.0
0.0
0.0
0.0
0.0
0.0
0.0
0.0
0.0
0.0
0.0
0.0
0.0
0.0
0.0
0.0
0.0
0.0
0.0
0.0
0.0
0.0
0.0
0.0
0.0
0.0
0.0
0.0
0.0
0.0
0.0
0.0
0.0
0.0
0.0
0.0
0.0
0.0
0.0
0.0
0.0
0.0
0.0
0.0
0.0
0.0
0.0
0.0
0.0
0.0
0.25
1.25
0.25
0.0
0.0
0.0
0.0
0.0
0.0
0.0
0.0
0.0
0.0
0.0
0.0
0.0
0.0
0.0
0.0
0.0
0.25
0.0
0.0
0.0
0.0
0.25
0.25
0.0
0.0
0.0
0.0
0.0
0.0
0.0
0.25
0.0
0.25
0.0
0.0
0.0
0.0
0.0
0.0
0.0
0.0
0.0
0.0
0.0
0.0
0.0
0.0
0.0
0.0
0.0
0.0
0.0
0.0
0.0
0.0
0.0
0.0
0.0
0.0
0.0
0.0
0.0
0.0
0.0
0.0
0.0
0.0
0.0
0.0
0.0
0.0
0.0
0.0
0.0
0.0
0.0
0.0
0.0
0.0
0.0
0.75
1.25
0.0
0.0
0.0
0.0
0.0
0.0
0.0
0.0
0.0
0.0
0.0
1.0
0.75
0.0
0.0
0.0
0.0
0.0
0.0
0.0
0.0
0.0
0.0
0.0
0.0
0.0
0.0
0.0
0.0
1.0
2.0
3.5
9.75
9.0
6.25
1.75
0.0
0.0
0.0
0.0
0.0
0.75
0.0
0.0
0.0
0.0
0.0
0.0
0.0
0.0
0.0
0.0
0.0
0.0
0.0
0.0
0.0
0.0
0.0
0.0
0.0
0.0
0.0
0.0
0.0
0.0
0.0
0.0
0.0
0.0
0.0
0.0
0.0
0.0
0.0
0.75
0.5
0.0
0.0
0.0
0.0
0.0
0.0
0.0
0.0
0.0
0.0
0.0
0.0
0.0
0.0
0.0
0.0
1.75
0.0
0.0
0.0
0.0
0.0
0.0
0.0
0.0
0.0
0.0
0.0
0.0
0.0
0.0
0.0
0.0
0.0
0.0
0.25
0.0
0.0
0.0
0.0
0.0
0.0
0.0
0.0
0.0
0.0
0.0
0.0
0.0
0.0
0.0
0.0
1.0
0.75
1.5
1.25
0.0
0.0
0.0
0.0
0.0
0.0
0.0
0.0
0.0
0.0
0.0
0.0
0.0
0.0
0.0
0.0
1.75
7.25
7.5
3.0
2.75
4.0
3.5
5.75
16.5
17.5
11.0
7.0
8.0
19.0
25.5
28.0
21.25
16.75
14.25
6.0
1.25
0.0
0.0
0.0
0.0
0.0
0.0
0.0
0.0
0.0
0.0
1.25
0.25
1.75
6.75
9.25
6.0
0.25
0.0
0.0
0.0
0.0
0.0
0.0
0.0
0.0
0.0
0.0
0.0
0.0
0.0
0.0
0.0
0.0
0.0
0.0
0.0
0.0
0.0
0.0
0.0
0.0
0.0
0.0
0.0
0.0
0.0
0.0
0.0
0.0
0.25
0.0
0.0
0.0
0.0
0.0
0.0
0.0
0.0
0.0
0.0
0.0
0.0
0.0
0.0
0.0
0.0
0.0
0.0
0.0
0.0
0.0
0.0
0.0
0.0
0.0
0.0
0.0
0.0
0.0
0.0
0.0
0.0
0.0
0.0
0.0
0.0
0.0
0.0
0.0
0.0
0.0
0.0
0.0
0.0
0.0
0.0
0.0
0.0
0.0
0.0
0.0
0.0
0.0
0.0
0.0
0.0
0.0
0.0
1.25
0.75
0.0
0.0
0.0
0.0
0.0
0.0
0.0
0.0
0.0
0.0
0.0
0.0
0.0
0.0
0.0
0.0
0.0
0.0
0.0
0.0
0.0
0.0
0.0
0.0
0.0
0.0
0.0
0.0
0.0
0.0
0.0
0.0
2.0
4.0
5.0
2.0
0.75
0.0
0.0
0.0
0.0
0.0
0.0
0.0
0.0
0.0
0.0
0.0
0.0
0.0
0.0
0.0
0.0
0.0
0.0
0.0
0.0
0.0
0.0
0.0
0.0
0.0
0.0
0.0
0.0
0.0
0.0
0.0
0.0
0.0
0.0
0.0
0.0
0.0
0.0
0.0
0.0
0.0
0.0
0.0
0.0
0.0
0.0
0.0
0.0
0.0
0.0
0.0
0.25
0.0
0.0
0.0
0.0
0.0
0.0
0.0
0.0
0.0
0.0
0.0
0.0
0.0
0.0
0.0
0.0
0.0
0.0
0.0
0.0
0.0
0.0
2.5
3.5
1.25
1.5
0.25
0.0
0.0
0.0
0.0
0.0
0.0
0.0
0.0
0.0
0.0
0.0
0.0
0.0
0.0
0.5
0.0
0.0
0.0
0.0
0.0
0.0
0.0
0.0
0.0
0.5
2.0
0.0
0.0
0.0
0.0
0.0
0.0
0.0
0.0
0.0
0.0
0.0
0.0
0.0
0.0
0.0
0.0
0.0
0.0
0.0
0.0
0.0
0.0
0.0
0.0
0.0
0.0
0.0
0.0
0.0
0.0
0.0
0.0
0.0
0.0
0.0
0.0
0.0
0.0
0.0
0.0
0.0
0.0
0.0
0.0
0.0
0.0
0.0
0.0
0.0
0.0
0.0
0.0
0.0
0.0
0.0
0.0
0.0
0.0
0.0
0.0
1.75
2.5
2.25
3.25
4.25
10.5
9.5
10.75
5.5
7.0
8.0
13.0
10.5
9.0
6.0
9.5
16.75
23.75
18.5
13.5
17.5
19.5
7.25
10.5
16.25
17.5
16.25
20.75
25.0
27.75
17.25
19.25
15.25
15.75
12.0
11.25
7.5
3.5
1.25
0.0
0.0
0.5
3.0
1.25
0.0
0.0
0.0
0.0
0.0
0.0
0.0
0.0
0.0
0.0
0.0
0.0
0.0
0.0
0.0
0.0
0.0
0.0
0.0
0.0
0.0
0.0
0.0
0.0
0.0
0.0
0.0
0.0
0.0
0.0
0.0
0.0
0.0
0.0
0.0
0.0
0.0
0.0
0.0
0.0
0.0
0.0
0.0
0.0
0.0
0.0
0.0
0.0
0.0
0.0
0.0
0.0
0.0
0.0
0.0
0.0
0.0
0.0
0.0
0.0
0.0
0.0
0.0
0.0
0.0
0.0
0.0
0.0
0.0
0.0
0.0
0.0
0.0
0.0
0.0
0.0
0.0
0.0
0.0
0.0
0.0
0.0
0.0
0.0
0.0
0.0
0.0
0.0
0.0
0.0
0.0
0.0
0.0
0.0
0.0
0.0
0.0
0.0
0.0
0.0
0.0
0.0
0.0
0.0
0.0
0.0
0.0
0.0
0.0
0.0
0.0
0.0
0.0
0.0
0.0
0.0
0.0
0.0
0.0
0.75
0.25
0.0
0.0
0.0
0.0
0.0
0.0
0.0
0.0
0.0
0.0
0.0
0.0
0.0
0.0
0.0
0.0
0.5
0.0
0.0
0.0
0.0
0.0
0.0
0.0
0.0
0.0
0.0
0.0
0.0
0.0
0.0
0.0
0.0
0.0
0.0
0.0
0.0
0.0
0.0
0.0
0.0
0.0
0.0
0.0
0.0
0.0
0.0
0.0
0.0
0.0
0.0
0.0
0.0
0.0
0.0
0.0
0.0
0.0
0.0
0.0
0.0
0.0
0.0
0.0
0.0
0.0
1.0
0.0
0.25
0.0
0.0
0.0
0.0
0.0
0.0
0.0
0.0
0.0
0.0
0.0
0.0
0.0
0.0
0.0
0.0
0.0
0.0
0.0
0.0
0.0
0.0
0.0
0.25
0.0
0.0
0.0
0.0
0.0
0.25
1.75
1.75
2.75
4.75
6.25
6.25
8.5
12.75
8.75
2.75
0.75
0.0
0.0
0.0
0.0
0.0
0.0
0.0
0.0
0.0
0.0
0.0
0.0
0.0
0.0
0.0
0.0
0.0
0.0
0.0
0.0
0.0
0.0
0.0
0.0
0.0
0.0
0.0
0.0
0.0
0.0
0.0
0.0
0.0
0.25
0.5
0.0
0.0
0.0
0.0
0.0
0.0
0.0
0.0
0.0
0.0
0.0
0.0
0.0
0.0
0.0
0.0
0.0
0.0
0.0
0.0
0.0
0.0
0.0
0.0
0.0
0.0
0.0
0.0
0.0
0.0
0.0
0.0
0.0
0.0
0.0
1.0
3.25
2.75
0.5
0.0
0.0
0.0
0.0
0.0
0.0
0.0
0.0
0.0
0.0
0.0
0.0
0.0
0.0
0.0
0.0
0.0
0.0
0.0
0.0
0.0
0.0
0.0
0.0
0.0
0.0
0.0
0.0
0.0
0.0
0.0
0.0
0.0
0.0
0.0
0.0
0.0
0.0
0.0
0.0
0.25
0.0
0.0
0.0
0.0
0.0
0.0
0.0
0.0
0.0
0.0
0.0
0.0
0.0
0.0
0.0
0.0
0.0
0.0
0.0
0.0
0.0
0.0
0.0
0.0
0.0
0.0
0.0
0.0
0.0
0.0
0.0
0.0
0.0
0.0
0.0
0.0
0.0
0.0
0.0
0.0
0.0
0.0
0.0
0.0
0.25
0.0
0.0
0.0
0.0
0.0
0.0
0.0
0.0
0.0
0.0
0.75
0.5
0.0
0.0
0.0
0.0
0.0
0.0
0.0
0.0
0.0
0.0
0.0
0.0
0.0
0.0
0.0
0.0
0.0
0.0
0.0
0.0
0.0
0.0
0.0
0.0
0.0
0.0
0.0
0.0
0.0
0.0
0.0
0.0
0.0
0.0
0.0
0.0
0.0
0.0
0.0
0.0
0.0
0.0
0.0
0.0
0.0
0.0
0.0
0.0
0.0
0.0
0.0
0.0
0.0
0.0
0.0
1.0
0.0
0.0
0.0
0.0
0.0
0.0
0.0
0.0
0.0
0.0
0.0
0.0
0.0
0.0
0.0
0.0
0.0
0.0
0.0
0.0
0.0
0.0
0.0
0.0
0.0
0.0
0.0
0.0
0.0
1.0
2.0
0.0
0.0
0.0
0.0
0.0
0.0
0.0
0.0
0.0
0.0
0.0
0.0
0.0
0.0
0.0
0.0
0.0
0.0
0.0
0.0
0.0
0.0
0.0
0.0
0.0
0.0
0.0
0.0
0.0
0.0
0.0
0.0
0.0
0.0
0.0
0.0
0.0
0.0
0.0
0.0

Average_Alpha:
0.2500115450001098
0.2500515450001099
0.2500915450001099
0.25013154500011003
0.25017154500010996
0.25021154500011006
0.25025154500011
0.25029154500011014
0.2503315450001101
0.2503715450001102
0.2504115450001102
0.2504515450001103
0.2504915450001102
0.2505315450001104
0.25057154500011036
0.25061154500011046
0.25065154500011044
0.25069154500011054
0.2507315450001105
0.2507715450001106
0.2508115450001106
0.2508515450001107
0.2508915450001107
0.2509315450001108
0.25097154500011076
0.25101154500011086
0.25104154500011083
0.251081545000111
0.2511215450001109
0.251161545000111
0.251201545000111
0.2512415450001111
0.2512815450001111
0.2513215450001112
0.25136154500011115
0.25140154500011125
0.25144154500011123
0.25148154500011133
0.2515215450001113
0.25156154500011146
0.2516015450001114
0.2516415450001115
0.2516815450001115
0.25172154500011157
0.25176154500011155
0.25180154500011165
0.25184154500011163
0.25188154500011173
0.2519215450001117
0.2519615450001118
0.2520015450001118
0.2520415450001119
0.2520815450001119
0.252121545000112
0.25216154500011195
0.2522015450001121
0.252231545000112
0.25225154500011215
0.25229154500011214
0.25233154500011223
0.2523715450001122
0.2524115450001123
0.2524515450001123
0.2524915450001124
0.2525315450001124
0.2525715450001125
0.25261154500011246
0.25265154500011255
0.25269154500011254
0.25273154500011263
0.2527715450001126
0.2528115450001127
0.2528515450001127
0.2528915450001128
0.2529315450001128
0.2529715450001129
0.25301154500011286
0.2530515450001129
0.25309154500011294
0.25313154500011303
0.25317154500011296
0.2532115450001131
0.2532515450001131
0.2532915450001132
0.2533315450001132
0.2533715450001133
0.25341154500011326
0.25345154500011335
0.25349154500011334
0.25353154500011343
0.2535715450001134
0.2536115450001135
0.2536515450001135
0.2536915450001136
0.2537315450001136
0.2537715450001137
0.25381154500011366
0.25385154500011375
0.25389154500011374
0.25393154500011383
0.2539715450001138
0.2540115450001139
0.2540515450001139
0.254091545000114
0.254131545000114
0.2541715450001141
0.25421154500011406
0.25420154500011416
0.25419154500011415
0.25423154500011425
0.2542715450001142
0.25431154500011427
0.2543515450001143
0.25439154500011435
0.2544315450001144
0.2544715450001145
0.2545115450001144
0.2545515450001145
0.25459154500011455
0.2546315450001146
0.25467154500011463
0.25471154500011467
0.2547515450001147
0.2547915450001148
0.2548315450001148
0.25487154500011483
0.25491154500011487
0.25495154500011497
0.25499154500011495
0.255031545000115
0.25507154500011503
0.25511154500011507
0.25515154500011505
0.2551915450001152
0.25523154500011513
0.25527154500011523
0.25531154500011527
0.25535154500011537
0.25539154500011535
0.25543154500011545
0.25547154500011543
0.2555015450001155
0.2555415450001155
0.2555815450001156
0.2556215450001156
0.2556615450001157
0.25570154500011566
0.25574154500011576
0.25578154500011574
0.2558215450001158
0.2558615450001158
0.2559015450001159
0.2559415450001159
0.255981545000116
0.25602154500011604
0.2560615450001161
0.25610154500011606
0.25614154500011616
0.25618154500011614
0.25622154500011624
0.2562615450001163
0.2563015450001163
0.2563415450001163
0.2563815450001164
0.2564215450001163
0.2564615450001165
0.25650154500011646
0.2565415450001165
0.25658154500011654
0.25662154500011664
0.25666154500011656
0.2567015450001167
0.25674154500011676
0.2567815450001168
0.2568215450001168
0.2568615450001169
0.25690154500011686
0.25694154500011696
0.25698154500011694
0.25702154500011704
0.257061545000117
0.25710154500011706
0.2571415450001171
0.2571815450001172
0.2572215450001172
0.25725154500011727
0.25729154500011725
0.2573315450001174
0.2573715450001173
0.2574115450001174
0.2574515450001174
0.2574915450001175
0.2575315450001175
0.2575715450001176
0.25761154500011757
0.25765154500011767
0.25769154500011765
0.25773154500011775
0.25777154500011773
0.2578115450001178
0.2578515450001178
0.2578915450001179
0.25793154500011795
0.257971545000118
0.25801154500011797
0.2580515450001181
0.25809154500011805
0.25813154500011815
0.2581715450001182
0.2582115450001182
0.2582515450001182
0.2582815450001183
0.2583215450001182
0.2583615450001184
0.25840154500011836
0.2584415450001184
0.25848154500011844
0.25852154500011854
0.25856154500011846
0.25860154500011867
0.25864154500011866
0.2586815450001187
0.2587215450001187
0.2587615450001188
0.25880154500011876
0.25884154500011886
0.2588815450001189
0.25892154500011894
0.2589615450001189
0.259001545000119
0.25904154500011894
0.2590815450001191
0.2591215450001191
0.2591615450001192
0.25920154500011916
0.2592415450001193
0.25928154500011924
0.2593215450001194
0.2593615450001194
0.2594015450001194
0.2594415450001194
0.25948154500011955
0.2595215450001195
0.2595615450001196
0.25960154500011956
0.25964154500011966
0.25968154500011964
0.2597215450001197
0.2597215450001197
0.2595415450001199
0.2591115450001198
0.25866154500011995
0.25817154500011985
0.25767154500011996
0.25744154500011995
0.25698154500012005
0.25654154500012005
0.2563815450001201
0.2563315450001201
0.2563615450001202
0.25640154500012025
0.2564415450001203
0.25648154500012027
0.25652154500012037
0.25656154500012035
0.25660154500012045
0.25659154500012044
0.2565015450001205
0.2564015450001206
0.25626154500012055
0.25626154500012055
0.2561915450001207
0.2560215450001207
0.25587154500012077
0.25575154500012076
0.25571154500012083
0.25556154500012085
0.25537154500012094
0.2551815450001209
0.25520154500012104
0.255241545000121
0.2552815450001211
0.2553215450001211
0.25536154500012115
0.25540154500012113
0.2554415450001213
0.25548154500012127
0.2555215450001213
0.25556154500012135
0.2556015450001214
0.25564154500012143
0.25568154500012147
0.2557215450001215
0.2557615450001216
0.2558015450001216
0.2558415450001217
0.25588154500012167
0.25592154500012176
0.2559615450001217
0.25600154500012184
0.2560415450001218
0.25608154500012187
0.2561215450001219
0.25616154500012195
0.256201545000122
0.2562415450001221
0.256231545000122
0.2562415450001221
0.2562115450001221
0.2562115450001222
0.25625154500012226
0.25629154500012225
0.25633154500012234
0.2563715450001224
0.2564115450001224
0.25645154500012246
0.25649154500012245
0.2565315450001225
0.2565715450001226
0.2566115450001226
0.2566515450001226
0.2566915450001227
0.2567315450001227
0.2567715450001228
0.2568115450001228
0.25685154500012286
0.25689154500012285
0.25693154500012294
0.2569715450001229
0.257011545000123
0.25705154500012306
0.25709154500012305
0.2571215450001231
0.25716154500012317
0.2572015450001232
0.2572415450001232
0.2572815450001233
0.25732154500012333
0.2573615450001233
0.2574015450001234
0.25744154500012345
0.25748154500012344
0.25752154500012353
0.25756154500012357
0.25760154500012356
0.25763154500012364
0.25763154500012364
0.2576615450001237
0.25770154500012377
0.2577415450001238
0.25778154500012385
0.2578215450001239
0.25786154500012387
0.25790154500012397
0.257941545000124
0.257981545000124
0.2580215450001241
0.2580615450001241
0.2581015450001241
0.2581415450001242
0.25818154500012425
0.2582215450001243
0.25826154500012427
0.25830154500012437
0.25834154500012435
0.25838154500012445
0.2584215450001245
0.2583515450001245
0.25816154500012456
0.2578915450001246
0.2574515450001246
0.2568115450001247
0.2560415450001247
0.25509154500012476
0.2538615450001248
0.25263154500012486
0.25157154500012485
0.2508515450001249
0.25057154500012496
0.250611545000125
0.25065154500012504
0.250691545000125
0.2507315450001251
0.2507715450001251
0.2508115450001252
0.2508515450001252
0.2508915450001253
0.2509015450001253
0.2509315450001254
0.25097154500012536
0.25101154500012546
0.2510515450001255
0.2510915450001255
0.2511315450001255
0.25117154500012556
0.25121154500012566
0.2512515450001257
0.25129154500012574
0.2513315450001257
0.2513715450001258
0.25141154500012586
0.25145154500012584
0.25149154500012594
0.251531545000126
0.251571545000126
0.25161154500012606
0.2516515450001261
0.2516915450001261
0.2517315450001261
0.2517715450001262
0.2518115450001262
0.2518515450001263
0.25189154500012634
0.2519315450001264
0.2519715450001264
0.25201154500012646
0.25205154500012644
0.2520915450001265
0.2521315450001266
0.2521715450001266
0.25221154500012666
0.25225154500012664
0.25229154500012674
0.2523315450001268
0.25237154500012676
0.2524115450001268
0.25245154500012684
0.25249154500012694
0.252531545000127
0.252561545000127
0.25259154500012704
0.2526315450001271
0.2526715450001271
0.25271154500012716
0.2527515450001272
0.25279154500012724
0.2528315450001273
0.2528715450001273
0.25291154500012736
0.2529515450001274
0.25299154500012744
0.2530315450001275
0.2530715450001275
0.25311154500012756
0.2531515450001276
0.25319154500012764
0.2532315450001277
0.2532715450001277
0.25331154500012776
0.2533515450001278
0.25339154500012784
0.2534315450001279
0.2534715450001279
0.25351154500012796
0.253551545000128
0.25359154500012804
0.2536315450001281
0.2536715450001281
0.25371154500012816
0.2537515450001282
0.25379154500012824
0.25380154500012825
0.2538315450001283
0.2538715450001283
0.25391154500012836
0.2539515450001284
0.2539915450001285
0.25403154500012853
0.2540715450001285
0.25411154500012856
0.25415154500012865
0.25419154500012864
0.2542315450001287
0.2542715450001288
0.25431154500012876
0.2543515450001288
0.2543915450001289
0.2544315450001289
0.2544715450001289
0.254511545000129
0.25455154500012905
0.2545915450001291
0.25463154500012913
0.2546715450001291
0.2547115450001292
0.25475154500012925
0.25479154500012924
0.25483154500012933
0.2548715450001293
0.2549115450001294
0.2549515450001294
0.25499154500012944
0.2550315450001295
0.2550715450001296
0.25511154500012956
0.2551515450001296
0.25516154500012966
0.2552015450001297
0.25524154500012974
0.2552815450001298
0.2553215450001298
0.25536154500012986
0.2554015450001299
0.25544154500012994
0.25548154500012993
0.25552154500013
0.25556154500013006
0.2556015450001301
0.25564154500013014
0.2556815450001302
0.2557215450001302
0.25576154500013026
0.2558015450001303
0.25584154500013034
0.2558815450001304
0.2559215450001304
0.25596154500013046
0.2560015450001305
0.25604154500013054
0.2560815450001306
0.25612154500013057
0.25616154500013066
0.2562015450001307
0.2562415450001307
0.2562815450001308
0.2563215450001309
0.2563215450001309
0.25627154500013094
0.256311545000131
0.256351545000131
0.256391545000131
0.2564315450001311
0.2564715450001311
0.2565115450001311
0.25655154500013116
0.25659154500013126
0.25663154500013124
0.25667154500013134
0.2567115450001314
0.25675154500013136
0.2567915450001314
0.25683154500013144
0.2568715450001315
0.2569115450001316
0.2569515450001316
0.2569915450001316
0.2570315450001317
0.25707154500013174
0.2571115450001317
0.2571515450001318
0.2571915450001318
0.25723154500013184
0.25727154500013194
0.257311545000132
0.25735154500013196
0.25739154500013206
0.2574315450001321
0.2574715450001321
0.2575115450001322
0.2575515450001322
0.2575915450001322
0.2576315450001323
0.25766154500013233
0.2577015450001323
0.2577415450001324
0.25778154500013245
0.25782154500013243
0.25786154500013253
0.2579015450001325
0.25794154500013255
0.25798154500013265
0.25802154500013275
0.2580615450001327
0.2580815450001328
0.25812154500013273
0.25816154500013283
0.25820154500013287
0.25824154500013285
0.25828154500013295
0.25832154500013305
0.258361545000133
0.25840154500013307
0.25844154500013317
0.2584815450001331
0.25844154500013317
0.25835154500013324
0.25834154500013323
0.2582715450001333
0.2580415450001334
0.2578215450001334
0.2574015450001334
0.2565115450001334
0.25508154500013347
0.2537415450001336
0.2527615450001336
0.2517415450001336
0.25084154500013367
0.2495315450001337
0.24816154500013374
0.2471415450001338
0.24645154500013383
0.24583154500013388
0.2450615450001339
0.24436154500013396
0.243701545000134
0.242801545000134
0.24204154500013408
0.2415215450001341
0.24120154500013416
0.24090154500013417
0.24074154500013423
0.24071154500013425
0.24064154500013427
0.2406615450001343
0.24070154500013438
0.24074154500013442
0.24078154500013446
0.2408215450001345
0.2408615450001345
0.24081154500013457
0.24077154500013462
0.24057154500013464
0.2403215450001347
0.24000154500013474
0.23993154500013478
0.2399315450001348
0.23996154500013486
0.24000154500013487
0.24002154500013495
0.24000154500013496
0.240001545000135
0.23993154500013505
0.23996154500013508
0.24000154500013512
0.24004154500013516
0.2400815450001352
0.24012154500013524
0.24016154500013528
0.24020154500013532
0.24024154500013536
0.2402815450001354
0.24032154500013544
0.24036154500013548
0.24040154500013555
0.2404415450001356
0.2404815450001356
0.24052154500013564
0.24055154500013573
0.24059154500013574
0.24063154500013575
0.2406715450001358
0.24071154500013586
0.24075154500013587
0.24079154500013594
0.24083154500013598
0.24087154500013602
0.24091154500013606
0.2409515450001361
0.24099154500013611
0.2410115450001362
0.24105154500013623
0.24109154500013624
0.24113154500013634
0.24117154500013635
0.24121154500013636
0.24125154500013643
0.24129154500013647
0.24133154500013648
0.24137154500013652
0.2414115450001366
0.24145154500013663
0.24149154500013664
0.2415315450001367
0.24157154500013672
0.24161154500013676
0.24165154500013683
0.24169154500013684
0.2417315450001369
0.24177154500013695
0.241811545000137
0.24185154500013703
0.24189154500013707
0.24193154500013708
0.24197154500013715
0.24201154500013716
0.2420515450001372
0.24209154500013727
0.24213154500013728
0.24217154500013735
0.24221154500013736
0.2422515450001374
0.24229154500013747
0.2423315450001375
0.24237154500013752
0.24241154500013762
0.24245154500013763
0.24249154500013764
0.2425315450001377
0.24257154500013775
0.24261154500013776
0.2426515450001378
0.24269154500013787
0.2427315450001379
0.24277154500013792
0.242811545000138
0.242851545000138
0.24289154500013804
0.2429315450001381
0.24297154500013812
0.2430115450001382
0.24305154500013823
0.24309154500013827
0.2431315450001383
0.24317154500013835
0.24321154500013836
0.24325154500013843
0.24329154500013844
0.24333154500013848
0.24337154500013855
0.24341154500013856
0.24345154500013863
0.24349154500013864
0.24353154500013868
0.24357154500013875
0.2436115450001388
0.2436515450001388
0.2436915450001389
0.2437315450001389
0.24377154500013892
0.243811545000139
0.24385154500013903
0.24389154500013904
0.24393154500013908
0.24397154500013915
0.2440115450001392
0.2440515450001392
0.24409154500013927
0.24413154500013928
0.24417154500013932
0.2442115450001394
0.2442515450001394
0.24429154500013944
0.2443315450001395
0.24437154500013955
0.2444115450001396
0.24445154500013963
0.24449154500013964
0.2445315450001397
0.24457154500013972
0.24461154500013976
0.24465154500013983
0.24469154500013984
0.2447215450001399
0.24472154500013993
0.24470154500013996
0.24474154500014003
0.24478154500014004
0.24482154500014008
0.24486154500014012
0.2448815450001402
0.2449215450001402
0.24496154500014022
0.2450015450001403
0.24504154500014033
0.24508154500014037
0.24512154500014044
0.24516154500014045
0.2452015450001405
0.24524154500014056
0.24528154500014057
0.2453215450001406
0.24536154500014068
0.2454015450001407
0.2454415450001407
0.24548154500014077
0.2455215450001408
0.24556154500014085
0.2456015450001409
0.24564154500014093
0.245681545000141
0.245721545000141
0.24576154500014105
0.24580154500014112
0.24584154500014113
0.24588154500014117
0.2459215450001412
0.24596154500014125
0.24600154500014126
0.24604154500014136
0.24608154500014137
0.2461215450001414
0.24616154500014148
0.2462015450001415
0.2462415450001415
0.24628154500014157
0.2463215450001416
0.24636154500014165
0.24640154500014172
0.24644154500014173
0.24648154500014177
0.24652154500014184
0.24656154500014185
0.2466015450001419
0.24664154500014196
0.24668154500014197
0.24672154500014198
0.24676154500014205
0.2468015450001421
0.24684154500014213
0.24688154500014217
0.2469215450001422
0.24696154500014228
0.2470015450001423
0.24704154500014233
0.2470815450001424
0.2471215450001424
0.24716154500014245
0.2472015450001425
0.24724154500014253
0.24728154500014254
0.24732154500014264
0.24736154500014265
0.2474015450001427
0.24744154500014273
0.24748154500014277
0.24752154500014278
0.24756154500014285
0.2476015450001429
0.24764154500014293
0.24768154500014297
0.247721545000143
0.24776154500014305
0.24780154500014312
0.24784154500014313
0.24788154500014317
0.24792154500014324
0.24796154500014325
0.24800154500014326
0.24804154500014333
0.24808154500014337
0.2481215450001434
0.24816154500014345
0.2482015450001435
0.24824154500014356
0.24828154500014357
0.2483215450001436
0.24836154500014368
0.2484015450001437
0.24844154500014373
0.24848154500014377
0.2485215450001438
0.24856154500014382
0.24860154500014392
0.24864154500014393
0.24868154500014397
0.24872154500014404
0.24876154500014405
0.24880154500014406
0.24884154500014413
0.24888154500014417
0.24892154500014424
0.24896154500014428
0.2490015450001443
0.24904154500014433
0.24906154500014438
0.24910154500014442
0.24914154500014446
0.2491815450001445
0.24922154500014454
0.24926154500014455
0.24930154500014465
0.24930154500014468
0.24934154500014472
0.24938154500014473
0.24942154500014477
0.2494615450001448
0.24950154500014485
0.2495415450001449
0.24958154500014496
0.24962154500014497
0.24966154500014504
0.24970154500014505
0.2497415450001451
0.24978154500014513
0.2498215450001452
0.2498615450001452
0.24990154500014528
0.24994154500014532
0.24998154500014533
0.2500215450001454
0.25006154500014544
0.25009154500014547
0.2501315450001455
0.25017154500014555
0.2502115450001456
0.25025154500014557
0.2502815450001457
0.2503215450001457
0.25036154500014574
0.2504015450001458
0.2504415450001458
0.25048154500014586
0.2505215450001459
0.25056154500014594
0.250601545000146
0.250641545000146
0.25068154500014606
0.2507215450001461
0.25076154500014614
0.2508015450001462
0.2508415450001462
0.25088154500014626
0.2509215450001463
0.25096154500014634
0.2510015450001464
0.2510415450001464
0.25108154500014646
0.2511215450001465
0.25116154500014654
0.2512015450001466
0.2512415450001466
0.25128154500014666
0.2513215450001467
0.25136154500014674
0.2514015450001468
0.2514415450001468
0.25148154500014686
0.2515215450001469
0.251561545000147
0.251601545000147
0.251641545000147
0.25168154500014706
0.2517215450001471
0.25176154500014714
0.2518015450001472
0.2518415450001472
0.25188154500014726
0.2519215450001473
0.25196154500014734
0.2520015450001474
0.2520415450001474
0.25208154500014746
0.2521215450001475
0.25216154500014754
0.2522015450001476
0.2522415450001476
0.25228154500014766
0.2523215450001477
0.25236154500014774
0.2524015450001478
0.2524415450001478
0.25248154500014786
0.2525215450001479
0.25256154500014794
0.252601545000148
0.252641545000148
0.25268154500014806
0.2527215450001481
0.25276154500014814
0.25273154500014816
0.25269154500014823
0.25269154500014823
0.25273154500014827
0.2527715450001483
0.2528115450001484
0.2528515450001484
0.25289154500014843
0.25293154500014847
0.2529715450001485
0.25301154500014855
0.25305154500014865
0.25309154500014863
0.25313154500014867
0.2531715450001487
0.2532115450001488
0.2532515450001488
0.25329154500014883
0.25333154500014887
0.2533715450001489
0.25341154500014895
0.253451545000149
0.25349154500014903
0.25353154500014907
0.2535715450001491
0.25361154500014915
0.2536515450001492
0.2536915450001493
0.2537315450001493
0.2537715450001493
0.25381154500014935
0.25385154500014945
0.25389154500014943
0.25392154500014946
0.2539215450001495
0.25396154500014956
0.2540015450001496
0.25404154500014964
0.2540815450001497
0.2541215450001497
0.25416154500014976
0.2542015450001498
0.25424154500014984
0.2542815450001499
0.2543215450001499
0.25436154500014996
0.25440154500015
0.25444154500015004
0.2544815450001501
0.2545215450001501
0.25456154500015016
0.2546015450001502
0.25464154500015024
0.2546815450001503
0.25472154500015026
0.25476154500015036
0.2548015450001504
0.25484154500015044
0.2548815450001505
0.2549215450001505
0.25496154500015056
0.25500154500015065
0.25504154500015064
0.2550815450001507
0.2551215450001507
0.25516154500015076
0.2551915450001508
0.2552115450001508
0.2552515450001509
0.2552915450001509
0.25533154500015093
0.255371545000151
0.255411545000151
0.2554515450001511
0.25549154500015114
0.25553154500015113
0.25557154500015117
0.25561154500015126
0.25565154500015125
0.25569154500015134
0.2557315450001514
0.2557715450001514
0.2558115450001514
0.2558415450001515
0.2558415450001515
0.2558815450001516
0.25592154500015163
0.25596154500015167
0.25600154500015165
0.2560415450001517
0.2560815450001518
0.25612154500015183
0.2561615450001518
0.2562015450001519
0.2562415450001519
0.256281545000152
0.25632154500015203
0.2563515450001521
0.2563115450001521
0.25609154500015213
0.25592154500015213
0.2557715450001522
0.2556215450001523
0.2554815450001523
0.2552215450001523
0.2547215450001524
0.2542815450001524
0.25385154500015245
0.25337154500015246
0.25268154500015255
0.2523215450001526
0.2520615450001526
0.2518415450001526
0.2515115450001527
0.2511115450001527
0.25067154500015276
0.25006154500015276
0.24964154500015287
0.2491415450001529
0.24896154500015294
0.24871154500015297
0.248281545000153
0.24777154500015305
0.24728154500015306
0.24682154500015313
0.24554154500015318
0.24380154500015322
0.24143154500015324
0.2391415450001533
0.23662154500015334
0.23514154500015338
0.2342715450001534
0.23314154500015344
0.23228154500015347
0.23154154500015353
0.23087154500015356
0.23022154500015357
0.22969154500015365
0.22956154500015366
0.22950154500015368
0.22950154500015377
0.22954154500015378
0.22958154500015382
0.22962154500015386
0.22966154500015393
0.22970154500015394
0.22974154500015395
0.22978154500015405
0.22982154500015406
0.2298615450001541
0.22990154500015417
0.22994154500015418
0.22998154500015422
0.2300215450001543
0.2300615450001543
0.23010154500015434
0.2301415450001544
0.23018154500015442
0.2302215450001545
0.2302615450001545
0.23030154500015454
0.2303415450001546
0.23038154500015462
0.2304215450001547
0.23046154500015473
0.23050154500015474
0.2305415450001548
0.23058154500015485
0.23062154500015486
0.23066154500015493
0.23070154500015494
0.23074154500015498
0.23078154500015505
0.23082154500015506
0.2308615450001551
0.23090154500015514
0.2309415450001552
0.23098154500015522
0.23102154500015523
0.23106154500015533
0.23107154500015537
0.23111154500015538
0.23115154500015542
0.23119154500015549
0.2312315450001555
0.23127154500015554
0.2313115450001556
0.23135154500015562
0.23139154500015569
0.2314315450001557
0.23147154500015574
0.23150154500015577
0.23141154500015584
0.23123154500015589
0.23104154500015592
0.23100154500015593
0.231041545000156
0.23108154500015604
0.23112154500015605
0.23116154500015612
0.23120154500015616
0.2312415450001562
0.23128154500015624
0.23132154500015628
0.2313615450001563
0.23140154500015636
0.2314415450001564
0.2314815450001564
0.23152154500015648
0.23156154500015652
0.23160154500015656
0.23164154500015657
0.23168154500015664
0.23171154500015667
0.2317515450001567
0.23179154500015675
0.2318315450001568
0.23187154500015683
0.23191154500015687
0.23195154500015694
0.23199154500015698
0.232031545000157
0.232071545000157
0.23211154500015707
0.2321515450001571
0.23219154500015712
0.23223154500015722
0.23227154500015723
0.23231154500015727
0.2323515450001573
0.23239154500015735
0.23243154500015736
0.23247154500015746
0.23251154500015747
0.23255154500015748
0.23259154500015758
0.2326315450001576
0.23267154500015763
0.23271154500015767
0.2327515450001577
0.23279154500015778
0.2328315450001578
0.23287154500015783
0.23291154500015787
0.2329515450001579
0.23299154500015795
0.233031545000158
0.23307154500015803
0.23311154500015807
0.2331515450001581
0.23319154500015815
0.23323154500015822
0.23327154500015826
0.23331154500015827
0.23335154500015828
0.23339154500015835
0.2334315450001584
0.2334715450001584
0.2335115450001585
0.2335515450001585
0.23359154500015855
0.2336315450001586
0.23367154500015863
0.23371154500015864
0.23375154500015874
0.23379154500015875
0.23383154500015876
0.23387154500015886
0.23391154500015887
0.2339515450001589
0.23399154500015895
0.234031545000159
0.23407154500015906
0.23411154500015907
0.2341515450001591
0.23419154500015915
0.2342315450001592
0.23427154500015923
0.23431154500015927
0.2343515450001593
0.23439154500015935
0.2344315450001594
0.23447154500015943
0.2345115450001595
0.23455154500015954
0.23459154500015955
0.23463154500015956
0.23467154500015963
0.23471154500015967
0.23475154500015968
0.23479154500015978
0.2348315450001598
0.23487154500015983
0.23489154500015985
0.23486154500015993
0.23490154500015994
0.23494154500016
0.23498154500016002
0.23502154500016006
0.2350615450001601
0.23510154500016017
0.23514154500016018
0.23518154500016022
0.2352215450001603
0.2352615450001603
0.23530154500016037
0.2353415450001604
0.23538154500016042
0.2354215450001605
0.23546154500016053
0.23550154500016054
0.23554154500016056
0.23558154500016065
0.23562154500016066
0.2356615450001607
0.23570154500016077
0.23574154500016078
0.23578154500016082
0.2358215450001609
0.2358615450001609
0.23590154500016097
0.235941545000161
0.23598154500016102
0.23602154500016106
0.2360615450001611
0.23610154500016114
0.2361415450001612
0.23618154500016122
0.2362215450001613
0.2362615450001613
0.23630154500016134
0.23634154500016138
0.23638154500016145
0.23642154500016146
0.2364615450001615
0.23650154500016157
0.23654154500016158
0.23658154500016165
0.2366215450001617
0.2366615450001617
0.23670154500016177
0.2367415450001618
0.23678154500016182
0.23682154500016184
0.23686154500016193
0.23690154500016194
0.23694154500016198
0.23698154500016205
0.23702154500016206
0.2370615450001621
0.23710154500016217
0.23714154500016218
0.23718154500016225
0.2372215450001623
0.2372615450001623
0.23730154500016234
0.23734154500016238
0.23738154500016242
0.2374215450001625
0.2374615450001625
0.23750154500016257
0.23754154500016258
0.23758154500016263
0.23762154500016267
0.23766154500016273
0.23770154500016275
0.23774154500016279
0.23778154500016285
0.23782154500016287
0.23786154500016293
0.23790154500016297
0.23794154500016299
0.23798154500016305
0.2380215450001631
0.2380615450001631
0.23810154500016312
0.2381415450001632
0.23818154500016323
0.23822154500016327
0.23826154500016333
0.23830154500016335
0.23834154500016339
0.23838154500016345
0.23842154500016347
0.23846154500016353
0.23850154500016357
0.23854154500016359
0.23858154500016363
0.23862154500016367
0.2386615450001637
0.23870154500016377
0.23874154500016379
0.23878154500016385
0.23882154500016387
0.2388615450001639
0.23890154500016395
0.238941545000164
0.23898154500016403
0.23902154500016407
0.23905154500016415
0.23904154500016414
0.23907154500016417
0.23911154500016424
0.23915154500016428
0.23919154500016432
0.2392315450001644
0.2392715450001644
0.2393115450001644
0.23935154500016445
0.23939154500016452
0.23943154500016453
0.2394715450001646
0.23951154500016464
0.23955154500016468
0.2395915450001647
0.23963154500016476
0.23967154500016477
0.23971154500016484
0.23975154500016488
0.23978154500016494
0.23982154500016498
0.239861545000165
0.23990154500016506
0.23994154500016507
0.23997154500016513
0.24000154500016516
0.2400415450001652
0.24008154500016524
0.24012154500016528
0.2401615450001653
0.24020154500016533
0.2402415450001654
0.24028154500016544
0.2403115450001655
0.2403515450001655
0.24038154500016554
0.2404215450001656
0.24046154500016564
0.24050154500016566
0.24054154500016575
0.24058154500016576
0.2406215450001658
0.24066154500016584
0.24070154500016588
0.2407415450001659
0.24078154500016594
0.240821545000166
0.24086154500016602
0.24090154500016608
0.24094154500016612
0.24098154500016616
0.2410215450001662
0.24106154500016624
0.24110154500016626
0.2411415450001663
0.24118154500016636
0.2412215450001664
0.24126154500016644
0.24130154500016648
0.24134154500016652
0.24138154500016656
0.24142154500016658
0.24146154500016662
0.24150154500016668
0.24154154500016672
0.24158154500016676
0.2416215450001668
0.24166154500016682
0.24170154500016688
0.24174154500016692
0.24178154500016694
0.24182154500016703
0.24186154500016704
0.24190154500016708
0.24194154500016712
0.24198154500016716
0.24202154500016718
0.24206154500016722
0.24210154500016728
0.2421415450001673
0.24218154500016736
0.2422215450001674
0.24226154500016744
0.24227154500016745
0.2422615450001675
0.24230154500016754
0.24234154500016758
0.24238154500016765
0.24242154500016763
0.24246154500016773
0.24250154500016777
0.24254154500016778
0.24258154500016782
0.24262154500016786
0.2426615450001679
0.2427015450001679
0.242701545000168
0.24271154500016803
0.24275154500016807
0.24279154500016814
0.24283154500016815
0.2428715450001682
0.24291154500016823
0.24295154500016827
0.2429915450001683
0.24303154500016835
0.2430715450001684
0.2431115450001684
0.24315154500016847
0.2431915450001685
0.24323154500016855
0.2432715450001686
0.24331154500016863
0.2433515450001687
0.24335154500016873
0.24331154500016874
0.2432115450001688
0.24286154500016885
0.24254154500016886
0.24233154500016887
0.24230154500016896
0.242341545000169
0.24238154500016904
0.2424215450001691
0.24246154500016912
0.24250154500016916
0.24251154500016917
0.24255154500016923
0.24259154500016927
0.24263154500016929
0.24267154500016933
0.2427115450001694
0.2427515450001694
0.24279154500016947
0.2428315450001695
0.24287154500016953
0.2429115450001696
0.24295154500016963
0.24299154500016965
0.24303154500016974
0.24307154500016975
0.24311154500016977
0.2431515450001698
0.24319154500016987
0.24323154500016989
0.24327154500016993
0.24331154500017
0.24335154500017003
0.24339154500017007
0.2434315450001701
0.24347154500017015
0.2435115450001702
0.24355154500017023
0.24359154500017025
0.24363154500017029
0.24367154500017035
0.24371154500017037
0.24375154500017043
0.24379154500017045
0.2438315450001705
0.24384154500017052
0.24386154500017057
0.2439015450001706
0.24394154500017065
0.2439815450001707
0.24402154500017076
0.24406154500017077
0.24410154500017084
0.24414154500017085
0.2441815450001709
0.24422154500017093
0.24426154500017097
0.244301545000171
0.24434154500017108
0.24438154500017112
0.24442154500017113
0.2444615450001712
0.24450154500017124
0.24447154500017126
0.2445115450001713
0.24455154500017137
0.24459154500017138
0.24463154500017142
0.24467154500017146
0.24471154500017153
0.24475154500017157
0.24479154500017158
0.24483154500017162
0.24487154500017166
0.2449115450001717
0.24495154500017177
0.2449915450001718
0.24503154500017182
0.2450715450001719
0.2451115450001719
0.24515154500017194
0.24519154500017198
0.24522154500017204
0.24526154500017205
0.2453015450001721
0.24534154500017213
0.2453815450001722
0.24542154500017221
0.24546154500017228
0.24550154500017232
0.24554154500017233
0.24558154500017237
0.24562154500017244
0.24566154500017245
0.24570154500017252
0.24574154500017256
0.2457815450001726
0.24582154500017261
0.24586154500017268
0.2458615450001727
0.24587154500017278
0.24585154500017278
0.24584154500017283
0.24588154500017284
0.2459215450001729
0.24596154500017292
0.246001545000173
0.24604154500017303
0.24608154500017307
0.24612154500017308
0.24616154500017312
0.24620154500017316
0.24624154500017323
0.24628154500017324
0.2463215450001733
0.24636154500017335
0.2464015450001734
0.2464415450001734
0.24648154500017347
0.2464515450001735
0.24620154500017355
0.2459415450001736
0.24586154500017363
0.24579154500017367
0.24567154500017369
0.24557154500017372
0.24538154500017378
0.2447615450001738
0.24410154500017386
0.24370154500017388
0.24346154500017395
0.24318154500017397
0.24246154500017406
0.24148154500017405
0.2404015450001741
0.23959154500017416
0.23896154500017416
0.23843154500017422
0.23823154500017427
0.2382215450001743
0.23826154500017432
0.23830154500017436
0.23834154500017443
0.23838154500017447
0.23842154500017448
0.23846154500017458
0.2385015450001746
0.2385415450001746
0.23858154500017464
0.2386215450001747
0.23861154500017473
0.23864154500017482
0.23861154500017484
0.23838154500017486
0.2380515450001749
0.23785154500017494
0.23788154500017497
0.23792154500017504
0.23796154500017508
0.2380015450001751
0.23804154500017516
0.2380815450001752
0.2381215450001752
0.23816154500017525
0.23820154500017532
0.23824154500017536
0.23828154500017537
0.23832154500017544
0.23836154500017545
0.2384015450001755
0.23844154500017553
0.23848154500017557
0.2385215450001756
0.23856154500017568
0.2386015450001757
0.23864154500017576
0.2386815450001758
0.2387215450001758
0.23876154500017585
0.23880154500017592
0.23884154500017593
0.238881545000176
0.238921545000176
0.23896154500017608
0.2390015450001761
0.23904154500017613
0.23908154500017617
0.2391215450001762
0.23916154500017625
0.2391915450001763
0.23923154500017635
0.2392715450001764
0.2393115450001764
0.23935154500017647
0.2393915450001765
0.23943154500017652
0.2394715450001766
0.23951154500017663
0.23955154500017667
0.2395915450001767
0.23963154500017675
0.23967154500017676
0.2397115450001768
0.23975154500017687
0.23979154500017688
0.23983154500017695
0.239871545000177
0.23991154500017703
0.23995154500017704
0.2399915450001771
0.24003154500017712
0.24007154500017716
0.24011154500017723
0.2401515450001773
0.2401915450001773
0.24023154500017732
0.2402715450001774
0.24031154500017743
0.24035154500017744
0.2403915450001775
0.24043154500017755
0.2404715450001776
0.24051154500017763
0.24055154500017767
0.24059154500017768
0.24063154500017775
0.2406715450001778
0.2407115450001778
0.24075154500017787
0.2407915450001779
0.24083154500017795
0.240871545000178
0.24091154500017803
0.24095154500017804
0.24099154500017808
0.24103154500017815
0.24107154500017816
0.24111154500017823
0.24115154500017827
0.2411915450001783
0.24123154500017832
0.2412715450001784
0.2413115450001784
0.24135154500017844
0.2413915450001785
0.24143154500017858
0.2414715450001786
0.2415115450001786
0.24150154500017867
0.24151154500017874
0.24155154500017875
0.24159154500017876
0.2416315450001788
0.24167154500017887
0.24171154500017888
0.24175154500017895
0.241791545000179
0.24183154500017903
0.24187154500017904
0.2419115450001791
0.24195154500017912
0.2419915450001792
0.24203154500017923
0.24207154500017924
0.2421115450001793
0.24215154500017935
0.2421915450001794
0.24223154500017943
0.24227154500017944
0.2423115450001795
0.24235154500017955
0.24239154500017956
0.24243154500017963
0.24247154500017967
0.24251154500017968
0.24255154500017975
0.24259154500017976
0.2426315450001798
0.24267154500017987
0.2427115450001799
0.24275154500017992
0.24279154500018002
0.24275154500018
0.24263154500018003
0.2424715450001801
0.24243154500018013
0.24244154500018017
0.2424815450001802
0.24252154500018025
0.2425615450001803
0.24260154500018036
0.24264154500018037
0.2426815450001804
0.24272154500018048
0.2427615450001805
0.24280154500018053
0.2428415450001806
0.24288154500018064
0.24292154500018065
0.24296154500018072
0.24300154500018073
0.24304154500018077
0.24308154500018084
0.24312154500018085
0.24316154500018092
0.24320154500018093
0.243241545000181
0.24328154500018104
0.24332154500018105
0.24336154500018112
0.24340154500018113
0.24344154500018117
0.24348154500018124
0.24352154500018128
0.2435615450001813
0.24360154500018136
0.24364154500018137
0.2436815450001814
0.24372154500018145
0.2437615450001815
0.24380154500018153
0.24384154500018157
0.24388154500018164
0.24392154500018165
0.2439615450001817
0.24400154500018176
0.24404154500018177
0.2440815450001818
0.24412154500018188
0.24416154500018192
0.24420154500018193
0.244241545000182
0.244281545000182
0.24432154500018205
0.24436154500018212
0.24440154500018213
0.2444415450001822
0.2444815450001822
0.24451154500018227
0.24455154500018234
0.24459154500018235
0.2446315450001824
0.24467154500018243
0.24471154500018247
0.2447515450001825
0.24479154500018258
0.2448315450001826
0.24487154500018263
0.24491154500018267
0.2449515450001827
0.24499154500018272
0.2450315450001828
0.24507154500018283
0.24511154500018284
0.2451515450001829
0.24519154500018295
0.245231545000183
0.24527154500018303
0.24531154500018307
0.2453515450001831
0.24539154500018315
0.24533154500018317
0.2452315450001832
0.24522154500018326
0.2452015450001833
0.24523154500018335
0.2452715450001834
0.24531154500018343
0.24535154500018344
0.2453915450001835
0.24543154500018352
0.2454715450001836
0.24551154500018363
0.2455515450001837
0.2455915450001837
0.24563154500018378
0.2456715450001838
0.24571154500018383
0.24575154500018384
0.2457915450001839
0.24581154500018393
0.245851545000184
0.245891545000184
0.24593154500018408
0.24597154500018412
0.24601154500018416
0.24605154500018417
0.24609154500018424
0.24613154500018425
0.2461715450001843
0.24619154500018434
0.2461515450001844
0.24619154500018442
0.24623154500018446
0.2462715450001845
0.24631154500018454
0.24635154500018455
0.24639154500018465
0.24643154500018466
0.2464715450001847
0.2465115450001847
0.24655154500018478
0.2465915450001848
0.24663154500018486
0.2466715450001849
0.24671154500018497
0.24675154500018498
0.24679154500018505
0.24683154500018506
0.2468715450001851
0.24691154500018514
0.24695154500018518
0.2469915450001852
0.2470315450001853
0.2470715450001853
0.24711154500018534
0.24715154500018535
0.24719154500018542
0.24723154500018543
0.24727154500018547
0.2473115450001855
0.24735154500018558
0.24739154500018562
0.2474315450001857
0.2474715450001857
0.24751154500018574
0.24755154500018578
0.24759154500018582
0.24763154500018583
0.24767154500018593
0.24771154500018594
0.24775154500018598
0.247791545000186
0.24783154500018606
0.24787154500018607
0.24791154500018614
0.24795154500018618
0.24799154500018625
0.24803154500018626
0.24807154500018633
0.24811154500018634
0.24815154500018638
0.24819154500018642
0.24823154500018646
0.24827154500018647
0.24831154500018657
0.24835154500018658
0.24839154500018662
0.24843154500018663
0.2484715450001867
0.2485115450001867
0.24855154500018678
0.24852154500018678
0.24846154500018686
0.2484115450001869
0.2483215450001869
0.24819154500018697
0.24781154500018704
0.24747154500018706
0.2470815450001871
0.24690154500018713
0.24666154500018717
0.24638154500018722
0.24590154500018727
0.2455215450001873
0.24520154500018734
0.24500154500018737
0.2446615450001874
0.24403154500018748
0.24312154500018748
0.24242154500018753
0.2419215450001876
0.24126154500018762
0.24052154500018763
0.24027154500018771
0.23989154500018772
0.23928154500018778
0.23862154500018778
0.23801154500018784
0.23722154500018788
0.23626154500018795
0.23519154500018796
0.23454154500018803
0.23381154500018805
0.2332415450001881
0.23265154500018811
0.23221154500018817
0.23180154500018818
0.23154154500018825
0.2314415450001883
0.2314315450001883
0.23147154500018838
0.23151154500018842
0.23153154500018844
0.2314515450001885
0.23144154500018854
0.23148154500018858
0.23152154500018862
0.23156154500018866
0.23160154500018867
0.23164154500018871
0.23168154500018875
0.23172154500018882
0.23176154500018883
0.2318015450001889
0.23184154500018894
0.23188154500018895
0.231921545000189
0.23196154500018906
0.23200154500018907
0.23204154500018917
0.23208154500018918
0.2321215450001892
0.23216154500018926
0.2322015450001893
0.23224154500018931
0.2322815450001894
0.2323215450001894
0.23236154500018946
0.23240154500018947
0.23244154500018954
0.23248154500018955
0.2325215450001896
0.23256154500018966
0.23260154500018967
0.23264154500018971
0.23268154500018978
0.23272154500018982
0.23276154500018986
0.2328015450001899
0.23284154500018994
0.23288154500018995
0.23292154500019
0.23296154500019003
0.2330015450001901
0.23304154500019011
0.23308154500019018
0.23312154500019022
0.23316154500019023
0.23320154500019027
0.23324154500019034
0.23328154500019035
0.23332154500019045
0.23336154500019046
0.23340154500019047
0.23344154500019054
0.23348154500019058
0.2335215450001906
0.2335615450001907
0.23360154500019067
0.23364154500019074
0.23368154500019075
0.23372154500019082
0.23376154500019083
0.23380154500019087
0.23384154500019094
0.23388154500019095
0.233921545000191
0.23396154500019106
0.2340015450001911
0.23404154500019114
0.23408154500019118
0.23412154500019122
0.23416154500019123
0.23420154500019127
0.23424154500019131
0.23428154500019138
0.2343215450001914
0.23436154500019146
0.2344015450001915
0.23444154500019151
0.23448154500019155
0.23452154500019162
0.23456154500019163
0.23460154500019173
0.23464154500019174
0.23468154500019175
0.23472154500019182
0.23476154500019186
0.23480154500019187
0.23484154500019197
0.23488154500019195
0.23492154500019202
0.23496154500019203
0.2350015450001921
0.23504154500019211
0.23508154500019215
0.23512154500019222
0.23516154500019223
0.23520154500019227
0.23524154500019234
0.23528154500019238
0.23532154500019242
0.23536154500019246
0.2354015450001925
0.23544154500019251
0.23548154500019255
0.2355215450001926
0.23556154500019266
0.23560154500019267
0.23564154500019274
0.23568154500019278
0.2357215450001928
0.23576154500019283
0.2358015450001929
0.23584154500019291
0.235881545000193
0.23592154500019302
0.23596154500019303
0.2360015450001931
0.23604154500019314
0.23608154500019315
0.23612154500019325
0.23616154500019323
0.2362015450001933
0.2362115450001933
0.23624154500019334
0.23628154500019338
0.23632154500019345
0.23636154500019346
0.23640154500019353
0.23644154500019357
0.2364815450001936
0.23652154500019365
0.2365615450001937
0.2366015450001937
0.2366415450001938
0.2366815450001938
0.23672154500019382
0.2367615450001939
0.23680154500019393
0.23684154500019394
0.23688154500019398
0.23690154500019403
0.23694154500019407
0.23698154500019414
0.23702154500019418
0.2370615450001942
0.23710154500019426
0.23714154500019427
0.23718154500019434
0.23722154500019435
0.23726154500019442
0.23730154500019443
0.2373415450001945
0.23738154500019454
0.23742154500019455
0.23746154500019456
0.23750154500019466
0.23754154500019467
0.2375815450001947
0.23762154500019478
0.2376615450001948
0.23770154500019483
0.2377415450001949
0.2377815450001949
0.23782154500019498
0.23786154500019502
0.23790154500019506
0.23794154500019507
0.23798154500019514
0.23802154500019515
0.2380615450001952
0.23810154500019526
0.2381415450001953
0.2381815450001953
0.23822154500019535
0.23826154500019542
0.23830154500019546
0.23834154500019547
0.23838154500019554
0.23842154500019555
0.23846154500019562
0.23850154500019563
0.2385415450001957
0.2385815450001957
0.23862154500019578
0.23866154500019582
0.23870154500019583
0.23874154500019584
0.23878154500019594
0.23882154500019595
0.238861545000196
0.23886154500019602
0.23890154500019609
0.23893154500019614
0.23897154500019616
0.2390115450001962
0.23905154500019626
0.23909154500019628
0.23913154500019634
0.23917154500019638
0.23921154500019642
0.23925154500019644
0.2392915450001965
0.23933154500019652
0.23937154500019656
0.2394115450001966
0.23945154500019666
0.23949154500019665
0.23953154500019672
0.23957154500019676
0.23961154500019682
0.23965154500019684
0.23969154500019688
0.23973154500019692
0.23977154500019696
0.239811545000197
0.23985154500019706
0.2398815450001971
0.23992154500019713
0.23996154500019715
0.24000154500019721
0.24004154500019723
0.24008154500019732
0.24011154500019732
0.24008154500019738
0.2400515450001974
0.23998154500019744
0.2398315450001975
0.23962154500019753
0.23941154500019754
0.23911154500019763
0.23864154500019763
0.2383315450001977
0.23826154500019772
0.23827154500019776
0.23831154500019777
0.23835154500019787
0.23839154500019788
0.23843154500019792
0.238471545000198
0.238511545000198
0.23855154500019804
0.23859154500019808
0.23863154500019812
0.2386715450001982
0.23871154500019823
0.23875154500019827
0.23879154500019828
0.23883154500019832
0.23887154500019836
0.2389115450001984
0.23895154500019844
0.2389915450001985
0.23903154500019855
0.23907154500019856
0.23911154500019863
0.23915154500019864
0.23919154500019868
0.23923154500019872
0.23927154500019876
0.2393115450001988
0.2393515450001988
0.2393915450001989
0.23943154500019892
0.23947154500019896
0.23951154500019903
0.23955154500019904
0.23959154500019908
0.23962154500019914
0.23964154500019916
0.2396815450001992
0.23972154500019924
0.2397615450001993
0.23980154500019932
0.23984154500019939
0.23988154500019943
0.23992154500019944
0.2399615450001995
0.24000154500019955
0.24004154500019956
0.24008154500019965
0.24012154500019967
0.24016154500019968
0.24020154500019972
0.24024154500019979
0.2402815450001998
0.24032154500019984
0.2403615450001999
0.24040154500019995
0.24044154500019993
0.24048154500020003
0.24052154500020007
0.24056154500020008
0.24060154500020015
0.24064154500020016
0.2406815450002002
0.24072154500020024
0.24076154500020028
0.24080154500020035
0.24084154500020036
0.24088154500020043
0.24092154500020044
0.24096154500020048
0.24100154500020052
0.24104154500020059
0.24104154500020059
0.24095154500020063
0.24088154500020068
0.24090154500020072
0.24094154500020074
0.2409815450002008
0.24102154500020084
0.2410615450002009
0.24110154500020092
0.24114154500020096
0.241181545000201
0.24122154500020104
0.24126154500020106
0.24130154500020115
0.24134154500020116
0.2413815450002012
0.24142154500020127
0.24146154500020128
0.2415015450002013
0.2415415450002014
0.2415815450002014
0.24162154500020144
0.2416615450002015
0.24170154500020152
0.24174154500020156
0.24178154500020163
0.24182154500020164
0.24186154500020168
0.2419015450002017
0.24194154500020176
0.2419815450002018
0.24202154500020184
0.24206154500020188
0.24210154500020192
0.24214154500020196
0.242181545000202
0.24222154500020202
0.24226154500020208
0.24230154500020212
0.2423415450002022
0.2423815450002022
0.24242154500020224
0.24246154500020228
0.24250154500020232
0.24253154500020235
0.24257154500020237
0.24261154500020246
0.2426515450002025
0.24269154500020249
0.24273154500020258
0.2427715450002026
0.24281154500020263
0.2428515450002027
0.2428915450002027
0.24293154500020275
0.24297154500020282
0.24301154500020283
0.2430515450002029
0.24309154500020294
0.24313154500020295
0.243171545000203
0.24321154500020303
0.24325154500020307
0.24329154500020314
0.24333154500020315
0.24337154500020322
0.24341154500020326
0.24345154500020327
0.2434915450002033
0.24353154500020335
0.2435715450002034
0.2436115450002035
0.24365154500020347
0.2436915450002035
0.24373154500020358
0.24377154500020362
0.24381154500020363
0.24385154500020365
0.24389154500020374
0.24393154500020378
0.24397154500020377
0.24401154500020386
0.24405154500020387
0.2440915450002039
0.24413154500020398
0.244171545000204
0.24421154500020403
0.2442515450002041
0.2442915450002041
0.24432154500020417
0.2443615450002042
0.24440154500020422
0.2444415450002043
0.2444815450002043
0.24452154500020434
0.24456154500020444
0.24460154500020442
0.24464154500020446
0.24468154500020453
0.24472154500020457
0.2447315450002046
0.24475154500020463
0.24479154500020467
0.24483154500020476
0.24487154500020475
0.2449115450002048
0.24495154500020486
0.2449915450002049
0.2450315450002049
0.24507154500020498
0.245111545000205
0.24515154500020506
0.24519154500020507
0.24523154500020514
0.24527154500020518
0.2453115450002052
0.24535154500020526
0.24539154500020527
0.2454315450002053
0.24547154500020538
0.2455115450002054
0.24555154500020546
0.2455915450002055
0.24563154500020554
0.24567154500020555
0.24571154500020562
0.24575154500020563
0.2457915450002057
0.2458315450002057
0.24587154500020578
0.24591154500020582
0.24595154500020583
0.2459915450002059
0.2460315450002059
0.24607154500020595
0.24611154500020604
0.24615154500020603
0.24619154500020607
0.24623154500020614
0.24627154500020618
0.2463115450002062
0.24635154500020626
0.24639154500020627
0.24643154500020634
0.24647154500020635
0.24651154500020642
0.24655154500020646
0.24659154500020647
0.24663154500020654
0.24667154500020655
0.2467115450002066
0.24675154500020666
0.24679154500020667
0.24683154500020674
0.24687154500020678
0.24691154500020682
0.24695154500020683
0.24695154500020688
0.24699154500020695
0.24703154500020696
0.247071545000207
0.24711154500020702
0.24715154500020708
0.2471915450002071
0.24723154500020716
0.2472715450002072
0.24731154500020727
0.24735154500020728
0.24739154500020732
0.24743154500020736
0.24747154500020738
0.24751154500020744
0.24755154500020748
0.24759154500020752
0.24763154500020756
0.2476715450002076
0.24771154500020764
0.24775154500020766
0.24779154500020772
0.24783154500020774
0.24787154500020778
0.24791154500020784
0.24795154500020788
0.24799154500020792
0.24803154500020796
0.248071545000208
0.24811154500020802
0.24811154500020807
0.24807154500020812
0.24811154500020813
0.2481515450002082
0.24819154500020824
0.24823154500020828
0.24827154500020834
0.24831154500020836
0.2483515450002084
0.24839154500020846
0.24843154500020848
0.2484715450002085
0.24851154500020858
0.24855154500020862
0.24859154500020864
0.24863154500020868
0.24867154500020872
0.24871154500020876
0.2487515450002088
0.24879154500020884
0.2488315450002089
0.24887154500020892
0.24891154500020898
0.248951545000209
0.24899154500020904
0.24903154500020908
0.24907154500020914
0.24911154500020916
0.24915154500020922
0.24919154500020926
0.24923154500020928
0.24927154500020932
0.24931154500020936
0.2493515450002094
0.2493915450002094
0.24943154500020948
0.24947154500020952
0.24951154500020956
0.24955154500020962
0.24959154500020964
0.24963154500020968
0.24967154500020974

Avalanche_Distribution:
1
3
10
1
1
1
383
1
196
6
13
1
6
833
4
1
1
4
3
13
1
2
1902
122
24
1
2
11
2
2
4
1
1
19
5
3
5
2858
3
67
1
9
7
1
2
1
1
8
7
133
3
3
2
7
1
7
11
910
6
96
1
8
55
1
36
2
10
1868
19
4
2
4
1
1
229
3
30
1
1
5
4
12
