
Branching_global:
0.8000000039999997
0.800000121
0.8000004239999997
0.8000003979999994
0.800000725999999
0.8000010899999991
0.8000011809999988
0.8000014059999985
0.8000016269999984
0.8000018379999982

Autocorrelation:
-0.004481420218140176
-0.004481423155299227
-0.004481430761803927
-0.004481430109099647
-0.004481438343227469
-0.004481447481132509
-0.004481449765613936
-0.004481455414065914
-0.0044814609621132906
-0.004481466259129184

Average_Activity:
0.0
1.5
1.75
1.0
0.0
0.0
0.25
2.0
3.25
2.0
0.0
0.25
3.25
0.0
0.0
0.25
0.0
0.0
0.0
0.0
0.0
0.0
0.0
0.0
0.25
1.5
0.0
0.0
0.0
0.5
1.0
0.0
0.5
2.5
0.75
1.75
0.0
0.0
0.0
0.0
0.0
0.0
0.0
0.0
0.0
0.0
0.75
0.0
0.0
0.0
0.0
0.5
0.75
1.75
7.25
5.75
0.75
0.25
0.0
0.0
0.0
0.0
0.0
0.5
0.25
0.0
0.0
0.0
0.0
0.5
0.75
4.25
1.0
0.25
1.75
0.5
0.0
0.5
0.0
0.0
0.25
0.0
0.0
0.0
0.0
0.0
0.0
0.0
0.0
0.0
0.0
0.0
0.0
0.25
0.0
0.0
0.0
0.0
0.0
0.0
0.25
0.0
0.5
0.0
0.5
0.0
0.25
0.5
0.0
0.0
1.25
0.5
0.0
0.0
0.0
0.0
0.0
0.0
0.0
0.0
0.0
0.5
0.0
0.25
0.0
0.0
0.0
0.0
0.0
2.0
4.5
1.0
0.0
0.0
0.0
0.0
0.25
0.0
0.0
1.75
1.5
0.5
0.25
3.25
2.0
0.25
0.5
0.0
1.0
2.5
0.0
0.0
0.0
0.0
0.0
0.0
0.5
0.0
0.0
0.0
0.25
0.0
0.0
0.5
1.5
2.0
0.5
1.0
0.0
0.25
0.5
0.0
0.75
0.0
0.0
0.0
0.0
0.0
0.0
0.0
0.0
0.0
0.25
2.25
1.5
1.5
4.5
0.75
1.25
0.5
0.0
0.75
0.0
0.75
0.0
0.0
0.25
0.0
0.0
0.0
0.75
1.5
2.25
0.25
1.5
1.75
0.25
0.0
0.0
0.0
0.0
0.0
0.25
0.0
0.0
0.0
0.0
0.0
0.0
1.25
0.0
0.0
0.75
0.5
0.75
0.0
0.25
0.5
0.0
0.0
0.0
0.5
0.5
0.25
2.25
4.75
0.5
0.25
0.5
2.25
4.0
0.0
0.25
0.0
0.0
0.0
1.0
1.0
0.25
0.25

Average_Alpha:
0.20000000099999993
0.19999999900000004
0.199999996
0.19999999599999996
0.19999999999999996
0.20000000399999998
0.20000000699999998
0.20000000299999993
0.1999999939999999
0.19999999000000002
0.19999999400000001
0.19999999699999996
0.1999999879999999
0.19999999200000002
0.199999996
0.19999999899999993
0.2000000029999999
0.20000000699999998
0.20000001099999998
0.20000001499999992
0.2000000189999999
0.200000023
0.20000002699999997
0.2000000309999999
0.20000003399999988
0.200000032
0.20000003599999996
0.2000000399999999
0.20000004399999988
0.200000046
0.20000004599999993
0.20000004999999987
0.20000005199999987
0.200000046
0.20000004699999993
0.20000004399999988
0.20000004799999987
0.20000005199999996
0.20000005599999995
0.20000005999999987
0.20000006399999987
0.20000006799999998
0.20000007199999995
0.2000000759999999
0.20000007999999986
0.20000008399999997
0.20000008499999994
0.20000008899999988
0.20000009299999982
0.20000009699999993
0.2000001009999999
0.20000010299999985
0.20000010399999985
0.2000001009999999
0.20000007599999992
0.20000005699999984
0.20000005799999984
0.2000000609999999
0.2000000649999999
0.20000006899999984
0.20000007299999983
0.20000007699999992
0.20000008099999986
0.20000008299999986
0.2000000859999998
0.20000008999999988
0.20000009399999988
0.20000009799999985
0.20000010199999982
0.2000001039999999
0.20000010499999987
0.20000009199999982
0.20000009199999982
0.20000009499999988
0.20000009199999985
0.20000009399999982
0.20000009799999982
0.20000009999999985
0.20000010399999985
0.2000001079999998
0.2000001109999998
0.20000011499999987
0.20000011899999984
0.2000001229999998
0.2000001269999998
0.20000013099999986
0.20000013499999983
0.2000001389999998
0.20000014299999977
0.20000014699999985
0.20000015099999982
0.2000001549999998
0.20000015899999976
0.20000016199999981
0.2000001659999998
0.20000016999999976
0.20000017399999975
0.20000017799999983
0.20000018199999983
0.20000018599999975
0.20000018899999975
0.20000019299999983
0.2000001949999998
0.2000001989999997
0.20000020099999977
0.20000020499999982
0.20000020799999982
0.20000020999999976
0.20000021399999973
0.20000021799999979
0.20000021699999976
0.20000021899999973
0.20000022299999973
0.2000002269999998
0.20000023099999975
0.20000023499999975
0.20000023899999975
0.20000024299999977
0.20000024699999977
0.2000002509999997
0.2000002549999997
0.2000002569999998
0.20000026099999973
0.2000002639999997
0.2000002679999997
0.20000027199999976
0.20000027599999973
0.2000002799999997
0.20000028399999967
0.20000027999999978
0.20000026599999973
0.2000002659999997
0.2000002699999997
0.20000027399999976
0.20000027799999975
0.2000002819999997
0.20000028499999967
0.20000028899999972
0.20000029299999972
0.20000028999999966
0.20000028799999967
0.20000028999999972
0.20000029299999972
0.20000028399999967
0.2000002799999997
0.20000028299999975
0.20000028499999972
0.20000028899999966
0.20000028899999966
0.20000028299999972
0.2000002869999997
0.20000029099999964
0.20000029499999966
0.2000002989999997
0.2000003029999997
0.20000030699999966
0.20000030899999968
0.20000031299999968
0.2000003169999997
0.20000032099999965
0.20000032399999965
0.20000032799999967
0.20000033199999967
0.20000033399999964
0.20000033199999961
0.20000032799999967
0.20000032999999967
0.20000032999999962
0.2000003339999996
0.2000003369999997
0.20000033899999967
0.2000003429999996
0.2000003439999996
0.2000003479999997
0.20000035199999963
0.2000003559999996
0.2000003599999996
0.20000036399999965
0.20000036799999965
0.2000003719999996
0.2000003759999996
0.20000037999999967
0.20000038299999964
0.2000003779999996
0.2000003759999996
0.20000037399999962
0.20000035999999963
0.2000003609999996
0.20000035999999954
0.20000036199999963
0.2000003659999996
0.2000003669999996
0.20000037099999957
0.20000037199999962
0.2000003759999996
0.2000003799999996
0.20000038299999953
0.20000038699999959
0.20000039099999958
0.20000039499999958
0.20000039599999958
0.2000003939999996
0.20000038899999958
0.20000039199999958
0.20000038999999956
0.20000038699999959
0.20000038999999956
0.20000039399999955
0.20000039799999952
0.20000040199999958
0.20000040599999958
0.20000040999999955
0.20000041299999952
0.20000041699999957
0.20000042099999957
0.20000042499999948
0.20000042899999954
0.2000004329999996
0.20000043699999956
0.20000043599999953
0.2000004399999995
0.20000044399999956
0.20000044499999955
0.2000004469999995
0.20000044799999953
0.20000045199999955
0.20000045499999952
0.20000045699999952
0.20000046099999952
0.20000046499999957
0.20000046899999951
0.20000047099999949
0.20000047299999948
0.20000047599999954
0.2000004709999995
0.20000045599999947
0.20000045799999946
0.20000046099999952
0.20000046299999952
0.20000045799999946
0.20000044599999947
0.20000044999999952
0.2000004529999995
0.20000045699999947
0.20000046099999946
0.20000046499999952
0.2000004649999995
0.20000046499999946
0.20000046799999943
0.20000047099999949

Avalanche_Distribution:
17
30
14
1
7
6
1
13
8
3
2
65
1
3
3
23
10
2
1
1
1
2
1
1
3
6
1
2
1
30
1
13
2
22
1
2
14
1
1
1
16
6
1
2
3
42
1
7
3
3
1
19
14
1
5
3
1
4
3
4
30
1
3
25
1
8
2
